Timestamp 	 X-Axis 	 Y-Axis 	 Z-Axis
0.000311136245728	-0.052	0.116	-0.824
0.00489592552185	0.108	-0.152	2.044
0.00929713249207	0.048	-0.352	2.044
0.013689994812	-0.116	-0.124	-0.108
0.0180830955505	-0.088	0.104	-1.072
0.0224940776825	-0.088	0.104	-1.072
0.0268859863281	0.096	-0.112	1.808
0.0312781333923	0.08	-0.336	2.044
0.0356681346893	-0.112	-0.18	0.376
0.0400719642639	-0.104	0.088	-1.232
0.0444629192352	0.076	-0.056	1.324
0.0488569736481	0.096	-0.332	2.044
0.0532500743866	-0.096	-0.228	0.856
0.0576410293579	-0.096	-0.228	0.856
0.0620520114899	-0.132	0.056	-1.28
0.0664429664612	0.044	0.008	0.824
0.070837020874	0.112	-0.28	2.044
0.0752439498901	-0.064	-0.284	1.364
0.0796449184418	-0.152	0.044	-1.228
0.0840449333191	0.012	0.052	0.324
0.0884449481964	0.012	0.052	0.324
0.0928399562836	0.128	-0.268	2.044
0.097235918045	-0.024	-0.32	1.864
0.101633071899	-0.148	0.012	-1.06
0.106037139893	-0.016	0.084	-0.128
0.110435009003	0.132	-0.232	2.044
0.114843130112	-0.008	-0.344	2.044
0.119243144989	-0.008	-0.344	2.044
0.123657941818	-0.136	-0.036	-0.816
0.128062963486	-0.036	0.1	-0.524
0.132467031479	0.112	-0.196	2.044
0.136865139008	0.016	-0.364	2.044
0.141260147095	-0.132	-0.068	-0.464
0.145658969879	-0.068	0.108	-0.864
0.150056123734	0.1	-0.152	2.044
0.154452085495	0.1	-0.152	2.044
0.158859968185	0.06	-0.356	2.044
0.16325712204	-0.1	-0.132	-0.044
0.167655944824	-0.092	0.104	-1.104
0.172053098679	0.092	-0.092	1.74
0.176450014114	0.064	-0.336	2.044
0.180845975876	-0.1	-0.184	0.428
0.185245037079	-0.1	-0.184	0.428
0.189643144608	-0.112	0.084	-1.236
0.194039106369	0.072	-0.032	1.252
0.198454141617	0.088	-0.32	2.044
0.202850103378	-0.076	-0.244	0.932
0.2072660923	-0.14	0.056	-1.28
0.211664915085	0.048	0.008	0.752
0.216058969498	0.048	0.008	0.752
0.220452070236	0.1	-0.3	2.044
0.224849939346	-0.06	-0.288	1.436
0.229246139526	-0.152	0.036	-1.208
0.233643054962	0.024	0.06	0.256
0.238043069839	0.108	-0.268	2.044
0.242438077927	-0.032	-0.324	1.916
0.246851921082	-0.148	0.012	-1.036
0.251250982285	-0.148	0.012	-1.036
0.255650043488	0.008	0.088	-0.172
0.260057926178	0.124	-0.232	2.044
0.264464139938	0.0	-0.344	2.044
0.26885509491	-0.144	-0.044	-0.748
0.27325797081	-0.032	0.104	-0.572
0.277655124664	0.116	-0.188	2.044
0.282050132751	0.116	-0.188	2.044
0.286452054977	0.02	-0.348	2.044
0.290848970413	-0.132	-0.084	-0.404
0.295248031616	-0.072	0.096	-0.9
0.299644947052	0.104	-0.14	2.044
0.304041147232	0.064	-0.352	2.044
0.308442115784	-0.108	-0.132	0.028
0.312839984894	-0.108	-0.132	0.028
0.317242145538	-0.092	0.1	-1.124
0.321651935577	0.084	-0.072	1.676
0.326055049896	0.076	-0.332	2.044
0.330451011658	-0.096	-0.196	0.492
0.334852933884	-0.128	0.092	-1.252
0.339250087738	0.072	-0.032	1.216
0.3436460495	0.104	-0.328	2.044
0.3480489254	0.104	-0.328	2.044
0.35244512558	-0.084	-0.248	1.016
0.35684800148	-0.132	0.06	-1.264
0.361243963242	0.044	0.016	0.688
0.365643978119	0.116	-0.3	2.044
0.370048999786	-0.052	-0.296	1.496
0.374445915222	-0.144	0.04	-1.196
0.378844976425	-0.144	0.04	-1.196
0.383245944977	0.0	0.056	0.208
0.387638092041	0.124	-0.256	2.044
0.392048120499	-0.028	-0.324	1.976
0.396451950073	-0.152	-0.004	-1.0
0.400856018066	-0.02	0.092	-0.236
0.405256032944	0.116	-0.22	2.044
0.409651994705	0.116	-0.22	2.044
0.414047956467	-0.012	-0.34	2.044
0.418451070786	-0.128	-0.04	-0.712
0.422848939896	-0.044	0.112	-0.612
0.42725110054	0.116	-0.188	2.044
0.431647062302	0.024	-0.348	2.044
0.436048030853	-0.136	-0.096	-0.344
0.440446138382	-0.072	0.096	-0.932
0.444844007492	-0.072	0.096	-0.932
0.449240922928	0.104	-0.164	2.044
0.453635931015	0.056	-0.344	2.044
0.458032131195	-0.1	-0.152	0.1
0.462428092957	-0.096	0.096	-1.152
0.466829061508	0.092	-0.072	1.584
0.471233129501	0.084	-0.34	2.044
0.475629091263	0.084	-0.34	2.044
0.480025053024	-0.112	-0.196	0.576
0.484421014786	-0.128	0.096	-1.256
0.488819122314	0.06	-0.028	1.116
0.493226051331	0.1	-0.316	2.044
0.497623920441	-0.076	-0.252	1.084
0.502025127411	-0.132	0.052	-1.256
0.506426095963	-0.132	0.052	-1.256
0.510823011398	0.04	0.028	0.608
0.515218019485	0.124	-0.276	2.044
0.519612073898	-0.044	-0.304	1.58
0.52400803566	-0.144	0.02	-1.172
0.528409004211	0.004	0.06	0.128
0.532801151276	0.116	-0.26	2.044
0.537200927734	-0.028	-0.356	2.032
0.541598081589	-0.028	-0.356	2.032
0.54599905014	-0.148	-0.008	-0.968
0.550395965576	-0.02	0.096	-0.312
0.554791927338	0.124	-0.22	2.044
0.559190988541	-0.004	-0.348	2.044
0.563586950302	-0.14	-0.044	-0.66
0.567984104156	-0.04	0.108	-0.688
0.572380065918	-0.04	0.108	-0.688
0.576776027679	0.092	-0.164	2.044
0.581170082092	0.036	-0.344	2.044
0.58557009697	-0.128	-0.108	-0.272
0.589967012405	-0.076	0.1	-0.98
0.594362974167	0.092	-0.12	1.984
0.598758935928	0.056	-0.348	2.044
0.603157997131	0.056	-0.348	2.044
0.607563018799	-0.112	-0.156	0.172
0.61195898056	-0.104	0.072	-1.16
0.616366147995	0.076	-0.068	1.512
0.620760917664	0.08	-0.336	2.044
0.625157117844	-0.096	-0.212	0.664
0.629552125931	-0.128	0.068	-1.268
0.633948087692	0.048	-0.012	1.028
0.638347148895	0.048	-0.012	1.028
0.642741918564	0.104	-0.304	2.044
0.647144079208	-0.06	-0.232	1.148
0.65154004097	-0.14	0.056	-1.252
0.655940055847	0.04	0.036	0.52
0.660331964493	0.12	-0.284	2.044
0.66472697258	-0.048	-0.304	1.66
0.669125080109	-0.048	-0.304	1.66
0.67353105545	-0.148	0.016	-1.136
0.677928924561	0.004	0.068	0.064
0.682322025299	0.128	-0.26	2.044
0.686722993851	-0.024	-0.344	2.044
0.691118955612	-0.152	-0.008	-0.916
0.695517063141	-0.028	0.096	-0.372
0.699912071228	-0.028	0.096	-0.372
0.704307079315	0.116	-0.22	2.044
0.708707094193	0.008	-0.344	2.044
0.713103055954	-0.132	-0.052	-0.596
0.71750497818	-0.048	0.112	-0.732
0.721900939941	0.108	-0.164	2.044
0.726302146912	0.04	-0.344	2.044
0.730695962906	-0.12	-0.108	-0.208
0.735095024109	-0.12	-0.108	-0.208
0.739500045776	-0.072	0.108	-1.024
0.743901014328	0.096	-0.108	1.916
0.748388051987	0.072	-0.344	2.044
0.75278711319	-0.112	-0.172	0.264
0.75718998909	-0.116	0.08	-1.208
0.761587142944	0.076	-0.064	1.424
0.765990972519	0.076	-0.064	1.424
0.770385980606	0.084	-0.332	2.044
0.774781942368	-0.088	-0.24	0.764
0.779178142548	-0.136	0.076	-1.272
0.783575057983	0.052	-0.004	0.932
0.787976026535	0.108	-0.32	2.044
0.792371034622	-0.072	-0.268	1.252
0.796772956848	-0.14	0.052	-1.248
0.80116891861	-0.14	0.052	-1.248
0.805572032928	0.032	0.048	0.436
0.809970140457	0.128	-0.272	2.044
0.814365148544	-0.036	-0.304	1.744
0.818763017654	-0.144	0.024	-1.112
0.823162078857	0.008	0.064	-0.028
0.827564001083	0.128	-0.244	2.044
0.831959009171	0.128	-0.244	2.044
0.836359977722	-0.032	-0.336	2.044
0.840757131577	-0.144	-0.02	-0.876
0.845155000687	-0.028	0.088	-0.428
0.849550962448	0.116	-0.212	2.044
0.853945970535	0.008	-0.36	2.044
0.858345985413	-0.136	-0.068	-0.536
0.862753152847	-0.136	-0.068	-0.536
0.867156982422	-0.056	0.112	-0.776
0.871552944183	0.108	-0.148	2.044
0.875950098038	0.036	-0.352	2.044
0.880351066589	-0.108	-0.112	-0.14
0.884747982025	-0.084	0.108	-1.056
0.889158010483	0.096	-0.104	1.832
0.893554925919	0.068	-0.34	2.044
0.897951126099	0.068	-0.34	2.044
0.902346134186	-0.108	-0.172	0.34
0.906749010086	-0.104	0.088	-1.224
0.911145925522	0.072	-0.044	1.352
0.915548086166	0.076	-0.324	2.044
0.919944047928	-0.084	-0.236	0.824
0.924340009689	-0.14	0.064	-1.28
0.928736925125	-0.14	0.064	-1.28
0.933136940002	0.044	-0.004	0.868
0.93753194809	0.1	-0.3	2.044
0.941926956177	-0.06	-0.28	1.324
0.946335077286	-0.148	0.048	-1.24
0.950731992722	0.024	0.036	0.36
0.955141067505	0.124	-0.276	2.044
0.959537982941	0.124	-0.276	2.044
0.963933944702	-0.036	-0.316	1.82
0.968336105347	-0.148	0.02	-1.076
0.972733020782	0.012	0.08	-0.1
0.97712802887	0.12	-0.236	2.044
0.981523036957	-0.016	-0.344	2.044
0.985934972763	-0.144	-0.028	-0.82
0.990333080292	-0.036	0.096	-0.5
0.994723081589	-0.036	0.096	-0.5
0.999115943909	0.112	-0.192	2.044
1.003510952	0.016	-0.356	2.044
1.00790715218	-0.12	-0.08	-0.472
1.01230406761	-0.056	0.104	-0.836
1.01670503616	0.104	-0.152	2.044
1.02110004425	0.048	-0.356	2.044
1.02550196648	0.048	-0.356	2.044
1.02990102768	-0.116	-0.112	-0.068
1.03429794312	-0.084	0.112	-1.084
1.03869509697	0.096	-0.104	1.752
1.04309010506	0.084	-0.352	2.044
1.04748606682	-0.1	-0.172	0.404
1.05188202858	-0.112	0.084	-1.244
1.05627799034	-0.112	0.084	-1.244
1.06067299843	0.068	-0.044	1.276
1.06506896019	0.1	-0.32	2.044
1.06946396828	-0.088	-0.24	0.916
1.07385993004	-0.132	0.056	-1.276
1.07829713821	0.032	0.02	0.788
1.08270096779	0.104	-0.304	2.044
1.08710408211	-0.056	-0.3	1.416
1.09150099754	-0.056	-0.3	1.416
1.0958981514	-0.144	0.032	-1.208
1.10029506683	0.016	0.06	0.288
1.10468697548	0.12	-0.272	2.044
1.10909199715	-0.036	-0.32	1.892
1.11348795891	-0.148	0.012	-1.04
1.11788511276	-0.012	0.096	-0.168
1.12228107452	-0.012	0.096	-0.168
1.12668299675	0.12	-0.236	2.044
1.13107800484	-0.004	-0.34	2.044
1.13547897339	-0.144	-0.032	-0.768
1.13987708092	-0.036	0.1	-0.564
1.14427113533	0.12	-0.192	2.044
1.14866805077	0.012	-0.332	2.044
1.15306997299	0.012	-0.332	2.044
1.15747213364	-0.132	-0.088	-0.408
1.16187000275	-0.064	0.108	-0.888
1.16627192497	0.108	-0.14	2.044
1.17066693306	0.06	-0.348	2.044
1.17506313324	-0.108	-0.14	0.02
1.179459095	-0.092	0.092	-1.112
1.18385505676	0.096	-0.104	1.688
1.18833708763	0.096	-0.104	1.688
1.19273710251	0.084	-0.332	2.044
1.19713497162	-0.1	-0.18	0.496
1.20153093338	-0.128	0.092	-1.248
1.2059340477	0.064	-0.036	1.184
1.21033000946	0.1	-0.32	2.044
1.21472501755	-0.084	-0.256	1.0
1.21912193298	-0.084	-0.256	1.0
1.22351408005	-0.128	0.056	-1.28
1.22791600227	0.032	0.028	0.684
1.23231911659	0.116	-0.304	2.044
1.23672103882	-0.06	-0.304	1.496
1.24111795425	-0.136	0.032	-1.196
1.2455201149	0.012	0.056	0.2
1.24991297722	0.012	0.056	0.2
1.25430607796	0.116	-0.268	2.044
1.25870299339	-0.024	-0.328	1.988
1.26310300827	-0.152	0.004	-1.004
1.2675049305	-0.016	0.092	-0.24
1.27190113068	0.124	-0.228	2.044
1.27629709244	0.0	-0.352	2.044
1.28068614006	-0.148	-0.044	-0.708
1.28508806229	-0.148	-0.044	-0.708
1.28948807716	-0.044	0.108	-0.64
1.29388403893	0.112	-0.18	2.044
1.29831600189	0.028	-0.348	2.044
1.30271196365	-0.128	-0.092	-0.336
1.3071141243	-0.076	0.1	-0.944
1.31151008606	0.112	-0.128	2.04
1.31591105461	0.112	-0.128	2.04
1.3203060627	0.048	-0.352	2.044
1.32470202446	-0.116	-0.148	0.108
1.32910013199	-0.108	0.092	-1.148
1.33349704742	0.08	-0.08	1.576
1.33789205551	0.084	-0.348	2.044
1.3422870636	-0.092	-0.2	0.592
1.34668898582	-0.092	-0.2	0.592
1.35108613968	-0.132	0.076	-1.248
1.3555021286	0.072	-0.016	1.096
1.35989904404	0.12	-0.316	2.044
1.36430597305	-0.068	-0.256	1.096
1.36870408058	-0.148	0.068	-1.268
1.37310099602	0.036	0.028	0.584
1.37749409676	0.112	-0.288	2.044
1.38188099861	0.112	-0.288	2.044
1.38627314568	-0.044	-0.304	1.576
1.39067196846	-0.156	0.028	-1.16
1.39507603645	0.012	0.056	0.116
1.39946913719	0.12	-0.252	2.044
1.40386295319	-0.024	-0.336	2.044
1.40829110146	-0.152	-0.016	-0.952
1.41268992424	-0.152	-0.016	-0.952
1.41708803177	-0.016	0.104	-0.324
1.42148303986	0.096	-0.208	2.044
1.4258890152	0.0	-0.352	2.044
1.43027710915	-0.136	-0.044	-0.648
1.43467307091	-0.052	0.112	-0.688
1.43906998634	0.108	-0.172	2.044
1.4434659481	0.108	-0.172	2.044
1.44786214828	0.024	-0.356	2.044
1.45225811005	-0.128	-0.088	-0.264
1.45665693283	-0.064	0.092	-0.98
1.46105313301	0.104	-0.124	1.976
1.46545410156	0.06	-0.348	2.044
1.46985006332	-0.112	-0.16	0.192
1.47424697876	-0.108	0.08	-1.184
1.47865509987	-0.108	0.08	-1.184
1.48305511475	0.076	-0.068	1.504
1.4874560833	0.088	-0.328	2.044
1.4918551445	-0.084	-0.212	0.668
1.49625205994	-0.136	0.084	-1.272
1.5006480217	0.056	-0.016	0.992
1.50504493713	0.112	-0.316	2.044
1.50943994522	0.112	-0.316	2.044
1.51383495331	-0.072	-0.252	1.18
1.51823806763	-0.14	0.06	-1.26
1.52263307571	0.032	0.044	0.504
1.52703213692	0.116	-0.276	2.044
1.53142595291	-0.036	-0.312	1.676
1.53582406044	-0.144	0.012	-1.136
1.5402200222	-0.144	0.012	-1.136
1.54461598396	0.0	0.072	0.028
1.54900193214	0.124	-0.252	2.044
1.55339598656	-0.012	-0.344	2.044
1.5577981472	-0.14	-0.02	-0.908
1.56222200394	-0.02	0.096	-0.4
1.5666270256	0.124	-0.224	2.044
1.57102203369	0.012	-0.352	2.044
1.57542300224	0.012	-0.352	2.044
1.579818964	-0.136	-0.052	-0.572
1.58421492577	-0.048	0.12	-0.764
1.58861207962	0.104	-0.168	2.044
1.59301114082	0.036	-0.348	2.044
1.59741210938	-0.12	-0.108	-0.18
1.60181903839	-0.08	0.1	-1.036
1.60622096062	-0.08	0.1	-1.036
1.61061692238	0.096	-0.116	1.884
1.61501312256	0.076	-0.34	2.044
1.61940813065	-0.112	-0.18	0.304
1.62380313873	-0.108	0.08	-1.208
1.62820911407	0.068	-0.06	1.4
1.63260412216	0.084	-0.332	2.044
1.63700509071	0.084	-0.332	2.044
1.64191293716	-0.092	-0.224	0.776
1.64632701874	-0.14	0.072	-1.284
1.65072512627	0.06	-0.008	0.904
1.65512299538	0.124	-0.292	2.044
1.65951800346	-0.06	-0.276	1.28
1.66391396523	-0.136	0.056	-1.244
1.66839599609	0.032	0.044	0.408
1.67279100418	0.124	-0.276	2.044
1.67718791962	0.124	-0.276	2.044
1.68158507347	-0.036	-0.312	1.78
1.68598794937	-0.152	0.024	-1.092
1.69038510323	-0.028	0.084	-0.048
1.69478201866	0.12	-0.244	2.044
1.69918298721	-0.016	-0.34	2.044
1.70357894897	-0.14	-0.028	-0.852
1.70798301697	-0.14	-0.028	-0.852
1.71237897873	-0.04	0.092	-0.468
1.71678113937	0.116	-0.196	2.044
1.72117614746	0.012	-0.356	2.044
1.72559094429	-0.136	-0.088	-0.512
1.72998905182	-0.06	0.104	-0.816
1.73438501358	0.096	-0.144	2.044
1.73878097534	0.096	-0.144	2.044
1.74318003654	0.036	-0.352	2.044
1.74758195877	-0.116	-0.128	-0.112
1.75197911263	-0.096	0.116	-1.068
1.75638103485	0.088	-0.096	1.8
1.76077604294	0.08	-0.332	2.044
1.76517796516	-0.116	-0.18	0.364
1.76957392693	-0.116	0.084	-1.236
1.77396893501	-0.116	0.084	-1.236
1.77837109566	0.072	-0.072	1.308
1.78276515007	0.092	-0.328	2.044
1.78718614578	-0.096	-0.228	0.868
1.79158401489	-0.132	0.06	-1.284
1.79598593712	0.048	-0.012	0.812
1.80038094521	0.112	-0.304	2.044
1.80477595329	0.112	-0.304	2.044
1.80917191505	-0.052	-0.296	1.368
1.81356811523	-0.14	0.048	-1.224
1.81796503067	0.02	0.044	0.308
1.82235908508	0.128	-0.268	2.044
1.82675909996	-0.036	-0.316	1.864
1.8311560154	-0.156	0.016	-1.056
1.83556199074	-0.156	0.016	-1.056
1.8399579525	0.0	0.084	-0.124
1.84434509277	0.116	-0.22	2.044
1.84876298904	-0.008	-0.336	2.044
1.8531639576	-0.172	-0.02	-0.792
1.85756206512	-0.04	0.096	-0.54
1.86195898056	0.112	-0.196	2.044
1.86635994911	0.008	-0.356	2.044
1.8707549572	0.008	-0.356	2.044
1.87515091896	-0.12	-0.072	-0.44
1.87954807281	-0.06	0.104	-0.864
1.88394403458	0.1	-0.14	2.044
1.88834404945	0.06	-0.384	2.044
1.89274096489	-0.12	-0.132	-0.02
1.89713811874	-0.092	0.112	-1.116
1.90153694153	-0.092	0.112	-1.116
1.90594005585	0.092	-0.092	1.712
1.91033601761	0.088	-0.336	2.044
1.91473007202	-0.092	-0.18	0.46
1.91912698746	-0.116	0.084	-1.244
1.92352294922	0.072	-0.016	1.196
1.92791795731	0.096	-0.312	2.044
1.93231296539	0.096	-0.312	2.044
1.93670797348	-0.092	-0.244	0.956
1.94110393524	-0.14	0.056	-1.284
1.94550013542	0.04	0.024	0.716
1.94989204407	0.116	-0.296	2.044
1.95428609848	-0.052	-0.296	1.476
1.95868802071	-0.156	0.036	-1.172
1.96308398247	0.02	0.06	0.232
1.96748304367	0.02	0.06	0.232
1.97188901901	0.132	-0.26	2.044
1.97628498077	-0.032	-0.324	1.952
1.98068094254	-0.16	-0.004	-1.008
1.98508000374	-0.008	0.088	-0.22
1.9894759655	0.12	-0.232	2.044
1.99387097359	0.0	-0.336	2.044
1.99830198288	0.0	-0.336	2.044
2.0026910305	-0.148	-0.036	-0.74
2.0070950985	-0.044	0.116	-0.608
2.01149106026	0.112	-0.184	2.044
2.01588702202	0.036	-0.356	2.044
2.02028203011	-0.124	-0.084	-0.364
2.02467799187	-0.072	0.096	-0.916
2.02907514572	-0.072	0.096	-0.916
2.03346991539	0.1	-0.152	2.044
2.03788495064	0.056	-0.348	2.044
2.04228210449	-0.112	-0.132	0.068
2.04668402672	-0.104	0.092	-1.144
2.05107998848	0.076	-0.084	1.636
2.05548095703	0.088	-0.336	2.044
2.05987596512	-0.096	-0.196	0.556
2.06427192688	-0.096	-0.196	0.556
2.06866908073	-0.12	0.092	-1.26
2.07306814194	0.072	-0.016	1.124
2.07746315002	0.104	-0.312	2.044
2.08185911179	-0.08	-0.252	1.052
2.08626008034	-0.128	0.064	-1.292
2.0906560421	0.036	0.02	0.628
2.095058918	0.036	0.02	0.628
2.09945106506	0.116	-0.296	2.044
2.10384607315	-0.056	-0.288	1.552
2.1082470417	-0.14	0.016	-1.172
2.11264610291	0.012	0.06	0.148
2.1170399189	0.116	-0.26	2.044
2.12143397331	-0.036	-0.324	2.04
2.12583613396	-0.036	-0.324	2.04
2.13023209572	-0.148	-0.008	-0.964
2.13462901115	-0.02	0.096	-0.288
2.13902497292	0.116	-0.212	2.044
2.143419981	0.0	-0.348	2.044
2.14781403542	-0.136	-0.048	-0.676
2.15221095085	-0.036	0.108	-0.656
2.15661597252	0.12	-0.16	2.044
2.16101098061	0.12	-0.16	2.044
2.16541409492	0.04	-0.352	2.044
2.16980910301	-0.128	-0.1	-0.296
2.17421007156	-0.068	0.096	-0.96
2.17860794067	0.1	-0.124	2.016
2.1830060482	0.06	-0.348	2.044
2.18740701675	-0.116	-0.16	0.148
2.19180202484	-0.116	-0.16	0.148
2.19619894028	-0.12	0.096	-1.164
2.20059394836	0.072	-0.068	1.548
2.20499491692	0.092	-0.332	2.044
2.209389925	-0.084	-0.208	0.628
2.21378612518	-0.132	0.084	-1.276
2.21819114685	0.068	-0.02	1.048
2.22258591652	0.068	-0.02	1.048
2.2269859314	0.112	-0.316	2.044
2.23138093948	-0.06	-0.272	1.144
2.23578214645	-0.144	0.06	-1.26
2.24017810822	0.028	0.028	0.548
2.24458098412	0.12	-0.288	2.044
2.24898195267	-0.044	-0.316	1.636
2.25337910652	-0.144	0.016	-1.144
2.25777602196	-0.144	0.016	-1.144
2.26217198372	0.016	0.064	0.076
2.26656913757	0.128	-0.252	2.044
2.27096509933	-0.016	-0.332	2.044
2.2753610611	-0.152	-0.016	-0.928
2.27975797653	-0.024	0.096	-0.356
2.28415393829	0.104	-0.2	2.044
2.28855395317	0.104	-0.2	2.044
2.29294896126	0.004	-0.356	2.044
2.29734396935	-0.144	-0.056	-0.616
2.3017411232	-0.048	0.112	-0.716
2.30614304543	0.112	-0.172	2.044
2.3105430603	0.044	-0.356	2.044
2.31493902206	-0.128	-0.104	-0.22
2.31934809685	-0.128	-0.104	-0.22
2.32374501228	-0.072	0.1	-0.996
2.32814097404	0.092	-0.12	1.936
2.33253502846	0.068	-0.348	2.044
2.33693099022	-0.12	-0.16	0.232
2.34133696556	-0.112	0.088	-1.196
2.34573912621	0.072	-0.072	1.456
2.35013413429	0.088	-0.332	2.044
2.35452914238	0.088	-0.332	2.044
2.35892891884	-0.088	-0.216	0.744
2.36332607269	-0.128	0.08	-1.28
2.36772704124	0.048	-0.008	0.956
2.37212109566	0.116	-0.308	2.044
2.37651705742	-0.064	-0.272	1.228
2.38090991974	-0.144	0.056	-1.256
2.38530397415	-0.144	0.056	-1.256
2.38970398903	0.032	0.04	0.468
2.39410209656	0.12	-0.284	2.044
2.39850306511	-0.048	-0.3	1.732
2.40289902687	-0.148	0.016	-1.112
2.40729999542	0.004	0.072	-0.008
2.41169500351	0.124	-0.236	2.044
2.4160900116	0.124	-0.236	2.044
2.42048501968	-0.032	-0.332	2.044
2.42488598824	-0.14	-0.032	-0.876
2.42928314209	-0.02	0.116	-0.444
2.43367815018	0.108	-0.208	2.044
2.4380800724	0.008	-0.36	2.044
2.44247508049	-0.144	-0.056	-0.544
2.44687509537	-0.048	0.112	-0.796
2.4512720108	-0.048	0.112	-0.796
2.45567393303	0.108	-0.16	2.044
2.46006894112	0.048	-0.348	2.044
2.46447396278	-0.136	-0.104	-0.128
2.46887207031	-0.08	0.108	-1.052
2.47327208519	0.092	-0.116	1.836
2.47766804695	0.068	-0.332	2.044
2.48206305504	0.068	-0.332	2.044
2.48646402359	-0.124	-0.172	0.328
2.49085903168	-0.112	0.088	-1.216
2.49525713921	0.068	-0.048	1.364
2.49965214729	0.096	-0.336	2.044
2.50404691696	-0.088	-0.24	0.812
2.50844907761	-0.144	0.068	-1.276
2.51284599304	-0.144	0.068	-1.276
2.51726198196	0.044	-0.004	0.868
2.52165699005	0.116	-0.312	2.044
2.52605700493	-0.064	-0.272	1.328
2.53045296669	-0.14	0.052	-1.236
2.53485107422	0.024	0.06	0.384
2.53924298286	0.116	-0.276	2.044
2.54363799095	-0.032	-0.324	1.804
2.5480401516	-0.032	-0.324	1.804
2.55243611336	-0.148	0.012	-1.084
2.55683898926	0.008	0.092	-0.076
2.56123304367	0.124	-0.236	2.044
2.56563305855	-0.012	-0.348	2.044
2.57002997398	-0.14	-0.028	-0.832
2.57442808151	-0.04	0.092	-0.496
2.57882499695	-0.04	0.092	-0.496
2.58322811127	0.116	-0.2	2.044
2.58763813972	0.012	-0.356	2.044
2.59203505516	-0.14	-0.064	-0.5
2.59643292427	-0.064	0.096	-0.828
2.60083007812	0.096	-0.144	2.044
2.60522603989	0.048	-0.356	2.044
2.60962104797	0.048	-0.356	2.044
2.61401605606	-0.108	-0.124	-0.06
2.61841797829	-0.092	0.112	-1.084
2.62281513214	0.088	-0.084	1.768
2.62721610069	0.052	-0.328	2.044
2.63161110878	-0.112	-0.18	0.4
2.63603401184	-0.112	0.08	-1.232
2.6404299736	0.068	-0.044	1.276
2.64489412308	0.068	-0.044	1.276
2.64929509163	0.096	-0.32	2.044
2.65369415283	-0.092	-0.24	0.904
2.65809297562	-0.128	0.06	-1.284
2.66248893738	0.064	-0.004	0.772
2.66688895226	0.116	-0.308	2.044
2.67128515244	-0.052	-0.288	1.4
2.67568302155	-0.052	-0.288	1.4
2.68007802963	-0.144	0.048	-1.22
2.68447399139	0.024	0.056	0.3
2.6888730526	0.124	-0.276	2.044
2.69326710701	-0.04	-0.32	1.88
2.69766306877	-0.168	0.016	-1.036
2.70205998421	-0.008	0.084	-0.16
2.70646214485	-0.008	0.084	-0.16
2.7108669281	0.116	-0.236	2.044
2.71526503563	-0.008	-0.344	2.044
2.71966505051	-0.152	-0.028	-0.776
2.72406196594	-0.036	0.1	-0.556
2.72846293449	0.116	-0.196	2.044
2.73285794258	0.016	-0.36	2.044
2.73725295067	-0.128	-0.088	-0.42
2.74164915085	-0.128	-0.088	-0.42
2.74605107307	-0.064	0.108	-0.888
2.75044703484	0.108	-0.14	2.044
2.75484395027	0.06	-0.36	2.044
2.75923895836	-0.108	-0.132	-0.004
2.76363611221	-0.088	0.104	-1.112
2.76803207397	0.088	-0.08	1.692
2.77242612839	0.088	-0.08	1.692
2.77682113647	0.084	-0.34	2.044
2.78121495247	-0.1	-0.188	0.488
2.78561592102	-0.12	0.096	-1.26
2.79001402855	0.06	-0.036	1.204
2.79440903664	0.1	-0.32	2.044
2.79880404472	-0.08	-0.244	0.976
2.80320310593	-0.08	-0.244	0.976
2.80760407448	-0.112	0.052	-1.264
2.81200003624	0.044	0.016	0.704
2.81639194489	0.116	-0.292	2.044
2.8207859993	-0.052	-0.292	1.476
2.82518291473	-0.144	0.012	-1.192
2.82957911491	0.012	0.056	0.228
2.83401107788	0.116	-0.264	2.044
2.83841204643	0.116	-0.264	2.044
2.84280800819	-0.024	-0.328	1.952
2.84720993042	-0.152	0.0	-1.016
2.85159897804	-0.012	0.092	-0.224
2.85599899292	0.128	-0.232	2.044
2.86039400101	-0.016	-0.332	2.044
2.86478996277	-0.14	-0.04	-0.732
2.8691880703	-0.14	-0.04	-0.732
2.87358498573	-0.036	0.108	-0.612
2.87798094749	0.108	-0.18	2.044
2.88237595558	0.02	-0.356	2.044
2.88677811623	-0.132	-0.088	-0.36
2.89117503166	-0.072	0.108	-0.928
2.89557814598	0.116	-0.152	2.044
2.89997196198	0.116	-0.152	2.044
2.90436697006	0.06	-0.348	2.044
2.90876412392	-0.112	-0.144	0.068
2.9131629467	-0.088	0.104	-1.136
2.91756510735	0.084	-0.08	1.628
2.92196011543	0.084	-0.332	2.044
2.92636394501	-0.104	-0.192	0.564
2.93076014519	-0.124	0.096	-1.288
2.9351580143	-0.124	0.096	-1.288
2.93955397606	0.052	-0.024	1.128
2.94394803047	0.104	-0.312	2.044
2.94834399223	-0.08	-0.256	1.06
2.95273900032	-0.14	0.064	-1.276
2.95714998245	0.036	0.024	0.628
2.96154308319	0.12	-0.292	2.044
2.96594405174	0.12	-0.292	2.044
2.97033905983	-0.044	-0.316	1.584
2.97473502159	-0.144	0.024	-1.176
2.97913193703	0.008	0.068	0.156
2.98352313042	0.116	-0.264	2.044
2.98792314529	-0.024	-0.332	2.04
2.99236702919	-0.152	-0.008	-0.976
2.99677300453	-0.152	-0.008	-0.976
3.00116991997	-0.02	0.092	-0.292
3.00557208061	0.12	-0.216	2.044
3.0099670887	-0.008	-0.348	2.044
3.01436305046	-0.14	-0.044	-0.664
3.01876091957	-0.048	0.108	-0.668
3.02315998077	0.112	-0.172	2.044
3.02756094933	0.032	-0.348	2.044
3.03195500374	0.032	-0.348	2.044
3.03635501862	-0.132	-0.104	-0.296
3.04075098038	-0.092	0.112	-0.952
3.04515004158	0.084	-0.124	2.0
3.04954099655	0.064	-0.348	2.044
3.05393600464	-0.104	-0.164	0.156
3.05833792686	-0.096	0.088	-1.168
3.06273698807	-0.096	0.088	-1.168
3.06714010239	0.08	-0.08	1.532
3.07153606415	0.096	-0.332	2.044
3.07593297958	-0.084	-0.212	0.632
3.08034896851	-0.124	0.084	-1.276
3.08474612236	0.048	-0.016	1.036
3.08914709091	0.104	-0.32	2.044
3.093542099	0.104	-0.32	2.044
3.09793806076	-0.064	-0.26	1.136
3.10233402252	-0.132	0.06	-1.256
3.10673594475	0.028	0.028	0.544
3.11112904549	0.112	-0.288	2.044
3.11552405357	-0.052	-0.304	1.64
3.11991906166	-0.148	0.028	-1.14
3.1243159771	0.004	0.064	0.064
3.12871694565	0.004	0.064	0.064
3.13311004639	0.112	-0.24	2.044
3.13750505447	-0.028	-0.332	2.044
3.14190196991	-0.148	-0.016	-0.924
3.14630508423	-0.024	0.088	-0.36
3.15070104599	0.112	-0.212	2.044
3.15509796143	0.004	-0.348	2.044
3.15949296951	0.004	-0.348	2.044
3.1638879776	-0.144	-0.056	-0.612
3.16836905479	-0.04	0.124	-0.724
3.17276906967	0.108	-0.168	2.044
3.17716503143	0.036	-0.352	2.044
3.18156194687	-0.132	-0.112	-0.212
3.18596506119	-0.088	0.096	-1.008
3.19036102295	-0.088	0.096	-1.008
3.19475793839	0.088	-0.12	1.924
3.19915699959	0.068	-0.348	2.044
3.20356297493	-0.136	-0.16	0.248
3.20796394348	-0.1	0.084	-1.196
3.21236109734	0.084	-0.072	1.452
3.2167570591	0.088	-0.332	2.044
3.22115302086	-0.092	-0.216	0.724
3.22555398941	-0.092	-0.216	0.724
3.22995114326	-0.132	0.076	-1.28
3.23434710503	0.052	-0.004	0.948
3.23874402046	0.112	-0.316	2.044
3.24314308167	-0.068	-0.272	1.232
3.24754500389	-0.14	0.052	-1.252
3.25194096565	0.028	0.036	0.464
3.25633502007	0.028	0.036	0.464
3.2607281208	0.112	-0.284	2.044
3.26512813568	-0.048	-0.312	1.728
3.26952505112	-0.156	0.02	-1.12
3.27392101288	-0.004	0.08	-0.012
3.27837991714	0.128	-0.24	2.044
3.28277802467	-0.028	-0.344	2.044
3.28718113899	-0.14	-0.028	-0.884
3.2915790081	-0.14	-0.028	-0.884
3.29597711563	-0.032	0.104	-0.432
3.30037307739	0.12	-0.2	2.044
3.30476713181	0.016	-0.364	2.044
3.30916309357	-0.124	-0.064	-0.544
3.31355810165	-0.048	0.112	-0.772
3.31796097755	0.104	-0.16	2.044
3.32235598564	0.104	-0.16	2.044
3.32676696777	0.036	-0.352	2.044
3.33116292953	-0.112	-0.112	-0.14
3.3355691433	-0.096	0.112	-1.048
3.33996605873	0.084	-0.116	1.852
3.34436106682	0.064	-0.344	2.044
3.34875798225	-0.112	-0.168	0.316
3.35315704346	-0.112	-0.168	0.316
3.35755896568	-0.108	0.076	-1.224
3.36195492744	0.072	-0.056	1.376
3.36635613441	0.092	-0.32	2.044
3.3707511425	-0.08	-0.236	0.812
3.37514901161	-0.136	0.064	-1.28
3.37953805923	0.052	-0.004	0.88
3.38392400742	0.116	-0.308	2.044
3.3883831501	0.116	-0.308	2.044
3.39278101921	-0.056	-0.276	1.304
3.39721393585	-0.144	0.048	-1.244
3.4016160965	0.032	0.036	0.4
3.40601611137	0.12	-0.276	2.044
3.41041111946	-0.036	-0.32	1.8
3.41480708122	-0.148	0.008	-1.076
3.41923213005	-0.148	0.008	-1.076
3.42362904549	-0.008	0.076	-0.084
3.42803192139	0.116	-0.236	2.044
3.43242907524	-0.012	-0.34	2.044
3.43683099747	-0.144	-0.02	-0.836
3.441229105	-0.036	0.096	-0.484
3.44562506676	0.12	-0.212	2.044
3.45002913475	0.12	-0.212	2.044
3.45442605019	0.012	-0.36	2.044
3.45882606506	-0.12	-0.064	-0.508
3.4632229805	-0.06	0.112	-0.828
3.46762514114	0.116	-0.152	2.044
3.47202301025	0.048	-0.36	2.044
3.47641897202	-0.128	-0.12	-0.08
3.48081612587	-0.096	0.092	-1.084
3.48521900177	-0.096	0.092	-1.084
3.48961496353	0.088	-0.096	1.788
3.49400997162	0.064	-0.336	2.044
3.49841094017	-0.108	-0.192	0.396
3.50280594826	-0.112	0.084	-1.244
3.50720906258	0.072	-0.036	1.28
3.51160407066	0.1	-0.328	2.044
3.51600503922	0.1	-0.328	2.044
3.5204000473	-0.088	-0.244	0.908
3.52479505539	-0.132	0.072	-1.272
3.52919197083	0.06	0.016	0.784
3.53358411789	0.108	-0.308	2.044
3.53798413277	-0.052	-0.288	1.396
3.54238009453	-0.16	0.048	-1.208
3.54678297043	-0.16	0.048	-1.208
3.55117893219	0.016	0.048	0.312
3.55557703972	0.12	-0.268	2.044
3.55997300148	-0.036	-0.32	1.88
3.56436896324	-0.148	0.008	-1.056
3.5687661171	-0.008	0.088	-0.148
3.57317399979	0.12	-0.236	2.044
3.57756996155	-0.004	-0.328	2.044
3.58196592331	-0.004	-0.328	2.044
3.58636713028	-0.14	-0.02	-0.784
3.59076499939	-0.032	0.096	-0.548
3.59516191483	0.116	-0.196	2.044
3.59955692291	0.024	-0.356	2.044
3.603951931	-0.128	-0.084	-0.428
3.60835695267	-0.068	0.1	-0.88
3.61275410652	-0.068	0.1	-0.88
3.61714911461	0.096	-0.14	2.044
3.6215441227	0.068	-0.34	2.044
3.62594604492	-0.108	-0.14	0.008
3.63034105301	-0.092	0.108	-1.112
3.63473701477	0.072	-0.084	1.712
3.63913202286	0.072	-0.348	2.044
3.64352703094	0.072	-0.348	2.044
3.6479279995	-0.1	-0.192	0.472
3.65232396126	-0.112	0.096	-1.248
3.65672111511	0.076	-0.036	1.208
3.66111707687	0.104	-0.32	2.044
3.66551804543	-0.088	-0.244	0.98
3.66991496086	-0.12	0.06	-1.28
3.67431402206	0.04	0.008	0.696
3.67870903015	0.04	0.008	0.696
3.68310499191	0.124	-0.304	2.044
3.68750596046	-0.056	-0.292	1.484
3.69190311432	-0.14	0.02	-1.196
3.69630908966	0.012	0.052	0.22
3.70070195198	0.116	-0.268	2.044
3.70510292053	-0.044	-0.324	1.972
3.70950007439	-0.044	-0.324	1.972
3.71389508247	-0.152	-0.004	-1.008
3.71833515167	-0.016	0.088	-0.224
3.72273302078	0.12	-0.228	2.044
3.72713398933	-0.004	-0.336	2.044
3.73153114319	-0.14	-0.044	-0.72
3.73593306541	-0.04	0.1	-0.616
3.74032902718	-0.04	0.1	-0.616
3.74472808838	0.124	-0.192	2.044
3.74912405014	0.028	-0.352	2.044
3.7535200119	-0.14	-0.088	-0.348
3.75792312622	-0.068	0.104	-0.924
3.76231908798	0.108	-0.14	2.044
3.76671910286	0.06	-0.348	2.044
3.77111411095	-0.104	-0.152	0.088
3.77551603317	-0.104	-0.152	0.088
3.77991199493	-0.104	0.108	-1.148
3.78430700302	0.08	-0.076	1.596
3.78870391846	0.084	-0.344	2.044
3.79310297966	-0.092	-0.196	0.568
3.79750394821	-0.116	0.092	-1.264
3.80190110207	0.064	-0.024	1.108
3.80630207062	0.064	-0.024	1.108
3.81069993973	0.108	-0.316	2.044
3.81509804726	-0.076	-0.252	1.084
3.81950306892	-0.144	0.06	-1.276
3.82390093803	0.032	0.024	0.62
3.82836198807	0.12	-0.292	2.044
3.83279109001	-0.056	-0.312	1.572
3.83720397949	-0.144	0.024	-1.164
3.84160494804	-0.144	0.024	-1.164
3.84600996971	0.008	0.06	0.14
3.85043692589	0.124	-0.244	2.044
3.85483813286	-0.024	-0.332	2.044
3.85923695564	-0.148	-0.004	-0.968
3.86363506317	-0.028	0.1	-0.3
3.86804199219	0.116	-0.22	2.044
3.87243199348	0.116	-0.22	2.044
3.87682700157	-0.004	-0.344	2.044
3.88123106956	-0.14	-0.044	-0.668
3.88563704491	-0.06	0.116	-0.676
3.89003515244	0.108	-0.176	2.044
3.89443206787	0.024	-0.356	2.044
3.89883112907	-0.128	-0.104	-0.284
3.90323400497	-0.128	-0.104	-0.284
3.90764808655	-0.06	0.084	-0.98
3.91204500198	0.092	-0.124	1.988
3.91644906998	0.068	-0.344	2.044
3.92084503174	-0.108	-0.148	0.164
3.92524504662	-0.108	0.092	-1.168
3.92964696884	0.08	-0.076	1.524
3.93404698372	0.084	-0.332	2.044
3.93845105171	0.084	-0.332	2.044
3.94285798073	-0.088	-0.176	0.624
3.94726014137	-0.136	0.088	-1.272
3.95165991783	0.052	-0.012	1.028
3.9560649395	0.108	-0.316	2.044
3.96046113968	-0.068	-0.268	1.156
3.96486210823	-0.14	0.06	-1.264
3.96925997734	-0.14	0.06	-1.264
3.9736571312	0.032	0.032	0.528
3.97805213928	0.116	-0.284	2.044
3.98244905472	-0.052	-0.308	1.66
3.98685193062	-0.152	0.032	-1.144
3.99125099182	0.004	0.064	0.056
3.99565911293	0.116	-0.252	2.044
4.00006008148	0.116	-0.252	2.044
4.00445699692	-0.02	-0.344	2.044
4.0088570118	-0.124	-0.016	-0.912
4.01326012611	-0.012	0.108	-0.384
4.01766204834	0.116	-0.216	2.044
4.02205896378	0.008	-0.356	2.044
4.02646207809	-0.144	-0.048	-0.604
4.0308611393	-0.048	0.104	-0.736
4.03526091576	-0.048	0.104	-0.736
4.03965711594	0.104	-0.172	2.044
4.04405498505	0.032	-0.352	2.044
4.04845809937	-0.152	-0.1	-0.208
4.05285596848	-0.08	0.096	-1.016
4.05725502968	0.092	-0.112	1.92
4.06165504456	0.076	-0.344	2.044
4.06606602669	0.076	-0.344	2.044
4.07045507431	-0.112	-0.16	0.252
4.07490801811	-0.104	0.08	-1.188
4.07931113243	0.072	-0.06	1.444
4.08371400833	0.096	-0.348	2.044
4.08811306953	-0.084	-0.216	0.736
4.09251213074	-0.136	0.072	-1.28
4.09691095352	0.056	-0.008	0.94
4.10130691528	0.056	-0.008	0.94
4.10570907593	0.12	-0.312	2.044
4.11010599136	-0.06	-0.268	1.236
4.11450409889	-0.132	0.06	-1.26
4.118901968	0.028	0.048	0.444
4.12329697609	0.124	-0.28	2.044
4.12770009041	-0.036	-0.304	1.736
4.13209795952	-0.036	-0.304	1.736
4.13649702072	-0.148	0.028	-1.108
4.14089608192	0.008	0.076	-0.012
4.14529299736	0.12	-0.24	2.044
4.14968895912	-0.02	-0.348	2.044
4.15408992767	-0.136	-0.032	-0.872
4.15849494934	-0.032	0.092	-0.444
4.16289305687	-0.032	0.092	-0.444
4.16729807854	0.12	-0.208	2.044
4.17169713974	0.024	-0.36	2.044
4.17609500885	-0.136	-0.06	-0.552
4.18049407005	-0.048	0.108	-0.792
4.18489408493	0.096	-0.152	2.044
4.18930006027	0.036	-0.352	2.044
4.19369506836	-0.132	-0.116	-0.132
4.19809412956	-0.132	-0.116	-0.132
4.20249199867	-0.08	0.108	-1.052
4.20689606667	0.092	-0.104	1.848
4.2112929821	0.048	-0.324	2.044
4.21569514275	-0.112	-0.172	0.328
4.22009801865	-0.112	0.084	-1.22
4.22449493408	0.064	-0.052	1.356
4.2288980484	0.064	-0.052	1.356
4.23329401016	0.088	-0.328	2.044
4.23769712448	-0.084	-0.232	0.82
4.24209403992	-0.128	0.068	-1.28
4.24649810791	0.056	-0.012	0.864
4.25089406967	0.108	-0.308	2.044
4.25529313087	-0.056	-0.28	1.328
4.25969409943	-0.056	-0.28	1.328
4.2640941143	-0.144	0.044	-1.232
4.26849603653	0.032	0.048	0.368
4.27288198471	0.128	-0.276	2.044
4.27727508545	-0.036	-0.312	1.82
4.281676054	-0.144	0.032	-1.084
4.28608107567	-0.004	0.088	-0.096
4.29048204422	0.124	-0.24	2.044
4.29488110542	0.124	-0.24	2.044
4.29927706718	-0.012	-0.336	2.044
4.30367493629	-0.152	-0.028	-0.824
4.30808115005	-0.024	0.096	-0.504
4.31248807907	0.124	-0.196	2.044
4.31689405441	0.028	-0.368	2.044
4.32129096985	-0.124	-0.076	-0.464
4.32569503784	-0.124	-0.076	-0.464
4.33009409904	-0.06	0.1	-0.84
4.33449101448	0.104	-0.14	2.044
4.3388941288	0.052	-0.364	2.044
4.34329104424	-0.12	-0.132	-0.048
4.34770512581	-0.088	0.104	-1.092
4.35210800171	0.084	-0.104	1.748
4.35652208328	0.084	-0.104	1.748
4.36094713211	0.08	-0.332	2.044
4.36534714699	-0.1	-0.172	0.42
4.36974406242	-0.108	0.092	-1.24
4.37414193153	0.084	-0.044	1.256
4.37854409218	0.088	-0.316	2.044
4.38294100761	-0.088	-0.244	0.912
4.38733792305	-0.144	0.052	-1.272
4.3917350769	-0.144	0.052	-1.272
4.39614105225	0.04	0.02	0.776
4.40053391457	0.112	-0.288	2.044
4.40493202209	-0.052	-0.296	1.42
4.40932893753	-0.148	0.032	-1.212
4.41372609138	0.016	0.06	0.28
4.41812109947	0.12	-0.272	2.044
4.42251706123	0.12	-0.272	2.044
4.4269220829	-0.036	-0.32	1.896
4.43131995201	-0.148	0.016	-1.044
4.43573403358	-0.008	0.088	-0.164
4.44012498856	0.112	-0.232	2.044
4.44451498985	-0.008	-0.328	2.044
4.4489159584	-0.144	-0.032	-0.772
4.45331907272	-0.144	-0.032	-0.772
4.4577190876	-0.04	0.096	-0.568
4.46211600304	0.12	-0.196	2.044
4.46651911736	0.024	-0.352	2.044
4.47090697289	-0.132	-0.084	-0.404
4.4753010273	-0.068	0.104	-0.884
4.47970104218	0.096	-0.148	2.044
4.4840991497	0.048	-0.368	2.044
4.4885020256	0.048	-0.368	2.044
4.49290204048	-0.112	-0.136	0.02
4.49730110168	-0.092	0.096	-1.12
4.50169801712	0.088	-0.092	1.68
4.50609993935	0.088	-0.344	2.044
4.51049804688	-0.1	-0.188	0.492
4.51489591599	-0.116	0.096	-1.264
4.51929402351	-0.116	0.096	-1.264
4.52370500565	0.064	-0.032	1.184
4.52812314034	0.1	-0.324	2.044
4.53252005577	-0.088	-0.248	0.992
4.53691697121	-0.132	0.06	-1.28
4.54131507874	0.04	0.02	0.684
4.54571509361	0.116	-0.3	2.044
4.55011200905	0.116	-0.3	2.044
4.55450892448	-0.072	-0.296	1.516
4.55892300606	-0.144	0.036	-1.184
4.56332397461	0.016	0.06	0.208
4.56772303581	0.116	-0.272	2.044
4.57212400436	-0.032	-0.324	1.988
4.57652211189	-0.156	0.004	-1.004
4.580919981	-0.012	0.08	-0.236
4.58531904221	-0.012	0.08	-0.236
4.58971714973	0.124	-0.232	2.044
4.5941119194	-0.004	-0.344	2.044
4.5985159874	-0.14	-0.032	-0.716
4.60291314125	-0.044	0.104	-0.62
4.60731697083	0.112	-0.184	2.044
4.61172413826	0.032	-0.356	2.044
4.61614012718	0.032	-0.356	2.044
4.62053799629	-0.124	-0.088	-0.344
4.62493801117	-0.068	0.104	-0.92
4.62933897972	0.096	-0.136	2.044
4.63373494148	0.056	-0.356	2.044
4.6381380558	-0.108	-0.152	0.104
4.64253497124	-0.108	0.096	-1.152
4.64693903923	0.076	-0.084	1.592
4.65133500099	0.076	-0.084	1.592
4.65573811531	0.084	-0.332	2.044
4.66013503075	-0.096	-0.192	0.576
4.66453194618	-0.128	0.084	-1.264
4.66893196106	0.056	-0.024	1.108
4.67332005501	0.1	-0.316	2.044
4.67771291733	-0.076	-0.252	1.072
4.68212294579	-0.076	-0.252	1.072
4.68652701378	-0.144	0.064	-1.272
4.69092512131	0.036	0.024	0.604
4.69532012939	0.116	-0.292	2.044
4.69973397255	-0.048	-0.308	1.588
4.70413899422	-0.144	0.016	-1.164
4.70854401588	0.008	0.056	0.128
4.71294307709	0.008	0.056	0.128
4.7173371315	0.112	-0.252	2.044
4.72172999382	-0.024	-0.332	2.044
4.72613406181	-0.144	-0.004	-0.96
4.73052692413	-0.02	0.096	-0.308
4.73492193222	0.116	-0.216	2.044
4.73932003975	-0.004	-0.352	2.044
4.74371814728	-0.148	-0.048	-0.66
4.74812507629	-0.148	-0.048	-0.66
4.7525229454	-0.032	0.108	-0.664
4.75692796707	0.108	-0.18	2.044
4.76132392883	0.024	-0.348	2.044
4.76573109627	-0.128	-0.1	-0.276
4.77012991905	-0.072	0.1	-0.972
4.77452492714	0.096	-0.128	1.988
4.77892804146	0.096	-0.128	1.988
4.78332495689	0.064	-0.348	2.044
4.78773808479	-0.12	-0.14	0.16
4.79215598106	-0.104	0.092	-1.176
4.79656100273	0.076	-0.072	1.516
4.80095696449	0.084	-0.336	2.044
4.80536603928	-0.088	-0.22	0.648
4.80976295471	-0.088	-0.22	0.648
4.81416106224	-0.132	0.08	-1.264
4.81856393814	0.06	-0.012	1.024
4.82295894623	0.124	-0.336	2.044
4.82736110687	-0.08	-0.26	1.164
4.83175897598	-0.144	0.056	-1.264
4.83616805077	0.036	0.036	0.536
4.84056210518	0.112	-0.292	2.044
4.84496092796	0.112	-0.292	2.044
4.84935593605	-0.052	-0.308	1.656
4.85375213623	-0.14	0.016	-1.14
4.85815095901	0.008	0.076	0.052
4.86254501343	0.12	-0.26	2.044
4.86694598198	-0.02	-0.344	2.044
4.87133598328	-0.144	-0.012	-0.924
4.87574505806	-0.144	-0.012	-0.924
4.88016200066	-0.016	0.096	-0.364
4.88456010818	0.124	-0.212	2.044
4.88896298409	0.016	-0.352	2.044
4.89336013794	-0.152	-0.052	-0.596
4.89776015282	-0.048	0.104	-0.732
4.90216112137	0.108	-0.168	2.044
4.90656399727	0.108	-0.168	2.044
4.91096115112	0.048	-0.344	2.044
4.91535902023	-0.12	-0.1	-0.212
4.91975712776	-0.08	0.108	-1.008
4.92415499687	0.092	-0.116	1.912
4.92856812477	0.068	-0.332	2.044
4.93301606178	-0.116	-0.168	0.248
4.93741703033	-0.108	0.08	-1.2
4.94181609154	-0.108	0.08	-1.2
4.94621396065	0.076	-0.06	1.436
4.95060992241	0.088	-0.324	2.044
4.95501303673	-0.084	-0.228	0.744
4.95941209793	-0.128	0.08	-1.272
4.96381092072	0.056	-0.012	0.944
4.96820807457	0.112	-0.312	2.044
4.9726099968	0.112	-0.312	2.044
4.97700715065	-0.064	-0.264	1.24
4.98140501976	-0.136	0.064	-1.248
4.98580908775	0.028	0.012	0.468
4.99020314217	0.116	-0.28	2.044
4.99459910393	-0.044	-0.312	1.732
4.99899697304	-0.148	0.012	-1.12
