Timestamp 	 X-Axis 	 Y-Axis 	 Z-Axis
0.000315189361572	0.008	-0.224	2.044
0.00254511833191	0.008	-0.224	2.044
0.00457215309143	0.024	-0.26	1.164
0.00659418106079	0.024	-0.26	1.164
0.00862002372742	-0.072	0.12	-1.144
0.0106601715088	-0.072	0.12	-1.144
0.0126791000366	-0.072	0.12	-1.144
0.0146961212158	0.032	-0.312	2.044
0.0167171955109	0.032	-0.312	2.044
0.0187470912933	0.0	-0.152	0.212
0.0207571983337	0.0	-0.152	0.212
0.0227661132812	0.0	-0.152	0.212
0.024777173996	-0.068	0.12	-0.52
0.0267980098724	-0.068	0.12	-0.52
0.0288391113281	0.048	-0.36	2.044
0.0308570861816	0.048	-0.36	2.044
0.0328760147095	0.048	-0.36	2.044
0.0349011421204	-0.004	-0.06	-0.608
0.0369222164154	-0.004	-0.06	-0.608
0.0389411449432	-0.044	0.044	0.324
0.0409591197968	-0.044	0.044	0.324
0.042976140976	-0.044	0.044	0.324
0.0449910163879	0.048	-0.388	2.044
0.0470252037048	0.048	-0.388	2.044
0.0490431785583	-0.068	0.032	-1.224
0.0510611534119	-0.068	0.032	-1.224
0.0530891418457	-0.068	0.032	-1.224
0.0551061630249	-0.044	-0.04	1.272
0.0571432113647	-0.044	-0.04	1.272
0.0591661930084	0.048	-0.384	2.044
0.0611901283264	0.048	-0.384	2.044
0.0632061958313	0.048	-0.384	2.044
0.0652232170105	-0.06	0.088	-1.528
0.0672430992126	-0.06	0.088	-1.528
0.0692601203918	-0.02	-0.132	2.044
0.0712912082672	-0.02	-0.132	2.044
0.0733170509338	-0.02	-0.132	2.044
0.0753400325775	0.036	-0.328	2.036
0.0773680210114	0.036	-0.328	2.036
0.0793931484222	-0.084	0.128	-1.476
0.0814201831818	-0.084	0.128	-1.476
0.0834460258484	-0.084	0.128	-1.476
0.0854771137238	0.008	-0.228	2.044
0.0875020027161	0.008	-0.228	2.044
0.089527130127	0.036	-0.248	1.112
0.0915679931641	0.036	-0.248	1.112
0.093593120575	0.036	-0.248	1.112
0.0956311225891	-0.076	0.132	-1.112
0.0976581573486	-0.076	0.132	-1.112
0.0996830463409	0.036	-0.312	2.044
0.101707220078	0.036	-0.312	2.044
0.103733062744	0.036	-0.312	2.044
0.105766057968	0.012	-0.144	0.172
0.107786178589	0.012	-0.144	0.172
0.109802007675	-0.076	0.116	-0.464
0.111820220947	-0.076	0.116	-0.464
0.113848209381	-0.076	0.116	-0.464
0.115872144699	0.064	-0.36	2.044
0.117901086807	0.064	-0.36	2.044
0.119939088821	-0.016	-0.052	-0.644
0.121977090836	-0.016	-0.052	-0.644
0.124004125595	-0.016	-0.052	-0.644
0.126037120819	-0.056	0.04	0.392
0.128062009811	-0.056	0.04	0.392
0.130086183548	0.06	-0.392	2.044
0.132110118866	0.06	-0.392	2.044
0.134132146835	0.06	-0.392	2.044
0.136179208755	-0.072	0.04	-1.248
0.138207197189	-0.072	0.04	-1.248
0.140231132507	-0.028	-0.028	1.324
0.142257213593	-0.028	-0.028	1.324
0.144293069839	-0.028	-0.028	1.324
0.146326065063	0.068	-0.38	2.044
0.148364067078	0.068	-0.38	2.044
0.150388002396	-0.08	0.104	-1.52
0.152425050735	-0.08	0.104	-1.52
0.154455184937	-0.08	0.104	-1.52
0.156488180161	-0.016	-0.144	2.044
0.158513069153	-0.016	-0.144	2.044
0.160538196564	0.04	-0.324	1.976
0.162563085556	0.04	-0.324	1.976
0.1645860672	0.04	-0.324	1.976
0.166617155075	-0.096	0.132	-1.476
0.168645143509	-0.096	0.132	-1.476
0.170680999756	0.008	-0.232	2.044
0.172706127167	0.008	-0.232	2.044
0.174730062485	0.008	-0.232	2.044
0.176757097244	0.032	-0.244	1.044
0.178782224655	0.032	-0.244	1.044
0.180819034576	0.032	-0.244	1.044
0.182844161987	-0.092	0.12	-1.076
0.184881210327	-0.092	0.12	-1.076
0.186909198761	0.044	-0.336	2.044
0.188933134079	0.044	-0.336	2.044
0.190957069397	0.044	-0.336	2.044
0.192982196808	0.024	-0.152	0.116
0.1950070858	0.024	-0.152	0.116
0.197065114975	-0.104	0.128	-0.416
0.199089050293	-0.104	0.128	-0.416
0.201117038727	-0.104	0.128	-0.416
0.203141212463	0.048	-0.368	2.044
0.20517206192	0.048	-0.368	2.044
0.207198143005	-0.016	-0.052	-0.696
0.209224224091	-0.016	-0.052	-0.696
0.211250066757	-0.016	-0.052	-0.696
0.213276147842	-0.048	0.048	0.448
0.215314149857	-0.048	0.048	0.448
0.217347145081	0.052	-0.392	2.044
0.219370126724	0.052	-0.392	2.044
0.221394062042	0.052	-0.392	2.044
0.22341799736	-0.06	0.044	-1.284
0.22545003891	-0.06	0.044	-1.284
0.227486133575	-0.04	-0.02	1.384
0.229512214661	-0.04	-0.02	1.384
0.231538057327	-0.04	-0.02	1.384
0.233565092087	0.072	-0.372	2.044
0.235597133636	0.072	-0.372	2.044
0.237623214722	-0.06	0.104	-1.532
0.239649057388	-0.06	0.104	-1.532
0.241675138474	-0.06	0.104	-1.532
0.243701219559	-0.02	-0.148	2.044
0.245732069016	-0.02	-0.148	2.044
0.247762203217	0.056	-0.324	1.928
0.249787092209	0.056	-0.324	1.928
0.251811027527	0.056	-0.324	1.928
0.253835201263	-0.108	0.136	-1.456
0.255861997604	-0.108	0.136	-1.456
0.25789308548	0.004	-0.228	2.044
0.259917020798	0.004	-0.228	2.044
0.261942148209	0.004	-0.228	2.044
0.263967037201	0.032	-0.228	0.992
0.265998125076	0.032	-0.228	0.992
0.268022060394	-0.096	0.116	-1.044
0.270047187805	-0.096	0.116	-1.044
0.272072076797	-0.096	0.116	-1.044
0.274099111557	0.032	-0.328	2.044
0.27615904808	0.032	-0.328	2.044
0.278183221817	0.008	-0.156	0.06
0.280213117599	0.008	-0.156	0.06
0.282238006592	0.008	-0.156	0.06
0.284272193909	-0.112	0.116	-0.368
0.286305189133	-0.112	0.116	-0.368
0.288332223892	0.052	-0.372	2.044
0.290357112885	0.052	-0.372	2.044
0.292381048203	0.052	-0.372	2.044
0.294405221939	-0.012	-0.036	-0.732
0.296444177628	-0.012	-0.036	-0.732
0.298470020294	-0.048	0.032	0.492
0.300493001938	-0.048	0.032	0.492
0.302520036697	-0.048	0.032	0.492
0.304545164108	0.052	-0.404	2.044
0.306572198868	0.052	-0.404	2.044
0.30858707428	-0.052	0.036	-1.288
0.310612201691	-0.052	0.036	-1.288
0.312633991241	-0.052	0.036	-1.288
0.314652204514	-0.04	-0.048	1.44
0.31668305397	-0.04	-0.048	1.44
0.318714141846	0.048	-0.368	2.044
0.320740222931	0.048	-0.368	2.044
0.322765111923	0.048	-0.368	2.044
0.324789047241	-0.06	0.108	-1.544
0.326821088791	-0.06	0.108	-1.544
0.328860044479	-0.02	-0.144	2.044
0.33088517189	-0.02	-0.144	2.044
0.332909107208	-0.02	-0.144	2.044
0.334935188293	0.064	-0.316	1.868
0.33696103096	0.064	-0.316	1.868
0.338986158371	-0.088	0.128	-1.44
0.341020107269	-0.088	0.128	-1.44
0.343068122864	-0.088	0.128	-1.44
0.345103025436	0.016	-0.248	2.044
0.347128152847	0.016	-0.248	2.044
0.349152088165	0.02	-0.212	0.932
0.351186990738	0.02	-0.212	0.932
0.35321521759	0.02	-0.212	0.932
0.355240106583	-0.088	0.12	-1.016
0.357267141342	-0.088	0.12	-1.016
0.359305143356	0.032	-0.316	2.044
0.361332178116	0.032	-0.316	2.044
0.363356113434	0.032	-0.316	2.044
0.365387201309	0.012	-0.148	0.012
0.367412090302	0.012	-0.148	0.012
0.36943602562	-0.112	0.108	-0.324
0.37146115303	-0.112	0.108	-0.324
0.373492002487	-0.112	0.108	-0.324
0.375519037247	0.056	-0.384	2.044
0.377546072006	0.056	-0.384	2.044
0.379572153091	-0.028	-0.04	-0.784
0.381597042084	-0.028	-0.04	-0.784
0.383623123169	-0.028	-0.04	-0.784
0.385656118393	-0.052	0.02	0.56
0.387681007385	-0.052	0.02	0.56
0.389705181122	0.068	-0.4	2.044
0.391730070114	0.068	-0.4	2.044
0.393756151199	0.068	-0.4	2.044
0.395786046982	-0.04	0.04	-1.312
0.397821187973	-0.04	0.04	-1.312
0.39984703064	-0.04	0.04	-1.312
0.401872158051	-0.036	-0.06	1.496
0.403898000717	-0.036	-0.06	1.496
0.405938148499	0.06	-0.36	2.044
0.407963991165	0.06	-0.36	2.044
0.409997224808	0.06	-0.36	2.044
0.4120221138	-0.064	0.112	-1.556
0.414048194885	-0.064	0.112	-1.556
0.416157007217	-0.016	-0.156	2.044
0.418187141418	-0.016	-0.156	2.044
0.420214176178	-0.016	-0.156	2.044
0.42223906517	0.036	-0.288	1.816
0.424280166626	0.036	-0.288	1.816
0.42631316185	-0.084	0.132	-1.428
0.428341150284	-0.084	0.132	-1.428
0.43036699295	-0.084	0.132	-1.428
0.43239402771	0.012	-0.256	2.044
0.434418201447	0.012	-0.256	2.044
0.436455011368	0.02	-0.224	0.876
0.438480138779	0.02	-0.224	0.876
0.440506219864	0.02	-0.224	0.876
0.442531108856	-0.068	0.14	-0.984
0.444555997849	-0.068	0.14	-0.984
0.446588039398	0.044	-0.324	2.044
0.448614120483	0.044	-0.324	2.044
0.450638055801	0.044	-0.324	2.044
0.452661991119	0.02	-0.148	-0.04
0.454697132111	0.02	-0.148	-0.04
0.456726074219	-0.06	0.096	-0.248
0.458752155304	-0.06	0.096	-0.248
0.460776090622	-0.06	0.096	-0.248
0.462801218033	0.044	-0.392	2.044
0.464827060699	0.044	-0.392	2.044
0.466859102249	-0.044	-0.032	-0.82
0.468888998032	-0.044	-0.032	-0.82
0.470915079117	-0.044	-0.032	-0.82
0.472943067551	-0.056	0.032	0.62
0.474971055984	-0.056	0.032	0.62
0.477001190186	0.056	-0.396	2.044
0.479026079178	0.056	-0.396	2.044
0.481051206589	0.056	-0.396	2.044
0.483076095581	-0.04	0.048	-1.34
0.485107183456	-0.04	0.048	-1.34
0.487133026123	-0.044	-0.056	1.556
0.489160060883	-0.044	-0.056	1.556
0.491185188293	-0.044	-0.056	1.556
0.493210077286	0.06	-0.348	2.044
0.495236158371	0.06	-0.348	2.044
0.497262001038	-0.064	0.12	-1.54
0.499297142029	-0.064	0.12	-1.54
0.501323223114	-0.064	0.12	-1.54
0.503356218338	-0.012	-0.148	2.044
0.505390167236	-0.012	-0.148	2.044
0.50740814209	0.04	-0.296	1.76
0.509425163269	0.04	-0.296	1.76
0.511453151703	0.04	-0.296	1.76
0.513471126556	-0.076	0.124	-1.412
0.5154941082	-0.076	0.124	-1.412
0.517522096634	0.012	-0.26	2.044
0.519548177719	0.012	-0.26	2.044
0.521575212479	0.012	-0.26	2.044
0.523599147797	0.032	-0.224	0.82
0.525629997253	0.032	-0.224	0.82
0.52765417099	-0.1	0.144	-0.932
0.52968120575	-0.1	0.144	-0.932
0.531712055206	-0.1	0.144	-0.932
0.533738136292	0.048	-0.332	2.044
0.535764217377	0.048	-0.332	2.044
0.537791013718	0.012	-0.124	-0.104
0.539815187454	0.012	-0.124	-0.104
0.541840076447	0.012	-0.124	-0.104
0.543865203857	-0.056	0.084	-0.212
0.545897006989	-0.056	0.084	-0.212
0.547938108444	0.052	-0.38	2.044
0.549962997437	0.052	-0.38	2.044
0.551989078522	0.052	-0.38	2.044
0.554014205933	-0.032	-0.024	-0.868
0.556047201157	-0.032	-0.024	-0.868
0.558073043823	-0.06	0.02	0.676
0.560096025467	-0.06	0.02	0.676
0.562124013901	-0.06	0.02	0.676
0.564149141312	0.06	-0.396	2.044
0.566179037094	0.06	-0.396	2.044
0.568231105804	-0.06	0.064	-1.36
0.570258140564	-0.06	0.064	-1.36
0.572284221649	-0.06	0.064	-1.36
0.574309110641	-0.036	-0.076	1.608
0.576347112656	-0.036	-0.076	1.608
0.578370094299	0.06	-0.364	2.044
0.580394029617	0.06	-0.364	2.044
0.582419157028	0.06	-0.364	2.044
0.584457159042	-0.092	0.128	-1.548
0.586490154266	-0.092	0.128	-1.548
0.588515996933	-0.012	-0.164	2.044
0.590541124344	-0.012	-0.164	2.044
0.592568159103	-0.012	-0.164	2.044
0.594596147537	0.032	-0.304	1.688
0.596628189087	0.032	-0.304	1.688
0.598652124405	-0.092	0.132	-1.38
0.600679159164	-0.092	0.132	-1.38
0.602705001831	-0.092	0.132	-1.38
0.604732036591	0.016	-0.264	2.044
0.606761217117	0.016	-0.264	2.044
0.608788013458	0.036	-0.232	0.748
0.610812187195	0.036	-0.232	0.748
0.612835168839	0.036	-0.232	0.748
0.614860057831	-0.108	0.152	-0.896
0.616905212402	-0.108	0.152	-0.896
0.618931055069	0.04	-0.316	2.044
0.620954990387	0.04	-0.316	2.044
0.622980117798	0.04	-0.316	2.044
0.625091075897	0.008	-0.124	-0.156
0.627121210098	0.008	-0.124	-0.156
0.629159212112	-0.06	0.068	-0.152
0.631185054779	-0.06	0.068	-0.152
0.633212089539	-0.06	0.068	-0.152
0.635239124298	0.06	-0.388	2.044
0.637263059616	0.06	-0.388	2.044
0.63928604126	-0.02	-0.024	-0.904
0.641315221786	-0.02	-0.024	-0.904
0.643341064453	-0.02	-0.024	-0.904
0.645373106003	-0.068	0.028	0.748
0.647397994995	-0.068	0.028	0.748
0.64942407608	-0.068	0.028	0.748
0.651448011398	0.06	-0.38	2.044
0.653470993042	0.06	-0.38	2.044
0.655497074127	-0.04	0.068	-1.396
0.657528162003	-0.04	0.068	-1.396
0.659555196762	-0.04	0.068	-1.396
0.661581039429	-0.036	-0.084	1.68
0.663607120514	-0.036	-0.084	1.68
0.665639162064	0.06	-0.36	2.044
0.667664051056	0.06	-0.36	2.044
0.6696870327	0.06	-0.36	2.044
0.671711206436	-0.104	0.108	-1.544
0.673738002777	-0.104	0.108	-1.544
0.675769090652	-0.008	-0.176	2.044
0.677789211273	-0.008	-0.176	2.044
0.679808139801	-0.008	-0.176	2.044
0.681836128235	0.032	-0.292	1.64
0.683854103088	0.032	-0.292	1.64
0.685876131058	-0.1	0.132	-1.364
0.687909126282	-0.1	0.132	-1.364
0.689936161041	-0.1	0.132	-1.364
0.691962003708	0.024	-0.252	2.044
0.69398522377	0.024	-0.252	2.044
0.696011066437	0.04	-0.224	0.68
0.698035001755	0.04	-0.224	0.68
0.700059175491	0.04	-0.224	0.68
0.702083110809	-0.104	0.136	-0.864
0.704109191895	-0.104	0.136	-0.864
0.706162214279	0.044	-0.344	2.044
0.70817899704	0.044	-0.344	2.044
0.710195064545	0.044	-0.344	2.044
0.712229013443	0.004	-0.1	-0.22
0.714247226715	0.004	-0.1	-0.22
0.716275215149	-0.068	0.064	-0.096
0.718304157257	-0.068	0.064	-0.096
0.720370054245	-0.068	0.064	-0.096
0.72239613533	0.06	-0.38	2.044
0.724420070648	0.06	-0.38	2.044
0.726450204849	-0.012	-0.016	-0.948
0.728487014771	-0.012	-0.016	-0.948
0.730512142181	-0.012	-0.016	-0.948
0.732537031174	-0.064	0.008	0.8
0.734560012817	-0.064	0.008	0.8
0.736586093903	0.04	-0.384	2.044
0.738637208939	0.04	-0.384	2.044
0.740663051605	0.04	-0.384	2.044
0.742686033249	-0.04	0.08	-1.404
0.744715213776	-0.04	0.08	-1.404
0.746747016907	-0.024	-0.08	1.756
0.748775005341	-0.024	-0.08	1.756
0.750804185867	-0.024	-0.08	1.756
0.752831220627	0.048	-0.356	2.044
0.754855155945	0.048	-0.356	2.044
0.757385015488	-0.076	0.104	-1.544
0.759419202805	-0.076	0.104	-1.544
0.761447191238	-0.076	0.104	-1.544
0.763473033905	-0.004	-0.176	2.044
0.765507221222	-0.004	-0.176	2.044
0.767534017563	0.032	-0.288	1.58
0.769559144974	0.032	-0.288	1.58
0.771583080292	0.032	-0.288	1.58
0.77360701561	-0.084	0.132	-1.34
0.775633096695	-0.084	0.132	-1.34
0.777661085129	0.02	-0.268	2.044
0.779685020447	0.02	-0.268	2.044
0.781710147858	0.02	-0.268	2.044
0.783737182617	0.044	-0.22	0.616
0.785770177841	0.044	-0.22	0.616
0.787795066833	-0.088	0.124	-0.8
0.789819002151	-0.088	0.124	-0.8
0.791844129562	-0.088	0.124	-0.8
0.793870210648	0.052	-0.34	2.044
0.795911073685	0.052	-0.34	2.044
0.797936201096	-0.02	-0.08	-0.272
0.799962997437	-0.02	-0.08	-0.272
0.801988124847	-0.02	-0.08	-0.272
0.80401301384	-0.072	0.072	-0.04
0.806044101715	-0.072	0.072	-0.04
0.8080701828	0.052	-0.388	2.044
0.81009721756	0.052	-0.388	2.044
0.812121152878	0.052	-0.388	2.044
0.814149141312	-0.024	-0.004	-0.988
0.81619811058	-0.024	-0.004	-0.988
0.818224191666	-0.088	0.012	0.88
0.820248126984	-0.088	0.012	0.88
0.822271108627	-0.088	0.012	0.88
0.824328184128	0.052	-0.388	2.044
0.826362133026	0.052	-0.388	2.044
0.828387022018	-0.068	0.072	-1.432
0.830412149429	-0.068	0.072	-1.432
0.832437992096	-0.068	0.072	-1.432
0.834464073181	-0.024	-0.096	1.8
0.836495161057	-0.024	-0.096	1.8
0.838519096375	0.052	-0.348	2.044
0.840546131134	0.052	-0.348	2.044
0.842571020126	0.052	-0.348	2.044
0.844596147537	-0.076	0.12	-1.536
0.846633195877	-0.076	0.12	-1.536
0.848659992218	0.008	-0.18	2.044
0.850685119629	0.008	-0.18	2.044
0.852719068527	0.008	-0.18	2.044
0.854742050171	0.048	-0.296	1.5
0.856765031815	0.048	-0.296	1.5
0.858787059784	-0.084	0.14	-1.312
0.860810995102	-0.084	0.14	-1.312
0.862836122513	-0.084	0.14	-1.312
0.864862203598	0.02	-0.268	2.044
0.86689209938	0.02	-0.268	2.044
0.868916034698	0.02	-0.2	0.564
0.870942115784	0.02	-0.2	0.564
0.872967004776	0.02	-0.2	0.564
0.874991178513	-0.08	0.108	-0.76
0.877024173737	-0.08	0.108	-0.76
0.879051208496	0.04	-0.356	2.044
0.881077051163	0.04	-0.356	2.044
0.883101224899	0.04	-0.356	2.044
0.885131120682	-0.008	-0.084	-0.328
0.887159109116	-0.008	-0.084	-0.328
0.889186143875	-0.088	0.092	0.02
0.891210079193	-0.088	0.092	0.02
0.893232107162	-0.088	0.092	0.02
0.895270109177	0.052	-0.38	2.044
0.897294998169	0.052	-0.38	2.044
0.899319171906	-0.028	0.008	-1.024
0.901344060898	-0.028	0.008	-1.024
0.903381109238	-0.028	0.008	-1.024
0.905413150787	-0.044	0.004	0.936
0.907430171967	-0.044	0.004	0.936
0.909459114075	0.056	-0.396	2.044
0.911477088928	0.056	-0.396	2.044
0.913495063782	0.056	-0.396	2.044
0.915517091751	-0.096	0.08	-1.444
0.917545080185	-0.096	0.08	-1.444
0.919570207596	-0.032	-0.096	1.852
0.921597003937	-0.032	-0.096	1.852
0.923623085022	-0.032	-0.096	1.852
0.925655126572	0.056	-0.384	2.044
0.927680015564	0.056	-0.384	2.044
0.929706096649	-0.084	0.112	-1.528
0.931732177734	-0.084	0.112	-1.528
0.933756113052	-0.084	0.112	-1.528
0.935783147812	0.008	-0.18	2.044
0.937810182571	0.008	-0.18	2.044
0.939848184586	0.044	-0.28	1.444
0.941873073578	0.044	-0.28	1.444
0.943899154663	0.044	-0.28	1.444
0.94593000412	-0.096	0.136	-1.28
0.947956085205	-0.096	0.136	-1.28
0.949980020523	0.032	-0.292	2.044
0.952006101608	0.032	-0.292	2.044
0.954032182693	0.032	-0.292	2.044
0.95606303215	0.028	-0.184	0.492
0.958087205887	0.028	-0.184	0.492
0.960111141205	0.028	-0.184	0.492
0.962138175964	-0.08	0.112	-0.74
0.964164018631	-0.08	0.112	-0.74
0.966205120087	0.052	-0.36	2.044
0.96825003624	0.052	-0.36	2.044
0.970276117325	0.052	-0.36	2.044
0.972305059433	-0.004	-0.084	-0.388
0.974332094193	-0.004	-0.084	-0.388
0.976373195648	-0.088	0.08	0.08
0.978397130966	-0.088	0.08	0.08
0.980419158936	-0.088	0.08	0.08
0.982443094254	0.06	-0.392	2.044
0.984483003616	0.06	-0.392	2.044
0.986515045166	-0.02	0.02	-1.064
0.988540172577	-0.02	0.02	-1.064
0.990564107895	-0.02	0.02	-1.064
0.992588996887	-0.04	-0.004	0.992
0.994614124298	-0.04	-0.004	0.992
0.996645212173	0.056	-0.392	2.044
0.998672008514	0.056	-0.392	2.044
1.0006980896	0.056	-0.392	2.044
1.00272703171	-0.072	0.072	-1.476
1.00475311279	-0.072	0.072	-1.476
1.00678420067	-0.02	-0.092	1.928
1.00881004333	-0.02	-0.092	1.928
1.01083612442	-0.02	-0.092	1.928
1.01286101341	0.048	-0.34	2.044
1.01488518715	0.048	-0.34	2.044
1.01691699028	-0.064	0.116	-1.52
1.01894307137	-0.064	0.116	-1.52
1.02096819878	-0.064	0.116	-1.52
1.02300214767	0.008	-0.196	2.044
1.0250351429	0.008	-0.196	2.044
1.02706003189	0.04	-0.276	1.376
1.02908301353	0.04	-0.276	1.376
1.03110718727	0.04	-0.276	1.376
1.03313612938	-0.096	0.144	-1.26
1.03517913818	-0.096	0.144	-1.26
1.03720521927	0.016	-0.288	2.044
1.03922820091	0.016	-0.288	2.044
1.04125213623	0.016	-0.288	2.044
1.04327702522	0.032	-0.176	0.432
1.04530715942	0.032	-0.176	0.432
1.04733204842	-0.088	0.096	-0.668
1.04936003685	-0.088	0.096	-0.668
1.05138516426	-0.088	0.096	-0.668
1.05341100693	0.048	-0.348	2.044
1.05543804169	0.048	-0.348	2.044
1.05746412277	-0.004	-0.08	-0.444
1.05949020386	-0.004	-0.08	-0.444
1.0615170002	-0.004	-0.08	-0.444
1.06354308128	-0.108	0.076	0.136
1.06557917595	-0.108	0.076	0.136
1.06760311127	0.044	-0.38	2.044
1.06964206696	0.044	-0.38	2.044
1.07166719437	0.044	-0.38	2.044
1.07369303703	-0.024	0.016	-1.108
1.07572412491	-0.024	0.016	-1.108
1.07775115967	-0.06	-0.024	1.064
1.07978510857	-0.06	-0.024	1.064
1.08181118965	-0.06	-0.024	1.064
1.08383607864	0.064	-0.38	2.044
1.08586621284	0.064	-0.38	2.044
1.08789110184	-0.072	0.072	-1.48
1.0899181366	-0.072	0.072	-1.48
1.09194207191	-0.072	0.072	-1.48
1.09396719933	-0.028	-0.096	1.992
1.09599304199	-0.028	-0.096	1.992
1.09802317619	0.056	-0.336	2.044
1.10004711151	0.056	-0.336	2.044
1.1020720005	0.056	-0.336	2.044
1.10409617424	-0.068	0.132	-1.52
1.10619306564	-0.068	0.132	-1.52
1.10821318626	-0.004	-0.208	2.044
1.11023020744	-0.004	-0.208	2.044
1.11226820946	-0.004	-0.208	2.044
1.11428713799	0.04	-0.268	1.312
1.11631608009	0.04	-0.268	1.312
1.1183450222	-0.108	0.144	-1.22
1.12038516998	-0.108	0.144	-1.22
1.12241101265	-0.108	0.144	-1.22
1.12443709373	0.024	-0.304	2.044
1.12646508217	0.024	-0.304	2.044
1.12850904465	0.012	-0.168	0.36
1.13053512573	0.012	-0.168	0.36
1.13255906105	0.012	-0.168	0.36
1.13458299637	-0.076	0.112	-0.616
1.13662314415	-0.076	0.112	-0.616
1.13864922523	0.044	-0.364	2.044
1.14067411423	0.044	-0.364	2.044
1.14269804955	0.044	-0.364	2.044
1.1447250843	0.012	-0.076	-0.488
1.14675712585	0.012	-0.076	-0.488
1.14878201485	-0.072	0.072	0.196
1.15080404282	-0.072	0.072	0.196
1.15282917023	-0.072	0.072	0.196
1.15485310555	0.06	-0.384	2.044
1.15688419342	0.06	-0.384	2.044
1.15890622139	-0.06	0.036	-1.132
1.16094708443	-0.06	0.036	-1.132
1.16297316551	-0.06	0.036	-1.132
1.1649980545	-0.052	-0.016	1.12
1.16705703735	-0.052	-0.016	1.12
1.16909003258	0.04	-0.38	2.044
1.17111515999	0.04	-0.38	2.044
1.17313909531	0.04	-0.38	2.044
1.17519021034	-0.064	0.076	-1.488
1.17721819878	-0.064	0.076	-1.488
1.17924404144	-0.008	-0.112	2.044
1.18126916885	-0.008	-0.112	2.044
1.18330621719	-0.008	-0.112	2.044
1.18533301353	0.048	-0.32	2.044
1.18735718727	0.048	-0.32	2.044
1.18938112259	-0.06	0.124	-1.516
1.19142103195	-0.06	0.124	-1.516
1.19345808029	-0.06	0.124	-1.516
1.19549012184	0.0	-0.224	2.044
1.19750809669	0.0	-0.224	2.044
1.19952511787	0.032	-0.264	1.248
1.20155000687	0.032	-0.264	1.248
1.2035741806	0.032	-0.264	1.248
1.20560503006	-0.084	0.14	-1.184
1.20763206482	-0.084	0.14	-1.184
1.20965909958	-0.084	0.14	-1.184
1.21168613434	0.028	-0.3	2.044
1.21371006966	0.028	-0.3	2.044
1.2157561779	0.008	-0.16	0.304
1.21778202057	0.008	-0.16	0.304
1.21980500221	0.008	-0.16	0.304
1.22182822227	-0.072	0.12	-0.576
1.22385811806	-0.072	0.12	-0.576
1.22589111328	0.044	-0.36	2.044
1.22791719437	0.044	-0.36	2.044
1.22994112968	0.044	-0.36	2.044
1.23196601868	0.0	-0.056	-0.564
1.23398399353	0.0	-0.056	-0.564
1.23600721359	-0.052	0.064	0.26
1.23803114891	-0.052	0.064	0.26
1.24005508423	-0.052	0.064	0.26
1.24208021164	0.064	-0.388	2.044
1.24410510063	0.064	-0.388	2.044
1.24616312981	-0.056	0.024	-1.172
1.24819016457	-0.056	0.024	-1.172
1.25022602081	-0.056	0.024	-1.172
1.2522521019	-0.032	-0.028	1.188
1.25428199768	-0.032	-0.028	1.188
1.25632405281	0.064	-0.388	2.044
1.25835204124	0.064	-0.388	2.044
1.26037716866	0.064	-0.388	2.044
1.26240205765	-0.064	0.092	-1.504
1.26443815231	-0.064	0.092	-1.504
1.26647114754	-0.012	-0.136	2.044
1.2684969902	-0.012	-0.136	2.044
1.27052307129	-0.012	-0.136	2.044
1.27256011963	0.044	-0.324	2.044
1.27458500862	0.044	-0.324	2.044
1.2766160965	-0.088	0.128	-1.5
1.27863717079	-0.088	0.128	-1.5
1.28065919876	-0.088	0.128	-1.5
1.2826821804	0.004	-0.232	2.044
1.2847070694	0.004	-0.232	2.044
1.2867410183	0.028	-0.272	1.184
1.28876805305	0.028	-0.272	1.184
1.29079222679	0.028	-0.272	1.184
1.29281616211	-0.068	0.136	-1.152
1.29484200478	-0.068	0.136	-1.152
1.29687404633	0.036	-0.308	2.044
1.29889917374	0.036	-0.308	2.044
1.30092310905	0.036	-0.308	2.044
1.3029460907	0.024	-0.152	0.24
1.30498313904	0.024	-0.152	0.24
1.30704212189	-0.088	0.124	-0.516
1.30906105042	-0.088	0.124	-0.516
1.31107807159	-0.088	0.124	-0.516
1.31309604645	0.052	-0.368	2.044
1.31511712074	0.052	-0.368	2.044
1.31714916229	-0.016	-0.064	-0.596
1.31919717789	-0.016	-0.064	-0.596
1.32123112679	-0.016	-0.064	-0.596
1.32325720787	-0.036	0.06	0.316
1.32528710365	-0.036	0.06	0.316
1.32732415199	0.056	-0.392	2.044
1.32934999466	0.056	-0.392	2.044
1.3313741684	0.056	-0.392	2.044
1.33339810371	-0.06	0.028	-1.212
1.3354370594	-0.06	0.028	-1.212
1.33746409416	-0.044	-0.016	1.248
1.33948802948	-0.044	-0.016	1.248
1.34151411057	-0.044	-0.016	1.248
1.34353899956	0.076	-0.368	2.044
1.34557008743	0.076	-0.368	2.044
1.34759521484	-0.068	0.092	-1.516
1.34962415695	-0.068	0.092	-1.516
1.35165119171	-0.068	0.092	-1.516
1.35368108749	-0.012	-0.136	2.044
1.35570812225	-0.012	-0.136	2.044
1.35773301125	0.04	-0.328	2.044
1.35975718498	0.04	-0.328	2.044
1.3617811203	0.04	-0.328	2.044
1.36381602287	-0.112	0.14	-1.484
1.3658490181	-0.112	0.14	-1.484
1.36787509918	-0.004	-0.224	2.044
1.36990022659	-0.004	-0.224	2.044
1.37192416191	-0.004	-0.224	2.044
1.3739490509	0.036	-0.256	1.124
1.37597417831	0.036	-0.256	1.124
1.37799906731	-0.096	0.12	-1.124
1.38008499146	-0.096	0.12	-1.124
1.38211512566	-0.096	0.12	-1.124
1.38414311409	0.04	-0.308	2.044
1.38617515564	0.04	-0.308	2.044
1.38820004463	0.016	-0.16	0.18
1.39022421837	0.016	-0.16	0.18
1.39226317406	0.016	-0.16	0.18
1.39428710938	-0.096	0.124	-0.464
1.39631915092	-0.096	0.124	-0.464
1.39834499359	0.064	-0.372	2.044
1.40038514137	0.064	-0.372	2.044
1.40240907669	0.064	-0.372	2.044
1.40443515778	-0.008	-0.052	-0.636
1.40646910667	-0.008	-0.052	-0.636
1.40849900246	-0.048	0.044	0.38
1.41052317619	-0.048	0.044	0.38
1.41255021095	-0.048	0.044	0.38
1.41457509995	0.064	-0.408	2.044
1.41660404205	0.064	-0.408	2.044
1.41862916946	-0.068	0.028	-1.252
1.42066407204	-0.068	0.028	-1.252
1.42269015312	-0.068	0.028	-1.252
1.42471718788	-0.044	-0.028	1.328
1.42674899101	-0.044	-0.028	1.328
1.4287750721	0.056	-0.372	2.044
1.43079900742	0.056	-0.372	2.044
1.4328250885	0.056	-0.372	2.044
1.43484902382	-0.068	0.112	-1.524
1.4368751049	-0.068	0.112	-1.524
1.43889904022	-0.016	-0.14	2.044
1.44092607498	-0.016	-0.14	2.044
1.44295406342	-0.016	-0.14	2.044
1.44497919083	0.044	-0.328	1.984
1.44701099396	0.044	-0.328	1.984
1.44903802872	0.044	-0.328	1.984
1.45106220245	-0.104	0.132	-1.472
1.45308709145	-0.104	0.132	-1.472
1.45511817932	0.008	-0.228	2.044
1.45714521408	0.008	-0.228	2.044
1.45916819572	0.008	-0.228	2.044
1.46119117737	0.04	-0.24	1.056
1.46323204041	0.04	-0.24	1.056
1.46526408195	-0.068	0.096	-1.08
1.46728920937	-0.068	0.096	-1.08
1.46931505203	-0.068	0.096	-1.08
1.47135210037	0.032	-0.316	2.044
1.47337722778	0.032	-0.316	2.044
1.47541213036	0.032	-0.172	0.112
1.47744607925	0.032	-0.172	0.112
1.47947907448	0.032	-0.172	0.112
1.48150420189	-0.092	0.108	-0.408
1.48352909088	-0.092	0.108	-0.408
1.48556017876	0.068	-0.372	2.044
1.48758411407	0.068	-0.372	2.044
1.48960900307	0.068	-0.372	2.044
1.4916331768	-0.004	-0.044	-0.696
1.49366021156	-0.004	-0.044	-0.696
1.4956882	-0.06	0.02	0.448
1.49771404266	-0.06	0.02	0.448
1.49973702431	-0.06	0.02	0.448
1.50176000595	0.048	-0.38	2.044
1.50378513336	0.048	-0.38	2.044
1.50582003593	-0.036	0.044	-1.276
1.50784015656	-0.036	0.044	-1.276
1.50985717773	-0.036	0.044	-1.276
1.51187515259	-0.048	-0.036	1.396
1.51389408112	-0.048	-0.036	1.396
1.51591706276	0.056	-0.364	2.044
1.51794314384	0.056	-0.364	2.044
1.51996922493	0.056	-0.364	2.044
1.52199411392	-0.052	0.112	-1.532
1.52401900291	-0.052	0.112	-1.532
1.52605009079	-0.032	-0.144	2.044
1.52807712555	-0.032	-0.144	2.044
1.53010201454	-0.032	-0.144	2.044
1.53212714195	0.044	-0.324	1.916
1.53416109085	0.044	-0.324	1.916
1.5361931324	-0.096	0.116	-1.448
1.53822302818	-0.096	0.116	-1.448
1.54024910927	-0.096	0.116	-1.448
1.54227519035	0.012	-0.24	2.044
1.54432010651	0.012	-0.24	2.044
1.54635119438	0.032	-0.228	0.984
1.5483751297	0.032	-0.228	0.984
1.55039811134	0.032	-0.228	0.984
1.55243515968	-0.068	0.12	-1.04
1.55446100235	-0.068	0.12	-1.04
1.55649113655	0.044	-0.324	2.044
1.55851507187	0.044	-0.324	2.044
1.56055521965	0.044	-0.324	2.044
1.56257915497	0.02	-0.148	0.06
1.56460213661	0.02	-0.148	0.06
1.56666207314	-0.092	0.096	-0.356
1.56869506836	-0.092	0.096	-0.356
1.57072210312	-0.092	0.096	-0.356
1.57274699211	0.06	-0.352	2.044
1.57477116585	0.06	-0.352	2.044
1.57679820061	-0.036	-0.032	-0.752
1.57882404327	-0.036	-0.032	-0.752
1.58084917068	-0.036	-0.032	-0.752
1.58287405968	-0.064	0.02	0.516
1.58489918709	-0.064	0.02	0.516
1.58692908287	0.052	-0.4	2.044
1.58895421028	0.052	-0.4	2.044
1.59098720551	0.052	-0.4	2.044
1.59301805496	-0.024	0.052	-1.3
1.59504413605	-0.024	0.052	-1.3
1.59706807137	-0.032	-0.04	1.46
1.59909319878	-0.032	-0.04	1.46
1.60112214088	-0.032	-0.04	1.46
1.60315012932	0.052	-0.364	2.044
1.60517907143	0.052	-0.364	2.044
1.60722017288	-0.08	0.108	-1.536
1.60924816132	-0.08	0.108	-1.536
1.61127209663	-0.08	0.108	-1.536
1.61329603195	-0.028	-0.152	2.044
1.61532211304	-0.028	-0.152	2.044
1.61736011505	0.036	-0.316	1.856
1.61938405037	0.036	-0.316	1.856
1.62140703201	0.036	-0.316	1.856
1.62343120575	-0.076	0.132	-1.424
1.62545800209	-0.076	0.132	-1.424
1.62748408318	0.012	-0.248	2.044
1.62950611115	0.012	-0.248	2.044
1.6315331459	0.012	-0.248	2.044
1.63355922699	0.028	-0.22	0.912
1.6355881691	0.028	-0.22	0.912
1.63761115074	-0.072	0.128	-1.004
1.63963699341	-0.072	0.128	-1.004
1.64166307449	-0.072	0.128	-1.004
1.64368700981	0.04	-0.32	2.044
1.64571714401	0.04	-0.32	2.044
1.64775013924	0.016	-0.14	-0.004
1.64977502823	0.016	-0.14	-0.004
1.65179920197	0.016	-0.14	-0.004
1.65382313728	-0.076	0.096	-0.3
1.65584921837	-0.076	0.096	-0.3
1.65787506104	0.052	-0.388	2.044
1.65989899635	0.052	-0.388	2.044
1.66192317009	0.052	-0.388	2.044
1.66395020485	-0.032	-0.024	-0.804
1.66598200798	-0.032	-0.024	-0.804
1.66800713539	-0.032	-0.024	-0.804
1.67003202438	-0.076	0.024	0.576
1.67205715179	-0.076	0.024	0.576
1.67408204079	0.044	-0.392	2.044
1.67613911629	0.044	-0.392	2.044
1.67815613747	0.044	-0.392	2.044
1.68017315865	-0.048	0.044	-1.324
1.6821911335	-0.048	0.044	-1.324
1.68420910835	-0.044	-0.044	1.52
1.68623805046	-0.044	-0.044	1.52
1.68826913834	-0.044	-0.044	1.52
1.6902961731	0.052	-0.372	2.044
1.69232106209	0.052	-0.372	2.044
1.69434714317	-0.084	0.108	-1.536
1.69637799263	-0.084	0.108	-1.536
1.69840621948	-0.084	0.108	-1.536
1.70043110847	-0.032	-0.148	2.044
1.70245504379	-0.032	-0.148	2.044
1.70450019836	0.044	-0.304	1.804
1.70653414726	0.044	-0.304	1.804
1.70854902267	0.044	-0.304	1.804
1.71056413651	-0.072	0.12	-1.42
1.71258306503	-0.072	0.12	-1.42
1.71460008621	0.024	-0.252	2.044
1.71662807465	0.024	-0.252	2.044
1.71865606308	0.024	-0.252	2.044
1.72068309784	0.016	-0.22	0.848
1.72270607948	0.016	-0.22	0.848
1.72472810745	-0.084	0.132	-0.964
1.72676301003	-0.084	0.132	-0.964
1.72879505157	-0.084	0.132	-0.964
1.73081922531	0.044	-0.324	2.044
1.73284316063	0.044	-0.324	2.044
1.73486614227	0.02	-0.132	-0.06
1.73690104485	0.02	-0.132	-0.06
1.73892617226	0.02	-0.132	-0.06
1.7409491539	-0.048	0.076	-0.252
1.74297404289	-0.048	0.076	-0.252
1.74500012398	0.056	-0.384	2.044
1.74705719948	0.056	-0.384	2.044
1.7490811348	0.056	-0.384	2.044
1.75110507011	-0.024	-0.032	-0.84
1.75313210487	-0.024	-0.032	-0.84
1.75516319275	-0.052	0.028	0.628
1.75719022751	-0.052	0.028	0.628
1.75921320915	-0.052	0.028	0.628
1.76126122475	0.048	-0.388	2.044
1.76328706741	0.048	-0.388	2.044
1.76531600952	-0.056	0.06	-1.352
1.76734113693	-0.056	0.06	-1.352
1.76938009262	-0.056	0.06	-1.352
1.77140402794	-0.04	-0.048	1.552
1.77342915535	-0.04	-0.048	1.552
1.7754881382	0.048	-0.368	2.044
1.77751421928	0.048	-0.368	2.044
1.77953910828	0.048	-0.368	2.044
1.78156304359	-0.1	0.116	-1.532
1.78358817101	-0.1	0.116	-1.532
1.78562021255	-0.016	-0.164	2.044
1.78764414787	-0.016	-0.164	2.044
1.78967308998	-0.016	-0.164	2.044
1.79169821739	0.052	-0.296	1.736
1.79372406006	0.052	-0.296	1.736
1.79575300217	-0.088	0.124	-1.4
1.79777812958	-0.088	0.124	-1.4
1.79980301857	-0.088	0.124	-1.4
1.80182909966	0.024	-0.256	2.044
1.80385422707	0.024	-0.256	2.044
1.80588412285	0.036	-0.224	0.816
1.80790901184	0.036	-0.224	0.816
1.80993413925	0.036	-0.224	0.816
1.81195807457	-0.1	0.152	-0.92
1.81398200989	-0.1	0.152	-0.92
1.8160071373	0.048	-0.336	2.044
1.81804203987	0.048	-0.336	2.044
1.82007002831	0.048	-0.336	2.044
1.82209420204	0.008	-0.116	-0.12
1.82411909103	0.008	-0.116	-0.12
1.82615113258	-0.068	0.08	-0.2
1.8281750679	-0.068	0.08	-0.2
1.83019900322	-0.068	0.08	-0.2
1.83222317696	0.052	-0.392	2.044
1.83424806595	0.052	-0.392	2.044
1.83627820015	-0.028	-0.028	-0.876
1.83830404282	-0.028	-0.028	-0.876
1.8403429985	-0.028	-0.028	-0.876
1.84236717224	-0.048	0.044	0.688
1.84439015388	-0.048	0.044	0.688
1.84641909599	0.06	-0.396	2.044
1.84845900536	0.06	-0.396	2.044
1.85048413277	0.06	-0.396	2.044
1.8525121212	-0.06	0.068	-1.368
1.85453820229	-0.06	0.068	-1.368
1.85656619072	-0.04	-0.068	1.636
1.85859107971	-0.04	-0.068	1.636
1.86061620712	-0.04	-0.068	1.636
1.86264014244	0.06	-0.36	2.044
1.86466503143	0.06	-0.36	2.044
1.86669611931	-0.1	0.112	-1.552
1.86872220039	-0.1	0.112	-1.552
1.87074518204	-0.1	0.112	-1.552
1.87277007103	-0.008	-0.16	2.044
1.87481307983	-0.008	-0.16	2.044
1.87684512138	-0.008	-0.16	2.044
1.8788690567	0.032	-0.288	1.676
1.88089609146	0.032	-0.288	1.676
1.88292312622	-0.08	0.132	-1.376
1.88494920731	-0.08	0.132	-1.376
1.88698101044	-0.08	0.132	-1.376
1.8890080452	0.024	-0.256	2.044
1.89103221893	0.024	-0.256	2.044
1.89305520058	0.036	-0.224	0.732
1.89508605003	0.036	-0.224	0.732
1.89711308479	0.036	-0.224	0.732
1.89913606644	-0.108	0.144	-0.872
1.90116000175	-0.108	0.144	-0.872
1.90318417549	0.044	-0.332	2.044
1.90521502495	0.044	-0.332	2.044
1.90723204613	0.044	-0.332	2.044
1.90924811363	0.0	-0.112	-0.192
1.91127705574	0.0	-0.112	-0.192
1.91329216957	-0.068	0.076	-0.128
1.91531801224	-0.068	0.076	-0.128
1.91734600067	-0.068	0.076	-0.128
1.91938400269	0.036	-0.38	2.044
1.9214091301	0.036	-0.38	2.044
1.92343306541	-0.028	-0.024	-0.916
1.92546510696	-0.028	-0.024	-0.916
1.92750406265	-0.028	-0.024	-0.916
1.92953205109	-0.072	0.02	0.768
1.93156409264	-0.072	0.02	0.768
1.93358707428	0.076	-0.396	2.044
1.93561220169	0.076	-0.396	2.044
1.93763709068	0.076	-0.396	2.044
1.939661026	-0.048	0.072	-1.4
1.94168615341	-0.048	0.072	-1.4
1.9437110424	-0.032	-0.092	1.7
1.94574713707	-0.032	-0.092	1.7
1.94777321815	-0.032	-0.092	1.7
1.94979810715	0.064	-0.356	2.044
1.95182299614	0.064	-0.356	2.044
1.95384812355	-0.1	0.108	-1.548
1.95587921143	-0.1	0.108	-1.548
1.95790410042	-0.1	0.108	-1.548
1.9599301815	0.0	-0.172	2.044
1.96194720268	0.0	-0.172	2.044
1.96396303177	0.044	-0.28	1.608
1.9659922123	0.044	-0.28	1.608
1.96801710129	0.044	-0.28	1.608
1.97004103661	-0.124	0.14	-1.336
1.97206616402	-0.124	0.14	-1.336
1.97409105301	0.016	-0.272	2.044
1.97614812851	0.016	-0.272	2.044
1.97817802429	0.016	-0.272	2.044
1.9802031517	0.032	-0.2	0.66
1.98222708702	0.032	-0.2	0.66
1.98425102234	-0.108	0.136	-0.84
1.98628306389	-0.108	0.136	-0.84
1.98831701279	-0.108	0.136	-0.84
1.99034118652	0.04	-0.348	2.044
1.99238300323	0.04	-0.348	2.044
1.99440813065	0.0	-0.104	-0.24
1.99643301964	0.0	-0.104	-0.24
1.99844908714	0.0	-0.104	-0.24
2.00048017502	-0.06	0.064	-0.072
2.00250411034	-0.06	0.064	-0.072
2.00452804565	0.08	-0.388	2.044
2.00655817986	0.08	-0.388	2.044
2.00861120224	0.08	-0.388	2.044
2.01066422462	-0.016	-0.016	-0.972
2.01269102097	-0.016	-0.016	-0.972
2.01471614838	-0.076	0.012	0.836
2.01674199104	-0.076	0.012	0.836
2.01876616478	-0.076	0.012	0.836
2.02078700066	0.052	-0.368	2.044
2.02281117439	0.052	-0.368	2.044
2.02483820915	-0.04	0.056	-1.42
2.02687001228	-0.04	0.056	-1.42
2.02889609337	-0.04	0.056	-1.42
2.03092002869	-0.016	-0.092	1.772
2.03294610977	-0.016	-0.092	1.772
2.03497219086	0.056	-0.344	2.044
2.03700304031	0.056	-0.344	2.044
2.03902506828	0.056	-0.344	2.044
2.04105401039	-0.068	0.112	-1.54
2.0430791378	-0.068	0.112	-1.54
2.04512000084	0.012	-0.184	2.044
2.04714417458	0.012	-0.184	2.044
2.04916906357	0.012	-0.184	2.044
2.05119299889	0.056	-0.28	1.548
2.05321502686	0.056	-0.28	1.548
2.05524420738	-0.084	0.14	-1.328
2.05729007721	-0.084	0.14	-1.328
2.05931520462	-0.084	0.14	-1.328
2.06134009361	0.02	-0.272	2.044
2.06336212158	0.02	-0.272	2.044
2.06539416313	0.024	-0.208	0.588
2.06741905212	0.024	-0.208	0.588
2.06944322586	0.024	-0.208	0.588
2.0714700222	-0.1	0.124	-0.784
2.07349705696	-0.1	0.124	-0.784
2.07552719116	0.032	-0.356	2.044
2.07755112648	0.032	-0.356	2.044
2.07957410812	0.032	-0.356	2.044
2.08159804344	-0.012	-0.092	-0.3
2.08362317085	-0.012	-0.092	-0.3
2.0856552124	-0.012	-0.092	-0.3
2.08768010139	-0.072	0.072	-0.008
2.08970618248	-0.072	0.072	-0.008
2.09173107147	0.064	-0.384	2.044
2.09375405312	0.064	-0.384	2.044
2.0957801342	0.064	-0.384	2.044
2.09780406952	-0.02	-0.016	-1.0
2.09982609749	-0.02	-0.016	-1.0
2.10185718536	-0.056	0.004	0.908
2.1038851738	-0.056	0.004	0.908
2.10591506958	-0.056	0.004	0.908
2.10793018341	0.064	-0.376	2.044
2.1099460125	0.064	-0.376	2.044
2.11196112633	-0.052	0.1	-1.428
2.11397910118	-0.052	0.1	-1.428
2.11600208282	-0.052	0.1	-1.428
2.11803007126	-0.024	-0.092	1.836
2.12005805969	-0.024	-0.092	1.836
2.12208414078	0.06	-0.36	2.044
2.1241080761	0.06	-0.36	2.044
2.12616419792	0.06	-0.36	2.044
2.12818813324	-0.088	0.108	-1.54
2.130215168	-0.088	0.108	-1.54
2.13224005699	0.008	-0.176	2.044
2.13426709175	0.008	-0.176	2.044
2.13630008698	0.008	-0.176	2.044
2.13832521439	0.028	-0.28	1.468
2.14034819603	0.028	-0.28	1.468
2.14237213135	-0.072	0.148	-1.3
2.14441108704	-0.072	0.148	-1.3
2.14644408226	-0.072	0.148	-1.3
2.14846920967	0.016	-0.272	2.044
2.15050721169	0.016	-0.272	2.044
2.15254306793	0.024	-0.2	0.524
2.15456700325	0.024	-0.2	0.524
2.15659618378	0.024	-0.2	0.524
2.158629179	-0.08	0.108	-0.744
2.16065621376	-0.08	0.108	-0.744
2.16268110275	0.04	-0.36	2.044
2.16470503807	0.04	-0.36	2.044
2.16673803329	0.04	-0.36	2.044
2.16876411438	0.0	-0.1	-0.34
2.17078518867	0.0	-0.1	-0.34
2.17280220985	-0.092	0.08	0.052
2.1748251915	-0.092	0.08	0.052
2.17685604095	-0.092	0.08	0.052
2.17889022827	0.052	-0.384	2.044
2.18091320992	0.052	-0.384	2.044
2.18293809891	-0.036	0.004	-1.052
2.18496417999	-0.036	0.004	-1.052
2.18699121475	-0.036	0.004	-1.052
2.18901515007	-0.052	0.0	0.972
2.19103121758	-0.052	0.0	0.972
2.19304919243	0.068	-0.376	2.044
2.19507908821	0.068	-0.376	2.044
2.19710612297	0.068	-0.376	2.044
2.19912910461	-0.068	0.088	-1.448
2.20115709305	-0.068	0.088	-1.448
2.20318222046	-0.02	-0.096	1.88
2.20521211624	-0.02	-0.096	1.88
2.207239151	-0.02	-0.096	1.88
2.20926499367	0.056	-0.34	2.044
2.21128821373	0.056	-0.34	2.044
2.21331214905	-0.076	0.116	-1.536
2.21534800529	-0.076	0.116	-1.536
2.21737504005	-0.076	0.116	-1.536
2.21940016747	0.0	-0.192	2.044
2.22141599655	0.0	-0.192	2.044
2.22344303131	0.036	-0.28	1.412
2.22547411919	0.036	-0.28	1.412
2.2274980545	0.036	-0.28	1.412
2.22952508926	-0.1	0.144	-1.264
2.23156118393	-0.1	0.144	-1.264
2.2335870266	0.024	-0.288	2.044
2.2356171608	0.024	-0.288	2.044
2.23764204979	0.024	-0.288	2.044
2.23966622353	-0.004	-0.188	0.472
2.24169206619	-0.004	-0.188	0.472
2.24371600151	-0.084	0.104	-0.692
2.24574613571	-0.084	0.104	-0.692
2.2477722168	-0.084	0.104	-0.692
2.24979710579	0.048	-0.364	2.044
2.25182199478	0.048	-0.364	2.044
2.25384521484	-0.016	-0.072	-0.412
2.25587201118	-0.016	-0.072	-0.412
2.2578971386	-0.016	-0.072	-0.412
2.2599260807	-0.072	0.08	0.092
2.26195001602	-0.072	0.08	0.092
2.26397299767	0.052	-0.384	2.044
2.26600408554	0.052	-0.384	2.044
2.26802921295	0.052	-0.384	2.044
2.2700521946	-0.04	0.024	-1.088
2.27208614349	-0.04	0.024	-1.088
2.27415108681	-0.044	-0.012	1.024
2.27618408203	-0.044	-0.012	1.024
2.27820920944	-0.044	-0.012	1.024
2.28023409843	0.056	-0.384	2.044
2.28226113319	0.056	-0.384	2.044
2.28428316116	0.056	-0.384	2.044
2.28631401062	-0.092	0.088	-1.472
2.28833913803	-0.092	0.088	-1.472
2.29036521912	-0.02	-0.104	1.952
2.29239320755	-0.02	-0.104	1.952
2.29441714287	-0.02	-0.104	1.952
2.29645609856	0.044	-0.332	2.044
2.29848003387	0.044	-0.332	2.044
2.30050420761	-0.08	0.124	-1.532
2.30252814293	-0.08	0.124	-1.532
2.30456399918	-0.08	0.124	-1.532
2.30659222603	0.0	-0.192	2.044
2.30860114098	0.0	-0.192	2.044
2.31060910225	0.036	-0.256	1.336
2.31264019012	0.036	-0.256	1.336
2.31465506554	0.036	-0.256	1.336
2.31668400764	-0.124	0.148	-1.236
2.31871604919	-0.124	0.148	-1.236
2.32074308395	0.012	-0.296	2.044
2.32277011871	0.012	-0.296	2.044
2.32479500771	0.012	-0.296	2.044
2.32682514191	0.008	-0.18	0.404
2.32887005806	0.008	-0.18	0.404
2.33089399338	-0.072	0.104	-0.656
2.33291912079	-0.072	0.104	-0.656
2.33494400978	-0.072	0.104	-0.656
2.336977005	0.052	-0.372	2.044
2.33900022507	0.052	-0.372	2.044
2.34102320671	-0.004	-0.084	-0.464
2.34304714203	-0.004	-0.084	-0.464
2.34508109093	-0.004	-0.084	-0.464
2.34710717201	-0.1	0.076	0.164
2.34912919998	-0.1	0.076	0.164
2.35115218163	0.068	-0.388	2.044
2.35317802429	0.068	-0.388	2.044
2.35520720482	0.068	-0.388	2.044
2.35723114014	-0.024	0.02	-1.116
2.35925507545	-0.024	0.02	-1.116
2.36128211021	-0.04	-0.012	1.08
2.36330604553	-0.04	-0.012	1.08
2.36533713341	-0.04	-0.012	1.08
2.36736106873	0.052	-0.388	2.044
2.36938619614	0.052	-0.388	2.044
2.37140822411	-0.1	0.084	-1.48
2.37343215942	-0.1	0.084	-1.48
2.37546801567	-0.1	0.084	-1.48
2.37749505043	-0.032	-0.108	1.996
2.37951922417	-0.032	-0.108	1.996
2.38154411316	0.04	-0.34	2.044
2.38356804848	0.04	-0.34	2.044
2.38561320305	0.04	-0.34	2.044
2.38763809204	-0.076	0.132	-1.508
2.38966417313	-0.076	0.132	-1.508
2.39169001579	0.008	-0.216	2.044
2.3937151432	0.008	-0.216	2.044
2.39574503899	0.008	-0.216	2.044
2.39776802063	0.036	-0.268	1.3
2.39979219437	0.036	-0.268	1.3
2.40181517601	-0.096	0.152	-1.224
2.403840065	-0.096	0.152	-1.224
2.40586614609	-0.096	0.152	-1.224
2.40789318085	0.032	-0.292	2.044
2.40991711617	0.032	-0.292	2.044
2.41194200516	0.02	-0.168	0.352
2.41396403313	0.02	-0.168	0.352
2.41599011421	0.02	-0.168	0.352
2.41801810265	-0.08	0.108	-0.6
2.42004513741	-0.08	0.108	-0.6
2.42206907272	0.048	-0.368	2.044
2.42409515381	0.048	-0.368	2.044
2.42618918419	0.048	-0.368	2.044
2.42821621895	-0.012	-0.084	-0.504
2.43024206161	-0.012	-0.084	-0.504
2.43226718903	-0.092	0.068	0.212
2.43429112434	-0.092	0.068	0.212
2.43631505966	-0.092	0.068	0.212
2.43833708763	0.068	-0.4	2.044
2.44036221504	0.068	-0.4	2.044
2.44239711761	-0.032	0.02	-1.152
2.4444231987	-0.032	0.02	-1.152
2.44645500183	-0.032	0.02	-1.152
2.44848299026	-0.032	-0.024	1.14
2.45050907135	-0.032	-0.024	1.14
2.45253300667	0.06	-0.384	2.044
2.45455503464	0.06	-0.384	2.044
2.45659017563	0.06	-0.384	2.044
2.4586160183	-0.084	0.092	-1.5
2.46063709259	-0.084	0.092	-1.5
2.46265602112	-0.036	-0.108	2.044
2.46468305588	-0.036	-0.108	2.044
2.46671414375	-0.036	-0.108	2.044
2.46873903275	0.048	-0.336	2.044
2.47076201439	0.048	-0.336	2.044
2.47278904915	-0.076	0.12	-1.508
2.47481608391	-0.076	0.12	-1.508
2.47684812546	-0.076	0.12	-1.508
2.47887301445	-0.004	-0.212	2.044
2.48090410233	-0.004	-0.212	2.044
2.48293018341	-0.004	-0.212	2.044
2.48495411873	0.036	-0.272	1.228
2.48698401451	0.036	-0.272	1.228
2.48900914192	-0.1	0.148	-1.184
2.49103617668	-0.1	0.148	-1.184
2.49306106567	-0.1	0.148	-1.184
2.49509215355	0.032	-0.3	2.044
2.49711608887	0.032	-0.3	2.044
2.49914908409	0.028	-0.172	0.292
2.50117301941	0.028	-0.172	0.292
2.50319600105	0.028	-0.172	0.292
2.5052280426	-0.08	0.092	-0.572
2.50724601746	-0.08	0.092	-0.572
2.50926399231	0.052	-0.356	2.044
2.51128315926	0.052	-0.356	2.044
2.51330113411	0.052	-0.356	2.044
2.51532411575	0.004	-0.076	-0.544
2.51735115051	0.004	-0.076	-0.544
2.51937603951	-0.1	0.068	0.26
2.52140212059	-0.1	0.068	0.26
2.52342510223	-0.1	0.068	0.26
2.52545499802	0.064	-0.392	2.044
2.52748608589	0.064	-0.392	2.044
2.52951002121	-0.032	0.032	-1.172
2.53153514862	-0.032	0.032	-1.172
2.53356003761	-0.032	0.032	-1.172
2.53559803963	-0.044	-0.024	1.2
2.53762412071	-0.044	-0.024	1.2
2.5396502018	0.056	-0.384	2.044
2.54167413712	0.056	-0.384	2.044
2.54370307922	0.056	-0.384	2.044
2.5457341671	-0.084	0.08	-1.496
2.54775905609	-0.084	0.08	-1.496
2.54978299141	-0.004	-0.116	2.044
2.55180811882	-0.004	-0.116	2.044
2.55383515358	-0.004	-0.116	2.044
2.55587601662	0.052	-0.324	2.044
2.55790019035	0.052	-0.324	2.044
2.55992507935	-0.072	0.128	-1.496
2.56195116043	-0.072	0.128	-1.496
2.56397604942	-0.072	0.128	-1.496
2.56600618362	0.012	-0.216	2.044
2.56803107262	0.012	-0.216	2.044
2.57005620003	0.032	-0.256	1.172
2.57212114334	0.032	-0.256	1.172
2.57415008545	0.032	-0.256	1.172
2.57618117332	-0.104	0.128	-1.152
2.57820606232	-0.104	0.128	-1.152
2.58022999763	0.036	-0.304	2.044
2.5822532177	0.036	-0.304	2.044
2.58427810669	0.036	-0.304	2.044
2.58630919456	0.028	-0.156	0.244
2.58833312988	0.028	-0.156	0.244
2.59035515785	-0.076	0.092	-0.52
2.59237909317	-0.076	0.092	-0.52
2.59440517426	-0.076	0.092	-0.52
2.59643507004	0.068	-0.372	2.044
2.59845805168	0.068	-0.372	2.044
2.60048699379	0.004	-0.056	-0.6
2.60251522064	0.004	-0.056	-0.6
2.60454010963	0.004	-0.056	-0.6
2.60657310486	-0.084	0.052	0.324
2.60860610008	-0.084	0.052	0.324
2.6106300354	0.056	-0.392	2.044
2.61266422272	0.056	-0.392	2.044
2.61468815804	0.056	-0.392	2.044
2.61672616005	-0.052	0.04	-1.2
2.61875200272	-0.052	0.04	-1.2
2.6207780838	-0.052	-0.04	1.252
2.62280321121	-0.052	-0.04	1.252
2.62482905388	-0.052	-0.04	1.252
2.62686109543	0.044	-0.384	2.044
2.62888503075	0.044	-0.384	2.044
2.63090801239	-0.072	0.084	-1.52
2.63293504715	-0.072	0.084	-1.52
2.63495922089	-0.072	0.084	-1.52
2.63699316978	-0.004	-0.124	2.044
2.63901805878	-0.004	-0.124	2.044
2.64104509354	0.056	-0.332	2.04
2.64306902885	0.056	-0.332	2.04
2.64509820938	0.056	-0.332	2.04
2.64712309837	-0.076	0.132	-1.468
2.6491560936	-0.076	0.132	-1.468
2.65118122101	0.028	-0.244	2.044
2.65320515633	0.028	-0.244	2.044
2.65523505211	0.028	-0.244	2.044
2.65726113319	0.052	-0.256	1.124
2.65928506851	0.052	-0.256	1.124
2.66130900383	-0.088	0.136	-1.128
2.66335320473	-0.088	0.136	-1.128
2.66538715363	-0.088	0.136	-1.128
2.66741299629	0.032	-0.308	2.044
2.6694521904	0.032	-0.308	2.044
2.67148804665	0.012	-0.152	0.184
2.67351317406	0.012	-0.152	0.184
2.67554211617	0.012	-0.152	0.184
2.67755818367	-0.084	0.088	-0.472
2.67957615852	-0.084	0.088	-0.472
2.68160820007	0.056	-0.376	2.044
2.68362522125	0.056	-0.376	2.044
2.68564605713	0.056	-0.376	2.044
2.68767404556	-0.004	-0.056	-0.64
2.68970108032	-0.004	-0.056	-0.64
2.69172620773	-0.004	-0.056	-0.64
2.69375014305	-0.072	0.04	0.38
2.69577503204	-0.072	0.04	0.38
2.69780015945	0.06	-0.388	2.044
2.69982719421	0.06	-0.388	2.044
2.70185112953	0.06	-0.388	2.044
2.70387601852	-0.056	0.04	-1.224
2.70590901375	-0.056	0.04	-1.224
2.70792722702	-0.056	-0.036	1.292
2.70994520187	-0.056	-0.036	1.292
2.71196317673	-0.056	-0.036	1.292
2.71398115158	0.04	-0.376	2.044
2.71600222588	0.04	-0.376	2.044
2.71802902222	-0.064	0.088	-1.528
2.72005605698	-0.064	0.088	-1.528
2.72208118439	-0.064	0.088	-1.528
2.72410511971	-0.012	-0.14	2.044
2.72617006302	-0.012	-0.14	2.044
2.72819709778	0.04	-0.324	1.992
2.73022317886	0.04	-0.324	1.992
2.73225021362	0.04	-0.324	1.992
2.73427510262	-0.064	0.144	-1.48
2.73630714417	-0.064	0.144	-1.48
2.73833203316	0.02	-0.236	2.044
2.74035906792	0.02	-0.236	2.044
2.74238204956	0.02	-0.236	2.044
2.7444062233	0.044	-0.26	1.068
2.74643921852	0.044	-0.26	1.068
2.74846315384	-0.064	0.124	-1.108
2.75048804283	-0.064	0.124	-1.108
2.75251317024	-0.064	0.124	-1.108
2.75453805923	0.032	-0.32	2.044
2.75656914711	0.032	-0.32	2.044
2.75859212875	0.008	-0.152	0.14
2.76062703133	0.008	-0.152	0.14
2.76265501976	0.008	-0.152	0.14
2.76468014717	-0.076	0.116	-0.432
2.76671099663	-0.076	0.116	-0.432
2.76873707771	0.036	-0.368	2.044
2.77076101303	0.036	-0.368	2.044
2.77278614044	0.036	-0.368	2.044
2.77480912209	-0.02	-0.048	-0.676
2.77684307098	-0.02	-0.048	-0.676
2.77886915207	-0.052	0.032	0.4
2.78089213371	-0.052	0.032	0.4
2.78292322159	-0.052	0.032	0.4
2.78494715691	0.052	-0.392	2.044
2.78697705269	0.052	-0.392	2.044
2.78900003433	-0.068	0.028	-1.26
2.79102516174	-0.068	0.028	-1.26
2.7930521965	-0.068	0.028	-1.26
2.79508709908	-0.044	-0.044	1.364
2.79711318016	-0.044	-0.044	1.364
2.79913711548	0.056	-0.376	2.044
2.80116820335	0.056	-0.376	2.044
2.80319213867	0.056	-0.376	2.044
2.80522203445	-0.06	0.096	-1.516
2.80724716187	-0.06	0.096	-1.516
2.80927300453	-0.016	-0.148	2.044
2.81130099297	-0.016	-0.148	2.044
2.8133251667	-0.016	-0.148	2.044
2.81537008286	0.028	-0.32	1.968
2.81739521027	0.028	-0.32	1.968
2.81941914558	-0.08	0.14	-1.452
2.8214430809	-0.08	0.14	-1.452
2.82346701622	-0.08	0.14	-1.452
2.82551622391	0.02	-0.236	2.044
2.8275411129	0.02	-0.236	2.044
2.82956504822	0.032	-0.236	1.012
2.83158922195	0.032	-0.236	1.012
2.83361411095	0.032	-0.236	1.012
2.83564305305	-0.088	0.132	-1.052
2.83766818047	-0.088	0.132	-1.052
2.83970403671	0.036	-0.328	2.044
2.84172916412	0.036	-0.328	2.044
2.84375309944	0.036	-0.328	2.044
2.84578299522	0.004	-0.152	0.08
2.84780907631	0.004	-0.152	0.08
2.84983301163	-0.076	0.108	-0.376
2.85185718536	-0.076	0.108	-0.376
2.85388016701	-0.076	0.108	-0.376
2.85590600967	0.06	-0.364	2.044
2.85793614388	0.06	-0.364	2.044
2.85996007919	-0.02	-0.044	-0.716
2.86198616028	-0.02	-0.044	-0.716
2.86401104927	-0.02	-0.044	-0.716
2.86604404449	-0.036	0.04	0.464
2.86806821823	-0.036	0.04	0.464
2.87009000778	0.056	-0.396	2.044
2.87211418152	0.056	-0.396	2.044
2.87413811684	0.056	-0.396	2.044
2.87616920471	-0.076	0.032	-1.284
2.8781940937	-0.076	0.032	-1.284
2.88021922112	-0.076	0.032	-1.284
2.88224506378	-0.028	-0.04	1.408
2.88427114487	-0.028	-0.04	1.408
2.88630318642	0.06	-0.364	2.044
2.88833618164	0.06	-0.364	2.044
2.89036107063	0.06	-0.364	2.044
2.89238619804	-0.064	0.096	-1.536
2.89441108704	-0.064	0.096	-1.536
2.89646720886	-0.008	-0.152	2.044
2.89849209785	-0.008	-0.152	2.044
2.90051722527	-0.008	-0.152	2.044
2.90254020691	0.052	-0.324	1.896
2.9045791626	0.052	-0.324	1.896
2.90665411949	-0.092	0.148	-1.444
2.90867400169	-0.092	0.148	-1.444
2.91069221497	-0.092	0.148	-1.444
2.91271018982	0.0	-0.236	2.044
2.91471815109	0.0	-0.236	2.044
2.91674017906	0.024	-0.228	0.948
2.91877007484	0.024	-0.228	0.948
2.92079806328	0.024	-0.228	0.948
2.92282104492	-0.096	0.132	-1.016
2.92484307289	-0.096	0.132	-1.016
2.92687320709	0.036	-0.32	2.044
2.92889499664	0.036	-0.32	2.044
2.93091607094	0.036	-0.32	2.044
2.93293714523	0.008	-0.156	0.044
2.93495821953	0.008	-0.156	0.044
2.93698406219	-0.096	0.12	-0.332
2.93900704384	-0.096	0.12	-0.332
2.94103002548	-0.096	0.12	-0.332
2.94305205345	0.056	-0.384	2.044
2.94508218765	0.056	-0.384	2.044
2.94710421562	-0.012	-0.036	-0.756
2.94912815094	-0.012	-0.036	-0.756
2.95115399361	-0.012	-0.036	-0.756
2.9532020092	-0.028	0.032	0.544
2.95522999763	-0.028	0.032	0.544
2.9572532177	0.06	-0.392	2.044
2.9592730999	0.06	-0.392	2.044
2.96129703522	0.06	-0.392	2.044
2.96332001686	-0.076	0.048	-1.304
2.96534919739	-0.076	0.048	-1.304
2.96739220619	-0.04	-0.04	1.468
2.96941804886	-0.04	-0.04	1.468
2.9714422226	-0.04	-0.04	1.468
2.97346615791	0.064	-0.368	2.044
2.97548913956	0.064	-0.368	2.044
2.9775249958	-0.076	0.116	-1.548
2.97954916954	-0.076	0.116	-1.548
2.98157215118	-0.076	0.116	-1.548
2.98360013962	-0.008	-0.168	2.044
2.98563218117	-0.008	-0.168	2.044
2.98765516281	0.052	-0.32	1.832
2.98967719078	0.052	-0.32	1.832
2.99169802666	0.052	-0.32	1.832
2.9937210083	-0.088	0.124	-1.432
2.9957511425	-0.088	0.124	-1.432
2.99777507782	0.016	-0.252	2.044
2.99979710579	0.016	-0.252	2.044
3.00182008743	0.016	-0.252	2.044
3.0038421154	0.016	-0.224	0.888
3.00587010384	0.016	-0.224	0.888
3.00789213181	-0.096	0.116	-0.996
3.00992512703	-0.096	0.116	-0.996
3.01194906235	-0.096	0.116	-0.996
3.01397514343	0.024	-0.336	2.044
3.01599907875	0.024	-0.336	2.044
3.01802420616	0.012	-0.144	-0.028
3.02004599571	0.012	-0.144	-0.028
3.02206921577	0.012	-0.144	-0.028
3.0241382122	-0.116	0.108	-0.288
3.02617716789	-0.116	0.108	-0.288
3.02820205688	0.044	-0.384	2.044
3.0302259922	0.044	-0.384	2.044
3.03225207329	0.044	-0.384	2.044
3.03427815437	-0.04	-0.024	-0.812
3.0363111496	-0.04	-0.024	-0.812
3.03833603859	-0.044	0.016	0.596
3.04036021233	-0.044	0.016	0.596
3.04238510132	-0.044	0.016	0.596
3.04440808296	0.052	-0.392	2.044
3.04644203186	0.052	-0.392	2.044
3.04848718643	-0.044	0.048	-1.352
3.0505130291	-0.044	0.048	-1.352
3.05253911018	-0.044	0.048	-1.352
3.05456399918	-0.028	-0.048	1.544
3.05660700798	-0.028	-0.048	1.544
3.05863308907	0.06	-0.36	2.044
3.06065917015	0.06	-0.36	2.044
3.06268310547	0.06	-0.36	2.044
3.06472420692	-0.064	0.124	-1.536
3.06676721573	-0.064	0.124	-1.536
3.0687930584	-0.012	-0.148	2.044
3.07081913948	-0.012	-0.148	2.044
3.07284522057	-0.012	-0.148	2.044
3.07487106323	0.052	-0.308	1.776
3.07690501213	0.052	-0.308	1.776
3.0789270401	-0.104	0.124	-1.408
3.08095502853	-0.104	0.124	-1.408
3.08298015594	-0.104	0.124	-1.408
3.08500409126	-0.004	-0.24	2.044
3.08710122108	-0.004	-0.24	2.044
3.08912920952	0.02	-0.232	0.836
3.09115219116	0.02	-0.232	0.836
3.09317517281	0.02	-0.232	0.836
3.09520506859	-0.1	0.12	-0.948
3.09723305702	-0.1	0.12	-0.948
3.09925913811	0.044	-0.332	2.044
3.10128307343	0.044	-0.332	2.044
3.10330605507	0.044	-0.332	2.044
3.10533809662	0.024	-0.128	-0.096
3.10735607147	0.024	-0.128	-0.096
3.10937404633	0.024	-0.128	-0.096
3.11140918732	-0.096	0.088	-0.224
3.11342906952	-0.096	0.088	-0.224
3.11545014381	0.064	-0.376	2.044
3.11747717857	0.064	-0.376	2.044
3.11950206757	0.064	-0.376	2.044
3.12152719498	-0.024	-0.036	-0.84
3.12356209755	-0.024	-0.036	-0.84
3.1255941391	-0.06	0.02	0.664
3.12761807442	-0.06	0.02	0.664
3.12964320183	-0.06	0.02	0.664
3.13166904449	0.06	-0.4	2.044
3.13369321823	0.06	-0.4	2.044
3.13571715355	-0.036	0.048	-1.348
3.13774204254	-0.036	0.048	-1.348
3.1397690773	-0.036	0.048	-1.348
3.14179420471	-0.04	-0.072	1.612
3.1438190937	-0.04	-0.072	1.612
3.1458530426	0.052	-0.368	2.044
3.14787817001	0.052	-0.368	2.044
3.14990210533	0.052	-0.368	2.044
3.15192604065	-0.06	0.124	-1.548
3.15395212173	-0.06	0.124	-1.548
3.15598320961	-0.008	-0.156	2.044
3.1580080986	-0.008	-0.156	2.044
3.16003417969	-0.008	-0.156	2.044
3.16206002235	0.04	-0.296	1.704
3.16408419609	0.04	-0.296	1.704
3.16614317894	-0.084	0.136	-1.384
3.16817307472	-0.084	0.136	-1.384
3.17019915581	-0.084	0.136	-1.384
3.17222809792	-0.008	-0.264	2.044
3.17425322533	-0.008	-0.264	2.044
3.17628622055	0.004	-0.212	0.74
3.17831015587	0.004	-0.212	0.74
3.18034410477	0.004	-0.212	0.74
3.18236804008	-0.084	0.136	-0.908
3.1843931675	-0.084	0.136	-0.908
3.18642115593	0.04	-0.328	2.044
3.18844413757	0.04	-0.328	2.044
3.19046711922	0.04	-0.328	2.044
3.19251203537	0.024	-0.128	-0.156
3.19453811646	0.024	-0.128	-0.156
3.196570158	-0.076	0.076	-0.176
3.19859313965	-0.076	0.076	-0.176
3.20063209534	-0.076	0.076	-0.176
3.20266103745	0.064	-0.388	2.044
3.20468521118	0.064	-0.388	2.044
3.20671510696	-0.028	-0.02	-0.9
3.20875716209	-0.028	-0.02	-0.9
3.21078300476	-0.028	-0.02	-0.9
3.21280813217	-0.056	0.012	0.756
3.21483016014	-0.056	0.012	0.756
3.21686220169	0.06	-0.388	2.044
3.21888613701	0.06	-0.388	2.044
3.22090911865	0.06	-0.388	2.044
3.22293305397	-0.048	0.068	-1.376
3.22496008873	-0.048	0.068	-1.376
3.22699117661	-0.048	-0.072	1.676
3.2290160656	-0.048	-0.072	1.676
3.23104000092	-0.048	-0.072	1.676
3.233066082	0.048	-0.372	2.044
3.23509907722	0.048	-0.372	2.044
3.23713302612	-0.076	0.116	-1.548
3.23915910721	-0.076	0.116	-1.548
3.24118614197	-0.076	0.116	-1.548
3.24321222305	-0.004	-0.168	2.044
3.24524307251	-0.004	-0.168	2.044
3.24726819992	0.052	-0.284	1.64
3.24929404259	0.052	-0.284	1.64
3.25131702423	0.052	-0.284	1.64
3.25334000587	-0.072	0.132	-1.348
3.25537204742	-0.072	0.132	-1.348
3.25739908218	0.024	-0.272	2.044
3.2594230175	0.024	-0.272	2.044
3.26144599915	0.024	-0.272	2.044
3.26346802711	0.02	-0.212	0.684
3.26550316811	0.02	-0.212	0.684
3.2675280571	-0.08	0.128	-0.868
3.26955199242	-0.08	0.128	-0.868
3.27158021927	-0.08	0.128	-0.868
3.27360701561	0.044	-0.332	2.044
3.27563810349	0.044	-0.332	2.044
3.2776620388	-0.004	-0.104	-0.204
3.27968716621	-0.004	-0.104	-0.204
3.28171420097	-0.004	-0.104	-0.204
3.28379011154	-0.056	0.068	-0.104
3.28582310677	-0.056	0.068	-0.104
3.28784704208	0.064	-0.392	2.044
3.28987216949	0.064	-0.392	2.044
3.29189610481	0.064	-0.392	2.044
3.29392910004	-0.036	-0.012	-0.936
3.2959561348	-0.036	-0.012	-0.936
3.2979850769	-0.048	0.008	0.796
3.30001020432	-0.048	0.008	0.796
3.30203199387	-0.048	0.008	0.796
3.3040561676	0.068	-0.388	2.044
3.30614805222	0.068	-0.388	2.044
3.30816817284	-0.052	0.072	-1.408
3.31018710136	-0.052	0.072	-1.408
3.31220412254	-0.052	0.072	-1.408
3.31422305107	-0.048	-0.084	1.732
3.31625318527	-0.048	-0.084	1.732
3.31828212738	0.056	-0.36	2.044
3.32030820847	0.056	-0.36	2.044
3.32233309746	0.056	-0.36	2.044
3.32435703278	-0.112	0.112	-1.536
3.326390028	-0.112	0.112	-1.536
3.32841920853	-0.112	0.112	-1.536
3.33044505119	-0.02	-0.176	2.044
3.33247113228	-0.02	-0.176	2.044
3.33449602127	0.028	-0.28	1.576
3.33654713631	0.028	-0.28	1.576
3.33857321739	0.028	-0.28	1.576
3.34059619904	-0.084	0.116	-1.344
3.34262108803	-0.084	0.116	-1.344
3.34466218948	0.032	-0.272	2.044
3.34669303894	0.032	-0.272	2.044
3.34871506691	0.032	-0.272	2.044
3.35075712204	0.044	-0.212	0.628
3.35279607773	0.044	-0.212	0.628
3.35481905937	-0.124	0.136	-0.796
3.35684514046	-0.124	0.136	-0.796
3.35886907578	-0.124	0.136	-0.796
3.36089920998	0.052	-0.344	2.044
3.36292314529	0.052	-0.344	2.044
3.36494612694	0.012	-0.096	-0.28
3.36697721481	0.012	-0.096	-0.28
3.36900401115	0.012	-0.096	-0.28
3.37102818489	-0.068	0.072	-0.044
3.37305307388	-0.068	0.072	-0.044
3.37508320808	0.048	-0.396	2.044
3.37710809708	0.048	-0.396	2.044
3.37913107872	0.048	-0.396	2.044
3.38115620613	-0.04	-0.008	-0.988
3.38318109512	-0.04	-0.008	-0.988
3.38521504402	-0.056	0.016	0.856
3.38723921776	-0.056	0.016	0.856
3.3892621994	-0.056	0.016	0.856
3.39128804207	0.056	-0.4	2.044
3.39331412315	0.056	-0.4	2.044
3.39534401894	-0.06	0.072	-1.432
3.3973710537	-0.06	0.072	-1.432
3.39939618111	-0.06	0.072	-1.432
3.40142321587	-0.032	-0.096	1.792
3.40344810486	-0.032	-0.096	1.792
3.40548014641	0.06	-0.364	2.044
3.40751409531	0.06	-0.364	2.044
3.40953803062	0.06	-0.364	2.044
3.41156220436	-0.1	0.112	-1.54
3.41358709335	-0.1	0.112	-1.54
3.41561317444	-0.008	-0.184	2.044
3.4176402092	-0.008	-0.184	2.044
3.41966509819	-0.008	-0.184	2.044
3.42168903351	0.028	-0.272	1.496
3.42371702194	0.028	-0.272	1.496
3.42574906349	-0.084	0.136	-1.308
3.42777299881	-0.084	0.136	-1.308
3.42979717255	-0.084	0.136	-1.308
3.43182420731	0.032	-0.292	2.044
3.4338490963	0.032	-0.292	2.044
3.43587303162	0.04	-0.204	0.552
3.43789505959	0.04	-0.204	0.552
3.4399189949	0.04	-0.204	0.552
3.44194316864	-0.088	0.12	-0.768
3.44396805763	-0.088	0.12	-0.768
3.44599914551	0.04	-0.352	2.044
3.4480240345	0.04	-0.352	2.044
3.45005011559	0.04	-0.352	2.044
3.4520740509	0.0	-0.08	-0.332
3.45409417152	0.0	-0.08	-0.332
3.45614600182	-0.056	0.06	0.024
3.45817017555	-0.056	0.06	0.024
3.4601931572	-0.056	0.06	0.024
3.46221709251	0.06	-0.384	2.044
3.46425008774	0.06	-0.384	2.044
3.46628117561	-0.02	0.008	-1.036
3.46831011772	-0.02	0.008	-1.036
3.47033500671	-0.02	0.008	-1.036
3.47235918045	-0.076	0.016	0.928
3.47438406944	-0.076	0.016	0.928
3.47641515732	0.044	-0.38	2.044
3.47843909264	0.044	-0.38	2.044
3.48046422005	0.044	-0.38	2.044
3.48248815536	-0.048	0.076	-1.44
3.48451304436	-0.048	0.076	-1.44
3.48654699326	-0.028	-0.096	1.872
3.4885840416	-0.028	-0.096	1.872
3.49061012268	-0.028	-0.096	1.872
3.49263501167	0.052	-0.348	2.044
3.49465703964	0.052	-0.348	2.044
3.49669718742	-0.092	0.104	-1.54
3.49872303009	-0.092	0.104	-1.54
3.50074720383	-0.092	0.104	-1.54
3.50277209282	0.0	-0.192	2.044
3.50479006767	0.0	-0.192	2.044
3.5068089962	0.044	-0.284	1.424
3.50882601738	0.044	-0.284	1.424
3.51084113121	0.044	-0.284	1.424
3.51285910606	-0.092	0.144	-1.272
3.51487708092	-0.092	0.144	-1.272
3.51691007614	0.036	-0.28	2.044
3.51893520355	0.036	-0.28	2.044
3.5209710598	0.036	-0.28	2.044
3.52299499512	0.032	-0.188	0.48
3.52504706383	0.032	-0.188	0.48
3.52707219124	-0.108	0.128	-0.712
3.52910017967	-0.108	0.128	-0.712
3.53112506866	-0.108	0.128	-0.712
3.53315019608	0.044	-0.356	2.044
3.53517818451	0.044	-0.356	2.044
3.53720402718	0.044	-0.356	2.044
3.53922820091	-0.012	-0.084	-0.396
3.54125404358	-0.012	-0.084	-0.396
3.54327821732	-0.064	0.072	0.088
3.54530906677	-0.064	0.072	0.088
3.54733204842	-0.064	0.072	0.088
3.54935908318	0.052	-0.392	2.044
3.55138111115	0.052	-0.392	2.044
3.55340504646	-0.008	-0.012	-1.072
3.55543613434	-0.008	-0.012	-1.072
3.55746221542	-0.008	-0.012	-1.072
3.55949807167	-0.064	-0.008	1.016
3.56152510643	-0.064	-0.008	1.016
3.56355118752	0.06	-0.38	2.044
3.5655810833	0.06	-0.38	2.044
3.56761813164	0.06	-0.38	2.044
3.56964302063	-0.064	0.088	-1.472
3.57166814804	-0.064	0.088	-1.472
3.57369208336	-0.028	-0.104	1.932
3.57573103905	-0.028	-0.104	1.932
3.57776713371	-0.028	-0.104	1.932
3.57979607582	0.044	-0.34	2.044
3.58182215691	0.044	-0.34	2.044
3.58384513855	-0.072	0.108	-1.528
3.58587813377	-0.072	0.108	-1.528
3.58790302277	-0.072	0.108	-1.528
3.58992815018	0.004	-0.188	2.044
3.59195208549	0.004	-0.188	2.044
3.59397816658	0.044	-0.272	1.368
3.59600806236	0.044	-0.272	1.368
3.59803199768	0.044	-0.272	1.368
3.60722517967	0.032	-0.292	2.044
3.60935807228	0.028	-0.18	0.416
3.61138820648	0.028	-0.18	0.416
3.6134121418	0.028	-0.18	0.416
3.61545205116	-0.088	0.116	-0.648
3.61749410629	-0.088	0.116	-0.648
3.61952805519	0.036	-0.368	2.044
3.6215531826	0.036	-0.368	2.044
3.62357807159	0.036	-0.368	2.044
3.62562322617	-0.024	-0.084	-0.436
3.6276512146	-0.024	-0.084	-0.436
3.62967610359	-0.084	0.072	0.152
3.63170099258	-0.084	0.072	0.152
3.63372612	-0.084	0.072	0.152
3.63575720787	0.04	-0.38	2.044
3.63778018951	0.04	-0.38	2.044
3.63980507851	-0.028	0.0	-1.116
3.64185404778	-0.028	0.0	-1.116
3.64387321472	-0.028	0.0	-1.116
3.64589619637	-0.052	-0.012	1.08
3.64792203903	-0.052	-0.012	1.08
3.64995217323	0.068	-0.38	2.044
3.65197610855	0.068	-0.38	2.044
3.65400004387	0.068	-0.38	2.044
3.65602517128	-0.06	0.08	-1.484
3.65805220604	-0.06	0.08	-1.484
3.66007709503	-0.02	-0.108	1.996
3.66210412979	-0.02	-0.108	1.996
3.66412901878	-0.02	-0.108	1.996
3.66616201401	0.052	-0.32	2.044
3.66818618774	0.052	-0.32	2.044
3.67020916939	-0.08	0.116	-1.508
3.6722381115	-0.08	0.116	-1.508
3.67426419258	-0.08	0.116	-1.508
3.67629122734	0.0	-0.216	2.044
3.67830014229	0.0	-0.216	2.044
3.68030810356	0.04	-0.268	1.296
3.68233203888	0.04	-0.268	1.296
3.68434810638	0.04	-0.268	1.296
3.68637704849	-0.088	0.144	-1.2
3.68840909004	-0.088	0.144	-1.2
3.6904361248	0.028	-0.3	2.044
3.69245910645	0.028	-0.3	2.044
3.69448304176	0.028	-0.3	2.044
3.69651412964	0.008	-0.164	0.36
3.698554039	0.008	-0.164	0.36
3.70057821274	-0.072	0.088	-0.6
3.7026040554	-0.072	0.088	-0.6
3.70463013649	-0.072	0.088	-0.6
3.70665812492	0.056	-0.368	2.044
3.7086751461	0.056	-0.368	2.044
3.71069216728	-0.024	-0.084	-0.504
3.71272706985	-0.024	-0.084	-0.504
3.71480321884	-0.024	-0.084	-0.504
3.71683502197	-0.088	0.072	0.232
3.7188642025	-0.088	0.072	0.232
3.72089004517	0.044	-0.38	2.044
3.72291517258	0.044	-0.38	2.044
3.72493910789	0.044	-0.38	2.044
3.72696900368	-0.04	0.016	-1.148
3.72899603844	-0.04	0.016	-1.148
3.73102211952	-0.04	-0.032	1.152
3.73304700851	-0.04	-0.032	1.152
3.7350730896	-0.04	-0.032	1.152
3.73710012436	0.048	-0.368	2.044
3.739123106	0.048	-0.368	2.044
3.741147995	-0.092	0.084	-1.508
3.74317312241	-0.092	0.084	-1.508
3.74521017075	-0.092	0.084	-1.508
3.74723601341	-0.016	-0.104	2.044
3.74926114082	-0.016	-0.104	2.044
3.75128507614	0.072	-0.332	2.044
3.7533121109	0.072	-0.332	2.044
3.75535321236	0.072	-0.332	2.044
3.75737810135	-0.072	0.12	-1.5
3.75939822197	-0.072	0.12	-1.5
3.76142120361	0.012	-0.22	2.044
3.76344513893	0.012	-0.22	2.044
3.76547408104	0.012	-0.22	2.044
3.76751899719	0.04	-0.26	1.232
3.76954507828	0.04	-0.26	1.232
3.7715690136	-0.116	0.148	-1.172
3.77359414101	-0.116	0.148	-1.172
3.77563405037	-0.116	0.148	-1.172
3.77766108513	0.008	-0.296	2.044
3.77968621254	0.008	-0.296	2.044
3.78171014786	0.0	-0.168	0.28
3.78374004364	0.0	-0.168	0.28
3.78576517105	0.0	-0.168	0.28
3.78778100014	-0.1	0.092	-0.552
3.78980708122	-0.1	0.092	-0.552
3.79183220863	-0.1	0.092	-0.552
3.79385709763	0.052	-0.372	2.044
3.79588603973	0.052	-0.372	2.044
3.79791021347	0.0	-0.08	-0.568
3.79992818832	0.0	-0.08	-0.568
3.8019452095	0.0	-0.08	-0.568
3.80396199226	-0.092	0.064	0.276
3.80599117279	-0.092	0.064	0.276
3.80801916122	0.068	-0.388	2.044
3.81004500389	0.068	-0.388	2.044
3.81207799911	0.068	-0.388	2.044
3.81410217285	-0.036	0.032	-1.184
3.81620407104	-0.036	0.032	-1.184
3.81823205948	-0.032	-0.032	1.212
3.82025814056	-0.032	-0.032	1.212
3.82228422165	-0.032	-0.032	1.212
3.82430815697	0.084	-0.412	2.044
3.82633709908	0.084	-0.412	2.044
3.82836008072	-0.096	0.092	-1.512
3.83038520813	-0.096	0.092	-1.512
3.8324110508	-0.096	0.092	-1.512
3.83443808556	-0.02	-0.12	2.044
3.83647012711	-0.02	-0.12	2.044
3.83849906921	0.052	-0.332	2.044
3.84052419662	0.052	-0.332	2.044
3.84254908562	0.052	-0.332	2.044
3.84457302094	-0.076	0.14	-1.496
3.84660410881	-0.076	0.14	-1.496
3.84864616394	0.02	-0.22	2.044
3.85067415237	0.02	-0.22	2.044
3.85269808769	0.02	-0.22	2.044
3.85472106934	0.044	-0.256	1.172
3.856757164	0.044	-0.256	1.172
3.85878109932	-0.096	0.148	-1.148
3.86080622673	-0.096	0.148	-1.148
3.8628320694	-0.096	0.148	-1.148
3.86487221718	0.028	-0.308	2.044
3.86690306664	0.028	-0.308	2.044
3.86893701553	0.004	-0.152	0.22
3.87096500397	0.004	-0.152	0.22
3.87299013138	0.004	-0.152	0.22
3.87504410744	-0.088	0.1	-0.508
3.8770711422	-0.088	0.1	-0.508
3.87909507751	0.052	-0.36	2.044
3.88112306595	0.052	-0.36	2.044
3.88314700127	0.052	-0.36	2.044
3.88517808914	0.004	-0.064	-0.6
3.88720321655	0.004	-0.064	-0.6
3.88922810555	-0.076	0.056	0.336
3.89125204086	-0.076	0.056	0.336
3.89327502251	-0.076	0.056	0.336
3.89530420303	0.028	-0.384	2.044
3.89733099937	0.028	-0.384	2.044
3.89935517311	-0.028	0.036	-1.224
3.90138316154	-0.028	0.036	-1.224
3.9034101963	-0.028	0.036	-1.224
3.90544319153	-0.036	-0.04	1.272
3.90746116638	-0.036	-0.04	1.272
3.90947818756	0.06	-0.376	2.044
3.91151404381	0.06	-0.376	2.044
3.91353321075	0.06	-0.376	2.044
3.91555309296	-0.056	0.096	-1.516
3.91758108139	-0.056	0.096	-1.516
3.91960716248	-0.016	-0.128	2.044
3.92164802551	-0.016	-0.128	2.044
3.92367315292	-0.016	-0.128	2.044
3.92572522163	0.048	-0.328	2.04
3.92776322365	0.048	-0.328	2.04
3.92978811264	-0.072	0.128	-1.484
3.93181419373	-0.072	0.128	-1.484
3.93384218216	-0.072	0.128	-1.484
3.93586802483	0.0	-0.224	2.044
3.93788504601	0.0	-0.224	2.044
3.93990206718	0.036	-0.248	1.104
3.9419260025	0.036	-0.248	1.104
3.94395208359	0.036	-0.248	1.104
3.94598221779	-0.076	0.12	-1.104
3.94800806046	-0.076	0.12	-1.104
3.95003318787	0.056	-0.312	2.044
3.95205712318	0.056	-0.312	2.044
3.9540810585	0.056	-0.312	2.044
3.95613908768	0.004	-0.14	0.168
3.95816302299	0.004	-0.14	0.168
3.96018719673	-0.084	0.108	-0.464
3.96221399307	-0.084	0.108	-0.464
3.96424221992	-0.084	0.108	-0.464
3.96627402306	0.064	-0.36	2.044
3.96829915047	0.064	-0.36	2.044
3.97032403946	0.0	-0.06	-0.656
3.97234010696	0.0	-0.06	-0.656
3.97435522079	0.0	-0.06	-0.656
3.97637915611	-0.072	0.044	0.392
3.9784040451	-0.072	0.044	0.392
3.98042702675	0.056	-0.392	2.044
3.98246002197	0.056	-0.392	2.044
3.98448419571	0.056	-0.392	2.044
3.98651599884	-0.052	0.032	-1.224
3.98854112625	-0.052	0.032	-1.224
3.99056601524	-0.036	-0.048	1.328
3.99261307716	-0.036	-0.048	1.328
3.99463915825	-0.036	-0.048	1.328
3.9966750145	0.06	-0.38	2.044
3.99870014191	0.06	-0.38	2.044
4.00073814392	-0.048	0.084	-1.536
4.00276422501	-0.048	0.084	-1.536
4.00478720665	-0.048	0.084	-1.536
4.00681805611	-0.004	-0.14	2.044
4.00886011124	-0.004	-0.14	2.044
4.01088500023	-0.004	-0.14	2.044
4.01291012764	0.044	-0.332	1.976
4.01493310928	0.044	-0.332	1.976
4.01696515083	-0.084	0.152	-1.468
4.0189909935	-0.084	0.152	-1.468
4.02101516724	-0.084	0.152	-1.468
4.0230410099	0.008	-0.256	2.044
4.02507305145	0.008	-0.256	2.044
4.02710103989	0.032	-0.252	1.04
4.0291261673	0.032	-0.252	1.04
4.03114914894	0.032	-0.252	1.04
4.03317403793	-0.084	0.124	-1.064
4.03520512581	-0.084	0.124	-1.064
4.0372300148	0.032	-0.324	2.044
4.03926301003	0.032	-0.324	2.044
4.04129099846	0.032	-0.324	2.044
4.04331421852	0.016	-0.152	0.096
4.04534316063	0.016	-0.152	0.096
4.04736709595	-0.076	0.124	-0.396
4.04939413071	-0.076	0.124	-0.396
4.0514190197	-0.076	0.124	-0.396
4.05344200134	0.06	-0.368	2.044
4.05547118187	0.06	-0.368	2.044
4.05749821663	-0.016	-0.032	-0.696
4.05952620506	-0.016	-0.032	-0.696
4.06155109406	-0.016	-0.032	-0.696
4.06357502937	-0.036	0.04	0.464
4.06560516357	-0.036	0.04	0.464
4.06762814522	0.06	-0.392	2.044
4.06965208054	0.06	-0.392	2.044
4.07168221474	0.06	-0.392	2.044
4.0737080574	-0.068	0.04	-1.268
4.07574009895	-0.068	0.04	-1.268
4.07776522636	-0.04	-0.036	1.388
4.07979011536	-0.04	-0.036	1.388
4.08181500435	-0.04	-0.036	1.388
4.08383917809	0.056	-0.376	2.044
4.08586907387	0.056	-0.376	2.044
4.08789420128	-0.076	0.1	-1.52
4.08992314339	-0.076	0.1	-1.52
4.09194803238	-0.076	0.1	-1.52
4.09397220612	-0.008	-0.168	2.044
4.09600806236	-0.008	-0.168	2.044
4.0980360508	0.044	-0.312	1.908
4.10006022453	0.044	-0.312	1.908
4.10208415985	0.044	-0.312	1.908
4.10410904884	-0.104	0.132	-1.444
4.1062002182	-0.104	0.132	-1.444
4.1082201004	0.012	-0.232	2.044
4.11023616791	0.012	-0.232	2.044
4.11225318909	0.012	-0.232	2.044
4.11427021027	0.036	-0.24	0.976
4.11629700661	0.036	-0.24	0.976
4.11832618713	-0.08	0.108	-1.036
4.12035107613	-0.08	0.108	-1.036
4.12238121033	-0.08	0.108	-1.036
4.12440609932	0.036	-0.34	2.044
4.1264359951	0.036	-0.34	2.044
4.12846016884	0.0	-0.132	0.024
4.13047719002	0.0	-0.132	0.024
4.1324930191	0.0	-0.132	0.024
4.13450908661	-0.096	0.112	-0.356
4.13654112816	-0.096	0.112	-0.356
4.13856816292	0.064	-0.372	2.044
4.14059209824	0.064	-0.372	2.044
4.14261603355	0.064	-0.372	2.044
4.14465308189	-0.012	-0.036	-0.752
4.14668703079	-0.012	-0.036	-0.752
4.14871311188	-0.02	0.036	0.508
4.15073513985	-0.02	0.036	0.508
4.15278601646	-0.02	0.036	0.508
4.15481114388	0.056	-0.392	2.044
4.15684199333	0.056	-0.392	2.044
4.15886616707	-0.056	0.04	-1.3
4.16089200974	-0.056	0.04	-1.3
4.16291713715	-0.056	0.04	-1.3
4.16494011879	-0.04	-0.02	1.48
4.16697120667	-0.04	-0.02	1.48
4.1689991951	0.048	-0.372	2.044
4.17102408409	0.048	-0.372	2.044
4.17304801941	0.048	-0.372	2.044
4.17507815361	-0.08	0.1	-1.548
4.1771030426	-0.08	0.1	-1.548
4.17912721634	-0.024	-0.148	2.044
4.18115019798	-0.024	-0.148	2.044
4.18317508698	-0.024	-0.148	2.044
4.18521714211	0.036	-0.316	1.868
4.1872420311	0.036	-0.316	1.868
4.18926620483	-0.108	0.124	-1.436
4.19134402275	-0.108	0.124	-1.436
4.19337320328	-0.108	0.124	-1.436
4.19540500641	0.008	-0.24	2.044
4.19742918015	0.008	-0.24	2.044
4.19945502281	0.052	-0.244	0.912
4.2014811039	0.052	-0.244	0.912
4.20350718498	0.052	-0.244	0.912
4.20553612709	-0.08	0.128	-1.012
4.20757508278	-0.08	0.128	-1.012
4.20961117744	0.048	-0.324	2.044
4.21163606644	0.048	-0.324	2.044
4.21366000175	0.048	-0.324	2.044
4.21570110321	0.032	-0.148	-0.004
4.21772909164	0.032	-0.148	-0.004
4.21975421906	-0.092	0.108	-0.308
4.22177910805	-0.092	0.108	-0.308
4.22380399704	-0.092	0.108	-0.308
4.22583603859	0.052	-0.38	2.044
4.227861166	0.052	-0.38	2.044
4.22988510132	0.052	-0.38	2.044
4.23190999031	-0.028	-0.028	-0.776
4.23393702507	-0.028	-0.028	-0.776
4.23596906662	-0.044	0.036	0.584
4.23799300194	-0.044	0.036	0.584
4.24001908302	-0.044	0.036	0.584
4.24204301834	0.052	-0.396	2.044
4.24406599998	0.052	-0.396	2.044
4.2461271286	-0.06	0.048	-1.316
4.24815821648	-0.06	0.048	-1.316
4.25018501282	-0.06	0.048	-1.316
4.2522110939	-0.024	-0.044	1.524
4.25423717499	-0.024	-0.044	1.524
4.25626921654	0.052	-0.352	2.044
4.2582950592	0.052	-0.352	2.044
4.26031899452	0.052	-0.352	2.044
4.26234316826	-0.064	0.128	-1.552
4.26436901093	-0.064	0.128	-1.552
4.26641201973	-0.016	-0.156	2.044
4.26843810081	-0.016	-0.156	2.044
4.27046322823	-0.016	-0.156	2.044
4.27248716354	0.044	-0.308	1.796
4.27451109886	0.044	-0.308	1.796
4.27654314041	-0.096	0.136	-1.416
4.27857112885	-0.096	0.136	-1.416
4.28059720993	-0.096	0.136	-1.416
4.28262400627	0.008	-0.252	2.044
4.28464818001	0.008	-0.252	2.044
4.28667807579	0.02	-0.216	0.848
4.2887032032	0.02	-0.216	0.848
4.29072713852	0.02	-0.216	0.848
4.29274916649	-0.096	0.112	-0.964
4.29477500916	-0.096	0.112	-0.964
4.29681301117	0.052	-0.332	2.044
4.29883813858	0.052	-0.332	2.044
4.30086112022	0.052	-0.332	2.044
4.30288505554	0.036	-0.14	-0.064
4.30491113663	0.036	-0.14	-0.064
4.30693912506	-0.092	0.104	-0.248
4.30895519257	-0.092	0.104	-0.248
4.31097602844	-0.092	0.104	-0.248
4.31299519539	0.064	-0.384	2.044
4.31509017944	0.064	-0.384	2.044
4.3171210289	-0.028	-0.028	-0.84
4.31914806366	-0.028	-0.028	-0.84
4.32117605209	-0.028	-0.028	-0.84
4.32321214676	-0.052	0.032	0.628
4.32524418831	-0.052	0.032	0.628
4.32726812363	0.036	-0.376	2.044
4.32929515839	0.036	-0.376	2.044
4.3313190937	0.036	-0.376	2.044
4.33334302902	-0.052	0.044	-1.356
4.33537507057	-0.052	0.044	-1.356
4.33740305901	-0.044	-0.052	1.572
4.33942914009	-0.044	-0.052	1.572
4.3414580822	-0.044	-0.052	1.572
4.34348511696	0.052	-0.36	2.044
4.34551811218	0.052	-0.36	2.044
4.34754419327	-0.064	0.124	-1.552
4.34956908226	-0.064	0.124	-1.552
4.35159420967	-0.064	0.124	-1.552
4.35362100601	0.004	-0.16	2.044
4.3556470871	0.004	-0.16	2.044
4.35767102242	0.052	-0.304	1.736
4.35970807076	0.052	-0.304	1.736
4.36173415184	0.052	-0.304	1.736
4.36375808716	-0.088	0.112	-1.368
4.36579012871	-0.088	0.112	-1.368
4.36781620979	0.02	-0.252	2.044
4.36984205246	0.02	-0.252	2.044
4.3718650341	0.02	-0.252	2.044
4.37389206886	0.036	-0.216	0.796
4.37591719627	0.036	-0.216	0.796
4.37794303894	-0.096	0.128	-0.932
4.37998700142	-0.096	0.128	-0.932
4.38201117516	-0.096	0.128	-0.932
4.38403701782	0.032	-0.336	2.044
4.38606309891	0.032	-0.336	2.044
4.38809013367	0.024	-0.128	-0.124
4.39011406898	0.024	-0.128	-0.124
4.3921391964	0.024	-0.128	-0.124
4.39416313171	-0.084	0.092	-0.196
4.39619517326	-0.084	0.092	-0.196
4.39822101593	0.056	-0.376	2.044
4.40024399757	0.056	-0.376	2.044
4.40227007866	0.056	-0.376	2.044
4.40429902077	-0.036	-0.008	-0.896
4.40633416176	-0.036	-0.008	-0.896
4.40836310387	-0.064	0.024	0.704
4.41038799286	-0.064	0.024	0.704
4.4124121666	-0.064	0.024	0.704
4.41443419456	0.064	-0.392	2.044
4.41646504402	0.064	-0.392	2.044
4.41849017143	-0.044	0.06	-1.376
4.42051410675	-0.044	0.06	-1.376
4.42254018784	-0.044	0.06	-1.376
4.4245660305	-0.052	-0.068	1.656
4.42659902573	-0.052	-0.068	1.656
4.42862415314	0.04	-0.364	2.044
4.43064808846	0.04	-0.364	2.044
4.43268609047	0.04	-0.364	2.044
4.43471121788	-0.092	0.124	-1.544
4.43676018715	-0.092	0.124	-1.544
4.43878602982	-0.008	-0.168	2.044
4.44082522392	-0.008	-0.168	2.044
4.44285106659	-0.008	-0.168	2.044
4.44487500191	0.036	-0.288	1.664
4.44690513611	0.036	-0.288	1.664
4.44893121719	-0.06	0.124	-1.368
4.45095610619	-0.06	0.124	-1.368
4.4529800415	-0.06	0.124	-1.368
4.45500707626	0.02	-0.256	2.044
4.45706820488	0.02	-0.256	2.044
4.4590921402	0.02	-0.256	2.044
4.46111607552	0.032	-0.22	0.716
4.46314001083	0.032	-0.22	0.716
4.46517014503	-0.076	0.136	-0.872
4.46719908714	-0.076	0.136	-0.872
4.46922516823	-0.076	0.136	-0.872
4.47125005722	0.04	-0.344	2.044
4.47327709198	0.04	-0.344	2.044
4.47530817986	0.012	-0.112	-0.188
4.47733402252	0.012	-0.112	-0.188
4.47935914993	0.012	-0.112	-0.188
4.4813849926	-0.068	0.072	-0.132
4.48340916634	-0.068	0.072	-0.132
4.48543906212	0.048	-0.388	2.044
4.48746204376	0.048	-0.388	2.044
4.48948907852	0.048	-0.388	2.044
4.49151301384	-0.04	-0.012	-0.928
4.49354815483	-0.04	-0.012	-0.928
4.49559307098	-0.064	0.016	0.768
4.49761819839	-0.064	0.016	0.768
4.49964618683	-0.064	0.016	0.768
4.5016682148	0.064	-0.384	2.044
4.50369215012	0.064	-0.384	2.044
4.50573801994	-0.052	0.068	-1.392
4.50775718689	-0.052	0.068	-1.392
4.50977301598	-0.052	0.068	-1.392
4.51179003716	-0.036	-0.092	1.7
4.51380705833	-0.036	-0.092	1.7
4.51582813263	0.06	-0.352	2.044
4.51785516739	0.06	-0.352	2.044
4.51988101006	0.06	-0.352	2.044
4.52190709114	-0.088	0.12	-1.536
4.52393507957	-0.088	0.12	-1.536
4.52596616745	-0.02	-0.156	2.044
4.52799320221	-0.02	-0.156	2.044
4.53002309799	-0.02	-0.156	2.044
4.53204917908	0.04	-0.272	1.608
4.5340731144	0.04	-0.272	1.608
4.53613114357	-0.076	0.144	-1.352
4.53815817833	-0.076	0.144	-1.352
4.54018306732	-0.076	0.144	-1.352
4.54220819473	0.02	-0.276	2.044
4.54423213005	0.02	-0.276	2.044
4.54626512527	0.032	-0.212	0.656
4.54828906059	0.032	-0.212	0.656
4.55032110214	0.032	-0.212	0.656
4.55234599113	-0.1	0.148	-0.832
4.55437207222	-0.1	0.148	-0.832
4.5564031601	0.048	-0.34	2.044
4.55842709541	0.048	-0.34	2.044
4.56045413017	0.048	-0.34	2.044
4.56248211861	0.008	-0.108	-0.24
4.56450819969	0.008	-0.108	-0.24
4.56654000282	-0.056	0.072	-0.076
4.56856513023	-0.056	0.072	-0.076
4.57059121132	-0.056	0.072	-0.076
4.57261610031	0.052	-0.388	2.044
4.57464003563	0.052	-0.388	2.044
4.57668614388	-0.04	-0.02	-0.976
4.57871222496	-0.04	-0.02	-0.976
4.58073711395	-0.04	-0.02	-0.976
4.58276200294	-0.064	0.012	0.844
4.58480215073	-0.064	0.012	0.844
4.58683419228	0.056	-0.388	2.044
4.58885908127	0.056	-0.388	2.044
4.59088301659	0.056	-0.388	2.044
4.59291219711	-0.052	0.072	-1.42
4.59493708611	-0.052	0.072	-1.42
4.59696912766	-0.032	-0.096	1.756
4.59899306297	-0.032	-0.096	1.756
4.60102105141	-0.032	-0.096	1.756
4.60304617882	0.068	-0.356	2.044
4.6050760746	0.068	-0.356	2.044
4.60710906982	-0.088	0.112	-1.548
4.60913610458	-0.088	0.112	-1.548
4.61116218567	-0.088	0.112	-1.548
4.61318516731	0.0	-0.192	2.044
4.61520814896	0.0	-0.192	2.044
4.61722803116	0.048	-0.284	1.536
4.6192522049	0.048	-0.284	1.536
4.62127614021	0.048	-0.284	1.536
4.62330007553	-0.088	0.144	-1.312
4.6253361702	-0.088	0.144	-1.312
4.62736201286	0.024	-0.268	2.044
4.62938499451	0.024	-0.268	2.044
4.63140821457	0.024	-0.268	2.044
4.63343405724	0.04	-0.216	0.608
4.63546514511	0.04	-0.216	0.608
4.63748908043	-0.112	0.136	-0.784
4.63951420784	-0.112	0.136	-0.784
4.64154100418	-0.112	0.136	-0.784
4.64356613159	0.044	-0.34	2.044
4.64559602737	0.044	-0.34	2.044
4.64763617516	-0.008	-0.1	-0.296
4.64966416359	-0.008	-0.1	-0.296
4.65168905258	-0.008	-0.1	-0.296
4.65371417999	-0.06	0.056	-0.004
4.65575504303	-0.06	0.056	-0.004
4.65778017044	0.056	-0.392	2.044
4.65980410576	0.056	-0.392	2.044
4.6618270874	0.056	-0.392	2.044
4.66387414932	-0.028	-0.004	-1.0
4.6659040451	-0.028	-0.004	-1.0
4.66792416573	-0.048	0.004	0.884
4.66994714737	-0.048	0.004	0.884
4.67197108269	-0.048	0.004	0.884
4.67399501801	0.064	-0.38	2.044
4.67602515221	0.064	-0.38	2.044
4.67804217339	0.064	-0.38	2.044
4.68005919456	-0.052	0.076	-1.444
4.68207812309	-0.052	0.076	-1.444
4.68409514427	-0.028	-0.096	1.824
4.68619799614	-0.028	-0.096	1.824
4.68823099136	-0.028	-0.096	1.824
4.69025707245	0.06	-0.356	2.044
4.69228219986	0.06	-0.356	2.044
4.69430708885	-0.088	0.112	-1.54
4.69634008408	-0.088	0.112	-1.54
4.69836711884	-0.088	0.112	-1.54
4.70039319992	0.004	-0.188	2.044
4.70241618156	0.004	-0.188	2.044
4.70444011688	0.032	-0.272	1.496
4.70646810532	0.032	-0.272	1.496
4.70848321915	0.032	-0.272	1.496
4.71049904823	-0.084	0.14	-1.292
4.71251916885	-0.084	0.14	-1.292
4.71453905106	0.028	-0.272	2.044
4.71656608582	0.028	-0.272	2.044
4.71860003471	0.028	-0.272	2.044
4.72063612938	0.032	-0.196	0.52
4.72266221046	0.032	-0.196	0.52
4.72468519211	-0.108	0.12	-0.736
4.72680020332	-0.108	0.12	-0.736
4.72884202003	-0.108	0.12	-0.736
4.73086905479	0.032	-0.356	2.044
4.73289299011	0.032	-0.356	2.044
4.73491811752	-0.028	-0.084	-0.356
4.73695611954	-0.028	-0.084	-0.356
4.73898220062	-0.028	-0.084	-0.356
4.74100708961	-0.064	0.072	0.044
4.74303007126	-0.064	0.072	0.044
4.74506306648	0.056	-0.384	2.044
4.74708819389	0.056	-0.384	2.044
4.74911212921	0.056	-0.384	2.044
4.75113916397	-0.012	0.0	-1.048
4.7531580925	-0.012	0.0	-1.048
4.75518107414	-0.04	-0.004	0.968
4.75720620155	-0.04	-0.004	0.968
4.75923109055	-0.04	-0.004	0.968
4.76125812531	0.072	-0.388	2.044
4.76328206062	0.072	-0.388	2.044
4.76531219482	-0.044	0.084	-1.452
4.76733803749	-0.044	0.084	-1.452
4.76936411858	-0.044	0.084	-1.452
4.77138900757	-0.016	-0.1	1.896
4.77341604233	-0.016	-0.1	1.896
4.77544617653	0.04	-0.344	2.044
4.77748417854	0.04	-0.344	2.044
4.77950716019	0.04	-0.344	2.044
4.78153419495	-0.096	0.108	-1.528
4.78356003761	-0.096	0.108	-1.528
4.78559303284	-0.012	-0.2	2.044
4.78761911392	-0.012	-0.2	2.044
4.78964400291	-0.012	-0.2	2.044
4.79166913033	0.032	-0.276	1.416
4.79369521141	0.032	-0.276	1.416
4.79572510719	-0.084	0.148	-1.26
4.79775118828	-0.084	0.148	-1.26
4.79977822304	-0.084	0.148	-1.26
4.8018040657	0.028	-0.284	2.044
4.80382919312	0.028	-0.284	2.044
4.8058590889	0.04	-0.192	0.452
4.80789899826	0.04	-0.192	0.452
4.809923172	0.04	-0.192	0.452
4.81194710732	-0.088	0.108	-0.688
4.81397604942	-0.088	0.108	-0.688
4.81600117683	0.048	-0.364	2.044
4.8180270195	0.048	-0.364	2.044
4.82005214691	0.048	-0.364	2.044
4.82207608223	-0.016	-0.076	-0.404
4.82410311699	-0.016	-0.076	-0.404
4.82619714737	-0.072	0.068	0.112
4.82822203636	-0.072	0.068	0.112
4.8302462101	-0.072	0.068	0.112
4.83226919174	0.056	-0.384	2.044
4.83430409431	0.056	-0.384	2.044
4.83633518219	-0.02	0.02	-1.096
4.83836007118	-0.02	0.02	-1.096
4.8403840065	-0.02	0.02	-1.096
4.84240913391	-0.048	-0.016	1.044
4.84444117546	-0.048	-0.016	1.044
4.84647202492	0.064	-0.384	2.044
4.84849500656	0.064	-0.384	2.044
4.85052013397	0.064	-0.384	2.044
4.85254406929	-0.072	0.092	-1.464
4.85456800461	-0.072	0.092	-1.464
4.85660099983	-0.024	-0.096	1.952
4.85862708092	-0.024	-0.096	1.952
4.86065220833	-0.024	-0.096	1.952
4.86267614365	0.044	-0.324	2.044
4.86471605301	0.044	-0.324	2.044
4.86674809456	-0.1	0.128	-1.508
4.86877202988	-0.1	0.128	-1.508
4.87079620361	-0.1	0.128	-1.508
4.87283802032	-0.012	-0.204	2.044
4.87486314774	-0.012	-0.204	2.044
4.87689805031	0.016	-0.272	1.344
4.87892222404	0.016	-0.272	1.344
4.88094711304	0.016	-0.272	1.344
4.88297104836	-0.104	0.144	-1.232
4.88499617577	-0.104	0.144	-1.232
4.88709020615	0.012	-0.288	2.044
4.88911819458	0.012	-0.288	2.044
4.89115214348	0.012	-0.288	2.044
4.8931760788	0.028	-0.184	0.4
4.895206213	0.028	-0.184	0.4
4.89723300934	-0.072	0.096	-0.648
4.89925813675	-0.072	0.096	-0.648
4.90128207207	-0.072	0.096	-0.648
4.90330600739	0.064	-0.384	2.044
4.90533804893	0.064	-0.384	2.044
4.90735912323	-0.004	-0.076	-0.464
4.90937805176	-0.004	-0.076	-0.464
4.91139507294	-0.004	-0.076	-0.464
4.91341400146	-0.06	0.076	0.164
4.91543412209	-0.06	0.076	0.164
4.91746115685	-0.06	0.076	0.164
4.91948509216	0.064	-0.392	2.044
4.92151212692	0.064	-0.392	2.044
4.92353606224	-0.028	0.024	-1.112
4.92556810379	-0.028	0.024	-1.112
4.92759299278	-0.028	0.024	-1.112
4.92961812019	-0.048	-0.016	1.092
4.93164300919	-0.048	-0.016	1.092
4.9336681366	0.052	-0.38	2.044
4.93569302559	0.052	-0.38	2.044
4.93771910667	0.052	-0.38	2.044
4.93974709511	-0.088	0.108	-1.5
4.9417681694	-0.088	0.108	-1.5
4.9437930584	-0.028	-0.092	1.996
4.94582509995	-0.028	-0.092	1.996
4.94788503647	-0.028	-0.092	1.996
4.94991111755	0.056	-0.34	2.044
4.95193600655	0.056	-0.34	2.044
4.95396113396	-0.08	0.116	-1.504
4.95599222183	-0.08	0.116	-1.504
4.9580180645	-0.08	0.116	-1.504
4.96004319191	0.0	-0.224	2.044
4.962059021	0.0	-0.224	2.044
4.96407604218	0.04	-0.264	1.288
4.96613502502	0.04	-0.264	1.288
4.96816110611	0.04	-0.264	1.288
4.97019100189	-0.108	0.156	-1.216
4.97221899033	-0.108	0.156	-1.216
4.97424507141	0.008	-0.292	2.044
4.97627711296	0.008	-0.292	2.044
4.97830200195	0.008	-0.292	2.044
4.98032522202	0.016	-0.176	0.34
4.98234820366	0.016	-0.176	0.34
4.98437309265	-0.076	0.092	-0.592
4.98640608788	-0.076	0.092	-0.592
4.98843002319	-0.076	0.092	-0.592
4.99045419693	0.048	-0.376	2.044
4.99247813225	0.048	-0.376	2.044
4.99450302124	-0.012	-0.064	-0.508
4.99653506279	-0.012	-0.064	-0.508
4.9985601902	-0.012	-0.064	-0.508
