Timestamp 	 X-Axis 	 Y-Axis 	 Z-Axis
0.000308036804199	-0.02	-0.096	0.404
0.00269889831543	0.212	-0.244	1.812
0.0048999786377	0.212	-0.244	1.812
0.00709199905396	0.312	-0.34	2.044
0.00928688049316	0.312	-0.34	2.044
0.0114951133728	0.312	-0.34	2.044
0.0136859416962	0.264	-0.304	2.044
0.0158751010895	0.264	-0.304	2.044
0.0180649757385	0.06	-0.196	1.816
0.0202689170837	0.06	-0.196	1.816
0.0224590301514	-0.196	-0.036	0.376
0.0246489048004	-0.196	-0.036	0.376
0.026839017868	-0.196	-0.036	0.376
0.0290310382843	-0.32	0.1	-0.728
0.0312390327454	-0.32	0.1	-0.728
0.0334300994873	-0.292	0.08	-0.912
0.0356209278107	-0.292	0.08	-0.912
0.0378189086914	-0.136	-0.032	-0.112
0.0400140285492	-0.136	-0.032	-0.112
0.0422050952911	0.144	-0.192	1.28
0.0443940162659	0.144	-0.192	1.28
0.046581029892	0.144	-0.192	1.28
0.0487730503082	0.284	-0.308	2.044
0.050961971283	0.284	-0.308	2.044
0.0531508922577	0.292	-0.336	2.044
0.0553390979767	0.292	-0.336	2.044
0.0575389862061	0.156	-0.244	2.044
0.0597310066223	0.156	-0.244	2.044
0.0619330406189	0.156	-0.244	2.044
0.0641260147095	-0.104	-0.092	0.948
0.0663220882416	-0.104	-0.092	0.948
0.0685150623322	-0.292	0.048	-0.384
0.0707058906555	-0.292	0.048	-0.384
0.0728960037231	-0.328	0.1	-0.976
0.0750858783722	-0.328	0.1	-0.976
0.0772800445557	-0.328	0.1	-0.976
0.0794870853424	-0.22	0.02	-0.532
0.0816860198975	-0.22	0.02	-0.532
0.0838830471039	0.044	-0.128	0.704
0.0860788822174	0.044	-0.128	0.704
0.0882759094238	0.252	-0.276	2.044
0.0904738903046	0.252	-0.276	2.044
0.0926699638367	0.252	-0.276	2.044
0.0948660373688	0.3	-0.336	2.044
0.0970630645752	0.3	-0.336	2.044
0.0992770195007	0.24	-0.288	2.044
0.101474046707	0.24	-0.288	2.044
0.103684902191	-0.004	-0.16	1.524
0.105882883072	-0.004	-0.16	1.524
0.108079910278	-0.004	-0.16	1.524
0.110276937485	-0.24	-0.004	0.08
0.112473011017	-0.24	-0.004	0.08
0.114670038223	-0.34	0.1	-0.864
0.116868019104	-0.34	0.1	-0.864
0.119070053101	-0.308	0.08	-0.828
0.121268987656	-0.308	0.08	-0.828
0.123476028442	-0.308	0.08	-0.828
0.125674009323	-0.084	-0.064	0.164
0.127871990204	-0.084	-0.064	0.164
0.130083084106	0.184	-0.22	1.592
0.132291078568	0.184	-0.22	1.592
0.134489059448	0.308	-0.32	2.044
0.136687040329	0.308	-0.32	2.044
0.138889074326	0.308	-0.32	2.044
0.141086101532	0.296	-0.328	2.044
0.143280982971	0.296	-0.328	2.044
0.145478010178	0.116	-0.208	2.036
0.147680997849	0.116	-0.208	2.036
0.149878025055	-0.168	-0.064	0.624
0.152076005936	-0.168	-0.064	0.624
0.154273986816	-0.324	0.056	-0.588
0.156471967697	-0.324	0.056	-0.588
0.158674001694	-0.324	0.056	-0.588
0.160887002945	-0.328	0.096	-0.964
0.163084983826	-0.328	0.096	-0.964
0.165282011032	-0.176	-0.012	-0.32
0.167484998703	-0.176	-0.012	-0.32
0.169684886932	0.108	-0.156	1.028
0.171883106232	0.108	-0.156	1.028
0.17407989502	0.108	-0.156	1.028
0.176275968552	0.272	-0.292	2.044
0.178509950638	0.272	-0.292	2.044
0.180707931519	0.308	-0.344	2.044
0.182904005051	0.308	-0.344	2.044
0.185110092163	0.204	-0.26	2.044
0.187314033508	0.204	-0.26	2.044
0.18951010704	0.204	-0.26	2.044
0.191705942154	-0.064	-0.12	1.212
0.193903923035	-0.064	-0.12	1.212
0.196115016937	-0.28	0.024	-0.176
0.198318958282	-0.28	0.024	-0.176
0.200526952744	-0.34	0.116	-0.952
0.202725887299	-0.34	0.116	-0.952
0.204924106598	-0.34	0.116	-0.952
0.207120895386	-0.264	0.064	-0.696
0.209323883057	-0.264	0.064	-0.696
0.211519956589	-0.02	-0.096	0.468
0.213716030121	-0.02	-0.096	0.468
0.215912103653	0.22	-0.248	1.876
0.218113899231	0.22	-0.248	1.876
0.220310926437	0.22	-0.248	1.876
0.222506046295	0.304	-0.348	2.044
0.224703073502	0.304	-0.348	2.044
0.226898908615	0.256	-0.304	2.044
0.229100942612	0.256	-0.304	2.044
0.231297969818	0.036	-0.188	1.764
0.233494997025	0.036	-0.188	1.764
0.23569893837	-0.216	-0.028	0.32
0.23789691925	-0.216	-0.028	0.32
0.240094900131	-0.216	-0.028	0.32
0.242291927338	-0.296	0.084	-0.756
0.244488954544	-0.296	0.084	-0.756
0.246695995331	-0.304	0.096	-0.916
0.248894929886	-0.304	0.096	-0.916
0.251091957092	-0.12	-0.044	-0.068
0.253289937973	-0.12	-0.044	-0.068
0.255487918854	-0.12	-0.044	-0.068
0.257693052292	0.16	-0.2	1.34
0.259887933731	0.16	-0.2	1.34
0.262084007263	0.292	-0.316	2.044
0.264278888702	0.292	-0.316	2.044
0.266475915909	0.292	-0.344	2.044
0.268681049347	0.292	-0.344	2.044
0.270879030228	0.292	-0.344	2.044
0.27307510376	0.148	-0.232	2.044
0.275270938873	0.148	-0.232	2.044
0.27747297287	-0.112	-0.08	0.884
0.279675006866	-0.112	-0.08	0.884
0.281872034073	-0.288	0.052	-0.42
0.284070014954	-0.288	0.052	-0.42
0.286266088486	-0.288	0.052	-0.42
0.288496017456	-0.336	0.096	-0.98
0.290694952011	-0.336	0.096	-0.98
0.292892932892	-0.224	0.008	-0.5
0.295085906982	-0.224	0.008	-0.5
0.297285079956	0.036	-0.132	0.772
0.29948091507	0.036	-0.132	0.772
0.301676988602	0.036	-0.132	0.772
0.303876876831	0.248	-0.272	2.044
0.306073904037	0.248	-0.272	2.044
0.308285951614	0.304	-0.352	2.044
0.310482978821	0.304	-0.352	2.044
0.312679052353	0.228	-0.292	2.044
0.314876079559	0.228	-0.292	2.044
0.317071914673	0.228	-0.292	2.044
0.319274902344	-0.02	-0.148	1.46
0.321472883224	-0.02	-0.148	1.46
0.323669910431	-0.248	0.008	0.032
0.325865030289	-0.248	0.008	0.032
0.328063964844	-0.336	0.112	-0.88
0.330261945724	-0.336	0.112	-0.88
0.332458972931	-0.272	0.072	-0.816
0.334656000137	-0.272	0.072	-0.816
0.33686208725	-0.272	0.072	-0.816
0.339066028595	-0.048	-0.076	0.204
0.34126496315	-0.048	-0.076	0.204
0.343461036682	0.192	-0.22	1.636
0.345659017563	0.192	-0.22	1.636
0.347861051559	0.304	-0.34	2.044
0.350058078766	0.304	-0.34	2.044
0.352253913879	0.304	-0.34	2.044
0.354450941086	0.284	-0.32	2.044
0.356647014618	0.284	-0.32	2.044
0.358844041824	0.1	-0.204	2.0
0.361036062241	0.1	-0.204	2.0
0.363229036331	-0.18	-0.056	0.572
0.365425109863	-0.18	-0.056	0.572
0.367623090744	-0.18	-0.056	0.572
0.369831085205	-0.324	0.056	-0.632
0.372030973434	-0.324	0.056	-0.632
0.374228954315	-0.324	0.092	-0.964
0.376425981522	-0.324	0.092	-0.964
0.378629922867	-0.168	-0.016	-0.28
0.380827903748	-0.168	-0.016	-0.28
0.383028030396	-0.168	-0.016	-0.28
0.385225057602	0.104	-0.164	1.072
0.387428045273	0.104	-0.164	1.072
0.389625072479	0.28	-0.312	2.044
0.391820907593	0.28	-0.312	2.044
0.394017934799	0.304	-0.344	2.044
0.396214962006	0.304	-0.344	2.044
0.398449897766	0.304	-0.344	2.044
0.40064907074	0.192	-0.264	2.044
0.402846097946	0.192	-0.264	2.044
0.405045032501	-0.084	-0.096	1.156
0.407249927521	-0.084	-0.096	1.156
0.409447908401	-0.276	0.028	-0.228
0.411645889282	-0.276	0.028	-0.228
0.413842916489	-0.276	0.028	-0.228
0.416040897369	-0.332	0.104	-0.952
0.41824388504	-0.332	0.104	-0.952
0.42044210434	-0.256	0.036	-0.66
0.422638893127	-0.256	0.036	-0.66
0.424844026566	-0.008	-0.096	0.5
0.427040100098	-0.008	-0.096	0.5
0.429239988327	0.228	-0.248	1.924
0.431446075439	0.228	-0.248	1.924
0.433643102646	0.228	-0.248	1.924
0.435838937759	0.304	-0.336	2.044
0.438040971756	0.304	-0.336	2.044
0.440241098404	0.276	-0.324	2.044
0.442437887192	0.276	-0.324	2.044
0.444641113281	0.04	-0.188	1.724
0.446836948395	0.04	-0.188	1.724
0.449034929276	0.04	-0.188	1.724
0.451231002808	-0.208	-0.024	0.272
0.453428030014	-0.208	-0.024	0.272
0.455624103546	-0.32	0.096	-0.78
0.457832098007	-0.32	0.096	-0.78
0.460030078888	-0.312	0.072	-0.9
0.462227106094	-0.312	0.072	-0.9
0.464423894882	-0.312	0.072	-0.9
0.466620922089	-0.124	-0.052	-0.02
0.468825101852	-0.124	-0.052	-0.02
0.471023082733	0.148	-0.196	1.38
0.473228931427	0.148	-0.196	1.38
0.475425958633	0.28	-0.312	2.044
0.477628946304	0.28	-0.312	2.044
0.479825973511	0.28	-0.312	2.044
0.482022047043	0.296	-0.344	2.044
0.484219074249	0.296	-0.344	2.044
0.486416101456	0.144	-0.232	2.044
0.488612890244	0.144	-0.232	2.044
0.490808963776	-0.116	-0.084	0.836
0.493016004562	-0.116	-0.084	0.836
0.495213985443	-0.116	-0.084	0.836
0.497412919998	-0.304	0.06	-0.456
0.499609947205	-0.304	0.06	-0.456
0.501806974411	-0.332	0.104	-0.972
0.504004001617	-0.332	0.104	-0.972
0.506202936172	-0.224	0.016	-0.468
0.50840306282	-0.224	0.016	-0.468
0.51060295105	-0.224	0.016	-0.468
0.512799978256	0.04	-0.144	0.812
0.514998912811	0.04	-0.144	0.812
0.517200946808	0.252	-0.28	2.044
0.51939702034	0.252	-0.28	2.044
0.521591901779	0.304	-0.344	2.044
0.523787975311	0.304	-0.344	2.044
0.525984048843	0.228	-0.284	2.044
0.528179883957	0.228	-0.284	2.044
0.530376911163	0.228	-0.284	2.044
0.532572984695	-0.02	-0.144	1.396
0.534770011902	-0.02	-0.144	1.396
0.536967039108	-0.256	0.008	0.004
0.539166927338	-0.256	0.008	0.004
0.541371107101	-0.336	0.1	-0.9
0.543570041656	-0.336	0.1	-0.9
0.545767068863	-0.336	0.1	-0.9
0.547970056534	-0.28	0.048	-0.776
0.550168037415	-0.28	0.048	-0.776
0.552365064621	-0.04	-0.08	0.252
0.554569959641	-0.04	-0.08	0.252
0.556767940521	0.2	-0.224	1.684
0.558969974518	0.2	-0.224	1.684
0.561167955399	0.2	-0.224	1.684
0.563363075256	0.308	-0.336	2.044
0.56555891037	0.308	-0.336	2.044
0.567756891251	0.284	-0.34	2.044
0.569952964783	0.284	-0.34	2.044
0.572149038315	0.084	-0.204	1.952
0.574345111847	0.084	-0.204	1.952
0.576545000076	0.084	-0.204	1.952
0.578747987747	-0.184	-0.044	0.528
0.580945968628	-0.184	-0.044	0.528
0.58314204216	-0.312	0.08	-0.652
0.585340023041	-0.312	0.08	-0.652
0.587543010712	-0.32	0.084	-0.956
0.589740991592	-0.32	0.084	-0.956
0.591937065125	-0.32	0.084	-0.956
0.594150066376	-0.156	-0.02	-0.228
0.596349000931	-0.156	-0.02	-0.228
0.598552942276	0.12	-0.156	1.124
0.600749969482	0.12	-0.156	1.124
0.602946043015	0.26	-0.308	2.044
0.605141878128	0.26	-0.308	2.044
0.607343912125	0.26	-0.308	2.044
0.609544038773	0.3	-0.352	2.044
0.611740112305	0.3	-0.352	2.044
0.613935947418	0.168	-0.26	2.044
0.616141080856	0.168	-0.26	2.044
0.618344068527	-0.088	-0.112	1.096
0.620541095734	-0.088	-0.112	1.096
0.622737884521	-0.272	0.028	-0.264
0.624934911728	-0.272	0.028	-0.264
0.627132892609	-0.272	0.028	-0.264
0.62933588028	-0.328	0.112	-0.96
0.631532907486	-0.328	0.112	-0.96
0.633729934692	-0.236	0.04	-0.624
0.635926961899	-0.236	0.04	-0.624
0.638128995895	0.016	-0.1	0.552
0.640325069427	0.016	-0.1	0.552
0.642522096634	0.016	-0.1	0.552
0.644721031189	0.224	-0.26	1.96
0.646917104721	0.224	-0.26	1.96
0.649117946625	0.304	-0.348	2.044
0.651314973831	0.304	-0.348	2.044
0.653511047363	0.248	-0.288	2.044
0.655706882477	0.248	-0.288	2.044
0.657910108566	0.248	-0.288	2.044
0.66010594368	0.028	-0.172	1.668
0.662302017212	0.028	-0.172	1.668
0.664498090744	-0.224	0.0	0.228
0.666687011719	-0.224	0.0	0.228
0.668879985809	-0.336	0.104	-0.8
0.671077013016	-0.336	0.104	-0.8
0.673274993896	-0.336	0.104	-0.8
0.675472021103	-0.336	0.072	-0.868
0.67769408226	-0.336	0.072	-0.868
0.67989397049	-0.104	-0.06	0.028
0.682102918625	-0.104	-0.06	0.028
0.684299945831	0.16	-0.192	1.424
0.686496019363	0.16	-0.192	1.424
0.68869805336	0.16	-0.192	1.424
0.690896034241	0.3	-0.332	2.044
0.693093061447	0.3	-0.332	2.044
0.695287942886	0.284	-0.324	2.044
0.697490930557	0.284	-0.324	2.044
0.699687004089	0.14	-0.216	2.044
0.701883077621	0.14	-0.216	2.044
0.704078912735	0.14	-0.216	2.044
0.706274986267	-0.132	-0.084	0.784
0.708548069	-0.132	-0.084	0.784
0.710747003555	-0.308	0.08	-0.516
0.712949991226	-0.308	0.08	-0.516
0.715147018433	-0.328	0.108	-0.976
0.717350959778	-0.328	0.108	-0.976
0.719547986984	-0.208	0.004	-0.424
0.721745967865	-0.208	0.004	-0.424
0.723942041397	-0.208	0.004	-0.424
0.726139068604	0.068	-0.14	0.868
0.72833609581	0.068	-0.14	0.868
0.730531930923	0.264	-0.28	2.044
0.732728004456	0.264	-0.28	2.044
0.734924077988	0.308	-0.344	2.044
0.737121105194	0.308	-0.344	2.044
0.739327907562	0.308	-0.344	2.044
0.741525888443	0.228	-0.28	2.044
0.743721961975	0.228	-0.28	2.044
0.74592089653	-0.044	-0.14	1.368
0.748125076294	-0.044	-0.14	1.368
0.7503221035	-0.264	0.012	-0.06
0.752517938614	-0.264	0.012	-0.06
0.75471496582	-0.264	0.012	-0.06
0.756911993027	-0.332	0.104	-0.916
0.759114980698	-0.332	0.104	-0.916
0.761312007904	-0.288	0.056	-0.756
0.76350903511	-0.288	0.056	-0.756
0.765705108643	-0.04	-0.084	0.316
0.767903089523	-0.04	-0.084	0.316
0.770099878311	-0.04	-0.084	0.316
0.772295951843	0.204	-0.224	1.736
0.774492025375	0.204	-0.224	1.736
0.776688098907	0.312	-0.34	2.044
0.778889894485	0.312	-0.34	2.044
0.781115055084	0.28	-0.308	2.044
0.783313035965	0.28	-0.308	2.044
0.785510063171	0.28	-0.308	2.044
0.787712097168	0.072	-0.192	1.916
0.789908885956	0.072	-0.192	1.916
0.792104959488	-0.188	-0.036	0.468
0.794301986694	-0.188	-0.036	0.468
0.796499013901	-0.316	0.084	-0.684
0.798701047897	-0.316	0.084	-0.684
0.800908088684	-0.324	0.08	-0.948
0.803106069565	-0.324	0.08	-0.948
0.805301904678	-0.324	0.08	-0.948
0.807506084442	-0.152	-0.024	-0.192
0.809705972672	-0.152	-0.024	-0.192
0.811903953552	0.12	-0.164	1.184
0.814105033875	0.12	-0.164	1.184
0.816302061081	0.292	-0.32	2.044
0.818502902985	0.292	-0.32	2.044
0.821198940277	0.292	-0.32	2.044
0.823402881622	0.292	-0.348	2.044
0.825601100922	0.292	-0.348	2.044
0.8278028965	0.18	-0.26	2.044
0.83000087738	0.18	-0.26	2.044
0.832196950912	-0.092	-0.112	1.04
0.834393978119	-0.092	-0.112	1.04
0.836591005325	-0.272	0.048	-0.32
0.838793992996	-0.272	0.048	-0.32
0.840991973877	-0.272	0.048	-0.32
0.843189001083	-0.328	0.108	-0.964
0.84538602829	-0.328	0.108	-0.964
0.847588062286	-0.236	0.02	-0.608
0.84978890419	-0.236	0.02	-0.608
0.851985931396	0.008	-0.116	0.604
0.85418009758	0.008	-0.116	0.604
0.856374979019	0.008	-0.116	0.604
0.858577013016	0.236	-0.252	2.02
0.860771894455	0.236	-0.252	2.02
0.862978935242	0.308	-0.344	2.044
0.865175962448	0.308	-0.344	2.044
0.867377996445	0.244	-0.292	2.044
0.869575023651	0.244	-0.292	2.044
0.871771097183	0.244	-0.292	2.044
0.873966932297	0.02	-0.164	1.632
0.876162052155	0.02	-0.164	1.632
0.878362894058	-0.212	-0.004	0.176
0.880559921265	-0.212	-0.004	0.176
0.882761955261	-0.332	0.108	-0.828
0.884959936142	-0.332	0.108	-0.828
0.887156963348	-0.332	0.108	-0.828
0.889358043671	-0.3	0.08	-0.864
0.891556024551	-0.3	0.08	-0.864
0.893771886826	-0.1	-0.052	0.076
0.895970106125	-0.1	-0.052	0.076
0.898173093796	0.176	-0.204	1.488
0.900369882584	0.176	-0.204	1.488
0.90256690979	0.176	-0.204	1.488
0.904762983322	0.292	-0.324	2.044
0.906959056854	0.292	-0.324	2.044
0.909161090851	0.296	-0.312	2.044
0.911356925964	0.296	-0.312	2.044
0.913558006287	0.116	-0.212	2.044
0.915752887726	0.116	-0.212	2.044
0.917958021164	-0.156	-0.072	0.716
0.920156002045	-0.156	-0.072	0.716
0.922353029251	-0.156	-0.072	0.716
0.924570083618	-0.32	0.06	-0.52
0.926765918732	-0.32	0.06	-0.52
0.928963899612	-0.324	0.104	-0.972
0.931160926819	-0.324	0.104	-0.972
0.933357954025	-0.2	0.004	-0.384
0.935555934906	-0.2	0.004	-0.384
0.937758922577	-0.2	0.004	-0.384
0.939954996109	0.08	-0.148	0.932
0.942151069641	0.08	-0.148	0.932
0.944346904755	0.26	-0.3	2.044
0.946542024612	0.26	-0.3	2.044
0.948743104935	0.312	-0.348	2.044
0.950942993164	0.312	-0.348	2.044
0.953140974045	0.312	-0.348	2.044
0.955337047577	0.212	-0.264	2.044
0.957539081573	0.212	-0.264	2.044
0.959734916687	-0.052	-0.132	1.312
0.961932897568	-0.052	-0.132	1.312
0.9641289711	-0.26	0.008	-0.108
0.966325044632	-0.26	0.008	-0.108
0.968523025513	-0.26	0.008	-0.108
0.970721006393	-0.348	0.112	-0.928
0.972917079926	-0.348	0.112	-0.928
0.975115060806	-0.268	0.056	-0.736
0.977312088013	-0.268	0.056	-0.736
0.979507923126	-0.032	-0.056	0.352
0.981703996658	-0.032	-0.056	0.352
0.983901023865	-0.032	-0.056	0.352
0.986109972	0.208	-0.232	1.792
0.988307952881	0.208	-0.232	1.792
0.990504026413	0.32	-0.352	2.044
0.992700099945	0.32	-0.352	2.044
0.994895935059	0.26	-0.32	2.044
0.997091054916	0.26	-0.32	2.044
0.999293088913	0.26	-0.32	2.044
1.00148892403	0.052	-0.18	1.856
1.00368404388	0.052	-0.18	1.856
1.005879879	-0.2	-0.036	0.412
1.0080780983	-0.2	-0.036	0.412
1.01027488708	-0.328	0.08	-0.716
1.01247191429	-0.328	0.08	-0.716
1.0146689415	-0.328	0.08	-0.716
1.01686501503	-0.308	0.072	-0.92
1.01907801628	-0.308	0.072	-0.92
1.02127504349	-0.132	-0.02	-0.148
1.02347302437	-0.132	-0.02	-0.148
1.02567195892	0.148	-0.184	1.24
1.02786898613	0.148	-0.184	1.24
1.03006410599	0.284	-0.316	2.044
1.0322599411	0.284	-0.316	2.044
1.03445601463	0.284	-0.316	2.044
1.03665304184	0.304	-0.34	2.044
1.03885006905	0.304	-0.34	2.044
1.04104995728	0.172	-0.248	2.044
1.04324603081	0.172	-0.248	2.044
1.04544210434	-0.1	-0.092	0.98
1.0476500988	-0.1	-0.092	0.98
1.04984807968	-0.1	-0.092	0.98
1.05204391479	-0.296	0.048	-0.348
1.05424404144	-0.296	0.048	-0.348
1.05644202232	-0.336	0.096	-0.972
1.05864310265	-0.336	0.096	-0.972
1.06084108353	-0.248	0.016	-0.564
1.06303596497	-0.248	0.016	-0.564
1.06523299217	-0.248	0.016	-0.564
1.06743597984	0.012	-0.12	0.668
1.0696310997	0.012	-0.12	0.668
1.07182693481	0.232	-0.26	2.044
1.07402300835	0.232	-0.26	2.044
1.07621788979	0.292	-0.34	2.044
1.07845807076	0.292	-0.34	2.044
1.08065605164	0.292	-0.34	2.044
1.08285307884	0.244	-0.3	2.044
1.08504796028	0.244	-0.3	2.044
1.08725404739	0.008	-0.16	1.58
1.08945202827	0.008	-0.16	1.58
1.09164810181	-0.236	0.0	0.132
1.09383702278	-0.236	0.0	0.132
1.09602403641	-0.236	0.0	0.132
1.09821796417	-0.328	0.108	-0.84
1.10041594505	-0.328	0.108	-0.84
1.10261201859	-0.308	0.068	-0.836
1.10480809212	-0.308	0.068	-0.836
1.10700488091	-0.088	-0.056	0.092
1.10921692848	-0.088	-0.056	0.092
1.11141395569	-0.088	-0.056	0.092
1.11361002922	0.176	-0.212	1.54
1.11580610275	0.176	-0.212	1.54
1.11800789833	0.296	-0.328	2.044
1.12020397186	0.296	-0.328	2.044
1.12241196632	0.292	-0.328	2.044
1.12460803986	0.292	-0.328	2.044
1.12680411339	0.124	-0.216	2.044
1.12900090218	0.124	-0.216	2.044
1.13119792938	0.124	-0.216	2.044
1.13339400291	-0.152	-0.064	0.676
1.13559103012	-0.152	-0.064	0.676
1.13779306412	-0.308	0.068	-0.552
1.139991045	-0.308	0.068	-0.552
1.1421880722	-0.332	0.092	-0.964
1.14438509941	-0.332	0.092	-0.964
1.14658093452	-0.332	0.092	-0.964
1.14878201485	-0.18	-0.004	-0.356
1.1509809494	-0.18	-0.004	-0.356
1.15317893028	0.084	-0.148	0.968
1.15537810326	0.084	-0.148	0.968
1.15757894516	0.264	-0.288	2.044
1.1597878933	0.264	-0.288	2.044
1.16198611259	0.264	-0.288	2.044
1.16418194771	0.3	-0.34	2.044
1.16637802124	0.3	-0.34	2.044
1.16857910156	0.208	-0.276	2.044
1.1707880497	0.208	-0.276	2.044
1.17298293114	-0.052	-0.136	1.256
1.17517995834	-0.052	-0.136	1.256
1.17738389969	-0.052	-0.136	1.256
1.17958307266	-0.268	0.024	-0.156
1.1817779541	-0.268	0.024	-0.156
1.18397498131	-0.328	0.108	-0.936
1.18617105484	-0.328	0.108	-0.936
1.18837404251	-0.256	0.056	-0.712
1.19057488441	-0.256	0.056	-0.712
1.19277095795	-0.256	0.056	-0.712
1.19496798515	-0.032	-0.084	0.408
1.19716501236	-0.032	-0.084	0.408
1.19939398766	0.232	-0.236	1.836
1.20159101486	0.232	-0.236	1.836
1.2037858963	0.296	-0.344	2.044
1.20598196983	0.296	-0.344	2.044
1.20817899704	0.256	-0.316	2.044
1.21037507057	0.256	-0.316	2.044
1.21257090569	0.256	-0.316	2.044
1.21476602554	0.06	-0.2	1.808
1.21696090698	0.06	-0.2	1.808
1.21916294098	-0.212	-0.032	0.376
1.22135996819	-0.212	-0.032	0.376
1.22356009483	-0.324	0.084	-0.732
1.22575807571	-0.324	0.084	-0.732
1.22796201706	-0.324	0.084	-0.732
1.23015809059	-0.308	0.092	-0.948
1.23236489296	-0.308	0.092	-0.948
1.23456311226	-0.128	-0.036	-0.112
1.23675990105	-0.128	-0.036	-0.112
1.23895907402	0.148	-0.184	1.268
1.24115490913	0.148	-0.184	1.268
1.24335002899	0.148	-0.184	1.268
1.24554610252	0.276	-0.32	2.044
1.24774193764	0.276	-0.32	2.044
1.2499370575	0.28	-0.336	2.044
1.25213289261	0.28	-0.336	2.044
1.25432801247	0.152	-0.248	2.044
1.256524086	0.152	-0.248	2.044
1.2587389946	0.152	-0.248	2.044
1.26093697548	-0.112	-0.108	0.944
1.26313400269	-0.112	-0.108	0.944
1.26533102989	-0.284	0.06	-0.38
1.2675280571	-0.284	0.06	-0.38
1.26972389221	-0.344	0.116	-0.972
1.27192091942	-0.344	0.116	-0.972
1.27411794662	-0.344	0.116	-0.972
1.27631402016	-0.224	0.016	-0.532
1.27851104736	-0.224	0.016	-0.532
1.28070807457	0.04	-0.128	0.7
1.28290295601	0.04	-0.128	0.7
1.28509807587	0.24	-0.264	2.044
1.28729391098	0.24	-0.264	2.044
1.28949093819	0.24	-0.264	2.044
1.29169011116	0.304	-0.336	2.044
1.29389691353	0.304	-0.336	2.044
1.29609394073	0.24	-0.288	2.044
1.29829001427	0.24	-0.288	2.044
1.30048704147	-0.004	-0.148	1.516
1.30268502235	-0.004	-0.148	1.516
1.30488204956	-0.004	-0.148	1.516
1.30708003044	-0.244	-0.004	0.084
1.30927801132	-0.244	-0.004	0.084
1.31147408485	-0.328	0.092	-0.856
1.31367111206	-0.328	0.092	-0.856
1.31586790085	-0.304	0.068	-0.828
1.31808710098	-0.304	0.068	-0.828
1.32028603554	-0.092	-0.06	0.156
1.32248306274	-0.092	-0.06	0.156
1.32468008995	-0.092	-0.06	0.156
1.32688093185	0.184	-0.216	1.572
1.32907891273	0.184	-0.216	1.572
1.33127498627	0.304	-0.332	2.044
1.33347010612	0.304	-0.332	2.044
1.33566594124	0.296	-0.324	2.044
1.33786892891	0.296	-0.324	2.044
1.34006500244	0.296	-0.324	2.044
1.34226107597	0.112	-0.212	2.044
1.34445691109	0.112	-0.212	2.044
1.34665203094	-0.164	-0.06	0.652
1.3488509655	-0.164	-0.06	0.652
1.35104703903	-0.324	0.076	-0.588
1.35324501991	-0.324	0.076	-0.588
1.3554520607	-0.324	0.076	-0.588
1.35765099525	-0.332	0.108	-0.964
1.35985207558	-0.332	0.108	-0.964
1.36204910278	-0.192	-0.004	-0.316
1.36424708366	-0.192	-0.004	-0.316
1.36644411087	0.088	-0.152	1.008
1.36864209175	0.088	-0.152	1.008
1.37084197998	0.088	-0.152	1.008
1.37303805351	0.26	-0.292	2.044
1.37523508072	0.26	-0.292	2.044
1.37743592262	0.292	-0.336	2.044
1.37963294983	0.292	-0.336	2.044
1.38182902336	0.208	-0.276	2.044
1.38402509689	0.208	-0.276	2.044
1.38621997833	0.208	-0.276	2.044
1.38845491409	-0.064	-0.128	1.224
1.39065289497	-0.064	-0.128	1.224
1.39285087585	-0.264	0.02	-0.16
1.3950510025	-0.264	0.02	-0.16
1.39724898338	-0.32	0.108	-0.94
1.39944601059	-0.32	0.108	-0.94
1.4016430378	-0.32	0.108	-0.94
1.40383911133	-0.26	0.048	-0.692
1.40603590012	-0.26	0.048	-0.692
1.40823197365	-0.02	-0.084	0.42
1.41042804718	-0.02	-0.084	0.42
1.41262388229	0.244	-0.244	1.864
1.41481995583	0.244	-0.244	1.864
1.41705608368	0.308	-0.352	2.044
1.41926002502	0.308	-0.352	2.044
1.42145609856	0.308	-0.352	2.044
1.42365193367	0.26	-0.324	2.044
1.4258480072	0.26	-0.324	2.044
1.42805409431	0.048	-0.18	1.784
1.4302508831	0.048	-0.18	1.784
1.43244791031	-0.208	-0.04	0.34
1.43464493752	-0.208	-0.04	0.34
1.43684101105	-0.208	-0.04	0.34
1.43904304504	-0.312	0.08	-0.744
1.44124102592	-0.312	0.08	-0.744
1.44343805313	-0.312	0.08	-0.916
1.44563508034	-0.312	0.08	-0.916
1.44783306122	-0.136	-0.032	-0.092
1.45003008842	-0.136	-0.032	-0.092
1.45222687721	-0.136	-0.032	-0.092
1.45442295074	0.14	-0.188	1.312
1.4566180706	0.14	-0.188	1.312
1.45882201195	0.288	-0.32	2.044
1.46101999283	0.288	-0.32	2.044
1.46321892738	0.288	-0.336	2.044
1.46541595459	0.288	-0.336	2.044
1.46761894226	0.288	-0.336	2.044
1.46981596947	0.144	-0.232	2.044
1.472012043	0.144	-0.232	2.044
1.47420907021	-0.116	-0.092	0.912
1.47640490532	-0.116	-0.092	0.912
1.4786169529	-0.288	0.048	-0.4
1.48081493378	-0.288	0.048	-0.4
1.48301100731	-0.288	0.048	-0.4
1.48520803452	-0.328	0.088	-0.98
1.4874060154	-0.328	0.088	-0.98
1.4896030426	-0.212	0.024	-0.516
1.49180006981	-0.212	0.024	-0.516
1.49399590492	0.028	-0.124	0.728
1.49624300003	0.028	-0.124	0.728
1.49847006798	0.256	-0.272	2.044
1.50066804886	0.256	-0.272	2.044
1.5028629303	0.256	-0.272	2.044
1.50505900383	0.312	-0.332	2.044
1.50726103783	0.312	-0.332	2.044
1.50945711136	0.236	-0.284	2.044
1.5116519928	0.236	-0.284	2.044
1.51384902	0.0	-0.156	1.5
1.51603388786	0.0	-0.156	1.5
1.51822590828	0.0	-0.156	1.5
1.52041101456	-0.248	0.012	0.072
1.52260708809	-0.248	0.012	0.072
1.52480196953	-0.332	0.096	-0.872
1.52699899673	-0.332	0.096	-0.872
1.52920293808	-0.292	0.06	-0.824
1.5314040184	-0.292	0.06	-0.824
1.53360104561	-0.292	0.06	-0.824
1.53579688072	-0.064	-0.072	0.168
1.53800010681	-0.064	-0.072	0.168
1.54021787643	0.188	-0.216	1.592
1.54241490364	0.188	-0.216	1.592
1.54461097717	0.296	-0.336	2.044
1.5468070507	0.296	-0.336	2.044
1.54900789261	0.296	-0.336	2.044
1.55120396614	0.284	-0.316	2.044
1.55340003967	0.284	-0.316	2.044
1.55559706688	0.128	-0.216	2.044
1.55779910088	0.128	-0.216	2.044
1.55999493599	-0.164	-0.072	0.624
1.5621919632	-0.164	-0.072	0.624
1.56439208984	-0.164	-0.072	0.624
1.56658887863	-0.308	0.072	-0.58
1.56878995895	-0.308	0.072	-0.58
1.5709900856	-0.336	0.1	-0.98
1.57318711281	-0.336	0.1	-0.98
1.57538294792	-0.164	-0.012	-0.332
1.57758188248	-0.164	-0.012	-0.332
1.57978105545	-0.164	-0.012	-0.332
1.58197903633	0.1	-0.164	1.016
1.58417510986	0.1	-0.164	1.016
1.58637094498	0.272	-0.28	2.044
1.58856797218	0.272	-0.28	2.044
1.59076309204	0.312	-0.34	2.044
1.59295892715	0.312	-0.34	2.044
1.59515595436	0.312	-0.34	2.044
1.59735298157	0.208	-0.276	2.044
1.59955310822	0.208	-0.276	2.044
1.60175895691	-0.064	-0.112	1.208
1.60395693779	-0.064	-0.112	1.208
1.606153965	-0.28	0.02	-0.176
1.60835289955	-0.28	0.02	-0.176
1.61054897308	-0.344	0.1	-0.936
1.61274504662	-0.344	0.1	-0.936
1.6149430275	-0.344	0.1	-0.936
1.6171400547	-0.264	0.048	-0.68
1.6193420887	-0.264	0.048	-0.68
1.62153887749	-0.016	-0.088	0.444
1.62373399734	-0.016	-0.088	0.444
1.62593197823	0.216	-0.252	1.868
1.6281349659	0.216	-0.252	1.868
1.63033103943	0.216	-0.252	1.868
1.63252997398	0.308	-0.348	2.044
1.63472700119	0.308	-0.348	2.044
1.6369240284	0.256	-0.312	2.044
1.6391210556	0.256	-0.312	2.044
1.64131808281	0.052	-0.184	1.792
1.64351391792	0.052	-0.184	1.792
1.64570999146	0.052	-0.184	1.792
1.64790701866	-0.204	-0.016	0.336
1.65010404587	-0.204	-0.016	0.336
1.65229892731	-0.32	0.096	-0.752
1.65449595451	-0.32	0.096	-0.752
1.65669298172	-0.312	0.076	-0.916
1.65889406204	-0.312	0.076	-0.916
1.66109204292	-0.312	0.076	-0.916
1.66329789162	-0.14	-0.036	-0.084
1.66549611092	-0.14	-0.036	-0.084
1.66769790649	0.148	-0.184	1.312
1.66988706589	0.148	-0.184	1.312
1.67207598686	0.292	-0.328	2.044
1.67426395416	0.292	-0.328	2.044
1.67645311356	0.292	-0.328	2.044
1.67865109444	0.3	-0.34	2.044
1.68084907532	0.3	-0.34	2.044
1.68304610252	0.164	-0.224	2.044
1.68524193764	0.164	-0.224	2.044
1.68743896484	-0.112	-0.096	0.916
1.68963694572	-0.112	-0.096	0.916
1.69183301926	-0.112	-0.096	0.916
1.69402909279	-0.292	0.056	-0.408
1.69622588158	-0.292	0.056	-0.408
1.69848799706	-0.336	0.104	-0.976
1.70069003105	-0.336	0.104	-0.976
1.70288991928	-0.24	0.008	-0.516
1.70508694649	-0.24	0.008	-0.516
1.70728588104	0.036	-0.128	0.728
1.70948195457	0.036	-0.128	0.728
1.71167898178	0.036	-0.128	0.728
1.71387410164	0.252	-0.268	2.044
1.71607089043	0.252	-0.268	2.044
1.71827292442	0.324	-0.352	2.044
1.72046995163	0.324	-0.352	2.044
1.72266602516	0.24	-0.288	2.044
1.72487092018	0.24	-0.288	2.044
1.72706699371	0.24	-0.288	2.044
1.72926902771	0.0	-0.152	1.504
1.73145794868	0.0	-0.152	1.504
1.73364591599	-0.24	-0.008	0.076
1.73584604263	-0.24	-0.008	0.076
1.73804306984	-0.32	0.112	-0.876
1.74024105072	-0.32	0.112	-0.876
1.74243807793	-0.32	0.112	-0.876
1.74463391304	-0.292	0.06	-0.812
1.74682998657	-0.292	0.06	-0.812
1.74903297424	-0.068	-0.06	0.164
1.75122904778	-0.068	-0.06	0.164
1.75342702866	0.184	-0.216	1.62
1.75562310219	0.184	-0.216	1.62
1.75782489777	0.184	-0.216	1.62
1.7600209713	0.304	-0.328	2.044
1.7622179985	0.304	-0.328	2.044
1.76441287994	0.28	-0.324	2.044
1.76660895348	0.28	-0.324	2.044
1.76881098747	0.088	-0.208	2.028
1.77101206779	0.088	-0.208	2.028
1.77320790291	0.088	-0.208	2.028
1.77540397644	-0.184	-0.076	0.62
1.77760696411	-0.184	-0.076	0.62
1.77980399132	-0.316	0.08	-0.6
1.78200101852	-0.316	0.08	-0.6
1.78419709206	-0.324	0.1	-0.972
1.78640294075	-0.324	0.1	-0.972
1.78860592842	-0.324	0.1	-0.972
1.79080295563	-0.172	-0.02	-0.324
1.79300189018	-0.172	-0.02	-0.324
1.79520392418	0.092	-0.148	1.04
1.79740595818	0.092	-0.148	1.04
1.79960203171	0.268	-0.3	2.044
1.80179691315	0.268	-0.3	2.044
1.80399608612	0.304	-0.34	2.044
1.80619192123	0.304	-0.34	2.044
1.80838799477	0.304	-0.34	2.044
1.8105840683	0.192	-0.252	2.044
1.81277894974	0.192	-0.252	2.044
1.81497502327	-0.068	-0.124	1.2
1.81720209122	-0.068	-0.124	1.2
1.81940197945	-0.284	0.028	-0.184
1.82159900665	-0.284	0.028	-0.184
1.82379603386	-0.284	0.028	-0.184
1.82599210739	-0.336	0.104	-0.932
1.82819509506	-0.336	0.104	-0.932
1.83039188385	-0.256	0.04	-0.684
1.83259010315	-0.256	0.04	-0.684
1.83478689194	-0.016	-0.092	0.444
1.83698606491	-0.016	-0.092	0.444
1.83918905258	-0.016	-0.092	0.444
1.84138607979	0.22	-0.244	1.872
1.84358096123	0.22	-0.244	1.872
1.84577703476	0.316	-0.36	2.044
1.84798288345	0.316	-0.36	2.044
1.85017991066	0.252	-0.316	2.044
1.85237407684	0.252	-0.316	2.044
1.85456991196	0.252	-0.316	2.044
1.85676503181	0.036	-0.18	1.768
1.85896706581	0.036	-0.18	1.768
1.86116290092	-0.216	-0.028	0.332
1.86335897446	-0.216	-0.028	0.332
1.86555600166	-0.32	0.092	-0.74
1.86775994301	-0.32	0.092	-0.74
1.86995601654	-0.32	0.092	-0.74
1.8721549511	-0.312	0.084	-0.916
1.8743519783	-0.312	0.084	-0.916
1.87654900551	-0.124	-0.036	-0.084
1.87875199318	-0.124	-0.036	-0.084
1.88094902039	0.14	-0.188	1.308
1.88314509392	0.14	-0.188	1.308
1.88533997536	0.14	-0.188	1.308
1.88754105568	0.296	-0.316	2.044
1.88973689079	0.296	-0.316	2.044
1.89193296432	0.3	-0.336	2.044
1.89412903786	0.3	-0.336	2.044
1.89632511139	0.16	-0.244	2.044
1.89852595329	0.16	-0.244	2.044
1.90072202682	-0.116	-0.088	0.9
1.90291905403	-0.116	-0.088	0.9
1.90511989594	-0.116	-0.088	0.9
1.90732288361	-0.292	0.072	-0.404
1.90952992439	-0.292	0.072	-0.404
1.9117269516	-0.336	0.1	-0.988
1.9139289856	-0.336	0.1	-0.988
1.9161260128	-0.228	0.02	-0.504
1.91832494736	-0.228	0.02	-0.504
1.92052292824	-0.228	0.02	-0.504
1.92272090912	0.048	-0.128	0.744
1.92494797707	0.048	-0.128	0.744
1.9271440506	0.256	-0.272	2.044
1.92934203148	0.256	-0.272	2.044
1.93153905869	0.304	-0.352	2.044
1.93373394012	0.304	-0.352	2.044
1.93593001366	0.304	-0.352	2.044
1.93813204765	0.236	-0.28	2.044
1.94033193588	0.236	-0.28	2.044
1.94252800941	0.004	-0.156	1.5
1.94471907616	0.004	-0.156	1.5
1.94690990448	-0.236	-0.008	0.072
1.94911193848	-0.236	-0.008	0.072
1.95130896568	-0.236	-0.008	0.072
1.95350503922	-0.34	0.1	-0.876
1.95570111275	-0.34	0.1	-0.876
1.95790410042	-0.3	0.064	-0.82
1.96010088921	-0.3	0.064	-0.82
1.96229791641	-0.076	-0.064	0.164
1.96449398994	-0.076	-0.064	0.164
1.96669006348	-0.076	-0.064	0.164
1.96888804436	0.192	-0.22	1.6
1.97109699249	0.192	-0.22	1.6
1.97329688072	0.3	-0.324	2.044
1.97549390793	0.3	-0.324	2.044
1.9776968956	0.284	-0.324	2.044
1.97989296913	0.284	-0.324	2.044
1.98208904266	0.284	-0.324	2.044
1.98428487778	0.108	-0.216	2.044
1.98648095131	0.108	-0.216	2.044
1.98867893219	-0.164	-0.068	0.64
1.99087500572	-0.164	-0.068	0.64
1.99307203293	-0.324	0.076	-0.588
1.99526906013	-0.324	0.076	-0.588
1.99747204781	-0.328	0.096	-0.972
1.99966788292	-0.328	0.096	-0.972
2.00186491013	-0.328	0.096	-0.972
2.00406193733	-0.184	-0.008	-0.328
2.00625896454	-0.184	-0.008	-0.328
2.00849890709	0.096	-0.16	1.028
2.01069688797	0.096	-0.16	1.028
2.0128929615	0.264	-0.296	2.044
2.01508903503	0.264	-0.296	2.044
2.01728987694	0.264	-0.296	2.044
2.01948690414	0.304	-0.344	2.044
2.021682024	0.304	-0.344	2.044
2.02387809753	0.204	-0.252	2.044
2.02607297897	0.204	-0.252	2.044
2.0282740593	-0.068	-0.12	1.224
2.0304710865	-0.068	-0.12	1.224
2.03267788887	-0.068	-0.12	1.224
2.03487491608	-0.284	0.02	-0.168
2.03707098961	-0.284	0.02	-0.168
2.03927302361	-0.324	0.108	-0.94
2.04147291183	-0.324	0.108	-0.94
2.04366993904	-0.256	0.044	-0.704
2.04586696625	-0.256	0.044	-0.704
2.04806303978	-0.256	0.044	-0.704
2.05026006699	-0.008	-0.088	0.432
2.0524559021	-0.008	-0.088	0.432
2.05465197563	0.22	-0.244	1.864
2.05684709549	0.22	-0.244	1.864
2.05904698372	0.316	-0.352	2.044
2.06124305725	0.316	-0.352	2.044
2.06343793869	0.316	-0.352	2.044
2.0656349659	0.26	-0.328	2.044
2.06783699989	0.26	-0.328	2.044
2.0700340271	0.036	-0.176	1.796
2.07223010063	0.036	-0.176	1.796
2.07442688942	-0.204	-0.032	0.356
2.07662701607	-0.204	-0.032	0.356
2.07882905006	-0.204	-0.032	0.356
2.08102488518	-0.32	0.08	-0.736
2.08322191238	-0.32	0.08	-0.736
2.08541893959	-0.304	0.084	-0.92
2.08762001991	-0.304	0.084	-0.92
2.08982205391	-0.128	-0.036	-0.096
2.09201908112	-0.128	-0.036	-0.096
2.09422492981	0.14	-0.188	1.3
2.09642195702	0.14	-0.188	1.3
2.09862303734	0.14	-0.188	1.3
2.10081911087	0.28	-0.32	2.044
2.10301494598	0.28	-0.32	2.044
2.10521101952	0.296	-0.344	2.044
2.10741305351	0.296	-0.344	2.044
2.10961198807	0.136	-0.24	2.044
2.11180901527	0.136	-0.24	2.044
2.11400389671	0.136	-0.24	2.044
2.11619901657	-0.116	-0.084	0.952
2.11840200424	-0.116	-0.084	0.952
2.12059807777	-0.288	0.052	-0.396
2.12279510498	-0.288	0.052	-0.396
2.12499094009	-0.332	0.096	-0.976
2.12719392776	-0.332	0.096	-0.976
2.12939095497	-0.332	0.096	-0.976
2.13158607483	-0.228	0.012	-0.52
2.13378190994	-0.228	0.012	-0.52
2.13597893715	0.04	-0.12	0.704
2.13818097115	0.04	-0.12	0.704
2.140376091	0.248	-0.264	2.044
2.14257097244	0.248	-0.264	2.044
2.14477109909	0.248	-0.264	2.044
2.1469669342	0.3	-0.344	2.044
2.1491689682	0.3	-0.344	2.044
2.15136504173	0.244	-0.304	2.044
2.15356087685	0.244	-0.304	2.044
2.15577507019	-0.008	-0.156	1.52
2.15797805786	-0.008	-0.156	1.52
2.16017508507	-0.008	-0.156	1.52
2.16237306595	-0.248	0.0	0.084
2.16456103325	-0.248	0.0	0.084
2.16674804688	-0.324	0.1	-0.852
2.1689479351	-0.324	0.1	-0.852
2.17114901543	-0.296	0.064	-0.824
2.17334604263	-0.296	0.064	-0.824
2.17554092407	-0.296	0.064	-0.824
2.1777510643	-0.084	-0.064	0.164
2.17997694016	-0.084	-0.064	0.164
2.1821770668	0.188	-0.22	1.576
2.18437409401	0.188	-0.22	1.576
2.1865708828	0.284	-0.316	2.044
2.1887691021	0.284	-0.316	2.044
2.19096493721	0.292	-0.324	2.044
2.19316101074	0.292	-0.324	2.044
2.19535708427	0.292	-0.324	2.044
2.19755411148	0.112	-0.212	2.044
2.19975090027	0.112	-0.212	2.044
2.2019469738	-0.164	-0.068	0.652
2.20414400101	-0.164	-0.068	0.652
2.20634007454	-0.312	0.072	-0.592
2.20854210854	-0.312	0.072	-0.592
2.21074008942	-0.312	0.072	-0.592
2.21294093132	-0.336	0.104	-0.984
2.21513795853	-0.336	0.104	-0.984
2.2173500061	-0.184	-0.016	-0.344
2.21954798698	-0.184	-0.016	-0.344
2.22174596786	0.104	-0.18	1.0
2.22393894196	0.104	-0.18	1.0
2.22613096237	0.104	-0.18	1.0
2.22832894325	0.252	-0.292	2.044
2.23052406311	0.252	-0.292	2.044
2.23271989822	0.312	-0.344	2.044
2.23491597176	0.312	-0.344	2.044
2.23711299896	0.208	-0.264	2.044
2.23931002617	0.208	-0.264	2.044
2.2415060997	0.208	-0.264	2.044
2.24370098114	-0.068	-0.124	1.248
2.2458999157	-0.068	-0.124	1.248
2.24810004234	-0.272	0.016	-0.144
2.25029587746	-0.272	0.016	-0.144
2.25249195099	-0.352	0.108	-0.936
2.25468802452	-0.352	0.108	-0.936
2.25688409805	-0.352	0.108	-0.936
2.25908493996	-0.26	0.056	-0.72
2.26128196716	-0.26	0.056	-0.72
2.26347899437	-0.012	-0.096	0.416
2.26567602158	-0.012	-0.096	0.416
2.26787805557	0.212	-0.244	1.84
2.27007293701	0.212	-0.244	1.84
2.27226805687	0.212	-0.244	1.84
2.27446293831	0.316	-0.348	2.044
2.27665996552	0.316	-0.348	2.044
2.27887010574	0.28	-0.316	2.044
2.28107094765	0.28	-0.316	2.044
2.28326702118	0.056	-0.188	1.816
2.28546309471	0.056	-0.188	1.816
2.28766489029	0.056	-0.188	1.816
2.28986096382	-0.208	-0.04	0.364
2.29205703735	-0.208	-0.04	0.364
2.29425406456	-0.324	0.084	-0.736
2.29645109177	-0.324	0.084	-0.736
2.29865288734	-0.3	0.076	-0.92
2.30085110664	-0.3	0.076	-0.92
2.30304694176	-0.144	-0.032	-0.112
2.30524492264	-0.144	-0.032	-0.112
2.3074491024	-0.144	-0.032	-0.112
2.30964708328	0.132	-0.192	1.284
2.3118429184	0.132	-0.192	1.284
2.31404304504	0.292	-0.328	2.044
2.31623888016	0.292	-0.328	2.044
2.31847906113	0.284	-0.344	2.044
2.32067704201	0.284	-0.344	2.044
2.32287287712	0.284	-0.344	2.044
2.32506895065	0.16	-0.248	2.044
2.32727098465	0.16	-0.248	2.044
2.32946705818	-0.112	-0.088	0.936
2.33166503906	-0.112	-0.088	0.936
2.33386206627	-0.284	0.052	-0.38
2.33605909348	-0.284	0.052	-0.38
2.33826088905	-0.284	0.052	-0.38
2.34046697617	-0.332	0.1	-0.964
2.34266495705	-0.332	0.1	-0.964
2.34486103058	-0.232	0.02	-0.532
2.34705710411	-0.232	0.02	-0.532
2.34926390648	0.028	-0.124	0.688
2.35145902634	0.028	-0.124	0.688
2.35365390778	0.028	-0.124	0.688
2.35584902763	0.248	-0.264	2.044
2.35805010796	0.248	-0.264	2.044
2.36024594307	0.3	-0.352	2.044
2.36245393753	0.3	-0.352	2.044
2.36465096474	0.236	-0.292	2.044
2.36684608459	0.236	-0.292	2.044
2.36904501915	0.236	-0.292	2.044
2.37124490738	-0.004	-0.164	1.528
2.37344098091	-0.004	-0.164	1.528
2.37563800812	-0.228	-0.008	0.112
2.37784194946	-0.228	-0.008	0.112
2.38003897667	-0.328	0.104	-0.852
2.38224005699	-0.328	0.104	-0.852
2.3844370842	-0.328	0.104	-0.852
2.3866341114	-0.288	0.044	-0.82
2.38883590698	-0.288	0.044	-0.82
2.39103293419	-0.08	-0.056	0.12
2.3932299614	-0.08	-0.056	0.12
2.39542508125	0.18	-0.212	1.544
2.39762806892	0.18	-0.212	1.544
2.39982509613	0.3	-0.328	2.044
2.40202999115	0.3	-0.328	2.044
2.40422606468	0.3	-0.328	2.044
2.4064218998	0.28	-0.316	2.044
2.40862298012	0.28	-0.316	2.044
2.41081905365	0.108	-0.212	2.044
2.41301608086	0.108	-0.212	2.044
2.4152109623	-0.16	-0.068	0.672
2.41741800308	-0.16	-0.068	0.672
2.41961503029	-0.16	-0.068	0.672
2.4218120575	-0.324	0.1	-0.568
2.42400789261	-0.324	0.1	-0.568
2.42620491982	-0.328	0.096	-0.972
2.4284029007	-0.328	0.096	-0.972
2.43060088158	-0.188	-0.012	-0.352
2.43279790878	-0.188	-0.012	-0.352
2.43499588966	-0.188	-0.012	-0.352
2.43720006943	0.092	-0.144	0.968
2.43939709663	0.092	-0.144	0.968
2.44159197807	0.276	-0.288	2.044
2.44378805161	0.276	-0.288	2.044
2.44598293304	0.308	-0.34	2.044
2.44817996025	0.308	-0.34	2.044
2.4503800869	0.308	-0.34	2.044
2.45257592201	0.204	-0.268	2.044
2.45477104187	0.204	-0.268	2.044
2.45696592331	-0.04	-0.16	1.272
2.45916891098	-0.04	-0.16	1.272
2.46136498451	-0.28	0.024	-0.14
2.46357107162	-0.28	0.024	-0.14
2.46580696106	-0.28	0.024	-0.14
2.4680120945	-0.348	0.096	-0.932
2.47021007538	-0.348	0.096	-0.932
2.47240710258	-0.272	0.056	-0.712
2.47460389137	-0.272	0.056	-0.712
2.47679901123	-0.032	-0.084	0.404
2.47900104523	-0.032	-0.084	0.404
2.48119807243	-0.032	-0.084	0.404
2.48339390755	0.216	-0.244	1.808
2.48559403419	0.216	-0.244	1.808
2.4877910614	0.308	-0.336	2.044
2.48998689651	0.308	-0.336	2.044
2.49218297005	0.268	-0.296	2.044
2.49437689781	0.268	-0.296	2.044
2.49657392502	0.056	-0.188	1.84
2.49877095222	0.056	-0.188	1.84
2.50096607208	0.056	-0.188	1.84
2.5031619072	-0.204	-0.024	0.4
2.5053589344	-0.204	-0.024	0.4
2.50756192207	-0.324	0.088	-0.72
2.50975990295	-0.324	0.088	-0.72
2.51195597649	-0.324	0.092	-0.936
2.51415300369	-0.324	0.092	-0.936
2.51634907722	-0.324	0.092	-0.936
2.51855587959	-0.14	-0.028	-0.14
2.52075409889	-0.14	-0.028	-0.14
2.52295088768	0.14	-0.188	1.248
2.52515602112	0.14	-0.188	1.248
2.52735900879	0.292	-0.34	2.044
2.529556036	0.292	-0.34	2.044
2.53175210953	0.292	-0.34	2.044
2.53394794464	0.312	-0.348	2.044
2.53614401817	0.312	-0.348	2.044
2.53834605217	0.168	-0.244	2.044
2.54054403305	0.168	-0.244	2.044
2.54274010658	-0.108	-0.092	0.98
2.54493689537	-0.108	-0.092	0.98
2.5471329689	-0.108	-0.092	0.98
2.54933595657	-0.276	0.052	-0.364
2.55153298378	-0.276	0.052	-0.364
2.5537340641	-0.336	0.104	-0.98
2.55593299866	-0.336	0.104	-0.98
2.55813598633	-0.244	0.016	-0.564
2.56033301353	-0.244	0.016	-0.564
2.56253004074	-0.244	0.016	-0.564
2.56472587585	0.028	-0.104	0.652
2.56692290306	0.028	-0.104	0.652
2.56911993027	0.236	-0.264	2.044
2.5713160038	0.236	-0.264	2.044
2.57351207733	0.304	-0.352	2.044
2.57570695877	0.304	-0.352	2.044
2.57790899277	0.304	-0.352	2.044
2.58010601997	0.24	-0.284	2.044
2.58230304718	0.24	-0.284	2.044
2.58449792862	0.016	-0.16	1.564
2.58670806885	0.016	-0.16	1.564
2.58891010284	-0.232	-0.004	0.128
2.59110689163	-0.232	-0.004	0.128
2.59330296516	-0.336	0.112	-0.844
2.59549999237	-0.336	0.112	-0.844
2.59770393372	-0.336	0.112	-0.844
2.59990096092	-0.288	0.064	-0.848
2.60209798813	-0.288	0.064	-0.848
2.60429501534	-0.096	-0.056	0.124
2.60649204254	-0.096	-0.056	0.124
2.60869288445	0.176	-0.22	1.532
2.61089110374	0.176	-0.22	1.532
2.61308598518	0.176	-0.22	1.532
2.61528205872	0.284	-0.32	2.044
2.61748409271	0.284	-0.32	2.044
2.61967992783	0.28	-0.324	2.044
2.6218791008	0.28	-0.324	2.044
2.62407493591	0.112	-0.22	2.044
2.62627196312	0.112	-0.22	2.044
2.62850594521	0.112	-0.22	2.044
2.63070297241	-0.172	-0.068	0.68
2.63289999962	-0.172	-0.068	0.68
2.63509702682	-0.324	0.072	-0.56
2.63730096817	-0.324	0.072	-0.56
2.6394970417	-0.324	0.092	-0.972
2.64169406891	-0.324	0.092	-0.972
2.64389204979	-0.324	0.092	-0.972
2.646089077	-0.196	-0.008	-0.364
2.64831399918	-0.196	-0.008	-0.364
2.65051293373	0.088	-0.152	0.964
2.65270996094	0.088	-0.152	0.964
2.65490889549	0.252	-0.28	2.044
2.65710496902	0.252	-0.28	2.044
2.6593079567	0.252	-0.28	2.044
2.6615049839	0.308	-0.348	2.044
2.66370010376	0.308	-0.348	2.044
2.66589593887	0.196	-0.272	2.044
2.66809797287	0.196	-0.272	2.044
2.67028594017	-0.052	-0.132	1.264
2.67247605324	-0.052	-0.132	1.264
2.67466497421	-0.052	-0.132	1.264
2.67685604095	-0.272	0.024	-0.132
2.67905902863	-0.272	0.024	-0.132
2.68125796318	-0.336	0.1	-0.928
2.68345689774	-0.336	0.1	-0.928
2.68565392494	-0.268	0.052	-0.712
2.68785309792	-0.268	0.052	-0.712
2.69005393982	-0.012	-0.076	0.384
2.69225001335	-0.012	-0.076	0.384
2.69444608688	-0.012	-0.076	0.384
2.696641922	0.212	-0.236	1.832
2.69884300232	0.212	-0.236	1.832
2.70104002953	0.3	-0.348	2.044
2.70323610306	0.3	-0.348	2.044
2.70543193817	0.26	-0.312	2.044
2.70763397217	0.26	-0.312	2.044
2.70984005928	0.26	-0.312	2.044
2.71203589439	0.052	-0.2	1.852
2.71423196793	0.052	-0.2	1.852
2.71642804146	-0.2	-0.04	0.392
2.71862506866	-0.2	-0.04	0.392
2.72082209587	-0.316	0.088	-0.72
2.72302293777	-0.316	0.088	-0.72
2.72522091866	-0.316	0.088	-0.72
2.72742295265	-0.332	0.1	-0.924
2.72961997986	-0.332	0.1	-0.924
2.73181700706	-0.144	-0.032	-0.136
2.73401403427	-0.144	-0.032	-0.136
2.7362101078	0.14	-0.168	1.248
2.7384428978	0.14	-0.168	1.248
2.74064207077	0.14	-0.168	1.248
2.74283909798	0.288	-0.32	2.044
2.74503493309	0.288	-0.32	2.044
2.7472319603	0.3	-0.344	2.044
2.74942803383	0.3	-0.344	2.044
2.75162291527	0.16	-0.244	2.044
2.7538189888	0.16	-0.244	2.044
2.75601410866	0.16	-0.244	2.044
2.75821805	-0.116	-0.096	0.98
2.76041507721	-0.116	-0.096	0.98
2.76261210442	-0.288	0.06	-0.356
2.7648088932	-0.288	0.06	-0.356
2.76700496674	-0.336	0.108	-0.972
2.76920294762	-0.336	0.108	-0.972
2.77140903473	-0.336	0.108	-0.972
2.77360606194	-0.24	0.02	-0.552
2.77580189705	-0.24	0.02	-0.552
2.77800393105	0.02	-0.116	0.664
2.78020000458	0.02	-0.116	0.664
2.78239488602	0.248	-0.268	2.044
2.78459000587	0.248	-0.268	2.044
2.78678607941	0.312	-0.34	2.044
2.78902792931	0.312	-0.34	2.044
2.79123091698	0.312	-0.34	2.044
2.79342889786	0.264	-0.292	2.044
2.79562497139	0.264	-0.292	2.044
2.79782700539	0.012	-0.156	1.564
2.80002307892	0.012	-0.156	1.564
2.80221891403	-0.24	-0.012	0.128
2.80441594124	-0.24	-0.012	0.128
2.80661296844	-0.24	-0.012	0.128
2.80881404877	-0.328	0.104	-0.848
2.81101298332	-0.328	0.104	-0.848
2.81320905685	-0.304	0.068	-0.84
2.81540608406	-0.304	0.068	-0.84
2.81760692596	-0.096	-0.068	0.104
2.81980395317	-0.096	-0.068	0.104
2.82199907303	-0.096	-0.068	0.104
2.82419490814	0.184	-0.216	1.524
2.82639408112	0.184	-0.216	1.524
2.82859587669	0.284	-0.316	2.044
2.83079195023	0.284	-0.316	2.044
2.83299708366	0.308	-0.344	2.044
2.83519291878	0.308	-0.344	2.044
2.83739495277	0.308	-0.344	2.044
2.83959102631	0.12	-0.22	2.044
2.84178709984	0.12	-0.22	2.044
2.84398293495	-0.16	-0.072	0.692
2.84617805481	-0.16	-0.072	0.692
2.84837508202	-0.312	0.068	-0.552
2.85057210922	-0.312	0.068	-0.552
2.85276889801	-0.312	0.068	-0.552
2.85496497154	-0.328	0.088	-0.968
2.85716199875	-0.328	0.088	-0.968
2.85943293571	-0.192	-0.008	-0.368
2.86163210869	-0.192	-0.008	-0.368
2.86383008957	0.088	-0.136	0.948
2.86602592468	0.088	-0.136	0.948
2.86822795868	0.088	-0.136	0.948
2.87042403221	0.252	-0.288	2.044
2.87261795998	0.252	-0.288	2.044
2.87481403351	0.312	-0.352	2.044
2.87701010704	0.312	-0.352	2.044
2.87921190262	0.208	-0.272	2.044
2.88140797615	0.208	-0.272	2.044
2.88360309601	-0.048	-0.132	1.288
2.8857998848	-0.048	-0.132	1.288
2.887996912	-0.048	-0.132	1.288
2.89019393921	-0.268	0.028	-0.104
2.89239001274	-0.268	0.028	-0.104
2.89459991455	-0.34	0.112	-0.928
2.89679789543	-0.34	0.112	-0.928
2.89899492264	-0.26	0.044	-0.724
2.90119099617	-0.26	0.044	-0.724
2.90338897705	-0.26	0.044	-0.724
2.90558409691	-0.024	-0.076	0.376
2.90778803825	-0.024	-0.076	0.376
2.90998411179	0.196	-0.228	1.8
2.9121799469	0.196	-0.228	1.8
2.91437602043	0.308	-0.344	2.044
2.91657209396	0.308	-0.344	2.044
2.91877198219	0.308	-0.344	2.044
2.9209690094	0.268	-0.324	2.044
2.92316508293	0.268	-0.324	2.044
2.92535996437	0.06	-0.196	1.844
2.92756605148	0.06	-0.196	1.844
2.92976307869	-0.196	-0.04	0.424
2.9319601059	-0.196	-0.04	0.424
2.93415689468	-0.196	-0.04	0.424
2.93635392189	-0.32	0.088	-0.712
2.93855500221	-0.32	0.088	-0.712
2.94075202942	-0.304	0.084	-0.944
2.94294905663	-0.304	0.084	-0.944
2.94514489174	-0.14	-0.028	-0.148
2.9473490715	-0.14	-0.028	-0.148
2.94954705238	-0.14	-0.028	-0.148
2.95174503326	0.148	-0.18	1.232
2.95394206047	0.148	-0.18	1.232
2.95614695549	0.288	-0.312	2.044
2.95834898949	0.288	-0.312	2.044
2.96054601669	0.28	-0.34	2.044
2.96274495125	0.28	-0.34	2.044
2.96494102478	0.28	-0.34	2.044
2.96713709831	0.156	-0.248	2.044
2.9693338871	0.156	-0.248	2.044
2.97152996063	-0.1	-0.1	1.008
2.97372603416	-0.1	-0.1	1.008
2.97592306137	-0.284	0.048	-0.34
2.97812604904	-0.284	0.048	-0.34
2.98032402992	-0.336	0.104	-0.972
2.98252105713	-0.336	0.104	-0.972
2.98471808434	-0.336	0.104	-0.972
2.98691391945	-0.232	0.028	-0.568
2.98911190033	-0.232	0.028	-0.568
2.99130797386	0.024	-0.116	0.656
2.99350404739	0.024	-0.116	0.656
2.99570202827	0.248	-0.272	2.04
2.99790501595	0.248	-0.272	2.04
3.00010108948	0.248	-0.272	2.04
3.00229692459	0.308	-0.352	2.044
3.00449299812	0.308	-0.352	2.044
3.00668907166	0.244	-0.288	2.044
3.00888991356	0.244	-0.288	2.044
3.01108598709	0.004	-0.168	1.58
3.0132830143	0.004	-0.168	1.58
3.01547789574	0.004	-0.168	1.58
3.01768994331	-0.232	-0.008	0.156
3.01988697052	-0.232	-0.008	0.156
3.0220849514	-0.332	0.104	-0.84
3.02428197861	-0.332	0.104	-0.84
3.02647995949	-0.3	0.06	-0.86
3.02868199348	-0.3	0.06	-0.86
3.03088188171	-0.3	0.06	-0.86
3.03307700157	-0.112	-0.072	0.116
3.03527402878	-0.112	-0.072	0.116
3.03747701645	0.176	-0.208	1.5
3.03966999054	0.176	-0.208	1.5
3.04186201096	0.3	-0.324	2.044
3.04405808449	0.3	-0.324	2.044
3.04625606537	0.3	-0.324	2.044
3.04853010178	0.288	-0.332	2.044
3.05072903633	0.288	-0.332	2.044
3.05292606354	0.112	-0.204	2.044
3.05512094498	0.112	-0.204	2.044
3.05732297897	-0.16	-0.064	0.708
3.05952000618	-0.16	-0.064	0.708
3.06171607971	-0.16	-0.064	0.708
3.06391596794	-0.316	0.068	-0.54
3.06611394882	-0.316	0.068	-0.54
3.06831693649	-0.332	0.096	-0.98
3.07051301003	-0.332	0.096	-0.98
3.07271003723	-0.196	0.0	-0.384
3.07489895821	-0.196	0.0	-0.384
3.07708787918	0.08	-0.152	0.928
3.07929801941	0.08	-0.152	0.928
3.08149409294	0.08	-0.152	0.928
3.08368897438	0.276	-0.288	2.044
3.08588409424	0.276	-0.288	2.044
3.08807992935	0.312	-0.348	2.044
3.09027695656	0.312	-0.348	2.044
3.09247303009	0.224	-0.268	2.044
3.09466791153	0.224	-0.268	2.044
3.09686303139	0.224	-0.268	2.044
3.09906792641	-0.056	-0.128	1.32
3.10126590729	-0.056	-0.128	1.32
3.10346293449	-0.272	0.024	-0.088
3.1056599617	-0.272	0.024	-0.088
3.10786390305	-0.332	0.096	-0.924
3.11006188393	-0.332	0.096	-0.924
3.11225795746	-0.332	0.096	-0.924
3.11445498466	-0.28	0.056	-0.744
3.11665201187	-0.28	0.056	-0.744
3.11885404587	-0.044	-0.08	0.36
3.12105107307	-0.044	-0.08	0.36
3.12324810028	0.208	-0.224	1.784
3.12544298172	0.208	-0.224	1.784
3.12764501572	0.208	-0.224	1.784
3.12984108925	0.304	-0.332	2.044
3.13204097748	0.304	-0.332	2.044
3.13423705101	0.28	-0.32	2.044
3.13643288612	0.28	-0.32	2.044
3.13863492012	0.068	-0.204	1.868
3.14084100723	0.068	-0.204	1.868
3.14303708076	0.068	-0.204	1.868
3.14523291588	-0.196	-0.036	0.436
3.14743590355	-0.196	-0.036	0.436
3.14963197708	-0.308	0.088	-0.708
3.15187692642	-0.308	0.088	-0.708
3.15407705307	-0.324	0.088	-0.94
3.15627503395	-0.324	0.088	-0.94
3.15854001045	-0.148	-0.02	-0.172
3.16073989868	-0.148	-0.02	-0.172
3.16293907166	-0.148	-0.02	-0.172
3.16513800621	0.132	-0.168	1.204
3.16733908653	0.132	-0.168	1.204
3.16953802109	0.28	-0.308	2.044
3.17173290253	0.28	-0.308	2.044
3.17392802238	0.3	-0.348	2.044
3.17612504959	0.3	-0.348	2.044
3.17832708359	0.3	-0.348	2.044
3.1805229187	0.168	-0.26	2.044
3.18271899223	0.168	-0.26	2.044
3.18491506577	-0.1	-0.104	1.016
3.18711209297	-0.1	-0.104	1.016
3.18931388855	-0.284	0.036	-0.332
3.19151091576	-0.284	0.036	-0.332
3.19370794296	-0.284	0.036	-0.332
3.19590306282	-0.328	0.1	-0.96
3.19810605049	-0.328	0.1	-0.96
3.2003068924	-0.22	0.028	-0.576
3.20251488686	-0.22	0.028	-0.576
3.20471191406	0.032	-0.12	0.632
3.20690703392	0.032	-0.12	0.632
3.20910787582	0.032	-0.12	0.632
3.21130394936	0.24	-0.264	2.032
3.21350002289	0.24	-0.264	2.032
3.21569490433	0.304	-0.352	2.044
3.21789693832	0.304	-0.352	2.044
3.22009301186	0.236	-0.296	2.044
3.22229003906	0.236	-0.296	2.044
3.22448611259	0.236	-0.296	2.044
3.22668194771	0.008	-0.164	1.6
3.2288839817	0.008	-0.164	1.6
3.23108005524	-0.224	0.004	0.148
3.23327493668	-0.224	0.004	0.148
3.23547410965	-0.332	0.1	-0.828
3.23767209053	-0.332	0.1	-0.828
3.23986792564	-0.332	0.1	-0.828
3.24206495285	-0.292	0.06	-0.86
3.24426198006	-0.292	0.06	-0.86
3.24645900726	-0.096	-0.048	0.088
3.24866104126	-0.096	-0.048	0.088
3.25085806847	0.176	-0.208	1.492
3.25305390358	0.176	-0.208	1.492
3.25524997711	0.176	-0.208	1.492
3.25745201111	0.296	-0.328	2.044
3.25964808464	0.296	-0.328	2.044
3.26184511185	0.272	-0.32	2.044
3.26405000687	0.272	-0.32	2.044
3.2662460804	0.104	-0.212	2.044
3.26847910881	0.104	-0.212	2.044
3.27067708969	-0.152	-0.072	0.72
3.27287387848	-0.152	-0.072	0.72
3.27507090569	-0.152	-0.072	0.72
3.27727389336	-0.304	0.068	-0.528
3.27947092056	-0.304	0.068	-0.528
3.28166699409	-0.324	0.092	-0.98
3.2838640213	-0.324	0.092	-0.98
3.28606009483	-0.2	0.008	-0.392
3.28825807571	-0.2	0.008	-0.392
3.29045391083	-0.2	0.008	-0.392
3.29264998436	0.076	-0.136	0.912
3.29484605789	0.076	-0.136	0.912
3.29704093933	0.268	-0.288	2.044
3.29924201965	0.268	-0.288	2.044
3.30143809319	0.308	-0.332	2.044
3.30363702774	0.308	-0.332	2.044
3.30584287643	0.308	-0.332	2.044
3.30804395676	0.212	-0.268	2.044
3.31024098396	0.212	-0.268	2.044
3.3124370575	-0.052	-0.128	1.32
3.3146340847	-0.052	-0.128	1.32
3.31682991982	-0.264	0.016	-0.092
3.31903195381	-0.264	0.016	-0.092
3.32122993469	-0.264	0.016	-0.092
3.32342791557	-0.332	0.1	-0.928
3.32563400269	-0.332	0.1	-0.928
3.32783794403	-0.276	0.052	-0.744
3.33003497124	-0.276	0.052	-0.744
3.33223104477	-0.036	-0.084	0.34
3.33442687988	-0.036	-0.084	0.34
3.33662700653	-0.036	-0.084	0.34
3.33882904053	0.192	-0.224	1.772
3.34102606773	0.192	-0.224	1.772
3.34322190285	0.316	-0.324	2.044
3.34541797638	0.316	-0.324	2.044
3.34762001038	0.28	-0.328	2.044
3.34981608391	0.28	-0.328	2.044
3.35201191902	0.28	-0.328	2.044
3.35420799255	0.064	-0.192	1.888
3.35640311241	0.064	-0.192	1.888
3.35860490799	-0.196	-0.044	0.464
3.36080288887	-0.196	-0.044	0.464
3.3629989624	-0.32	0.076	-0.684
3.36519598961	-0.32	0.076	-0.684
3.36739397049	-0.328	0.088	-0.944
3.36959195137	-0.328	0.088	-0.944
3.37179207802	-0.328	0.088	-0.944
3.37398910522	-0.144	-0.036	-0.168
3.37618708611	-0.144	-0.036	-0.168
3.37839007378	0.124	-0.176	1.2
3.38058590889	0.124	-0.176	1.2
3.38278198242	0.284	-0.32	2.044
3.38497710228	0.284	-0.32	2.044
3.38721990585	0.284	-0.32	2.044
3.38941907883	0.308	-0.348	2.044
3.39161491394	0.308	-0.348	2.044
3.39381194115	0.18	-0.24	2.044
3.396007061	0.18	-0.24	2.044
3.39821004868	-0.088	-0.112	1.036
3.40040707588	-0.088	-0.112	1.036
3.40260505676	-0.088	-0.112	1.036
3.40480494499	-0.284	0.044	-0.308
3.4070019722	-0.284	0.044	-0.308
3.40920591354	-0.34	0.108	-0.968
3.41140294075	-0.34	0.108	-0.968
3.41359996796	-0.24	0.032	-0.588
3.41579794884	-0.24	0.032	-0.588
3.41800189018	-0.24	0.032	-0.588
3.42020010948	0.02	-0.116	0.616
3.4223959446	0.02	-0.116	0.616
3.42459106445	0.244	-0.272	2.028
3.42678594589	0.244	-0.272	2.028
3.42898702621	0.296	-0.352	2.044
3.43118405342	0.296	-0.352	2.044
3.43338108063	0.296	-0.352	2.044
3.43557691574	0.256	-0.308	2.044
3.43777894974	0.256	-0.308	2.044
3.43997788429	0.024	-0.172	1.6
3.4421749115	0.024	-0.172	1.6
3.44437003136	-0.22	-0.004	0.172
3.44656610489	-0.22	-0.004	0.172
3.4487760067	-0.332	0.104	-0.828
3.45097494125	-0.332	0.104	-0.828
3.45317101479	-0.332	0.104	-0.828
3.45536804199	-0.304	0.064	-0.868
3.45757508278	-0.304	0.064	-0.868
3.45977306366	-0.1	-0.068	0.076
3.46197009087	-0.1	-0.068	0.076
3.46416687965	0.176	-0.184	1.472
3.46636390686	0.176	-0.184	1.472
3.46856498718	0.176	-0.184	1.472
3.47076106071	0.284	-0.324	2.044
3.47295999527	0.284	-0.324	2.044
3.47515702248	0.292	-0.336	2.044
3.47735905647	0.292	-0.336	2.044
3.47955489159	0.128	-0.216	2.044
3.48175096512	0.128	-0.216	2.044
3.48394608498	0.128	-0.216	2.044
3.48614192009	-0.14	-0.068	0.744
3.4883389473	-0.14	-0.068	0.744
3.4905359745	-0.3	0.056	-0.52
3.49273300171	-0.3	0.056	-0.52
3.49493002892	-0.324	0.096	-0.976
3.49712705612	-0.324	0.096	-0.976
3.499325037	-0.324	0.096	-0.976
3.50152301788	-0.204	-0.004	-0.404
3.50372004509	-0.204	-0.004	-0.404
3.5059170723	0.084	-0.14	0.896
3.50812292099	0.084	-0.14	0.896
3.51032805443	0.256	-0.296	2.044
3.51252603531	0.256	-0.296	2.044
3.51472306252	0.256	-0.296	2.044
3.51691889763	0.3	-0.348	2.044
3.51911997795	0.3	-0.348	2.044
3.52131795883	0.216	-0.28	2.044
3.52351307869	0.216	-0.28	2.044
3.5257089138	-0.044	-0.14	1.332
3.52791190147	-0.044	-0.14	1.332
3.53010988235	-0.044	-0.14	1.332
3.53230690956	-0.26	0.012	-0.08
3.53450393677	-0.26	0.012	-0.08
3.5367000103	-0.328	0.12	-0.932
3.53890395164	-0.328	0.12	-0.932
3.54110598564	-0.272	0.056	-0.748
3.54330301285	-0.272	0.056	-0.748
3.54549908638	-0.272	0.056	-0.748
3.54770207405	-0.036	-0.076	0.328
3.54989790916	-0.036	-0.076	0.328
3.5520939827	0.2	-0.228	1.748
3.55429005623	0.2	-0.228	1.748
3.55648493767	0.316	-0.344	2.044
3.55868697166	0.316	-0.344	2.044
3.56093406677	0.264	-0.324	2.044
3.56313204765	0.264	-0.324	2.044
3.56532907486	0.264	-0.324	2.044
3.56752705574	0.076	-0.196	1.904
3.56972408295	0.076	-0.196	1.904
3.57192897797	-0.2	-0.048	0.484
3.57412791252	-0.2	-0.048	0.484
3.57632708549	-0.316	0.08	-0.688
3.57853102684	-0.316	0.08	-0.688
3.58072900772	-0.316	0.08	-0.688
3.58292508125	-0.312	0.096	-0.952
3.58512210846	-0.312	0.096	-0.952
3.58732390404	-0.144	-0.016	-0.176
3.58952188492	-0.144	-0.016	-0.176
3.59171891212	0.128	-0.176	1.188
3.59391593933	0.128	-0.176	1.188
3.59611201286	0.128	-0.176	1.188
3.59831404686	0.288	-0.316	2.044
3.60050988197	0.288	-0.316	2.044
3.60270595551	0.3	-0.344	2.044
3.60490202904	0.3	-0.344	2.044
3.60709691048	0.176	-0.26	2.044
3.60930395126	0.176	-0.26	2.044
3.61150097847	0.176	-0.26	2.044
3.613697052	-0.096	-0.104	1.048
3.61589407921	-0.096	-0.104	1.048
3.61809802055	-0.276	0.04	-0.304
3.62029504776	-0.276	0.04	-0.304
3.62249088287	-0.332	0.112	-0.96
3.62468791008	-0.332	0.112	-0.96
3.62688589096	-0.332	0.112	-0.96
3.62908792496	-0.24	0.036	-0.612
3.63128590584	-0.24	0.036	-0.612
3.63349199295	0.032	-0.12	0.608
3.63568711281	0.032	-0.12	0.608
3.63788700104	0.248	-0.268	1.996
3.64008402824	0.248	-0.268	1.996
3.64228010178	0.308	-0.344	2.044
3.64447903633	0.308	-0.344	2.044
3.64667510986	0.308	-0.344	2.044
3.64887690544	0.26	-0.304	2.044
3.65107393265	0.26	-0.304	2.044
3.65326905251	0.012	-0.164	1.632
3.65546393394	0.012	-0.164	1.632
3.65766692162	-0.224	-0.008	0.176
3.65986394882	-0.224	-0.008	0.176
3.66206097603	-0.224	-0.008	0.176
3.66425800323	-0.328	0.096	-0.812
3.66645503044	-0.328	0.096	-0.812
3.668653965	-0.316	0.06	-0.868
3.67084503174	-0.316	0.06	-0.868
3.67303299904	-0.1	-0.056	0.052
3.67522192001	-0.1	-0.056	0.052
3.67741894722	-0.1	-0.056	0.052
3.67962002754	0.16	-0.2	1.464
3.68181800842	0.16	-0.2	1.464
3.68401503563	0.3	-0.324	2.044
3.68621110916	0.3	-0.324	2.044
3.68843793869	0.292	-0.336	2.044
3.69063591957	0.292	-0.336	2.044
3.6928319931	0.292	-0.336	2.044
3.69503808022	0.128	-0.22	2.044
3.69724106789	0.128	-0.22	2.044
3.699436903	-0.148	-0.064	0.744
3.70163488388	-0.148	-0.064	0.744
3.70383191109	-0.308	0.06	-0.512
3.70602989197	-0.308	0.06	-0.512
3.70823192596	-0.308	0.06	-0.512
3.71042895317	-0.34	0.096	-0.98
3.71263003349	-0.34	0.096	-0.98
3.7148270607	-0.208	0.0	-0.412
3.71701598167	-0.208	0.0	-0.412
3.71921110153	0.068	-0.144	0.872
3.72140693665	0.068	-0.144	0.872
3.72360301018	0.068	-0.144	0.872
3.72579789162	0.26	-0.288	2.044
3.72799396515	0.26	-0.288	2.044
3.73019003868	0.312	-0.336	2.044
3.73238706589	0.312	-0.336	2.044
3.734582901	0.232	-0.28	2.044
3.73677897453	0.232	-0.28	2.044
3.73897790909	0.232	-0.28	2.044
3.74117803574	-0.032	-0.148	1.344
3.74337410927	-0.032	-0.148	1.344
3.74557495117	-0.276	0.028	-0.068
3.74777889252	-0.276	0.028	-0.068
3.74997496605	-0.328	0.108	-0.908
3.75217199326	-0.328	0.108	-0.908
3.75436902046	-0.276	0.052	-0.744
3.75658297539	-0.276	0.052	-0.744
3.75878691673	-0.276	0.052	-0.744
3.76098489761	-0.044	-0.072	0.312
3.76318192482	-0.044	-0.072	0.312
3.76537895203	0.204	-0.232	1.732
3.76757693291	0.204	-0.232	1.732
3.76977396011	0.3	-0.328	2.044
3.77197003365	0.3	-0.328	2.044
3.77416491508	0.3	-0.328	2.044
3.77636003494	0.276	-0.32	2.044
3.77856302261	0.276	-0.32	2.044
3.78076100349	0.076	-0.2	1.912
3.78295707703	0.076	-0.2	1.912
3.78515195847	-0.192	-0.052	0.476
3.78735589981	-0.192	-0.052	0.476
3.78955292702	-0.192	-0.052	0.476
3.79174900055	-0.308	0.08	-0.68
3.79394602776	-0.308	0.08	-0.68
3.79614210129	-0.312	0.096	-0.94
3.79834508896	-0.312	0.096	-0.94
3.80054187775	-0.156	-0.02	-0.2
3.80274009705	-0.156	-0.02	-0.2
3.80493688583	-0.156	-0.02	-0.2
3.80713510513	0.132	-0.172	1.184
3.8093380928	0.132	-0.172	1.184
3.81153392792	0.28	-0.32	2.044
3.81373405457	0.28	-0.32	2.044
3.81592988968	0.296	-0.352	2.044
3.81814193726	0.296	-0.352	2.044
3.82033801079	0.296	-0.352	2.044
3.82253408432	0.164	-0.252	2.044
3.82472991943	0.164	-0.252	2.044
3.82692599297	-0.096	-0.112	1.064
3.82912802696	-0.096	-0.112	1.064
3.83132600784	-0.28	0.04	-0.296
3.83352303505	-0.28	0.04	-0.296
3.83572101593	-0.28	0.04	-0.296
3.8379240036	-0.328	0.108	-0.968
3.84012103081	-0.328	0.108	-0.968
3.84231805801	-0.22	0.044	-0.608
3.84451603889	-0.22	0.044	-0.608
3.8467130661	0.02	-0.112	0.588
3.84891700745	0.02	-0.112	0.588
3.85111403465	0.236	-0.256	1.996
3.85331010818	0.236	-0.256	1.996
3.8555059433	0.236	-0.256	1.996
3.85770988464	0.304	-0.356	2.044
3.85990595818	0.304	-0.356	2.044
3.86210393906	0.236	-0.288	2.044
3.86430001259	0.236	-0.288	2.044
3.86649608612	0.008	-0.172	1.644
3.86869692802	0.008	-0.172	1.644
3.87089395523	0.008	-0.172	1.644
3.87308907509	-0.22	-0.016	0.204
3.87528610229	-0.22	-0.016	0.204
3.87748908997	-0.336	0.1	-0.8
3.87969398499	-0.336	0.1	-0.8
3.88189601898	-0.3	0.068	-0.872
3.88409399986	-0.3	0.068	-0.872
3.88629102707	-0.3	0.068	-0.872
3.88849401474	-0.096	-0.06	0.044
3.89069199562	-0.096	-0.06	0.044
3.89288687706	0.168	-0.196	1.452
3.89508295059	0.168	-0.196	1.452
3.89728403091	0.296	-0.324	2.044
3.89948105812	0.296	-0.324	2.044
3.90167593956	0.296	-0.324	2.044
3.91110396385	0.124	-0.224	2.044
3.91345191002	-0.148	-0.068	0.768
3.9156639576	-0.148	-0.068	0.768
3.91787910461	-0.312	0.06	-0.5
3.92008709908	-0.312	0.06	-0.5
3.92228198051	-0.312	0.06	-0.5
3.92448306084	-0.336	0.096	-0.976
3.92668104172	-0.336	0.096	-0.976
3.92888689041	-0.208	0.0	-0.42
3.93107795715	-0.208	0.0	-0.42
3.93326807022	0.072	-0.14	0.88
3.93546390533	0.072	-0.14	0.88
3.9376680851	0.268	-0.276	2.044
3.93986797333	0.268	-0.276	2.044
3.94207692146	0.268	-0.276	2.044
3.94428110123	0.316	-0.348	2.044
3.94647908211	0.316	-0.348	2.044
3.94870901108	0.236	-0.276	2.044
3.95090699196	0.236	-0.276	2.044
3.95310401917	-0.044	-0.136	1.356
3.95530509949	-0.044	-0.136	1.356
3.95751309395	-0.044	-0.136	1.356
3.95970487595	-0.256	0.024	-0.056
3.96189808846	-0.256	0.024	-0.056
3.9640879631	-0.332	0.104	-0.916
3.96627807617	-0.332	0.104	-0.916
3.96854305267	-0.28	0.04	-0.756
3.97074604034	-0.28	0.04	-0.756
3.97294402122	-0.28	0.04	-0.756
3.97514104843	-0.044	-0.08	0.312
3.97735905647	-0.044	-0.08	0.312
3.97955703735	0.196	-0.228	1.724
3.98175787926	0.196	-0.228	1.724
3.98396897316	0.308	-0.352	2.044
3.98616695404	0.308	-0.352	2.044
3.9883658886	0.308	-0.352	2.044
3.99056196213	0.284	-0.328	2.044
3.9927649498	0.284	-0.328	2.044
3.99496293068	0.08	-0.188	1.916
3.99716091156	0.08	-0.188	1.916
3.9993929863	-0.184	-0.044	0.476
4.00159311295	-0.184	-0.044	0.476
4.00379109383	-0.184	-0.044	0.476
4.00598907471	-0.344	0.104	-0.664
4.00820088387	-0.344	0.104	-0.664
4.01041197777	-0.336	0.088	-0.972
4.01261091232	-0.336	0.088	-0.972
4.0148088932	-0.164	-0.012	-0.204
4.01700901985	-0.164	-0.012	-0.204
4.01921510696	0.104	-0.164	1.176
4.02141308784	0.104	-0.164	1.176
4.02360987663	0.104	-0.164	1.176
4.0258140564	0.288	-0.316	2.044
4.02807307243	0.288	-0.316	2.044
4.03027200699	0.304	-0.348	2.044
4.03246998787	0.304	-0.348	2.044
4.03466796875	0.18	-0.256	2.044
4.03686594963	0.18	-0.256	2.044
4.03906989098	0.18	-0.256	2.044
4.04127502441	-0.064	-0.144	1.064
4.04347801208	-0.064	-0.144	1.064
4.04567599297	-0.284	0.044	-0.276
4.04787898064	-0.284	0.044	-0.276
4.05007910728	-0.336	0.108	-0.964
4.05227708817	-0.336	0.108	-0.964
4.05447506905	-0.336	0.108	-0.964
4.05667209625	-0.252	0.036	-0.616
4.05887699127	-0.252	0.036	-0.616
4.06107807159	0.0	-0.112	0.584
4.06326794624	0.0	-0.112	0.584
4.06545710564	0.236	-0.268	1.98
4.06766009331	0.236	-0.268	1.98
4.0698568821	0.236	-0.268	1.98
4.07206296921	0.3	-0.352	2.044
4.07427406311	0.3	-0.352	2.044
4.07647109032	0.256	-0.292	2.044
4.07867503166	0.256	-0.292	2.044
4.08087110519	0.02	-0.172	1.656
4.08306908607	0.02	-0.172	1.656
4.08526492119	0.02	-0.172	1.656
4.08746790886	-0.22	-0.016	0.208
4.08966803551	-0.22	-0.016	0.208
4.09186601639	-0.316	0.112	-0.808
4.09406805038	-0.316	0.112	-0.808
4.09626698494	-0.296	0.08	-0.876
4.09855103493	-0.296	0.08	-0.876
4.10075092316	-0.104	-0.056	0.032
4.10295009613	-0.104	-0.056	0.032
4.10514807701	-0.104	-0.056	0.032
4.10735297203	0.164	-0.2	1.44
4.10955095291	0.164	-0.2	1.44
4.11174798012	0.276	-0.324	2.044
4.11394691467	0.276	-0.324	2.044
4.11614394188	0.292	-0.336	2.044
4.11834597588	0.292	-0.336	2.044
4.12054395676	0.292	-0.336	2.044
4.12274289131	0.12	-0.22	2.044
4.12493991852	0.12	-0.22	2.044
4.12713694572	-0.14	-0.076	0.78
4.12935900688	-0.14	-0.076	0.78
4.13155698776	-0.308	0.052	-0.496
4.13376498222	-0.308	0.052	-0.496
4.13598203659	-0.308	0.052	-0.496
4.13818788528	-0.332	0.104	-0.984
4.14038610458	-0.332	0.104	-0.984
4.14258289337	-0.204	0.004	-0.436
4.14477992058	-0.204	0.004	-0.436
4.14697909355	0.072	-0.12	0.844
4.14918208122	0.072	-0.12	0.844
4.15137791634	0.072	-0.12	0.844
4.15357589722	0.26	-0.28	2.044
4.1557738781	0.26	-0.28	2.044
4.15797591209	0.312	-0.34	2.044
4.16016602516	0.312	-0.34	2.044
4.16235899925	0.228	-0.26	2.044
4.16454792023	0.228	-0.26	2.044
4.16673707962	0.228	-0.26	2.044
4.16894102097	-0.048	-0.144	1.388
4.17114496231	-0.048	-0.144	1.388
4.17334389687	-0.256	0.0	-0.024
4.17553400993	-0.256	0.0	-0.024
4.17773199081	-0.332	0.108	-0.908
4.17993092537	-0.332	0.108	-0.908
4.18213009834	-0.288	0.06	-0.764
4.18432688713	-0.288	0.06	-0.764
4.1865260601	-0.288	0.06	-0.764
4.18873095512	-0.04	-0.072	0.276
4.190928936	-0.04	-0.072	0.276
4.19312691689	0.208	-0.232	1.708
4.19533395767	0.208	-0.232	1.708
4.19754195213	0.308	-0.336	2.044
4.19974088669	0.308	-0.336	2.044
4.20195508003	0.308	-0.336	2.044
4.20415210724	0.284	-0.332	2.044
4.20634794235	0.284	-0.332	2.044
4.20855093002	0.084	-0.196	1.936
4.2107489109	0.084	-0.196	1.936
4.21294498444	-0.188	-0.064	0.508
4.21514201164	-0.188	-0.064	0.508
4.21736192703	-0.188	-0.064	0.508
4.21956110001	-0.328	0.076	-0.664
4.22175908089	-0.328	0.076	-0.664
4.22395706177	-0.32	0.088	-0.928
4.22616910934	-0.32	0.088	-0.928
4.22837400436	-0.156	-0.012	-0.228
4.23057699203	-0.156	-0.012	-0.228
4.23277688026	-0.156	-0.012	-0.228
4.23497796059	0.116	-0.168	1.128
4.23724007607	0.116	-0.168	1.128
4.23944091797	0.268	-0.284	2.044
4.24164009094	0.268	-0.284	2.044
4.24383687973	0.308	-0.348	2.044
4.24603295326	0.308	-0.348	2.044
4.24824309349	0.308	-0.348	2.044
4.25044202805	0.184	-0.268	2.044
4.25263810158	0.184	-0.268	2.044
4.25483608246	-0.092	-0.112	1.1
4.25704288483	-0.092	-0.112	1.1
4.25924706459	-0.28	0.032	-0.272
4.26144504547	-0.28	0.032	-0.272
4.26364302635	-0.336	0.108	-0.964
4.2658469677	-0.336	0.108	-0.964
4.26805090904	-0.336	0.108	-0.964
4.27025008202	-0.252	0.036	-0.628
4.27244710922	-0.252	0.036	-0.628
4.2746450901	0.016	-0.132	0.556
4.27684092522	0.016	-0.132	0.556
4.27904391289	0.232	-0.26	1.96
4.28126192093	0.232	-0.26	1.96
4.28345894814	0.232	-0.26	1.96
4.28565692902	0.324	-0.336	2.044
4.28785991669	0.324	-0.336	2.044
4.29005789757	0.26	-0.304	2.044
4.29225492477	0.26	-0.304	2.044
4.29445099831	0.032	-0.16	1.68
4.29664802551	0.032	-0.16	1.68
4.29885601997	0.032	-0.16	1.68
4.30105495453	-0.208	-0.008	0.24
4.30325198174	-0.208	-0.008	0.24
4.30544996262	-0.32	0.1	-0.8
4.30765509605	-0.32	0.1	-0.8
4.30985188484	-0.312	0.084	-0.896
4.31205010414	-0.312	0.084	-0.896
4.31424999237	-0.312	0.084	-0.896
4.31644797325	-0.116	-0.052	0.0
4.31865406036	-0.116	-0.052	0.0
4.32084393501	0.152	-0.2	1.412
4.32304191589	0.152	-0.2	1.412
4.3252389431	0.284	-0.324	2.044
4.3274409771	0.284	-0.324	2.044
4.32964110374	0.284	-0.324	2.044
4.33183789253	0.3	-0.328	2.044
4.33403897285	0.3	-0.328	2.044
4.33623600006	0.144	-0.22	2.044
4.33850693703	0.144	-0.22	2.044
4.34070611	-0.128	-0.088	0.816
4.34290504456	-0.128	-0.088	0.816
4.34510302544	-0.304	0.056	-0.448
4.34730792046	-0.304	0.056	-0.448
4.34950709343	-0.304	0.056	-0.448
4.35170507431	-0.336	0.108	-0.988
4.35390400887	-0.336	0.108	-0.988
4.35610198975	-0.208	0.008	-0.452
4.35830402374	-0.208	0.008	-0.452
4.36049389839	0.044	-0.132	0.828
4.36268401146	0.044	-0.132	0.828
4.36487197876	0.044	-0.132	0.828
4.36706209183	0.264	-0.284	2.044
4.36927604675	0.264	-0.284	2.044
4.37147498131	0.312	-0.336	2.044
4.37367105484	0.312	-0.336	2.044
4.37586808205	0.228	-0.28	2.044
4.37807297707	0.228	-0.28	2.044
4.38028001785	0.228	-0.28	2.044
4.38247704506	-0.016	-0.116	1.396
4.38467502594	-0.016	-0.116	1.396
4.38687396049	-0.26	0.012	-0.012
4.38907790184	-0.26	0.012	-0.012
4.39127492905	-0.328	0.104	-0.904
4.3934879303	-0.328	0.104	-0.904
4.3956849575	-0.328	0.104	-0.904
4.39788889885	-0.276	0.048	-0.784
4.40008997917	-0.276	0.048	-0.784
4.40229296684	-0.056	-0.064	0.252
4.4044919014	-0.056	-0.064	0.252
4.40668988228	0.196	-0.224	1.672
4.40888905525	0.196	-0.224	1.672
4.41108703613	0.196	-0.224	1.672
4.41328406334	0.292	-0.336	2.044
4.41548109055	0.292	-0.336	2.044
4.41767907143	0.272	-0.324	2.044
4.41987895966	0.272	-0.324	2.044
4.42207598686	0.088	-0.208	1.964
4.42428088188	0.088	-0.208	1.964
4.42648005486	0.088	-0.208	1.964
4.4286839962	-0.188	-0.068	0.528
4.43088293076	-0.188	-0.068	0.528
4.43307995796	-0.304	0.068	-0.644
4.43528103828	-0.304	0.068	-0.644
4.43748688698	-0.3	0.08	-0.948
4.43968510628	-0.3	0.08	-0.948
4.44189596176	-0.148	-0.016	-0.248
4.44409489632	-0.148	-0.016	-0.248
4.4462928772	-0.148	-0.016	-0.248
4.44849896431	0.12	-0.16	1.104
4.45069599152	0.12	-0.16	1.104
4.45289301872	0.276	-0.284	2.044
4.45509004593	0.276	-0.284	2.044
4.45731401443	0.304	-0.344	2.044
4.45951199532	0.304	-0.344	2.044
4.4617099762	0.304	-0.344	2.044
4.46390604973	0.184	-0.264	2.044
4.46610593796	0.184	-0.264	2.044
4.46831202507	-0.088	-0.116	1.12
4.4705119133	-0.088	-0.116	1.12
4.47271203995	-0.28	0.04	-0.244
4.4749109745	-0.28	0.04	-0.244
4.47710895538	-0.28	0.04	-0.244
4.47931289673	-0.336	0.116	-0.952
4.4815120697	-0.336	0.116	-0.952
4.48371100426	-0.244	0.044	-0.64
4.48590993881	-0.244	0.044	-0.64
4.48810911179	0.0	-0.104	0.516
4.49031209946	0.0	-0.104	0.516
4.49250102043	0.0	-0.104	0.516
4.49468994141	0.232	-0.256	1.936
4.49688792229	0.232	-0.256	1.936
4.49908590317	0.308	-0.348	2.044
4.5012819767	0.308	-0.348	2.044
4.50349187851	0.256	-0.312	2.044
4.50569391251	0.256	-0.312	2.044
4.50789690018	0.256	-0.312	2.044
4.51009488106	0.032	-0.192	1.716
4.51229190826	0.032	-0.192	1.716
4.51448893547	-0.228	-0.012	0.268
4.51668691635	-0.228	-0.012	0.268
4.51889109612	-0.332	0.1	-0.784
4.521089077	-0.332	0.1	-0.784
4.52328801155	-0.316	0.076	-0.9
4.52548599243	-0.316	0.076	-0.9
4.5276889801	-0.316	0.076	-0.9
4.52988791466	-0.12	-0.052	-0.012
4.53208589554	-0.12	-0.052	-0.012
4.53428506851	0.156	-0.196	1.376
4.53648209572	0.156	-0.196	1.376
4.53871297836	0.292	-0.328	2.044
4.54091095924	0.292	-0.328	2.044
4.54310798645	0.292	-0.328	2.044
4.54535698891	0.296	-0.32	2.044
4.54756498337	0.296	-0.32	2.044
4.54976201057	0.148	-0.228	2.044
4.55195903778	0.148	-0.228	2.044
4.55415797234	-0.124	-0.084	0.848
4.55635595322	-0.124	-0.084	0.848
4.55855488777	-0.124	-0.084	0.848
4.56074500084	-0.296	0.064	-0.448
4.56293606758	-0.296	0.064	-0.448
4.56513500214	-0.34	0.104	-0.984
4.56732988358	-0.34	0.104	-0.984
4.56954598427	-0.236	0.012	-0.476
4.57174897194	-0.236	0.012	-0.476
4.57394695282	-0.236	0.012	-0.476
4.57615709305	0.048	-0.136	0.796
4.57836103439	0.048	-0.136	0.796
4.5805580616	0.26	-0.292	2.044
4.58275508881	0.26	-0.292	2.044
4.58495187759	0.312	-0.344	2.044
4.58715105057	0.312	-0.344	2.044
4.58934998512	0.312	-0.344	2.044
4.59154605865	0.244	-0.284	2.044
4.59374403954	0.244	-0.284	2.044
4.59593892097	-0.008	-0.144	1.448
4.59814310074	-0.008	-0.144	1.448
4.60034203529	-0.256	0.0	0.02
4.60253190994	-0.256	0.0	0.02
4.60472106934	-0.256	0.0	0.02
4.60691189766	-0.336	0.104	-0.884
4.6091170311	-0.336	0.104	-0.884
4.61131501198	-0.296	0.056	-0.808
4.61351299286	-0.296	0.056	-0.808
4.61571097374	-0.068	-0.056	0.212
4.61791706085	-0.068	-0.056	0.212
4.62011504173	0.188	-0.224	1.644
4.62230992317	0.188	-0.224	1.644
4.62450695038	0.188	-0.224	1.644
4.62671399117	0.3	-0.332	2.044
4.62891793251	0.3	-0.332	2.044
4.63111400604	0.284	-0.32	2.044
4.63333010674	0.284	-0.32	2.044
4.63552808762	0.1	-0.204	1.992
4.63773107529	0.1	-0.204	1.992
4.63993096352	0.1	-0.204	1.992
4.64212989807	-0.172	-0.048	0.56
4.64432787895	-0.172	-0.048	0.56
4.64652490616	-0.316	0.084	-0.628
4.6487300396	-0.316	0.084	-0.628
4.65092897415	-0.336	0.092	-0.968
4.65312600136	-0.336	0.092	-0.968
4.65532302856	-0.336	0.092	-0.968
4.65752887726	-0.18	-0.008	-0.268
4.65972805023	-0.18	-0.008	-0.268
4.66192603111	0.096	-0.156	1.076
4.66412305832	0.096	-0.156	1.076
4.66632199287	0.268	-0.304	2.044
4.66852498055	0.268	-0.304	2.044
4.67072200775	0.268	-0.304	2.044
4.67291903496	0.3	-0.352	2.044
4.67511892319	0.3	-0.352	2.044
4.67731690407	0.184	-0.268	2.044
4.67951393127	0.184	-0.268	2.044
4.68171310425	-0.084	-0.124	1.172
4.68390989304	-0.084	-0.124	1.172
4.68610692024	-0.084	-0.124	1.172
4.68831396103	-0.284	0.028	-0.208
4.69051289558	-0.284	0.028	-0.208
4.69270992279	-0.32	0.108	-0.952
4.69490695	-0.32	0.108	-0.952
4.69710493088	-0.248	0.04	-0.668
4.69931006432	-0.248	0.04	-0.668
4.7015080452	0.004	-0.092	0.488
4.7037050724	0.004	-0.092	0.488
4.70590209961	0.004	-0.092	0.488
4.7081079483	0.236	-0.24	1.884
4.71030497551	0.236	-0.24	1.884
4.71250200272	0.3	-0.352	2.044
4.71469902992	0.3	-0.352	2.044
4.71689510345	0.248	-0.316	2.044
4.71909809113	0.248	-0.316	2.044
4.72130894661	0.248	-0.316	2.044
4.72350502014	0.024	-0.176	1.74
4.72570109367	0.024	-0.176	1.74
4.72790288925	-0.22	-0.028	0.288
4.73009490967	-0.22	-0.028	0.288
4.73228406906	-0.328	0.088	-0.776
4.73447608948	-0.328	0.088	-0.776
4.73666501045	-0.328	0.088	-0.776
4.73886799812	-0.3	0.072	-0.904
4.74107003212	-0.3	0.072	-0.904
4.74326992035	-0.112	-0.052	-0.036
4.74548006058	-0.112	-0.052	-0.036
4.7476849556	0.156	-0.196	1.348
4.74989199638	0.156	-0.196	1.348
4.75208902359	0.156	-0.196	1.348
4.75428700447	0.276	-0.324	2.044
4.75648188591	0.276	-0.324	2.044
4.75868201256	0.292	-0.332	2.044
4.76087093353	0.292	-0.332	2.044
4.76306009293	0.14	-0.232	2.044
4.7652490139	0.14	-0.232	2.044
4.76744294167	0.14	-0.232	2.044
4.76964306831	-0.14	-0.084	0.872
4.77184104919	-0.14	-0.084	0.872
4.7740380764	-0.288	0.056	-0.436
4.7762401104	-0.288	0.056	-0.436
4.77847504616	-0.336	0.108	-0.98
4.78067302704	-0.336	0.108	-0.98
4.78287005424	-0.336	0.108	-0.98
4.78506708145	-0.22	0.008	-0.484
4.7872710228	-0.22	0.008	-0.484
4.78946805	0.056	-0.132	0.772
4.79166388512	0.056	-0.132	0.772
4.79386091232	0.256	-0.276	2.044
4.79605698586	0.256	-0.276	2.044
4.7982609272	0.256	-0.276	2.044
4.80045700073	0.312	-0.344	2.044
4.80265307426	0.312	-0.344	2.044
4.80485105515	0.228	-0.276	2.044
4.80704689026	0.228	-0.276	2.044
4.80924987793	-0.016	-0.144	1.472
4.81146192551	-0.016	-0.144	1.472
4.81366205215	-0.26	0.0	0.036
4.81585001945	-0.26	0.0	0.036
4.81804704666	-0.26	0.0	0.036
4.82023501396	-0.348	0.112	-0.884
4.82243204117	-0.348	0.112	-0.884
4.82463002205	-0.292	0.056	-0.808
4.82682800293	-0.292	0.056	-0.808
4.82903289795	-0.072	-0.06	0.2
4.83122897148	-0.072	-0.06	0.2
4.83344006538	-0.072	-0.06	0.2
4.8356359005	0.196	-0.224	1.644
4.83783793449	0.196	-0.224	1.644
4.84005308151	0.308	-0.332	2.044
4.84225201607	0.308	-0.332	2.044
4.8444519043	0.292	-0.32	2.044
4.8466489315	0.292	-0.32	2.044
4.84885191917	0.292	-0.32	2.044
4.85104799271	0.104	-0.204	1.996
4.85324406624	0.104	-0.204	1.996
4.85543894768	-0.176	-0.048	0.596
4.85764598846	-0.176	-0.048	0.596
4.85984396935	-0.324	0.068	-0.608
4.86204195023	-0.324	0.068	-0.608
4.86423802376	-0.324	0.068	-0.608
4.86643600464	-0.332	0.096	-0.964
4.86863994598	-0.332	0.096	-0.964
4.87083697319	-0.168	-0.008	-0.304
4.87304496765	-0.168	-0.008	-0.304
4.8752450943	0.1	-0.16	1.052
4.87744903564	0.1	-0.16	1.052
4.8796479702	0.1	-0.16	1.052
4.88184595108	0.264	-0.3	2.044
4.88404202461	0.264	-0.3	2.044
4.88623809814	0.304	-0.336	2.044
4.88851094246	0.304	-0.336	2.044
4.89071106911	0.204	-0.28	2.044
4.89290690422	0.204	-0.28	2.044
4.89510202408	-0.068	-0.124	1.18
4.89732098579	-0.068	-0.124	1.18
4.89951896667	-0.068	-0.124	1.18
4.90171694756	-0.276	0.036	-0.196
4.90391492844	-0.276	0.036	-0.196
4.90611410141	-0.336	0.1	-0.948
4.90831804276	-0.336	0.1	-0.948
4.91051602364	-0.272	0.036	-0.68
4.91271591187	-0.272	0.036	-0.68
4.91491508484	-0.272	0.036	-0.68
4.91711091995	-0.012	-0.088	0.464
4.91931390762	-0.012	-0.088	0.464
4.92151403427	0.236	-0.232	1.888
4.92371201515	0.236	-0.232	1.888
4.92590808868	0.308	-0.348	2.044
4.92810702324	0.308	-0.348	2.044
4.93030500412	0.308	-0.348	2.044
4.93250107765	0.268	-0.32	2.044
4.93470597267	0.268	-0.32	2.044
4.93690299988	0.048	-0.18	1.772
4.93910694122	0.048	-0.18	1.772
4.94130301476	-0.204	-0.028	0.304
4.94350004196	-0.204	-0.028	0.304
4.94569802284	-0.204	-0.028	0.304
4.94790506363	-0.32	0.1	-0.764
4.95010304451	-0.32	0.1	-0.764
4.95231294632	-0.312	0.088	-0.912
4.95451307297	-0.312	0.088	-0.912
4.95671010017	-0.144	-0.04	-0.076
4.95891094208	-0.144	-0.04	-0.076
4.96110105515	-0.144	-0.04	-0.076
4.96329307556	0.152	-0.192	1.324
4.96548199654	0.152	-0.192	1.324
4.96767902374	0.28	-0.312	2.044
4.96988201141	0.28	-0.312	2.044
4.97207903862	0.296	-0.344	2.044
4.97427511215	0.296	-0.344	2.044
4.97647094727	0.296	-0.344	2.044
4.97867488861	0.148	-0.248	2.044
4.98087501526	0.148	-0.248	2.044
4.98307108879	-0.116	-0.088	0.904
4.98526906967	-0.116	-0.088	0.904
4.98746800423	-0.28	0.056	-0.412
4.98966407776	-0.28	0.056	-0.412
4.99186110497	-0.324	0.096	-0.98
4.99406099319	-0.324	0.096	-0.98
4.99626803398	-0.324	0.096	-0.98
4.99849891663	-0.204	0.012	-0.5
