Timestamp 	 X-Axis 	 Y-Axis 	 Z-Axis
0.000303983688354	0.084	-0.392	2.044
0.00281286239624	0.084	-0.392	2.044
0.00512886047363	-0.056	-0.252	1.244
0.00744390487671	-0.056	-0.252	1.244
0.00975298881531	-0.136	0.076	-0.98
0.012079000473	-0.136	0.076	-0.98
0.0143859386444	-0.136	0.076	-0.98
0.0166947841644	-0.044	0.116	-0.484
0.0190029144287	-0.044	0.116	-0.484
0.0213208198547	0.068	-0.172	2.02
0.0236279964447	0.068	-0.172	2.02
0.0259399414062	0.068	-0.392	2.044
0.0282509326935	0.068	-0.392	2.044
0.0305559635162	-0.056	-0.224	1.188
0.0328829288483	-0.056	-0.224	1.188
0.0351920127869	-0.14	0.068	-0.984
0.0375018119812	-0.14	0.068	-0.984
0.03981590271	-0.14	0.068	-0.984
0.0421228408813	-0.04	0.112	-0.464
0.0444288253784	-0.04	0.112	-0.464
0.0467369556427	0.088	-0.176	2.044
0.0490438938141	0.088	-0.176	2.044
0.0513489246368	0.088	-0.392	2.044
0.0536539554596	0.088	-0.392	2.044
0.0559728145599	-0.048	-0.232	1.188
0.0582950115204	-0.048	-0.232	1.188
0.0606207847595	-0.132	0.068	-0.996
0.0629367828369	-0.132	0.068	-0.996
0.0652668476105	-0.132	0.068	-0.996
0.0675888061523	-0.02	0.108	-0.448
0.0699110031128	-0.02	0.108	-0.448
0.0722258090973	0.088	-0.18	2.044
0.0745480060577	0.088	-0.18	2.044
0.0768609046936	0.068	-0.392	2.044
0.0791749954224	0.068	-0.392	2.044
0.0814888477325	-0.06	-0.224	1.16
0.0838098526001	-0.06	-0.224	1.16
0.0861308574677	-0.148	0.076	-1.02
0.0884459018707	-0.148	0.076	-1.02
0.0907609462738	-0.148	0.076	-1.02
0.0930759906769	-0.032	0.108	-0.404
0.0953948497772	-0.032	0.108	-0.404
0.0977118015289	0.08	-0.18	2.044
0.100025892258	0.08	-0.18	2.044
0.102339982986	0.088	-0.384	2.044
0.104676961899	0.088	-0.384	2.044
0.106992006302	-0.056	-0.224	1.132
0.109320878983	-0.056	-0.224	1.132
0.111635923386	-0.136	0.08	-1.02
0.113956928253	-0.136	0.08	-1.02
0.116271972656	-0.136	0.08	-1.02
0.118585824966	-0.028	0.1	-0.4
0.120899915695	-0.028	0.1	-0.4
0.123214006424	0.092	-0.18	2.044
0.125533819199	0.092	-0.18	2.044
0.127847909927	0.068	-0.388	2.044
0.130173921585	0.068	-0.388	2.044
0.132488012314	-0.056	-0.224	1.096
0.134809017181	-0.056	-0.224	1.096
0.137136936188	-0.144	0.084	-1.04
0.139460802078	-0.144	0.084	-1.04
0.141775846481	-0.144	0.084	-1.04
0.144095897675	-0.024	0.104	-0.384
0.146411895752	-0.024	0.104	-0.384
0.148725986481	0.088	-0.196	2.044
0.151039838791	0.088	-0.196	2.044
0.15335392952	0.076	-0.384	2.044
0.15567278862	0.076	-0.384	2.044
0.157987833023	-0.056	-0.228	1.076
0.160302877426	-0.056	-0.228	1.076
0.162617921829	-0.136	0.084	-1.044
0.164937973022	-0.136	0.084	-1.044
0.167253017426	-0.136	0.084	-1.044
0.169581890106	-0.028	0.1	-0.36
0.171896934509	-0.028	0.1	-0.36
0.174217939377	0.084	-0.192	2.044
0.176535844803	0.084	-0.192	2.044
0.178849935532	0.052	-0.388	2.044
0.181162834167	0.052	-0.388	2.044
0.183475971222	-0.064	-0.212	1.028
0.185792922974	-0.064	-0.212	1.028
0.1881108284	-0.14	0.092	-1.052
0.190424919128	-0.14	0.092	-1.052
0.192739963531	-0.028	0.112	-0.336
0.195069789886	-0.028	0.112	-0.336
0.197383880615	-0.028	0.112	-0.336
0.199697971344	0.096	-0.208	2.044
0.202011823654	0.096	-0.208	2.044
0.204331874847	0.068	-0.38	2.044
0.206657886505	0.068	-0.38	2.044
0.208970785141	-0.056	-0.208	1.0
0.211290836334	-0.056	-0.208	1.0
0.213603973389	-0.136	0.092	-1.064
0.215924978256	-0.136	0.092	-1.064
0.218239784241	-0.028	0.1	-0.3
0.220553874969	-0.028	0.1	-0.3
0.222867012024	-0.028	0.1	-0.3
0.225181818008	0.088	-0.196	2.044
0.227494955063	0.088	-0.196	2.044
0.229807853699	0.056	-0.404	2.044
0.232120990753	0.056	-0.404	2.044
0.234439849854	-0.068	-0.208	0.96
0.236755847931	-0.068	-0.208	0.96
0.239068984985	-0.148	0.096	-1.068
0.241382837296	-0.148	0.096	-1.068
0.243696928024	-0.02	0.096	-0.284
0.246015787125	-0.02	0.096	-0.284
0.248338937759	-0.02	0.096	-0.284
0.25065279007	0.096	-0.204	2.044
0.252965927124	0.096	-0.204	2.044
0.255355834961	0.072	-0.388	2.044
0.257672786713	0.072	-0.388	2.044
0.259995937347	-0.064	-0.2	0.944
0.26231098175	-0.064	-0.2	0.944
0.264631986618	-0.136	0.116	-1.096
0.266946792603	-0.136	0.116	-1.096
0.269260883331	-0.032	0.1	-0.26
0.27157497406	-0.032	0.1	-0.26
0.27388882637	-0.032	0.1	-0.26
0.276212930679	0.088	-0.212	2.044
0.27852678299	0.088	-0.212	2.044
0.28083896637	0.06	-0.388	2.044
0.28315782547	0.06	-0.388	2.044
0.285477876663	-0.068	-0.208	0.92
0.287793874741	-0.068	-0.208	0.92
0.290107965469	-0.132	0.096	-1.084
0.29242181778	-0.132	0.096	-1.084
0.294744968414	-0.016	0.088	-0.232
0.297060012817	-0.016	0.088	-0.232
0.299372911453	-0.016	0.088	-0.232
0.301687002182	0.092	-0.204	2.044
0.304000854492	0.092	-0.204	2.044
0.306314945221	0.068	-0.396	2.044
0.308628797531	0.068	-0.396	2.044
0.310941934586	-0.064	-0.188	0.88
0.313255786896	-0.064	-0.188	0.88
0.315574884415	-0.136	0.1	-1.096
0.317888975143	-0.136	0.1	-1.096
0.320206880569	-0.028	0.1	-0.204
0.322521924973	-0.028	0.1	-0.204
0.324851989746	-0.028	0.1	-0.204
0.327165842056	0.096	-0.212	2.044
0.329479932785	0.096	-0.212	2.044
0.331793785095	0.056	-0.388	2.044
0.33411192894	0.056	-0.388	2.044
0.336424827576	-0.072	-0.196	0.844
0.338738918304	-0.072	-0.196	0.844
0.341053009033	-0.136	0.092	-1.108
0.343365907669	-0.136	0.092	-1.108
0.345688819885	-0.02	0.08	-0.188
0.348003864288	-0.02	0.08	-0.188
0.35031580925	-0.02	0.08	-0.188
0.352628946304	0.104	-0.212	2.044
0.354957818985	0.104	-0.212	2.044
0.357272863388	0.072	-0.404	2.044
0.359586954117	0.072	-0.404	2.044
0.361899852753	-0.072	-0.192	0.828
0.364219903946	-0.072	-0.192	0.828
0.366533994675	-0.128	0.104	-1.104
0.368848800659	-0.128	0.104	-1.104
0.371161937714	-0.02	0.092	-0.152
0.373474836349	-0.02	0.092	-0.152
0.375793933868	-0.02	0.092	-0.152
0.378108978271	0.096	-0.232	2.044
0.380421876907	0.096	-0.232	2.044
0.382735013962	0.06	-0.388	2.044
0.385048866272	0.06	-0.388	2.044
0.387362003326	-0.076	-0.184	0.796
0.389684915543	-0.076	-0.184	0.796
0.392002820969	-0.148	0.1	-1.112
0.39432477951	-0.148	0.1	-1.112
0.396639823914	-0.012	0.076	-0.124
0.398952960968	-0.012	0.076	-0.124
0.401268005371	-0.012	0.076	-0.124
0.403584957123	0.1	-0.216	2.044
0.405903816223	0.1	-0.216	2.044
0.408215999603	0.068	-0.404	2.044
0.410528898239	0.068	-0.404	2.044
0.412840843201	-0.08	-0.18	0.756
0.415160894394	-0.08	-0.18	0.756
0.417475938797	-0.144	0.104	-1.124
0.419788837433	-0.144	0.104	-1.124
0.422102928162	-0.016	0.08	-0.108
0.424422979355	-0.016	0.08	-0.108
0.426740884781	-0.016	0.08	-0.108
0.42905497551	0.116	-0.24	2.044
0.43136882782	0.116	-0.24	2.044
0.433681964874	0.06	-0.388	2.044
0.4359998703	0.06	-0.388	2.044
0.438313961029	-0.076	-0.184	0.74
0.440627813339	-0.076	-0.184	0.74
0.442942857742	-0.124	0.1	-1.136
0.44526386261	-0.124	0.1	-1.136
0.447576999664	-0.004	0.072	-0.084
0.449890851974	-0.004	0.072	-0.084
0.452203989029	-0.004	0.072	-0.084
0.454531908035	0.1	-0.236	2.044
0.456845998764	0.1	-0.236	2.044
0.4591588974	0.056	-0.388	2.044
0.461472988129	0.056	-0.388	2.044
0.46378993988	-0.088	-0.172	0.724
0.466109991074	-0.088	-0.172	0.724
0.468430995941	-0.132	0.104	-1.136
0.470744848251	-0.132	0.104	-1.136
0.47305893898	-0.012	0.076	-0.06
0.475376844406	-0.012	0.076	-0.06
0.477691888809	-0.012	0.076	-0.06
0.480003833771	0.092	-0.248	2.044
0.4823179245	0.092	-0.248	2.044
0.4846367836	0.052	-0.392	2.044
0.486949920654	0.052	-0.392	2.044
0.489264011383	-0.08	-0.18	0.676
0.491577863693	-0.08	-0.18	0.676
0.493891000748	-0.132	0.112	-1.144
0.496212005615	-0.132	0.112	-1.144
0.498535871506	0.004	0.064	-0.028
0.500849962234	0.004	0.064	-0.028
0.50316286087	0.004	0.064	-0.028
0.505479812622	0.104	-0.252	2.044
0.507793903351	0.104	-0.252	2.044
0.510106801987	0.06	-0.392	2.044
0.512419939041	0.06	-0.392	2.044
0.514738798141	-0.076	-0.172	0.648
0.517053842545	-0.076	-0.172	0.648
0.519376993179	-0.136	0.104	-1.152
0.521691799164	-0.136	0.104	-1.152
0.524011850357	-0.012	0.068	-0.008
0.526324987411	-0.012	0.068	-0.008
0.528637886047	-0.012	0.068	-0.008
0.530949831009	0.092	-0.24	2.044
0.533262968063	0.092	-0.24	2.044
0.535584926605	0.044	-0.384	2.044
0.537899017334	0.044	-0.384	2.044
0.54021191597	-0.088	-0.164	0.624
0.542527914047	-0.088	-0.164	0.624
0.54484796524	-0.132	0.12	-1.156
0.547161817551	-0.132	0.12	-1.156
0.549475908279	-0.004	0.06	0.016
0.551787853241	-0.004	0.06	0.016
0.554099798203	-0.004	0.06	0.016
0.556411981583	0.1	-0.248	2.044
0.558724880219	0.1	-0.248	2.044
0.56103682518	0.052	-0.388	2.044
0.56334900856	0.052	-0.388	2.044
0.565666913986	-0.08	-0.156	0.58
0.567981004715	-0.08	-0.156	0.58
0.570304870605	-0.128	0.088	-1.148
0.572619915009	-0.128	0.088	-1.148
0.57494187355	-0.016	0.06	0.04
0.577253818512	-0.016	0.06	0.04
0.579566001892	-0.016	0.06	0.04
0.581876993179	0.092	-0.248	2.044
0.58420085907	0.092	-0.248	2.044
0.586514949799	0.044	-0.4	2.044
0.588827848434	0.044	-0.4	2.044
0.591139793396	-0.076	-0.164	0.576
0.593454837799	-0.076	-0.164	0.576
0.595773935318	-0.116	0.112	-1.16
0.598088979721	-0.116	0.112	-1.16
0.600402832031	0.012	0.06	0.06
0.602712869644	0.012	0.06	0.06
0.605024814606	0.012	0.06	0.06
0.607342004776	0.112	-0.232	2.044
0.609660863876	0.112	-0.232	2.044
0.611974954605	0.056	-0.388	2.044
0.614293813705	0.056	-0.388	2.044
0.61660695076	-0.08	-0.144	0.528
0.61892080307	-0.08	-0.144	0.528
0.621233940125	-0.136	0.12	-1.16
0.623548984528	-0.136	0.12	-1.16
0.625883817673	-0.008	0.056	0.08
0.628196954727	-0.008	0.056	0.08
0.630509853363	-0.008	0.056	0.08
0.63282084465	0.104	-0.252	2.044
0.635140895844	0.104	-0.252	2.044
0.637452840805	0.04	-0.384	2.044
0.639765977859	0.04	-0.384	2.044
0.642081975937	-0.084	-0.14	0.508
0.644403934479	-0.084	-0.14	0.508
0.646717786789	-0.128	0.116	-1.16
0.64904499054	-0.128	0.116	-1.16
0.651359796524	0.0	0.06	0.116
0.653663873672	0.0	0.06	0.116
0.655972003937	0.0	0.06	0.116
0.658274888992	0.116	-0.26	2.044
0.660587787628	0.116	-0.26	2.044
0.662900924683	0.052	-0.4	2.044
0.665219783783	0.052	-0.4	2.044
0.667531967163	-0.068	-0.152	0.48
0.669845819473	-0.068	-0.152	0.48
0.672158956528	-0.124	0.128	-1.164
0.674479007721	-0.124	0.128	-1.164
0.676792860031	0.012	0.044	0.148
0.67910695076	0.012	0.044	0.148
0.681416988373	0.012	0.044	0.148
0.683726787567	0.104	-0.256	2.044
0.686045885086	0.104	-0.256	2.044
0.688357830048	0.036	-0.38	2.044
0.690670967102	0.036	-0.38	2.044
0.692982912064	-0.084	-0.136	0.436
0.695391893387	-0.084	-0.136	0.436
0.697708845139	-0.112	0.144	-1.156
0.700024843216	-0.112	0.144	-1.156
0.702338933945	0.02	0.048	0.172
0.704655885696	0.02	0.048	0.172
0.706966876984	0.02	0.048	0.172
0.709277868271	0.108	-0.268	2.044
0.711589813232	0.108	-0.268	2.044
0.713949918747	0.032	-0.38	2.044
0.716267824173	0.032	-0.38	2.044
0.718593835831	-0.088	-0.128	0.42
0.720908880234	-0.088	-0.128	0.42
0.723222970963	-0.14	0.136	-1.172
0.725541830063	-0.14	0.136	-1.172
0.727855920792	0.0	0.04	0.196
0.730158805847	0.0	0.04	0.196
0.732460975647	0.0	0.04	0.196
0.734769821167	0.1	-0.272	2.044
0.737082958221	0.1	-0.272	2.044
0.739395856857	0.032	-0.384	2.044
0.741706848145	0.032	-0.384	2.044
0.744026899338	-0.084	-0.132	0.388
0.746340990067	-0.084	-0.132	0.388
0.748653888702	-0.124	0.132	-1.168
0.750971794128	-0.124	0.132	-1.168
0.753286838531	0.0	0.048	0.22
0.755594968796	0.0	0.048	0.22
0.757897853851	0.0	0.048	0.22
0.760200977325	0.12	-0.268	2.044
0.762513875961	0.12	-0.268	2.044
0.764831781387	0.044	-0.384	2.044
0.767145872116	0.044	-0.384	2.044
0.769459009171	-0.068	-0.132	0.344
0.771772861481	-0.068	-0.132	0.344
0.774091005325	-0.124	0.14	-1.168
0.77640581131	-0.124	0.14	-1.168
0.778728961945	0.008	0.044	0.248
0.781038999557	0.008	0.044	0.248
0.783348798752	0.008	0.044	0.248
0.785664796829	0.096	-0.276	2.044
0.787982940674	0.096	-0.276	2.044
0.790294885635	0.036	-0.372	2.044
0.792607784271	0.036	-0.372	2.044
0.79492688179	-0.092	-0.124	0.344
0.797240972519	-0.092	-0.124	0.344
0.799553871155	-0.124	0.128	-1.168
0.801868915558	-0.124	0.128	-1.168
0.804183006287	-0.02	0.044	0.268
0.806494951248	-0.02	0.044	0.268
0.80880689621	-0.02	0.044	0.268
0.811117887497	0.12	-0.28	2.044
0.813429832458	0.12	-0.28	2.044
0.81574678421	0.028	-0.384	2.044
0.818059921265	0.028	-0.384	2.044
0.820371866226	-0.088	-0.12	0.32
0.822713851929	-0.088	-0.12	0.32
0.825034856796	-0.132	0.148	-1.168
0.82735490799	-0.132	0.148	-1.168
0.829668998718	0.004	0.036	0.296
0.831977844238	0.004	0.036	0.296
0.83429479599	0.004	0.036	0.296
0.836603879929	0.108	-0.284	2.044
0.838917016983	0.108	-0.284	2.044
0.841230869293	0.052	-0.404	2.044
0.843552827835	0.052	-0.404	2.044
0.84587097168	-0.088	-0.108	0.292
0.848186016083	-0.088	-0.108	0.292
0.850498914719	-0.116	0.136	-1.176
0.852813005447	-0.116	0.136	-1.176
0.855132818222	0.016	0.036	0.324
0.857446908951	0.016	0.036	0.324
0.859757900238	0.016	0.036	0.324
0.862066984177	0.108	-0.288	2.044
0.864900827408	0.108	-0.288	2.044
0.86722278595	0.036	-0.376	2.044
0.869537830353	0.036	-0.376	2.044
0.871851921082	-0.096	-0.116	0.256
0.874171972275	-0.096	-0.116	0.256
0.876484870911	-0.124	0.14	-1.168
0.878798961639	-0.124	0.14	-1.168
0.88111281395	0.008	0.028	0.356
0.883422851562	0.008	0.028	0.356
0.885739803314	0.092	-0.28	2.044
0.888051986694	0.092	-0.28	2.044
0.89036488533	0.092	-0.28	2.044
0.892676830292	0.024	-0.388	2.044
0.894998788834	0.024	-0.388	2.044
0.897312879562	-0.1	-0.096	0.244
0.899624824524	-0.1	-0.096	0.244
0.901937961578	-0.116	0.132	-1.172
0.904256820679	-0.116	0.132	-1.172
0.906571865082	0.024	0.02	0.384
0.908893823624	0.024	0.02	0.384
0.911203861237	0.112	-0.288	2.044
0.913517951965	0.112	-0.288	2.044
0.915834903717	0.112	-0.288	2.044
0.918148994446	0.036	-0.38	2.044
0.920460939407	0.036	-0.38	2.044
0.922773838043	-0.092	-0.104	0.204
0.925093889236	-0.092	-0.104	0.204
0.927406787872	-0.124	0.132	-1.168
0.929726839066	-0.124	0.132	-1.168
0.93203997612	0.024	0.012	0.42
0.934355974197	0.024	0.012	0.42
0.936666965485	0.104	-0.288	2.044
0.93897986412	0.104	-0.288	2.044
0.941312789917	0.104	-0.288	2.044
0.943626880646	0.024	-0.38	2.044
0.945945978165	0.024	-0.38	2.044
0.948258876801	-0.096	-0.096	0.172
0.950572967529	-0.096	-0.096	0.172
0.952885866165	-0.116	0.136	-1.16
0.955205917358	-0.116	0.136	-1.16
0.957520008087	0.024	0.016	0.432
0.959829807281	0.024	0.016	0.432
0.962139844894	0.12	-0.292	2.044
0.964458942413	0.12	-0.292	2.044
0.966775894165	0.12	-0.292	2.044
0.969088792801	0.004	-0.352	2.044
0.971401929855	0.004	-0.352	2.044
0.973737001419	-0.1	-0.088	0.164
0.976056814194	-0.1	-0.088	0.164
0.978368997574	-0.112	0.128	-1.152
0.98068189621	-0.112	0.128	-1.152
0.982995986938	0.016	0.008	0.468
0.985394001007	0.016	0.008	0.468
0.987705945969	0.116	-0.288	2.044
0.990018844604	0.116	-0.288	2.044
0.992331981659	0.02	-0.384	2.044
0.994652986526	0.02	-0.384	2.044
0.996964931488	0.02	-0.384	2.044
0.99927687645	-0.096	-0.104	0.12
1.0015938282	-0.096	-0.104	0.12
1.00390791893	-0.096	0.132	-1.16
1.00625181198	-0.096	0.132	-1.16
1.00856590271	0.028	0.02	0.492
1.010876894	0.028	0.02	0.492
1.01318693161	0.12	-0.304	2.044
1.01550483704	0.12	-0.304	2.044
1.01781797409	0.012	-0.38	2.044
1.02013087273	0.012	-0.38	2.044
1.02244400978	0.012	-0.38	2.044
1.02476191521	-0.1	-0.084	0.108
1.02707600594	-0.1	-0.084	0.108
1.02938890457	-0.124	0.136	-1.156
1.03170084953	-0.124	0.136	-1.156
1.0340218544	0.016	0.004	0.528
1.03633189201	0.016	0.004	0.528
1.03865385056	0.104	-0.288	2.044
1.04096794128	0.104	-0.288	2.044
1.04328083992	0.012	-0.38	2.044
1.04559898376	0.012	-0.38	2.044
1.0479118824	0.012	-0.38	2.044
1.05022478104	-0.104	-0.092	0.076
1.05253887177	-0.104	-0.092	0.076
1.05485391617	-0.108	0.136	-1.148
1.0571668148	-0.108	0.136	-1.148
1.05948090553	0.04	0.0	0.564
1.06178283691	0.04	0.0	0.564
1.06409096718	0.116	-0.308	2.044
1.06640291214	0.116	-0.308	2.044
1.0687148571	0.016	-0.368	2.044
1.07102799416	0.016	-0.368	2.044
1.07335591316	0.016	-0.368	2.044
1.07567501068	-0.092	-0.096	0.04
1.07798886299	-0.092	-0.096	0.04
1.08030200005	-0.124	0.14	-1.14
1.08261489868	-0.124	0.14	-1.14
1.08493590355	0.032	-0.008	0.584
1.08724784851	0.032	-0.008	0.584
1.08956098557	0.112	-0.312	2.044
1.0918738842	0.112	-0.312	2.044
1.09419298172	0.016	-0.376	2.044
1.09650492668	0.016	-0.376	2.044
1.09881782532	0.016	-0.376	2.044
1.1011300087	-0.1	-0.088	-0.004
1.10345387459	-0.1	-0.088	-0.004
1.10577392578	-0.108	0.136	-1.14
1.10808801651	-0.108	0.136	-1.14
1.11040401459	0.044	0.02	0.604
1.11271500587	0.044	0.02	0.604
1.11503100395	0.12	-0.308	2.044
1.11734390259	0.12	-0.308	2.044
1.11965584755	0.008	-0.38	2.044
1.12196683884	0.008	-0.38	2.044
1.12428593636	0.008	-0.38	2.044
1.12659788132	-0.108	-0.088	-0.016
1.12891197205	-0.108	-0.088	-0.016
1.13122701645	-0.12	0.148	-1.148
1.13354086876	-0.12	0.148	-1.148
1.13585996628	0.024	-0.008	0.632
1.13817286491	0.024	-0.008	0.632
1.1404838562	0.108	-0.316	2.044
1.14279580116	0.108	-0.316	2.044
1.14511680603	0.024	-0.38	2.044
1.14742994308	0.024	-0.38	2.044
1.14974188805	0.024	-0.38	2.044
1.15205383301	-0.096	-0.076	-0.052
1.1543738842	-0.096	-0.076	-0.052
1.15668797493	-0.108	0.152	-1.14
1.15900182724	-0.108	0.152	-1.14
1.16131591797	0.036	-0.004	0.684
1.16362786293	0.036	-0.004	0.684
1.16594386101	0.116	-0.328	2.044
1.16826701164	0.116	-0.328	2.044
1.17057991028	0.008	-0.364	2.044
1.17289185524	0.008	-0.364	2.044
1.17520999908	0.008	-0.364	2.044
1.17752385139	-0.108	-0.08	-0.076
1.1798388958	-0.108	-0.08	-0.076
1.18216300011	-0.116	0.148	-1.14
1.18447995186	-0.116	0.148	-1.14
1.18679499626	0.02	0.004	0.708
1.18910479546	0.02	0.004	0.708
1.19141483307	0.1	-0.324	2.044
1.1937289238	0.1	-0.324	2.044
1.1960477829	0.004	-0.368	2.044
1.1983590126	0.004	-0.368	2.044
1.20067095757	0.004	-0.368	2.044
1.2029838562	-0.112	-0.06	-0.1
1.20533585548	-0.112	-0.06	-0.1
1.20764994621	-0.1	0.14	-1.128
1.20996284485	-0.1	0.14	-1.128
1.2122759819	0.032	-0.02	0.74
1.21459388733	0.032	-0.02	0.74
1.21690988541	0.12	-0.316	2.044
1.21922278404	0.12	-0.316	2.044
1.22154688835	0.004	-0.356	2.044
1.22385978699	0.004	-0.356	2.044
1.22617483139	0.004	-0.356	2.044
1.22848796844	-0.108	-0.068	-0.124
1.23080182076	-0.108	-0.068	-0.124
1.23312687874	-0.108	0.144	-1.108
1.23544692993	-0.108	0.144	-1.108
1.23776197433	0.028	-0.028	0.772
1.24007296562	0.028	-0.028	0.772
1.24238491058	0.112	-0.328	2.044
1.2447040081	0.112	-0.328	2.044
1.24701690674	0.008	-0.352	2.044
1.2493288517	0.008	-0.352	2.044
1.25164079666	0.008	-0.352	2.044
1.25396180153	-0.108	-0.056	-0.148
1.25627589226	-0.108	-0.056	-0.148
1.25858879089	-0.1	0.148	-1.104
1.26090192795	-0.1	0.148	-1.104
1.26321578026	0.032	-0.02	0.804
1.26553297043	0.032	-0.02	0.804
1.26784396172	0.112	-0.32	2.044
1.27015590668	0.112	-0.32	2.044
1.27246785164	-0.008	-0.348	2.044
1.27479100227	-0.008	-0.348	2.044
1.27710485458	-0.008	-0.348	2.044
1.27941799164	-0.124	-0.048	-0.176
1.28173279762	-0.124	-0.048	-0.176
1.28405284882	-0.104	0.14	-1.104
1.28636693954	-0.104	0.14	-1.104
1.2886838913	0.036	-0.024	0.836
1.29099678993	0.036	-0.024	0.836
1.29330897331	0.112	-0.328	2.044
1.29562687874	0.112	-0.328	2.044
1.29795098305	0.008	-0.364	2.044
1.30026388168	0.008	-0.364	2.044
1.30257678032	0.008	-0.364	2.044
1.30488991737	-0.1	-0.056	-0.208
1.30720496178	-0.1	-0.056	-0.208
1.30951881409	-0.08	0.144	-1.088
1.31183195114	-0.08	0.144	-1.088
1.31415200233	0.052	-0.036	0.876
1.3164639473	0.052	-0.036	0.876
1.31877589226	0.112	-0.328	2.044
1.32108879089	0.112	-0.328	2.044
1.32340598106	0.012	-0.348	2.044
1.32573699951	0.012	-0.348	2.044
1.32805085182	0.012	-0.348	2.044
1.33036398888	-0.116	-0.044	-0.228
1.33267879486	-0.116	-0.044	-0.228
1.33499884605	-0.104	0.144	-1.092
1.33731389046	-0.104	0.144	-1.092
1.33962678909	0.04	-0.032	0.9
1.34193897247	0.04	-0.032	0.9
1.34425592422	0.104	-0.316	2.044
1.34656786919	0.104	-0.316	2.044
1.34888100624	-0.004	-0.356	2.044
1.35119390488	-0.004	-0.356	2.044
1.35350799561	-0.004	-0.356	2.044
1.35582590103	-0.112	-0.048	-0.248
1.35814189911	-0.112	-0.048	-0.248
1.36045885086	-0.088	0.152	-1.064
1.3627820015	-0.088	0.152	-1.064
1.36510300636	0.048	-0.036	0.92
1.367415905	0.048	-0.036	0.92
1.36972784996	0.112	-0.336	2.044
1.37204098701	0.112	-0.336	2.044
1.37435889244	-0.004	-0.34	2.044
1.37667298317	-0.004	-0.34	2.044
1.37898683548	-0.004	-0.34	2.044
1.38129997253	-0.128	-0.032	-0.28
1.38361382484	-0.128	-0.032	-0.28
1.38592982292	-0.088	0.144	-1.072
1.38826680183	-0.088	0.144	-1.072
1.39058089256	0.044	-0.032	0.96
1.39289188385	0.044	-0.032	0.96
1.39520978928	0.108	-0.336	2.044
1.39752697945	0.108	-0.336	2.044
1.39983892441	-0.004	-0.348	2.044
1.40215301514	-0.004	-0.348	2.044
1.40447187424	-0.004	-0.348	2.044
1.40678596497	-0.112	-0.032	-0.3
1.40910100937	-0.112	-0.032	-0.3
1.41141796112	-0.092	0.152	-1.064
1.41373085976	-0.092	0.152	-1.064
1.41605091095	0.052	-0.028	0.988
1.41836285591	0.052	-0.028	0.988
1.42067480087	0.104	-0.344	2.044
1.42298793793	0.104	-0.344	2.044
1.42534279823	-0.008	-0.336	2.044
1.42766785622	-0.008	-0.336	2.044
1.42998290062	-0.008	-0.336	2.044
1.4322988987	-0.124	-0.032	-0.336
1.43461990356	-0.124	-0.032	-0.336
1.43693494797	-0.092	0.144	-1.056
1.43924999237	-0.092	0.144	-1.056
1.44156384468	0.044	-0.06	1.024
1.44387578964	0.044	-0.06	1.024
1.44619393349	0.1	-0.332	2.044
1.44850683212	0.1	-0.332	2.044
1.4508190155	-0.008	-0.352	2.044
1.45313191414	-0.008	-0.352	2.044
1.45545101166	-0.008	-0.352	2.044
1.45776486397	-0.112	-0.028	-0.352
1.46007990837	-0.112	-0.028	-0.352
1.46239495277	-0.092	0.148	-1.06
1.46470999718	-0.092	0.148	-1.06
1.46702289581	0.06	-0.052	1.056
1.46933794022	0.06	-0.052	1.056
1.47164988518	0.12	-0.348	2.044
1.47396993637	0.12	-0.348	2.044
1.47628283501	0.0	-0.348	2.044
1.47858786583	0.0	-0.348	2.044
1.48089194298	0.0	-0.348	2.044
1.4831969738	-0.112	-0.028	-0.388
1.48551297188	-0.112	-0.028	-0.388
1.48782086372	-0.096	0.14	-1.024
1.49012684822	-0.096	0.14	-1.024
1.49247980118	0.04	-0.056	1.076
1.49478983879	0.04	-0.056	1.076
1.49710798264	0.108	-0.348	2.044
1.49942183495	0.108	-0.348	2.044
1.50173592567	-0.02	-0.332	2.044
1.50405979156	-0.02	-0.332	2.044
1.50637483597	-0.02	-0.332	2.044
1.50868797302	-0.116	-0.012	-0.436
1.51100182533	-0.116	-0.012	-0.436
1.51331591606	-0.096	0.152	-1.02
1.51563501358	-0.096	0.152	-1.02
1.51794886589	0.06	-0.064	1.112
1.52026081085	0.06	-0.064	1.112
1.52257299423	0.112	-0.344	2.044
1.52488589287	0.112	-0.344	2.044
1.52719783783	-0.02	-0.336	2.044
1.52951097488	-0.02	-0.336	2.044
1.53182387352	-0.02	-0.336	2.044
1.53414297104	-0.12	-0.02	-0.432
1.53645682335	-0.12	-0.02	-0.432
1.53877091408	-0.088	0.144	-1.004
1.54108691216	-0.088	0.144	-1.004
1.54339981079	0.052	-0.068	1.168
1.54571700096	0.052	-0.068	1.168
1.5480298996	0.116	-0.348	2.044
1.55034184456	0.116	-0.348	2.044
1.55265378952	-0.012	-0.336	2.044
1.55496788025	-0.012	-0.336	2.044
1.55729198456	-0.012	-0.336	2.044
1.55960583687	-0.112	-0.02	-0.448
1.5619199276	-0.112	-0.02	-0.448
1.56423997879	-0.088	0.14	-0.984
1.5665538311	-0.088	0.14	-0.984
1.56886696815	0.064	-0.072	1.172
1.57117891312	0.064	-0.072	1.172
1.57349085808	0.108	-0.352	2.044
1.57585883141	0.108	-0.352	2.044
1.57817387581	-0.008	-0.32	2.044
1.58048701286	-0.008	-0.32	2.044
1.58280086517	-0.008	-0.32	2.044
1.58511590958	-0.124	-0.02	-0.476
1.58743596077	-0.124	-0.02	-0.476
1.58975100517	-0.096	0.136	-0.976
1.59206295013	-0.096	0.136	-0.976
1.59438300133	0.048	-0.076	1.204
1.59669589996	0.048	-0.076	1.204
1.59900784492	0.108	-0.36	2.044
1.60131978989	0.108	-0.36	2.044
1.60363197327	-0.016	-0.328	2.04
1.60595178604	-0.016	-0.328	2.04
1.60826683044	-0.016	-0.328	2.04
1.6105799675	-0.112	-0.012	-0.492
1.61289691925	-0.112	-0.012	-0.492
1.61521792412	-0.104	0.148	-0.948
1.61753082275	-0.104	0.148	-0.948
1.61984395981	0.052	-0.068	1.236
1.62217593193	0.052	-0.068	1.236
1.62449598312	0.112	-0.356	2.044
1.62680983543	0.112	-0.356	2.044
1.62912297249	-0.02	-0.332	2.016
1.6314368248	-0.02	-0.332	2.016
1.63374996185	-0.02	-0.332	2.016
1.63607001305	-0.128	0.008	-0.512
1.63838195801	-0.128	0.008	-0.512
1.64069581032	-0.084	0.14	-0.944
1.64300990105	-0.084	0.14	-0.944
1.64535689354	0.052	-0.076	1.252
1.64767384529	0.052	-0.076	1.252
1.64998793602	0.1	-0.384	2.044
1.65230178833	0.1	-0.384	2.044
1.65462088585	-0.024	-0.324	1.984
1.65693593025	-0.024	-0.324	1.984
1.65924978256	-0.024	-0.324	1.984
1.66156291962	-0.112	-0.012	-0.536
1.66387891769	-0.112	-0.012	-0.536
1.66619992256	-0.08	0.152	-0.944
1.66851401329	-0.08	0.152	-0.944
1.67082691193	0.056	-0.088	1.284
1.67313981056	0.056	-0.088	1.284
1.67545795441	0.104	-0.368	2.044
1.67777180672	0.104	-0.368	2.044
1.68008589745	-0.028	-0.324	1.964
1.68239998817	-0.028	-0.324	1.964
1.68472290039	-0.028	-0.324	1.964
1.6870470047	-0.132	0.004	-0.56
1.68936085701	-0.132	0.004	-0.56
1.69167399406	-0.084	0.132	-0.936
1.69399285316	-0.084	0.132	-0.936
1.69630599022	0.056	-0.084	1.32
1.69861984253	0.056	-0.084	1.32
1.70093178749	0.108	-0.364	2.044
1.70324492455	0.108	-0.364	2.044
1.70556378365	-0.012	-0.332	1.944
1.70787787437	-0.012	-0.332	1.944
1.7101919651	-0.012	-0.332	1.944
1.71250486374	-0.116	0.012	-0.58
1.71482586861	-0.116	0.012	-0.58
1.71713900566	-0.072	0.148	-0.916
1.71945595741	-0.072	0.148	-0.916
1.72176980972	0.068	-0.092	1.356
1.72408795357	0.068	-0.092	1.356
1.7264008522	0.112	-0.372	2.044
1.72871279716	0.112	-0.372	2.044
1.73102593422	-0.024	-0.304	1.908
1.73334097862	-0.024	-0.304	1.908
1.73565888405	-0.024	-0.304	1.908
1.73797392845	-0.136	0.008	-0.592
1.74028682709	-0.136	0.008	-0.592
1.74259996414	-0.08	0.136	-0.916
1.74491882324	-0.08	0.136	-0.916
1.74723386765	0.052	-0.084	1.384
1.74954581261	0.052	-0.084	1.384
1.75186800957	0.1	-0.368	2.044
1.75418686867	0.1	-0.368	2.044
1.75650286674	-0.016	-0.32	1.88
1.7588160038	-0.016	-0.32	1.88
1.76112890244	-0.016	-0.32	1.88
1.76344180107	-0.12	0.004	-0.616
1.76575994492	-0.12	0.004	-0.616
1.76807379723	-0.068	0.144	-0.892
1.77038693428	-0.068	0.144	-0.892
1.77269983292	0.056	-0.084	1.396
1.77501797676	0.056	-0.084	1.396
1.77732992172	0.076	-0.356	2.044
1.77964186668	0.076	-0.356	2.044
1.78195381165	-0.028	-0.308	1.852
1.78426885605	-0.028	-0.308	1.852
1.78658390045	-0.028	-0.308	1.852
1.78892993927	-0.136	0.008	-0.624
1.79124879837	-0.136	0.008	-0.624
1.7935628891	-0.08	0.136	-0.884
1.79588198662	-0.08	0.136	-0.884
1.7981967926	0.064	-0.092	1.424
1.80050992966	0.064	-0.092	1.424
1.80282187462	0.108	-0.36	2.044
1.80513596535	0.108	-0.36	2.044
1.80744791031	-0.024	-0.304	1.82
1.80976200104	-0.024	-0.304	1.82
1.81207585335	-0.024	-0.304	1.82
1.81439495087	-0.124	-0.016	-0.648
1.81672978401	-0.124	-0.016	-0.648
1.81904697418	-0.064	0.156	-0.86
1.82135987282	-0.064	0.156	-0.86
1.82367300987	0.06	-0.096	1.468
1.82599186897	0.06	-0.096	1.468
1.82830691338	0.088	-0.368	2.044
1.83061981201	0.088	-0.368	2.044
1.83293199539	-0.032	-0.308	1.804
1.83525300026	-0.032	-0.308	1.804
1.83756685257	-0.032	-0.308	1.804
1.8398809433	-0.14	0.024	-0.668
1.84219479561	-0.14	0.024	-0.668
1.8445148468	-0.076	0.152	-0.856
1.84682893753	-0.076	0.152	-0.856
1.84914684296	0.076	-0.092	1.456
1.85146093369	0.076	-0.092	1.456
1.85377383232	0.1	-0.364	2.044
1.85609292984	0.1	-0.364	2.044
1.85840582848	-0.016	-0.3	1.784
1.8607199192	-0.016	-0.3	1.784
1.86303782463	-0.016	-0.3	1.784
1.86535978317	-0.128	0.028	-0.696
1.86767292023	-0.128	0.028	-0.696
1.86998701096	-0.06	0.144	-0.84
1.87229990959	-0.06	0.144	-0.84
1.87461996078	0.072	-0.104	1.508
1.8769338131	0.072	-0.104	1.508
1.87924599648	0.096	-0.368	2.044
1.88156795502	0.096	-0.368	2.044
1.88388085365	-0.032	-0.304	1.776
1.88620090485	-0.032	-0.304	1.776
1.88851499557	-0.032	-0.304	1.776
1.89082980156	-0.136	0.024	-0.704
1.89314389229	-0.136	0.024	-0.704
1.89546179771	-0.08	0.14	-0.812
1.89777684212	-0.08	0.14	-0.812
1.90009284019	0.064	-0.112	1.54
1.90240478516	0.064	-0.112	1.54
1.90472388268	0.096	-0.376	2.044
1.90703678131	0.096	-0.376	2.044
1.90934991837	-0.024	-0.284	1.724
1.91166400909	-0.024	-0.284	1.724
1.91398382187	-0.024	-0.284	1.724
1.91629886627	-0.132	0.028	-0.728
1.918612957	-0.132	0.028	-0.728
1.92092585564	-0.068	0.14	-0.808
1.92323994637	-0.068	0.14	-0.808
1.92555785179	0.072	-0.108	1.56
1.92786979675	0.072	-0.108	1.56
1.93018198013	0.096	-0.368	2.044
1.93249583244	0.096	-0.368	2.044
1.93481683731	-0.032	-0.296	1.696
1.93713283539	-0.032	-0.296	1.696
1.93944597244	-0.032	-0.296	1.696
1.94175982475	-0.128	0.04	-0.748
1.94407987595	-0.128	0.04	-0.748
1.94640278816	-0.064	0.132	-0.776
1.94871783257	-0.064	0.132	-0.776
1.95103096962	0.068	-0.112	1.596
1.95334386826	0.068	-0.112	1.596
1.95566082001	0.096	-0.368	2.044
1.95797491074	0.096	-0.368	2.044
1.9602868557	-0.028	-0.284	1.668
1.96259999275	-0.028	-0.284	1.668
1.96491980553	-0.028	-0.284	1.668
1.96723389626	-0.124	0.028	-0.756
1.96954679489	-0.124	0.028	-0.756
1.97186398506	-0.06	0.14	-0.764
1.97418284416	-0.06	0.14	-0.764
1.97649693489	0.068	-0.124	1.636
1.97880887985	0.068	-0.124	1.636
1.98112082481	0.088	-0.364	2.044
1.98343396187	0.088	-0.364	2.044
1.98574781418	-0.04	-0.284	1.64
1.98806500435	-0.04	-0.284	1.64
1.99037790298	-0.04	-0.284	1.64
1.99269199371	-0.132	0.04	-0.772
1.99501085281	-0.132	0.04	-0.772
1.99732398987	-0.056	0.124	-0.76
1.9996368885	-0.056	0.124	-0.76
2.00195097923	0.08	-0.128	1.648
2.00426888466	0.08	-0.128	1.648
2.00658488274	0.104	-0.384	2.044
2.00889778137	0.104	-0.384	2.044
2.01122188568	-0.024	-0.272	1.592
2.01353478432	-0.024	-0.272	1.592
2.01585388184	-0.024	-0.272	1.592
2.01816678047	-0.12	0.044	-0.796
2.0204808712	-0.12	0.044	-0.796
2.02279281616	-0.052	0.14	-0.724
2.02511286736	-0.052	0.14	-0.724
2.02745890617	0.072	-0.136	1.68
2.0297729969	0.072	-0.136	1.68
2.03208589554	0.096	-0.38	2.044
2.03440499306	0.096	-0.38	2.044
2.03671693802	-0.048	-0.272	1.596
2.03903079033	-0.048	-0.272	1.596
2.04134392738	-0.048	-0.272	1.596
2.04366087914	-0.128	0.032	-0.812
2.04597878456	-0.128	0.032	-0.812
2.04829287529	-0.072	0.136	-0.712
2.05060601234	-0.072	0.136	-0.712
2.05291986465	0.08	-0.132	1.7
2.05523300171	0.08	-0.132	1.7
2.05754590034	0.092	-0.376	2.044
2.05985784531	0.092	-0.376	2.044
2.06216883659	-0.04	-0.276	1.556
2.06448793411	-0.04	-0.276	1.556
2.06680178642	-0.04	-0.276	1.556
2.06911492348	-0.14	0.048	-0.82
2.07142901421	-0.14	0.048	-0.82
2.07374286652	-0.044	0.132	-0.708
2.07607197762	-0.044	0.132	-0.708
2.07838892937	0.076	-0.14	1.728
2.080701828	0.076	-0.14	1.728
2.08301591873	0.096	-0.372	2.044
2.08536982536	0.096	-0.372	2.044
2.08768486977	-0.044	-0.268	1.528
2.08999896049	-0.044	-0.268	1.528
2.09231185913	-0.044	-0.268	1.528
2.09463191032	-0.14	0.036	-0.84
2.09694600105	-0.14	0.036	-0.84
2.09925985336	-0.056	0.128	-0.688
2.10157299042	-0.056	0.128	-0.688
2.10388588905	0.08	-0.14	1.748
2.10620498657	0.08	-0.14	1.748
2.10851788521	0.092	-0.38	2.044
2.11083078384	0.092	-0.38	2.044
2.1131439209	-0.044	-0.268	1.516
2.11546587944	-0.044	-0.268	1.516
2.11777997017	-0.044	-0.268	1.516
2.12009382248	-0.128	0.064	-0.852
2.12240791321	-0.128	0.064	-0.852
2.1247279644	-0.052	0.144	-0.668
2.12704181671	-0.052	0.144	-0.668
2.12935495377	0.068	-0.148	1.776
2.13166689873	0.068	-0.148	1.776
2.13398694992	0.088	-0.384	2.044
2.13629984856	0.088	-0.384	2.044
2.13861298561	-0.056	-0.256	1.476
2.14093589783	-0.056	-0.256	1.476
2.14324879646	-0.056	-0.256	1.476
2.14556789398	-0.14	0.044	-0.864
2.14788198471	-0.14	0.044	-0.864
2.15019798279	-0.052	0.128	-0.64
2.15251278877	-0.052	0.128	-0.64
2.15483188629	0.092	-0.164	1.808
2.15714478493	0.092	-0.164	1.808
2.15945792198	0.1	-0.384	2.044
2.16177082062	0.1	-0.384	2.044
2.16408991814	-0.048	-0.268	1.46
2.16640400887	-0.048	-0.268	1.46
2.16871786118	-0.048	-0.268	1.46
2.1710319519	-0.128	0.044	-0.88
2.17334580421	-0.128	0.044	-0.88
2.17566394806	-0.048	0.116	-0.632
2.17797780037	-0.048	0.116	-0.632
2.18029093742	0.076	-0.152	1.84
2.18260288239	0.076	-0.152	1.84
2.18491697311	0.088	-0.388	2.044
2.18723297119	0.088	-0.388	2.044
2.18954586983	-0.052	-0.26	1.4
2.19185900688	-0.052	-0.26	1.4
2.19417881966	-0.052	-0.26	1.4
2.19649195671	-0.14	0.052	-0.896
2.19880485535	-0.14	0.052	-0.896
2.2011179924	-0.052	0.128	-0.604
2.20343184471	-0.052	0.128	-0.604
2.20575881004	0.072	-0.164	1.852
2.2080719471	0.072	-0.164	1.852
2.21038389206	0.088	-0.38	2.044
2.2126967907	0.088	-0.38	2.044
2.21501588821	-0.044	-0.26	1.408
2.21733093262	-0.044	-0.26	1.408
2.21964478493	-0.044	-0.26	1.408
2.2219619751	-0.14	0.052	-0.908
2.22427797318	-0.14	0.052	-0.908
2.22659087181	-0.044	0.124	-0.596
2.22890496254	-0.044	0.124	-0.596
2.23121881485	0.084	-0.152	1.876
2.23353099823	0.084	-0.152	1.876
2.23584794998	0.088	-0.384	2.044
2.23816084862	0.088	-0.384	2.044
2.2404718399	-0.056	-0.26	1.376
2.24278688431	-0.056	-0.26	1.376
2.24510598183	-0.056	-0.26	1.376
2.24741983414	-0.136	0.044	-0.908
2.24973893166	-0.136	0.044	-0.908
2.25205278397	-0.04	0.116	-0.572
2.25437188148	-0.04	0.116	-0.572
2.25668597221	0.088	-0.16	1.912
2.25900197029	0.088	-0.16	1.912
2.26131486893	0.08	-0.376	2.044
2.26362800598	0.08	-0.376	2.044
2.26594686508	-0.056	-0.256	1.34
2.26826095581	-0.056	-0.256	1.34
2.27059292793	-0.14	0.06	-0.936
2.27290797234	-0.14	0.06	-0.936
2.27522993088	-0.14	0.06	-0.936
2.27754378319	-0.04	0.128	-0.548
2.27985787392	-0.04	0.128	-0.548
2.28217101097	0.068	-0.148	1.944
2.28449082375	0.068	-0.148	1.944
2.28680491447	0.076	-0.392	2.044
2.28911781311	0.076	-0.392	2.044
2.29143095016	-0.056	-0.252	1.316
2.29375481606	-0.056	-0.252	1.316
2.29610490799	-0.14	0.064	-0.948
2.29842090607	-0.14	0.064	-0.948
2.3007338047	-0.14	0.064	-0.948
2.30304694176	-0.044	0.112	-0.536
2.30536079407	-0.044	0.112	-0.536
2.30767393112	0.084	-0.164	1.952
2.30998682976	0.084	-0.164	1.952
2.31229996681	0.092	-0.392	2.044
2.31461977959	0.092	-0.392	2.044
2.31693291664	-0.032	-0.256	1.264
2.31924700737	-0.032	-0.256	1.264
2.32155990601	-0.136	0.064	-0.964
2.32387399673	-0.136	0.064	-0.964
2.32619380951	-0.136	0.064	-0.964
2.32850694656	-0.036	0.116	-0.512
2.33082389832	-0.036	0.116	-0.512
2.33313679695	0.088	-0.168	1.996
2.3354640007	0.088	-0.168	1.996
2.33777689934	0.076	-0.376	2.044
2.3400888443	0.076	-0.376	2.044
2.34240078926	-0.052	-0.244	1.236
2.34471988678	-0.052	-0.244	1.236
2.34703493118	-0.132	0.072	-0.98
2.34934782982	-0.132	0.072	-0.98
2.3516600132	-0.132	0.072	-0.98
2.35397386551	-0.04	0.124	-0.496
2.35628890991	-0.04	0.124	-0.496
2.35860395432	0.08	-0.18	2.032
2.36091685295	0.08	-0.18	2.032
2.36322999001	0.084	-0.388	2.044
2.36554789543	0.084	-0.388	2.044
2.36786079407	-0.048	-0.236	1.212
2.37017583847	-0.048	-0.236	1.212
2.3724899292	-0.124	0.072	-0.988
2.37481093407	-0.124	0.072	-0.988
2.37712478638	-0.124	0.072	-0.988
2.37943792343	-0.04	0.116	-0.464
2.38175082207	-0.04	0.116	-0.464
2.3840649128	0.08	-0.18	2.044
2.38637685776	0.08	-0.18	2.044
2.38868880272	0.072	-0.392	2.044
2.39100193977	0.072	-0.392	2.044
2.39331579208	-0.06	-0.228	1.192
2.39563584328	-0.06	-0.228	1.192
2.39794993401	-0.14	0.072	-0.988
2.40027284622	-0.14	0.072	-0.988
2.40259099007	-0.14	0.072	-0.988
2.40491080284	-0.048	0.112	-0.444
2.40722584724	-0.048	0.112	-0.444
2.40953993797	0.092	-0.18	2.044
2.41185283661	0.092	-0.18	2.044
2.41417098045	0.084	-0.4	2.044
2.41648292542	0.084	-0.4	2.044
2.41879487038	-0.052	-0.22	1.156
2.42110896111	-0.052	-0.22	1.156
2.42342281342	-0.128	0.092	-1.012
2.42574191093	-0.128	0.092	-1.012
2.42805695534	-0.128	0.092	-1.012
2.43036985397	-0.044	0.112	-0.428
2.43268299103	-0.044	0.112	-0.428
2.4350028038	0.092	-0.184	2.044
2.43731999397	0.092	-0.184	2.044
2.43963289261	0.068	-0.388	2.044
2.44194698334	0.068	-0.388	2.044
2.44426584244	-0.068	-0.228	1.116
2.44658088684	-0.068	-0.228	1.116
2.44889497757	-0.144	0.076	-1.024
2.45120882988	-0.144	0.076	-1.024
2.45352101326	-0.144	0.076	-1.024
2.45583987236	-0.036	0.108	-0.4
2.45815396309	-0.036	0.108	-0.4
2.46046590805	0.088	-0.184	2.044
2.46277880669	0.088	-0.184	2.044
2.46510982513	0.08	-0.388	2.044
2.4674270153	0.08	-0.388	2.044
2.46973991394	-0.048	-0.228	1.104
2.47205281258	-0.048	-0.228	1.104
2.47437095642	-0.124	0.08	-1.036
2.47668600082	-0.124	0.08	-1.036
2.47899889946	-0.124	0.08	-1.036
2.48131299019	-0.024	0.116	-0.368
2.4836268425	-0.024	0.116	-0.368
2.4859418869	0.084	-0.192	2.044
2.48825788498	0.084	-0.192	2.044
2.49056386948	0.076	-0.388	2.044
2.4928689003	0.076	-0.388	2.044
2.49517893791	-0.072	-0.224	1.064
2.49749684334	-0.072	-0.224	1.064
2.49981093407	-0.144	0.08	-1.048
2.50212597847	-0.144	0.08	-1.048
2.50444483757	-0.144	0.08	-1.048
2.5067589283	-0.036	0.1	-0.352
2.50907588005	-0.036	0.1	-0.352
2.51138997078	0.1	-0.188	2.044
2.51370191574	0.1	-0.188	2.044
2.51602101326	0.092	-0.392	2.044
2.5183339119	0.092	-0.392	2.044
2.52064585686	-0.06	-0.212	1.04
2.52295899391	-0.06	-0.212	1.04
2.52529978752	-0.14	0.092	-1.04
2.52761387825	-0.14	0.092	-1.04
2.52993679047	-0.14	0.092	-1.04
2.53225183487	-0.028	0.1	-0.336
2.53457093239	-0.028	0.1	-0.336
2.53688383102	0.084	-0.192	2.044
2.5391960144	0.084	-0.192	2.044
2.54150891304	0.064	-0.392	2.044
2.543820858	0.064	-0.392	2.044
2.54614281654	-0.064	-0.212	1.016
2.54845690727	-0.064	-0.212	1.016
2.55076980591	-0.148	0.088	-1.056
2.55308389664	-0.148	0.088	-1.056
2.55540084839	-0.148	0.088	-1.056
2.55771899223	-0.02	0.096	-0.312
2.56003093719	-0.02	0.096	-0.312
2.56234383583	0.104	-0.204	2.044
2.56466293335	0.104	-0.204	2.044
2.56697487831	0.072	-0.38	2.044
2.56928896904	0.072	-0.38	2.044
2.57160186768	-0.052	-0.212	0.984
2.57391500473	-0.052	-0.212	0.984
2.57626080513	-0.124	0.096	-1.068
2.57857489586	-0.124	0.096	-1.068
2.58089280128	-0.124	0.096	-1.068
2.58320784569	-0.02	0.1	-0.284
2.58552289009	-0.02	0.1	-0.284
2.58784079552	0.1	-0.192	2.044
2.59015393257	0.1	-0.192	2.044
2.59246683121	0.072	-0.396	2.044
2.59479379654	0.072	-0.396	2.044
2.59714794159	-0.08	-0.192	0.956
2.59946393967	-0.08	-0.192	0.956
2.60177779198	-0.136	0.096	-1.088
2.60409784317	-0.136	0.096	-1.088
2.60641288757	-0.136	0.096	-1.088
2.6087269783	-0.02	0.084	-0.252
2.61104083061	-0.02	0.084	-0.252
2.61335396767	0.104	-0.216	2.044
2.61567187309	0.104	-0.216	2.044
2.61798882484	0.076	-0.392	2.044
2.6203019619	0.076	-0.392	2.044
2.62261390686	-0.076	-0.196	0.94
2.62493395805	-0.076	-0.196	0.94
2.62724781036	-0.132	0.092	-1.08
2.62956190109	-0.132	0.092	-1.08
2.63187479973	-0.132	0.092	-1.08
2.63419485092	-0.012	0.092	-0.252
2.63650798798	-0.012	0.092	-0.252
2.63882184029	0.092	-0.204	2.044
2.64113378525	0.092	-0.204	2.044
2.64344596863	0.06	-0.384	2.044
2.64576387405	0.06	-0.384	2.044
2.64807701111	-0.064	-0.2	0.9
2.65038990974	-0.064	-0.2	0.9
2.65270590782	-0.132	0.092	-1.096
2.65502595901	-0.132	0.092	-1.096
2.65733885765	-0.132	0.092	-1.096
2.65966200829	-0.004	0.064	-0.228
2.66197490692	-0.004	0.064	-0.228
2.66428899765	0.104	-0.216	2.044
2.66660189629	0.104	-0.216	2.044
2.66891384125	0.072	-0.38	2.044
2.67122483253	0.072	-0.38	2.044
2.67353701591	-0.068	-0.188	0.864
2.67585492134	-0.068	-0.188	0.864
2.67816901207	-0.136	0.1	-1.112
2.68048191071	-0.136	0.1	-1.112
2.68279385567	-0.136	0.1	-1.112
2.68511295319	-0.028	0.088	-0.196
2.68742585182	-0.028	0.088	-0.196
2.68974280357	0.092	-0.212	2.044
2.69205594063	0.092	-0.212	2.044
2.69437289238	0.06	-0.392	2.044
2.69668483734	0.06	-0.392	2.044
2.6989979744	-0.08	-0.184	0.836
2.70131087303	-0.08	-0.184	0.836
2.70362401009	-0.144	0.1	-1.108
2.70594286919	-0.144	0.1	-1.108
2.70825695992	-0.144	0.1	-1.108
2.71056985855	-0.012	0.084	-0.172
2.71288180351	-0.012	0.084	-0.172
2.71520090103	0.112	-0.216	2.044
2.71751284599	0.112	-0.216	2.044
2.71982479095	0.072	-0.392	2.044
2.72213697433	0.072	-0.392	2.044
2.72446894646	-0.064	-0.184	0.792
2.72678494453	-0.064	-0.184	0.792
2.72909879684	-0.112	0.092	-1.112
2.7314119339	-0.112	0.092	-1.112
2.73372578621	-0.112	0.092	-1.112
2.73604488373	-0.008	0.08	-0.136
2.73835778236	-0.008	0.08	-0.136
2.74066901207	0.108	-0.216	2.044
2.74298191071	0.108	-0.216	2.044
2.74536895752	0.048	-0.388	2.044
2.74771595001	0.048	-0.388	2.044
2.75003790855	-0.072	-0.204	0.772
2.75235581398	-0.072	-0.204	0.772
2.75467801094	-0.136	0.1	-1.124
2.75699281693	-0.136	0.1	-1.124
2.75930786133	-0.136	0.1	-1.124
2.76162791252	-0.02	0.08	-0.108
2.76394987106	-0.02	0.08	-0.108
2.76626491547	0.108	-0.232	2.044
2.76857995987	0.108	-0.232	2.044
2.77089881897	0.056	-0.4	2.044
2.7732129097	0.056	-0.4	2.044
2.77552890778	-0.076	-0.176	0.74
2.77783894539	-0.076	-0.176	0.74
2.78014588356	-0.128	0.104	-1.132
2.78245282173	-0.128	0.104	-1.132
2.78476381302	-0.128	0.104	-1.132
2.78708100319	-0.016	0.088	-0.084
2.78940701485	-0.016	0.088	-0.084
2.79173994064	0.1	-0.236	2.044
2.79406094551	0.1	-0.236	2.044
2.79637789726	0.044	-0.388	2.044
2.7986907959	0.044	-0.388	2.044
2.80100297928	-0.076	-0.184	0.7
2.80331587791	-0.076	-0.184	0.7
2.80562996864	-0.128	0.104	-1.132
2.8079419136	-0.128	0.104	-1.132
2.81026792526	-0.128	0.104	-1.132
2.8125808239	0.0	0.08	-0.056
2.81488990784	0.0	0.08	-0.056
2.81720685959	0.124	-0.24	2.044
2.81951880455	0.124	-0.24	2.044
2.82182884216	0.06	-0.404	2.044
2.82435178757	0.06	-0.404	2.044
2.82666683197	-0.076	-0.168	0.672
2.82897901535	-0.076	-0.168	0.672
2.83128499985	-0.136	0.116	-1.152
2.83359885216	-0.136	0.116	-1.152
2.83590888977	-0.024	0.064	-0.028
2.83822083473	-0.024	0.064	-0.028
2.84052681923	-0.024	0.064	-0.028
2.84283399582	0.096	-0.24	2.044
2.84514284134	0.096	-0.24	2.044
2.84745979309	0.04	-0.388	2.044
2.84977388382	0.04	-0.388	2.044
2.85208678246	-0.076	-0.164	0.632
2.854418993	-0.076	-0.164	0.632
2.85673379898	-0.152	0.124	-1.148
2.85905098915	-0.152	0.124	-1.148
2.86136579514	-0.004	0.06	0.004
2.86367678642	-0.004	0.06	0.004
2.86599588394	-0.004	0.06	0.004
2.86831188202	0.116	-0.248	2.044
2.87062597275	0.116	-0.248	2.044
2.87293982506	0.048	-0.392	2.044
2.87525987625	0.048	-0.392	2.044
2.87757396698	-0.08	-0.164	0.604
2.87988686562	-0.08	-0.164	0.604
2.88220191002	-0.128	0.116	-1.152
2.88452291489	-0.128	0.116	-1.152
2.88683581352	-0.008	0.068	0.036
2.88915300369	-0.008	0.068	0.036
2.89146780968	-0.008	0.068	0.036
2.89377999306	0.116	-0.26	2.044
2.89609980583	0.116	-0.26	2.044
2.89841389656	0.044	-0.376	2.044
2.90072798729	0.044	-0.376	2.044
2.90304088593	-0.08	-0.156	0.568
2.90538096428	-0.08	-0.156	0.568
2.90769481659	-0.128	0.112	-1.16
2.91000890732	-0.128	0.112	-1.16
2.91232395172	-0.004	0.048	0.072
2.91464400291	-0.004	0.048	0.072
2.91695690155	-0.004	0.048	0.072
2.91928601265	0.1	-0.252	2.044
2.92160487175	0.1	-0.252	2.044
2.9239180088	0.052	-0.392	2.044
2.92631697655	0.052	-0.392	2.044
2.92863082886	-0.084	-0.152	0.528
2.93094682693	-0.084	-0.152	0.528
2.93325996399	-0.128	0.12	-1.16
2.93558192253	-0.128	0.12	-1.16
2.93794083595	-0.012	0.068	0.088
2.94025993347	-0.012	0.068	0.088
2.94257378578	-0.012	0.068	0.088
2.94489383698	0.108	-0.264	2.044
2.94721198082	0.108	-0.264	2.044
2.94952487946	0.036	-0.38	2.044
2.95184993744	0.036	-0.38	2.044
2.95417094231	-0.076	-0.148	0.5
2.95648288727	-0.076	-0.148	0.5
2.95879292488	-0.128	0.12	-1.152
2.96112084389	-0.128	0.12	-1.152
2.96343588829	0.004	0.048	0.128
2.96575284004	0.004	0.048	0.128
2.968064785	0.004	0.048	0.128
2.97037601471	0.116	-0.264	2.044
2.97268891335	0.116	-0.264	2.044
2.97500801086	0.052	-0.376	2.044
2.97731900215	0.052	-0.376	2.044
2.97962498665	-0.088	-0.144	0.476
2.98193097115	-0.088	-0.144	0.476
2.98425078392	-0.128	0.128	-1.168
2.98657083511	-0.128	0.128	-1.168
2.98888492584	-0.004	0.052	0.16
2.99119591713	-0.004	0.052	0.16
2.99350786209	-0.004	0.052	0.16
2.99582600594	0.1	-0.268	2.044
2.9981379509	0.1	-0.268	2.044
3.00044894218	0.04	-0.388	2.044
3.00276088715	0.04	-0.388	2.044
3.00507879257	-0.092	-0.144	0.444
3.0073928833	-0.092	-0.144	0.444
3.00970578194	-0.12	0.12	-1.168
3.01202178001	-0.12	0.12	-1.168
3.01434087753	0.016	0.04	0.184
3.01665186882	0.016	0.04	0.184
3.01896095276	0.016	0.04	0.184
3.0212688446	0.104	-0.256	2.044
3.02357983589	0.104	-0.256	2.044
3.02589988708	0.052	-0.388	2.044
3.02821183205	0.052	-0.388	2.044
3.03052401543	-0.08	-0.128	0.416
3.03283786774	-0.08	-0.128	0.416
3.03515696526	-0.128	0.128	-1.176
3.03746986389	-0.128	0.128	-1.176
3.03978180885	0.008	0.048	0.208
3.04209280014	0.008	0.048	0.208
3.04440879822	0.008	0.048	0.208
3.04671692848	0.1	-0.26	2.044
3.04904198647	0.1	-0.26	2.044
3.05135583878	0.036	-0.388	2.044
3.05366683006	0.036	-0.388	2.044
3.05602288246	-0.088	-0.14	0.388
3.05834078789	-0.088	-0.14	0.388
3.06065487862	-0.124	0.128	-1.172
3.06296896935	-0.124	0.128	-1.172
3.06532979012	0.016	0.044	0.24
3.0676419735	0.016	0.044	0.24
3.06995296478	0.016	0.044	0.24
3.0722630024	0.108	-0.272	2.044
3.07458281517	0.108	-0.272	2.044
3.07689499855	0.036	-0.38	2.044
3.07920789719	0.036	-0.38	2.044
3.08152389526	-0.092	-0.124	0.34
3.08384180069	-0.092	-0.124	0.34
3.08616280556	-0.124	0.12	-1.172
3.08847689629	-0.124	0.12	-1.172
3.09079194069	-0.008	0.052	0.272
3.09310483932	-0.008	0.052	0.272
3.09542489052	-0.008	0.052	0.272
3.09773993492	0.108	-0.276	2.044
3.10005378723	0.108	-0.276	2.044
3.10236597061	0.036	-0.38	2.044
3.10468578339	0.036	-0.38	2.044
3.10699987411	-0.088	-0.124	0.32
3.10931396484	-0.088	-0.124	0.32
3.11162686348	-0.12	0.144	-1.18
3.11395978928	-0.12	0.144	-1.18
3.11627483368	0.016	0.036	0.288
3.11858701706	0.016	0.036	0.288
3.12090086937	0.016	0.036	0.288
3.12321090698	0.12	-0.276	2.044
3.12553191185	0.12	-0.276	2.044
3.12784481049	0.04	-0.404	2.044
3.13015985489	0.04	-0.404	2.044
3.13247299194	-0.088	-0.104	0.296
3.13479399681	-0.088	-0.104	0.296
3.13712286949	-0.124	0.132	-1.164
3.13943791389	-0.124	0.132	-1.164
3.1417529583	0.008	0.032	0.332
3.14406490326	0.008	0.032	0.332
3.1463778019	0.008	0.032	0.332
3.14868783951	0.096	-0.28	2.044
3.15100097656	0.096	-0.28	2.044
3.15331482887	0.028	-0.392	2.044
3.15563893318	0.028	-0.392	2.044
3.15795278549	-0.096	-0.116	0.26
3.1602678299	-0.096	-0.116	0.26
3.16258192062	-0.12	0.14	-1.184
3.16490292549	-0.12	0.14	-1.184
3.16721701622	0.02	0.036	0.352
3.16952896118	0.02	0.036	0.352
3.17183995247	0.02	0.036	0.352
3.17415785789	0.116	-0.292	2.044
3.17646479607	0.116	-0.292	2.044
3.17878198624	0.032	-0.38	2.044
3.18108701706	0.032	-0.38	2.044
3.18339180946	-0.088	-0.096	0.236
3.18571186066	-0.088	-0.096	0.236
3.18803095818	-0.128	0.14	-1.18
3.19034481049	-0.128	0.14	-1.18
3.19266295433	0.008	0.024	0.38
3.19498085976	0.008	0.024	0.38
3.19729280472	0.008	0.024	0.38
3.19960188866	0.108	-0.276	2.044
3.20191693306	0.108	-0.276	2.044
3.20423579216	0.024	-0.372	2.044
3.20654988289	0.024	-0.372	2.044
3.20886397362	-0.088	-0.112	0.204
3.2111787796	-0.088	-0.112	0.204
3.21349287033	-0.12	0.14	-1.16
3.2158138752	-0.12	0.14	-1.16
3.21812987328	0.024	0.016	0.424
3.22044086456	0.024	0.016	0.424
3.2227499485	0.024	0.016	0.424
3.22506189346	0.112	-0.284	2.044
3.22738099098	0.112	-0.284	2.044
3.22969484329	0.02	-0.372	2.044
3.23200798035	0.02	-0.372	2.044
3.23432898521	-0.096	-0.08	0.164
3.23664283752	-0.096	-0.08	0.164
3.23895692825	-0.132	0.14	-1.172
3.24128484726	-0.132	0.14	-1.172
3.24360895157	0.016	0.02	0.436
3.24592590332	0.016	0.02	0.436
3.24823594093	0.016	0.02	0.436
3.25054597855	0.104	-0.3	2.044
3.25285887718	0.104	-0.3	2.044
3.2551779747	0.016	-0.372	2.044
3.25749278069	0.016	-0.372	2.044
3.25980591774	-0.088	-0.108	0.144
3.26212000847	-0.088	-0.108	0.144
3.26444387436	-0.116	0.14	-1.152
3.26675891876	-0.116	0.14	-1.152
3.26907300949	0.024	0.012	0.468
3.27138280869	0.024	0.012	0.468
3.27369499207	0.024	0.012	0.468
3.27601480484	0.124	-0.296	2.044
3.27832984924	0.124	-0.296	2.044
3.2806429863	0.02	-0.376	2.044
3.28295683861	0.02	-0.376	2.044
3.28527188301	-0.092	-0.1	0.12
3.28758883476	-0.092	-0.1	0.12
3.28990483284	-0.12	0.132	-1.148
3.29221987724	-0.12	0.132	-1.148
3.29454088211	0.008	0.02	0.5
3.29684901237	0.008	0.02	0.5
3.29916095734	0.008	0.02	0.5
3.30146789551	0.1	-0.308	2.044
3.30379986763	0.1	-0.308	2.044
3.30611586571	0.012	-0.376	2.044
3.30843997002	0.012	-0.376	2.044
3.31075382233	-0.092	-0.092	0.096
3.31306695938	-0.092	-0.092	0.096
3.31538796425	-0.116	0.128	-1.156
3.31770086288	-0.116	0.128	-1.156
3.32006597519	0.024	0.008	0.528
3.3223798275	0.024	0.008	0.528
3.32469701767	0.024	0.008	0.528
3.32700586319	0.12	-0.288	2.044
3.32932591438	0.12	-0.288	2.044
3.33164286613	0.024	-0.368	2.044
3.33396196365	0.024	-0.368	2.044
3.33627891541	-0.1	-0.096	0.06
3.33859491348	-0.1	-0.096	0.06
3.34090781212	-0.116	0.14	-1.156
3.34322190285	-0.116	0.14	-1.156
3.34554600716	0.024	0.004	0.556
3.34785580635	0.024	0.004	0.556
3.35016584396	0.024	0.004	0.556
3.35247683525	0.104	-0.312	2.044
3.35479688644	0.104	-0.312	2.044
3.35711097717	0.02	-0.38	2.044
3.35942482948	0.02	-0.38	2.044
3.36173892021	-0.112	-0.092	0.04
3.36405897141	-0.112	-0.092	0.04
3.36637401581	-0.108	0.136	-1.16
3.36868786812	-0.108	0.136	-1.16
3.37100696564	0.024	-0.004	0.588
3.37332987785	0.024	-0.004	0.588
3.37564682961	0.024	-0.004	0.588
3.3779528141	0.112	-0.3	2.044
3.3802587986	0.112	-0.3	2.044
3.38256382942	0.012	-0.36	2.044
3.38487696648	0.012	-0.36	2.044
3.3871948719	-0.108	-0.092	0.012
3.38950991631	-0.108	-0.092	0.012
3.39182400703	-0.12	0.148	-1.152
3.39414596558	-0.12	0.148	-1.152
3.39646196365	0.024	0.012	0.6
3.39877200127	0.024	0.012	0.6
3.40108299255	0.024	0.012	0.6
3.40339398384	0.1	-0.304	2.044
3.40571379662	0.1	-0.304	2.044
3.40803098679	0.016	-0.368	2.044
3.4103448391	0.016	-0.368	2.044
3.41265892982	-0.112	-0.08	-0.024
3.41497993469	-0.112	-0.08	-0.024
3.41730999947	-0.092	0.132	-1.148
3.41962480545	-0.092	0.132	-1.148
3.42193889618	0.048	-0.012	0.648
3.42426085472	0.048	-0.012	0.648
3.42657494545	0.048	-0.012	0.648
3.42888689041	0.116	-0.312	2.044
3.43121099472	0.116	-0.312	2.044
3.4335269928	0.008	-0.364	2.044
3.43584680557	0.008	-0.364	2.044
3.43816900253	-0.108	-0.072	-0.044
3.44048380852	-0.108	-0.072	-0.044
3.44280290604	-0.108	0.14	-1.136
3.4451239109	-0.108	0.14	-1.136
3.44743800163	0.02	-0.004	0.684
3.44975280762	0.02	-0.004	0.684
3.45206689835	0.02	-0.004	0.684
3.45438599586	0.104	-0.32	2.044
3.4566988945	0.104	-0.32	2.044
3.45901298523	0.008	-0.36	2.044
3.46132588387	0.008	-0.36	2.044
3.4636387825	-0.112	-0.072	-0.064
3.46595788002	-0.112	-0.072	-0.064
3.46827197075	-0.104	0.164	-1.14
3.47058582306	-0.104	0.164	-1.14
3.47289896011	0.04	-0.008	0.708
3.47521901131	0.04	-0.008	0.708
3.47753190994	0.04	-0.008	0.708
3.47984695435	0.116	-0.332	2.044
3.48216295242	0.116	-0.332	2.044
3.48448085785	0.016	-0.356	2.044
3.4867939949	0.016	-0.356	2.044
3.48910784721	-0.116	-0.068	-0.104
3.49142289162	-0.116	-0.068	-0.104
3.49373579025	-0.104	0.144	-1.132
3.49606394768	-0.104	0.144	-1.132
3.49837779999	0.032	-0.012	0.744
3.50068879128	0.032	-0.012	0.744
3.50301098824	0.092	-0.32	2.044
3.50536489487	0.092	-0.32	2.044
3.50767993927	0.092	-0.32	2.044
3.50999283791	0.008	-0.364	2.044
3.51230597496	0.008	-0.364	2.044
3.51462984085	-0.1	-0.06	-0.116
3.51694488525	-0.1	-0.06	-0.116
3.51925897598	-0.108	0.156	-1.124
3.52157497406	-0.108	0.156	-1.124
3.52388882637	0.032	-0.016	0.772
3.52620792389	0.032	-0.016	0.772
3.52852082253	0.108	-0.324	2.044
3.53083586693	0.108	-0.324	2.044
3.53314900398	0.108	-0.324	2.044
3.53546786308	0.004	-0.352	2.044
3.53778195381	0.004	-0.352	2.044
3.54009485245	-0.104	-0.06	-0.144
3.54241085052	-0.104	-0.06	-0.144
3.5447268486	-0.116	0.14	-1.112
3.54703593254	-0.116	0.14	-1.112
3.54934191704	0.028	-0.024	0.8
3.55165100098	0.028	-0.024	0.8
3.5540099144	0.108	-0.328	2.044
3.55632781982	0.108	-0.328	2.044
3.55864191055	0.108	-0.328	2.044
3.56095695496	0.02	-0.36	2.044
3.56327199936	0.02	-0.36	2.044
3.56559181213	-0.096	-0.056	-0.18
3.5679268837	-0.096	-0.056	-0.18
3.57024288177	-0.092	0.144	-1.104
3.5725569725	-0.092	0.144	-1.104
3.57487678528	0.06	-0.024	0.836
3.57720279694	0.06	-0.024	0.836
3.57950878143	0.112	-0.332	2.044
3.5818169117	0.112	-0.332	2.044
3.58412694931	0.112	-0.332	2.044
3.5864470005	0.008	-0.356	2.044
3.58876180649	0.008	-0.356	2.044
3.59107398987	-0.104	-0.04	-0.196
3.59339094162	-0.104	-0.04	-0.196
3.59571385384	-0.108	0.14	-1.08
3.59802794456	-0.108	0.14	-1.08
3.6003408432	0.04	-0.032	0.864
3.60265398026	0.04	-0.032	0.864
3.60497283936	0.108	-0.332	2.044
3.60728693008	0.108	-0.332	2.044
3.60960292816	0.108	-0.332	2.044
3.61191678047	-0.004	-0.348	2.044
3.61423683167	-0.004	-0.348	2.044
3.61655092239	-0.116	-0.048	-0.224
3.61886692047	-0.116	-0.048	-0.224
3.6211810112	-0.1	0.156	-1.092
3.62349796295	-0.1	0.156	-1.092
3.62581682205	0.036	-0.028	0.892
3.62812900543	0.036	-0.028	0.892
3.63044285774	0.116	-0.32	2.044
3.63276481628	0.116	-0.32	2.044
3.63508486748	0.116	-0.32	2.044
3.63739895821	-0.008	-0.348	2.044
3.63971281052	-0.008	-0.348	2.044
3.64203095436	-0.112	-0.04	-0.252
3.64435195923	-0.112	-0.04	-0.252
3.64666700363	-0.1	0.14	-1.08
3.64897990227	-0.1	0.14	-1.08
3.65129494667	0.04	-0.036	0.928
3.65360689163	0.04	-0.036	0.928
3.65593886375	0.104	-0.328	2.044
3.65825891495	0.104	-0.328	2.044
3.66057181358	0.104	-0.328	2.044
3.66288495064	0.0	-0.336	2.044
3.66520595551	0.0	-0.336	2.044
3.66751194	-0.128	-0.032	-0.232
3.66982698441	-0.128	-0.032	-0.232
3.67214179039	-0.096	0.148	-1.056
3.67446398735	-0.096	0.148	-1.056
3.67677879333	0.052	-0.04	0.96
3.67909097672	0.052	-0.04	0.96
3.68140387535	0.112	-0.336	2.044
3.68371796608	0.112	-0.336	2.044
3.68603682518	0.112	-0.336	2.044
3.68835091591	-0.008	-0.332	2.044
3.69066691399	-0.008	-0.332	2.044
3.69297981262	-0.112	-0.04	-0.304
3.6953728199	-0.112	-0.04	-0.304
3.69770097733	-0.104	0.148	-1.06
3.70001888275	-0.104	0.148	-1.06
3.70233392715	0.056	-0.052	0.984
3.70464777946	0.056	-0.052	0.984
3.70696282387	0.108	-0.336	2.044
3.7092769146	0.108	-0.336	2.044
3.71158981323	0.108	-0.336	2.044
3.7139108181	-0.008	-0.34	2.044
3.71625590324	-0.008	-0.34	2.044
3.71857094765	-0.104	-0.028	-0.332
3.72088694572	-0.104	-0.028	-0.332
3.7232029438	-0.072	0.136	-1.04
3.72552394867	-0.072	0.136	-1.04
3.72784996033	0.052	-0.044	1.016
3.73016786575	0.052	-0.044	1.016
3.73248195648	0.116	-0.332	2.044
3.73479986191	0.116	-0.332	2.044
3.73711299896	0.116	-0.332	2.044
3.73943090439	-0.012	-0.328	2.044
3.74174594879	-0.012	-0.328	2.044
3.74406099319	-0.128	-0.036	-0.336
3.74637794495	-0.128	-0.036	-0.336
3.74869179726	-0.096	0.152	-1.024
3.75105786324	-0.096	0.152	-1.024
3.75338101387	0.036	-0.044	1.04
3.75570178032	0.036	-0.044	1.04
3.75801491737	0.092	-0.336	2.044
3.76032781601	0.092	-0.336	2.044
3.76265096664	0.092	-0.336	2.044
3.76497101784	-0.012	-0.336	2.044
3.76728796959	-0.012	-0.336	2.044
3.76960492134	-0.112	-0.028	-0.364
3.77191996574	-0.112	-0.028	-0.364
3.77424192429	-0.064	0.128	-1.02
3.77654886246	-0.064	0.128	-1.02
3.77885580063	0.048	-0.06	1.072
3.78116178513	0.048	-0.06	1.072
3.78346681595	0.104	-0.348	2.044
3.78578591347	0.104	-0.348	2.044
3.7881000042	0.104	-0.348	2.044
3.79041385651	-0.02	-0.34	2.044
3.79272794724	-0.02	-0.34	2.044
3.79504799843	-0.112	-0.028	-0.392
3.79736399651	-0.112	-0.028	-0.392
3.79967784882	-0.092	0.144	-1.02
3.80199790001	-0.092	0.144	-1.02
3.80431389809	0.044	-0.06	1.088
3.80662584305	0.044	-0.06	1.088
3.8089389801	0.116	-0.352	2.044
3.81125283241	0.116	-0.352	2.044
3.81356596947	0.116	-0.352	2.044
3.81588697433	-0.008	-0.34	2.044
3.81820678711	-0.008	-0.34	2.044
3.82052087784	-0.104	-0.016	-0.412
3.82283592224	-0.104	-0.016	-0.412
3.82515096664	-0.08	0.136	-1.016
3.82747387886	-0.08	0.136	-1.016
3.82978892326	0.06	-0.052	1.132
3.83211278915	0.06	-0.052	1.132
3.83443188667	0.116	-0.344	2.044
3.8367459774	0.116	-0.344	2.044
3.83906078339	0.116	-0.344	2.044
3.8413848877	-0.016	-0.332	2.044
3.84369897842	-0.016	-0.332	2.044
3.84601998329	-0.124	-0.016	-0.444
3.84833598137	-0.124	-0.016	-0.444
3.85065197945	-0.084	0.14	-1.0
3.85296297073	-0.084	0.14	-1.0
3.85534095764	0.048	-0.06	1.152
3.85765790939	0.048	-0.06	1.152
3.85997200012	0.112	-0.348	2.044
3.86228489876	0.112	-0.348	2.044
3.86460089684	0.0	-0.348	2.044
3.86690688133	0.0	-0.348	2.044
3.86921191216	0.0	-0.348	2.044
3.87151694298	-0.108	-0.016	-0.46
3.87383580208	-0.108	-0.016	-0.46
3.87615895271	-0.072	0.144	-0.992
3.87847280502	-0.072	0.144	-0.992
3.88078689575	0.06	-0.072	1.184
3.88309979439	0.06	-0.072	1.184
3.88541984558	0.116	-0.356	2.044
3.88773298264	0.116	-0.356	2.044
3.89004588127	-0.016	-0.328	2.044
3.89236998558	-0.016	-0.328	2.044
3.89468979836	-0.016	-0.328	2.044
3.89700388908	-0.124	-0.012	-0.472
3.89932179451	-0.124	-0.012	-0.472
3.90163588524	-0.092	0.144	-0.98
3.90396881104	-0.092	0.144	-0.98
3.90628385544	0.06	-0.08	1.224
3.9085958004	0.06	-0.08	1.224
3.9109108448	0.108	-0.356	2.044
3.91324281693	0.108	-0.356	2.044
3.91556382179	-0.02	-0.336	2.028
3.9178788662	-0.02	-0.336	2.028
3.9201939106	-0.02	-0.336	2.028
3.92250800133	-0.12	-0.016	-0.5
3.92482495308	-0.12	-0.016	-0.5
3.92713594437	-0.088	0.144	-0.956
3.92946600914	-0.088	0.144	-0.956
3.93178081512	0.052	-0.08	1.24
3.93409895897	0.052	-0.08	1.24
3.93641281128	0.1	-0.376	2.044
3.93873000145	0.1	-0.376	2.044
3.94104194641	-0.032	-0.324	2.008
3.94336986542	-0.032	-0.324	2.008
3.94569087029	-0.032	-0.324	2.008
3.94800591469	-0.136	-0.008	-0.528
3.95032095909	-0.136	-0.008	-0.528
3.95263600349	-0.08	0.148	-0.956
3.95495700836	-0.08	0.148	-0.956
3.95728993416	0.056	-0.088	1.276
3.95960378647	0.056	-0.088	1.276
3.96191978455	0.112	-0.36	2.044
3.96423983574	0.112	-0.36	2.044
3.96655297279	-0.012	-0.336	1.968
3.9688668251	-0.012	-0.336	1.968
3.97118186951	-0.012	-0.336	1.968
3.97349596024	-0.112	0.0	-0.572
3.97580480576	-0.112	0.0	-0.572
3.97810578346	-0.076	0.14	-0.932
3.98041391373	-0.076	0.14	-0.932
3.98272299767	0.064	-0.1	1.296
3.98503398895	0.064	-0.1	1.296
3.98735189438	0.1	-0.368	2.044
3.98966479301	0.1	-0.368	2.044
3.99199080467	-0.028	-0.332	1.94
3.99431300163	-0.028	-0.332	1.94
3.99662780762	-0.028	-0.332	1.94
3.99894189835	-0.132	0.004	-0.56
4.00126791	-0.132	0.004	-0.56
4.00358080864	-0.088	0.14	-0.912
4.00590085983	-0.088	0.14	-0.912
4.00821495056	0.028	-0.096	1.336
4.01052880287	0.028	-0.096	1.336
4.01284193993	0.1	-0.368	2.044
4.01516079903	0.1	-0.368	2.044
4.01747894287	-0.016	-0.312	1.924
4.01979398727	-0.016	-0.312	1.924
4.02211880684	-0.016	-0.312	1.924
4.02443480492	-0.116	0.004	-0.584
4.02674984932	-0.116	0.004	-0.584
4.02906394005	-0.08	0.136	-0.912
4.03137683868	-0.08	0.136	-0.912
4.03369188309	0.056	-0.088	1.356
4.03601193428	0.056	-0.088	1.356
4.03832483292	0.1	-0.356	2.044
4.04063892365	0.1	-0.356	2.044
4.04295301437	-0.016	-0.324	1.9
4.04526782036	-0.016	-0.324	1.9
4.04758286476	-0.016	-0.324	1.9
4.04989695549	-0.124	0.004	-0.604
4.0522108078	-0.124	0.004	-0.604
4.05452895164	-0.084	0.144	-0.904
4.05684399605	-0.084	0.144	-0.904
4.05915880203	0.056	-0.1	1.384
4.06147098541	0.056	-0.1	1.384
4.06378293037	0.116	-0.356	2.044
4.06609988213	0.116	-0.356	2.044
4.06841278076	-0.016	-0.308	1.872
4.07072687149	-0.016	-0.308	1.872
4.07304191589	-0.016	-0.308	1.872
4.07536387444	-0.12	0.012	-0.616
4.07767796516	-0.12	0.012	-0.616
4.08000397682	-0.076	0.144	-0.88
4.08231782913	-0.076	0.144	-0.88
4.08463788033	0.068	-0.092	1.42
4.08696079254	0.068	-0.092	1.42
4.08929491043	0.104	-0.372	2.044
4.09160995483	0.104	-0.372	2.044
4.09395384789	-0.032	-0.3	1.84
4.09627079964	-0.032	-0.3	1.84
4.09858489037	-0.032	-0.3	1.84
4.10089898109	-0.124	0.008	-0.62
4.10321187973	-0.124	0.008	-0.62
4.10553884506	-0.068	0.14	-0.856
4.10785388947	-0.068	0.14	-0.856
4.11016798019	0.06	-0.104	1.44
4.11961889267	-0.032	-0.308	1.816
4.12204098701	-0.032	-0.308	1.816
4.12437391281	-0.12	0.016	-0.672
4.12669181824	-0.12	0.016	-0.672
4.12900781631	-0.12	0.016	-0.672
4.13132500648	-0.052	0.128	-0.844
4.13364982605	-0.052	0.128	-0.844
4.13597178459	0.088	-0.096	1.464
4.13829994202	0.088	-0.096	1.464
4.14061379433	0.108	-0.36	2.044
4.14293384552	0.108	-0.36	2.044
4.14526295662	-0.036	-0.296	1.804
4.14757990837	-0.036	-0.296	1.804
4.14989495277	-0.128	0.016	-0.684
4.15220999718	-0.128	0.016	-0.684
4.15453290939	-0.128	0.016	-0.684
4.15684890747	-0.076	0.14	-0.832
4.15919184685	-0.076	0.14	-0.832
4.1615087986	0.064	-0.104	1.504
4.16382288933	0.064	-0.104	1.504
4.16614198685	0.096	-0.368	2.044
4.16846084595	0.096	-0.368	2.044
4.17077684402	-0.06	-0.292	1.784
4.17309188843	-0.06	-0.292	1.784
4.17540884018	-0.12	0.016	-0.7
4.17771792412	-0.12	0.016	-0.7
4.18002295494	-0.12	0.016	-0.7
4.18232989311	-0.064	0.136	-0.82
4.18463993073	-0.064	0.136	-0.82
4.18695783615	0.068	-0.108	1.524
4.18927192688	0.068	-0.108	1.524
4.19158387184	0.104	-0.364	2.044
4.19389891624	0.104	-0.364	2.044
4.19621396065	-0.036	-0.288	1.736
4.19852995872	-0.036	-0.288	1.736
4.20084500313	-0.136	0.028	-0.716
4.20316100121	-0.136	0.028	-0.716
4.20548796654	-0.136	0.028	-0.716
4.20780181885	-0.056	0.136	-0.808
4.21011686325	-0.056	0.136	-0.808
4.21243000031	0.072	-0.096	1.552
4.21474981308	0.072	-0.096	1.552
4.21706390381	0.108	-0.368	2.044
4.21937990189	0.108	-0.368	2.044
4.22169184685	-0.032	-0.296	1.712
4.22403597832	-0.032	-0.296	1.712
4.22635388374	-0.132	0.036	-0.736
4.22866797447	-0.132	0.036	-0.736
4.23098182678	-0.132	0.036	-0.736
4.2333137989	-0.068	0.14	-0.796
4.23562979698	-0.068	0.14	-0.796
4.23794388771	0.06	-0.116	1.58
4.24026179314	0.06	-0.116	1.58
4.24263691902	0.1	-0.364	2.044
4.24495387077	0.1	-0.364	2.044
4.24726986885	-0.04	-0.28	1.684
4.2495868206	-0.04	-0.28	1.684
4.25190186501	-0.14	0.032	-0.76
4.2542219162	-0.14	0.032	-0.76
4.2565369606	-0.14	0.032	-0.76
4.25885081291	-0.064	0.132	-0.78
4.26116490364	-0.064	0.132	-0.78
4.26347780228	0.068	-0.108	1.596
4.26579594612	0.068	-0.108	1.596
4.26810884476	0.1	-0.372	2.044
4.27042198181	0.1	-0.372	2.044
4.27273488045	-0.032	-0.284	1.652
4.27505993843	-0.032	-0.284	1.652
4.27737784386	-0.112	0.028	-0.752
4.27969288826	-0.112	0.028	-0.752
4.28200888634	-0.112	0.028	-0.752
4.2843298912	-0.048	0.14	-0.764
4.28664398193	-0.048	0.14	-0.764
4.28896689415	0.072	-0.12	1.624
4.29128193855	0.072	-0.12	1.624
4.29359388351	0.096	-0.376	2.044
4.29592299461	0.096	-0.376	2.044
4.29823899269	-0.044	-0.284	1.648
4.300552845	-0.044	-0.284	1.648
4.30286598206	-0.148	0.036	-0.78
4.30518078804	-0.148	0.036	-0.78
4.30749678612	-0.148	0.036	-0.78
4.30981087685	-0.068	0.132	-0.74
4.31214094162	-0.068	0.132	-0.74
4.31446290016	0.064	-0.12	1.652
4.3167757988	0.064	-0.12	1.652
4.31908798218	0.092	-0.376	2.044
4.32141399384	0.092	-0.376	2.044
4.32372689247	-0.036	-0.284	1.604
4.32604694366	-0.036	-0.284	1.604
4.32836198807	-0.128	0.04	-0.804
4.33067679405	-0.128	0.04	-0.804
4.33299088478	-0.128	0.04	-0.804
4.33534193039	-0.06	0.14	-0.736
4.33765792847	-0.06	0.14	-0.736
4.33997178078	0.068	-0.12	1.684
4.34228491783	0.068	-0.12	1.684
4.34459900856	0.088	-0.376	2.044
4.34691381454	0.088	-0.376	2.044
4.34922981262	-0.044	-0.272	1.576
4.35154390335	-0.044	-0.272	1.576
4.35386896133	-0.132	0.04	-0.82
4.3561899662	-0.132	0.04	-0.82
4.35850286484	-0.132	0.04	-0.82
4.36081695557	-0.056	0.124	-0.712
4.36313199997	-0.056	0.124	-0.712
4.36545300484	0.084	-0.144	1.716
4.36776590347	0.084	-0.144	1.716
4.3700799942	0.104	-0.384	2.044
4.37239599228	0.104	-0.384	2.044
4.37471580505	-0.036	-0.276	1.556
4.37702393532	-0.036	-0.276	1.556
4.37933087349	-0.12	0.04	-0.836
4.38163685799	-0.12	0.04	-0.836
4.38403201103	-0.12	0.04	-0.836
4.38635396957	-0.052	0.136	-0.692
4.38866901398	-0.052	0.136	-0.692
4.39098191261	0.076	-0.144	1.736
4.39331483841	0.076	-0.144	1.736
4.39563584328	0.084	-0.376	2.044
4.39794993401	0.084	-0.376	2.044
4.40026378632	-0.048	-0.276	1.524
4.40257883072	-0.048	-0.276	1.524
4.40489888191	-0.136	0.06	-0.84
4.40721392632	-0.136	0.06	-0.84
4.40954184532	-0.064	0.124	-0.676
4.41185998917	-0.064	0.124	-0.676
4.41418099403	-0.064	0.124	-0.676
4.41649484634	0.08	-0.152	1.768
4.41881895065	0.08	-0.152	1.768
4.4211359024	0.088	-0.372	2.044
4.42344880104	0.088	-0.372	2.044
4.42576479912	-0.04	-0.268	1.484
4.42807984352	-0.04	-0.268	1.484
4.43039393425	-0.128	0.048	-0.856
4.43270897865	-0.128	0.048	-0.856
4.43503093719	-0.044	0.12	-0.66
4.43734478951	-0.044	0.12	-0.66
4.43965697289	-0.044	0.12	-0.66
4.44197297096	0.072	-0.152	1.804
4.44429183006	0.072	-0.152	1.804
4.44660592079	0.08	-0.376	2.044
4.44891786575	0.08	-0.376	2.044
4.45123195648	-0.048	-0.276	1.468
4.45354580879	-0.048	-0.276	1.468
4.45586681366	-0.14	0.044	-0.868
4.4581849575	-0.14	0.044	-0.868
4.46049880981	-0.06	0.132	-0.636
4.46281385422	-0.06	0.132	-0.636
4.46512889862	-0.06	0.132	-0.636
4.4674448967	0.08	-0.156	1.824
4.46975898743	0.08	-0.156	1.824
4.47207283974	0.096	-0.388	2.044
4.4743938446	0.096	-0.388	2.044
4.47670793533	-0.044	-0.252	1.424
4.47902083397	-0.044	-0.252	1.424
4.48133897781	-0.132	0.056	-0.888
4.48366594315	-0.132	0.056	-0.888
4.48598599434	-0.052	0.12	-0.62
4.48830080032	-0.052	0.12	-0.62
4.4906167984	-0.052	0.12	-0.62
4.49293398857	0.068	-0.152	1.852
4.49524879456	0.068	-0.152	1.852
4.49756288528	0.08	-0.376	2.044
4.49987578392	0.08	-0.376	2.044
4.50218892097	-0.06	-0.264	1.4
4.50450396538	-0.06	-0.264	1.4
4.50681996346	-0.14	0.056	-0.912
4.50913286209	-0.14	0.056	-0.912
4.51144695282	-0.064	0.12	-0.588
4.51376199722	-0.064	0.12	-0.588
4.51608181	-0.064	0.12	-0.588
4.51839494705	0.092	-0.156	1.88
4.52070879936	0.092	-0.156	1.88
4.52302289009	0.096	-0.384	2.044
4.52537798882	0.096	-0.384	2.044
4.52769589424	-0.052	-0.26	1.376
4.53001499176	-0.052	-0.26	1.376
4.53232884407	-0.132	0.064	-0.92
4.53464889526	-0.132	0.064	-0.92
4.53696298599	-0.044	0.12	-0.572
4.53927779198	-0.044	0.12	-0.572
4.54159092903	-0.044	0.12	-0.572
4.54391789436	0.08	-0.168	1.92
4.54625678062	0.08	-0.168	1.92
4.54857182503	0.08	-0.372	2.044
4.55087780952	0.08	-0.372	2.044
4.55318379402	-0.064	-0.248	1.344
4.55550289154	-0.064	-0.248	1.344
4.55782294273	-0.14	0.052	-0.94
4.56013798714	-0.14	0.052	-0.94
4.56245183945	-0.052	0.116	-0.552
4.56477689743	-0.052	0.116	-0.552
4.56709194183	-0.052	0.116	-0.552
4.56942296028	0.08	-0.168	1.916
4.57173585892	0.08	-0.168	1.916
4.57405495644	0.088	-0.384	2.044
4.57635998726	0.088	-0.384	2.044
4.57866597176	-0.056	-0.252	1.308
4.58097195625	-0.056	-0.252	1.308
4.58327794075	-0.136	0.064	-0.944
4.58560681343	-0.136	0.064	-0.944
4.58792185783	-0.04	0.116	-0.536
4.59023690224	-0.04	0.116	-0.536
4.59255099297	-0.04	0.116	-0.536
4.59487199783	0.088	-0.18	1.964
4.59718585014	0.088	-0.18	1.964
4.5995028019	0.088	-0.368	2.044
4.60181999207	0.088	-0.368	2.044
4.60414099693	-0.056	-0.224	1.288
4.60645484924	-0.056	-0.224	1.288
4.60876893997	-0.132	0.06	-0.964
4.61108398438	-0.132	0.06	-0.964
4.6134159565	-0.04	0.112	-0.512
4.61573696136	-0.04	0.112	-0.512
4.61805391312	-0.04	0.112	-0.512
4.62036895752	0.092	-0.172	1.988
4.62268185616	0.092	-0.172	1.988
4.62499594688	0.088	-0.38	2.044
4.62730979919	0.088	-0.38	2.044
4.62962293625	-0.056	-0.248	1.264
4.63195681572	-0.056	-0.248	1.264
4.63427901268	-0.136	0.076	-0.976
4.63659787178	-0.136	0.076	-0.976
4.63891196251	-0.028	0.116	-0.504
4.64122581482	-0.028	0.116	-0.504
4.64353990555	-0.028	0.116	-0.504
4.64585995674	0.08	-0.168	2.012
4.64818501472	0.08	-0.168	2.012
4.65049982071	0.08	-0.388	2.044
4.65281295776	0.08	-0.388	2.044
4.65513181686	-0.052	-0.236	1.224
4.65745997429	-0.052	-0.236	1.224
4.6597738266	-0.128	0.06	-0.976
4.66208791733	-0.128	0.06	-0.976
4.66440296173	-0.032	0.112	-0.468
4.66671681404	-0.032	0.112	-0.468
4.66903185844	-0.032	0.112	-0.468
4.6713488102	0.088	-0.18	2.036
4.6736638546	0.088	-0.18	2.036
4.67598295212	0.076	-0.392	2.044
4.67830586433	0.076	-0.392	2.044
4.68061995506	-0.044	-0.236	1.196
4.68293595314	-0.044	-0.236	1.196
4.68525600433	-0.132	0.076	-1.0
4.68756580353	-0.132	0.076	-1.0
4.68987894058	-0.036	0.116	-0.448
4.69219279289	-0.036	0.116	-0.448
4.69451189041	-0.036	0.116	-0.448
4.69682598114	0.072	-0.18	2.044
4.69914078712	0.072	-0.18	2.044
4.7014529705	0.072	-0.388	2.044
4.70376491547	0.072	-0.388	2.044
4.70608091354	-0.056	-0.236	1.16
4.70839881897	-0.056	-0.236	1.16
4.7107129097	-0.136	0.076	-1.036
4.71302890778	-0.136	0.076	-1.036
4.71535181999	-0.04	0.104	-0.416
4.71766591072	-0.04	0.104	-0.416
4.71998000145	-0.04	0.104	-0.416
4.72229480743	0.084	-0.18	2.044
4.72461390495	0.084	-0.18	2.044
4.72692799568	0.076	-0.396	2.044
4.72924280167	0.076	-0.396	2.044
4.73155784607	-0.044	-0.22	1.128
4.7338719368	-0.044	-0.22	1.128
4.73619294167	-0.132	0.08	-1.024
4.73850798607	-0.132	0.08	-1.024
4.74082279205	-0.024	0.108	-0.4
4.7431499958	-0.024	0.108	-0.4
4.74547982216	-0.024	0.108	-0.4
4.74779391289	0.08	-0.184	2.044
4.75010681152	0.08	-0.184	2.044
4.75242090225	0.076	-0.384	2.044
4.75473999977	0.076	-0.384	2.044
4.75705385208	-0.06	-0.216	1.092
4.75936794281	-0.06	-0.216	1.092
4.76168394089	-0.136	0.096	-1.032
4.76400399208	-0.136	0.096	-1.032
4.76631879807	-0.04	0.104	-0.372
4.76863479614	-0.04	0.104	-0.372
4.77094984055	-0.04	0.104	-0.372
4.77326488495	0.096	-0.196	2.044
4.77558088303	0.096	-0.196	2.044
4.77788901329	0.072	-0.38	2.044
4.78020787239	0.072	-0.38	2.044
4.78251385689	-0.04	-0.22	1.056
4.78482580185	-0.04	-0.22	1.056
4.78719687462	-0.136	0.084	-1.044
4.78951478004	-0.136	0.084	-1.044
4.79182982445	-0.028	0.104	-0.348
4.79415392876	-0.028	0.104	-0.348
4.79646897316	-0.028	0.104	-0.348
4.79878282547	0.076	-0.196	2.044
4.8010969162	0.076	-0.196	2.044
4.80340981483	0.072	-0.4	2.044
4.80572295189	0.072	-0.4	2.044
4.80804491043	-0.076	-0.212	1.024
4.81036281586	-0.076	-0.212	1.024
4.81267690659	-0.14	0.088	-1.056
4.81500101089	-0.14	0.088	-1.056
4.81733083725	-0.024	0.1	-0.332
4.81964588165	-0.024	0.1	-0.332
4.82196092606	-0.024	0.1	-0.332
4.82427597046	0.1	-0.208	2.044
4.82658982277	0.1	-0.208	2.044
4.82890200615	0.072	-0.396	2.044
4.83121395111	0.072	-0.396	2.044
4.83352899551	-0.052	-0.204	0.996
4.83585095406	-0.052	-0.204	0.996
4.83816385269	-0.144	0.104	-1.06
4.84047889709	-0.144	0.104	-1.06
4.8427939415	-0.02	0.1	-0.304
4.84511399269	-0.02	0.1	-0.304
4.847427845	-0.02	0.1	-0.304
4.8497428894	0.088	-0.2	2.044
4.85206079483	0.088	-0.2	2.044
4.85437893867	0.048	-0.396	2.044
4.85669398308	0.048	-0.396	2.044
4.85900783539	-0.076	-0.212	0.956
4.86132097244	-0.076	-0.212	0.956
4.86363387108	-0.144	0.1	-1.076
4.86594986916	-0.144	0.1	-1.076
4.86826395988	-0.02	0.092	-0.28
4.87057685852	-0.02	0.092	-0.28
4.87290000916	-0.02	0.092	-0.28
4.87521982193	0.108	-0.204	2.044
4.87753295898	0.108	-0.204	2.044
4.87984585762	0.068	-0.388	2.044
4.88215994835	0.068	-0.388	2.044
4.88447880745	-0.06	-0.204	0.94
4.88679695129	-0.06	-0.204	0.94
4.8891119957	-0.128	0.096	-1.08
4.89142680168	-0.128	0.096	-1.08
4.89374089241	-0.012	0.088	-0.256
4.8960609436	-0.012	0.088	-0.256
4.89838886261	-0.012	0.088	-0.256
4.90070199966	0.096	-0.208	2.044
4.90301394463	0.096	-0.208	2.044
4.90541601181	0.076	-0.392	2.044
4.90773200989	0.076	-0.392	2.044
4.91004490852	-0.076	-0.2	0.936
4.91235899925	-0.076	-0.2	0.936
4.91467881203	-0.136	0.096	-1.068
4.91699290276	-0.136	0.096	-1.068
4.91930699348	-0.016	0.092	-0.224
4.92163491249	-0.016	0.092	-0.224
4.92395782471	0.1	-0.216	2.044
4.92627191544	0.1	-0.216	2.044
4.92858481407	0.1	-0.216	2.044
4.9308989048	0.068	-0.384	2.044
4.93321299553	0.068	-0.384	2.044
4.93553185463	-0.072	-0.188	0.86
4.93785786629	-0.072	-0.188	0.86
4.94017291069	-0.128	0.104	-1.096
4.94248700142	-0.128	0.104	-1.096
4.9448018074	-0.012	0.068	-0.2
4.94711685181	-0.012	0.068	-0.2
4.94943094254	0.092	-0.224	2.044
4.95174384117	0.092	-0.224	2.044
4.9540708065	0.092	-0.224	2.044
4.95638394356	0.06	-0.388	2.044
4.95870089531	0.06	-0.388	2.044
4.96101379395	-0.072	-0.192	0.848
4.96332883835	-0.072	-0.192	0.848
4.96564888954	-0.136	0.092	-1.108
4.96798491478	-0.136	0.092	-1.108
4.97030091286	-0.016	0.08	-0.172
4.97261500359	-0.016	0.08	-0.172
4.97493481636	0.104	-0.228	2.044
4.97724080086	0.104	-0.228	2.044
4.97954678535	0.104	-0.228	2.044
4.98185181618	0.052	-0.372	2.044
4.98416185379	0.052	-0.372	2.044
4.98648190498	-0.068	-0.188	0.824
4.98879694939	-0.068	-0.188	0.824
4.9911108017	-0.128	0.112	-1.104
4.9934258461	-0.128	0.112	-1.104
4.99575185776	-0.012	0.08	-0.152
4.99806499481	-0.012	0.08	-0.152
