Timestamp 	 X-Axis 	 Y-Axis 	 Z-Axis
0.000301837921143	-0.092	0.092	-1.344
0.0029890537262	-0.092	0.092	-1.344
0.00549602508545	0.048	-0.08	1.096
0.00799202919006	0.048	-0.08	1.096
0.0104849338531	0.032	-0.364	2.044
0.0130019187927	0.032	-0.364	2.044
0.015499830246	-0.112	-0.012	-0.604
0.0179958343506	-0.112	-0.012	-0.604
0.0204908847809	-0.012	0.02	-0.24
0.0230009555817	-0.012	0.02	-0.24
0.0255010128021	0.088	-0.356	2.044
0.0279948711395	0.088	-0.356	2.044
0.0304880142212	-0.048	-0.124	0.664
0.0329859256744	-0.048	-0.124	0.664
0.0355038642883	-0.052	0.1	-1.184
0.0379998683929	-0.052	0.1	-1.184
0.0404939651489	0.084	-0.252	2.044
0.042995929718	0.084	-0.252	2.044
0.0454928874969	-0.016	-0.252	2.044
0.0479869842529	-0.016	-0.252	2.044
0.050479888916	-0.068	0.1	-1.412
0.0529849529266	-0.068	0.1	-1.412
0.0554909706116	0.064	-0.124	1.44
0.057991027832	0.064	-0.124	1.44
0.0604908466339	0.02	-0.34	2.044
0.0629930496216	0.02	-0.34	2.044
0.0655078887939	-0.132	0.008	-0.84
0.0680088996887	-0.132	0.008	-0.84
0.0705218315125	0.0	-0.012	0.052
0.0730240345001	0.0	-0.012	0.052
0.0755209922791	0.064	-0.368	2.044
0.0780220031738	0.064	-0.368	2.044
0.0805208683014	0.064	-0.368	2.044
0.083025932312	-0.108	-0.1	0.32
0.0855269432068	-0.108	-0.1	0.32
0.0880260467529	-0.08	0.096	-1.0
0.0905289649963	-0.08	0.096	-1.0
0.0930318832397	0.068	-0.288	2.044
0.0955309867859	0.068	-0.288	2.044
0.0980298519135	-0.04	-0.224	1.736
0.100530862808	-0.04	-0.224	1.736
0.103035926819	-0.092	0.14	-1.436
0.105538845062	-0.092	0.14	-1.436
0.108039855957	0.06	-0.152	1.78
0.110538005829	0.06	-0.152	1.78
0.113057851791	0.008	-0.32	2.044
0.115558862686	0.008	-0.32	2.044
0.118070840836	-0.104	0.04	-1.044
0.12057185173	-0.104	0.04	-1.044
0.123075962067	0.048	-0.032	0.38
0.125576972961	0.048	-0.032	0.38
0.128074884415	0.064	-0.36	2.044
0.130573987961	0.064	-0.36	2.044
0.133077859879	-0.08	-0.072	-0.008
0.135580062866	-0.08	-0.072	-0.008
0.138079881668	-0.06	0.068	-0.776
0.140589952469	-0.06	0.068	-0.776
0.143095016479	0.072	-0.308	2.044
0.145594835281	0.072	-0.308	2.044
0.148104906082	-0.036	-0.184	1.384
0.150614976883	-0.036	-0.184	1.384
0.153120994568	-0.076	0.124	-1.408
0.155622959137	-0.076	0.124	-1.408
0.158123016357	0.056	-0.196	2.044
0.160621881485	0.056	-0.196	2.044
0.163125991821	-0.004	-0.304	2.044
0.165627002716	-0.004	-0.304	2.044
0.168124914169	-0.1	0.076	-1.216
0.170625925064	-0.1	0.076	-1.216
0.173130989075	0.048	-0.08	0.72
0.175629854202	0.048	-0.08	0.72
0.178128004074	0.048	-0.372	2.044
0.180626869202	0.048	-0.372	2.044
0.183145046234	-0.116	-0.036	-0.312
0.185647964478	-0.116	-0.036	-0.312
0.188148021698	-0.044	0.048	-0.544
0.19065284729	-0.044	0.048	-0.544
0.193156957626	0.08	-0.348	2.044
0.195657014847	0.08	-0.348	2.044
0.1981549263	-0.072	-0.168	1.032
0.200654029846	-0.072	-0.168	1.032
0.203158855438	-0.084	0.12	-1.316
0.205659866333	-0.084	0.12	-1.316
0.208159923553	0.064	-0.228	2.044
0.210667848587	0.064	-0.228	2.044
0.213172912598	-0.012	-0.284	2.044
0.215672969818	-0.012	-0.284	2.044
0.218173027039	-0.084	0.092	-1.34
0.220671892166	-0.084	0.092	-1.34
0.223191022873	0.06	-0.084	1.076
0.225690841675	0.06	-0.084	1.076
0.228199005127	0.06	-0.084	1.076
0.230697870255	0.02	-0.348	2.044
0.233201980591	0.02	-0.348	2.044
0.235700845718	-0.116	-0.008	-0.592
0.238201856613	-0.116	-0.008	-0.592
0.240701913834	-0.016	0.02	-0.268
0.243207931519	-0.016	0.02	-0.268
0.245707988739	0.064	-0.356	2.044
0.248205900192	0.064	-0.356	2.044
0.250705003738	-0.06	-0.144	0.688
0.253211021423	-0.06	-0.144	0.688
0.255709886551	-0.072	0.112	-1.188
0.258209943771	-0.072	0.112	-1.188
0.260710000992	0.068	-0.252	2.044
0.263211965561	0.068	-0.252	2.044
0.26571393013	-0.004	-0.26	2.044
0.268220901489	-0.004	-0.26	2.044
0.27072095871	-0.084	0.12	-1.42
0.273229837418	-0.084	0.12	-1.42
0.275732040405	0.072	-0.124	1.416
0.278230905533	0.072	-0.124	1.416
0.280737876892	0.02	-0.344	2.044
0.283237934113	0.02	-0.344	2.044
0.285735845566	-0.112	0.02	-0.836
0.288234949112	-0.112	0.02	-0.836
0.290734052658	0.0	-0.004	0.04
0.29322886467	0.0	-0.004	0.04
0.295717954636	0.056	-0.376	2.044
0.298217058182	0.056	-0.376	2.044
0.300714015961	-0.112	-0.104	0.34
0.303220033646	-0.112	-0.104	0.34
0.305723905563	-0.072	0.096	-1.02
0.308223009109	-0.072	0.096	-1.02
0.31072306633	0.068	-0.288	2.044
0.313237905502	0.068	-0.288	2.044
0.315736055374	-0.036	-0.24	1.748
0.318239927292	-0.036	-0.24	1.748
0.320739030838	-0.084	0.136	-1.436
0.323245048523	-0.084	0.136	-1.436
0.325743913651	0.068	-0.148	1.744
0.328243970871	0.068	-0.148	1.744
0.33074092865	0.016	-0.324	2.044
0.333245992661	0.016	-0.324	2.044
0.335743904114	-0.108	0.044	-1.052
0.33824300766	-0.108	0.044	-1.052
0.34074306488	0.028	-0.036	0.372
0.343245983124	0.028	-0.036	0.372
0.345748901367	0.048	-0.368	2.044
0.348248004913	0.048	-0.368	2.044
0.350755929947	-0.088	-0.088	0.004
0.353261947632	-0.088	-0.088	0.004
0.355761051178	-0.036	0.06	-0.804
0.358259916306	-0.036	0.06	-0.804
0.360759019852	0.08	-0.3	2.044
0.363262891769	0.08	-0.3	2.044
0.365761041641	0.08	-0.3	2.044
0.368258953094	-0.028	-0.204	1.384
0.370759010315	-0.028	-0.204	1.384
0.373267889023	-0.064	0.128	-1.388
0.375767946243	-0.064	0.128	-1.388
0.378267049789	0.08	-0.18	2.044
0.380764961243	0.08	-0.18	2.044
0.383278846741	0.0	-0.3	2.044
0.385771036148	0.0	-0.3	2.044
0.38826084137	-0.112	0.076	-1.212
0.390759944916	-0.112	0.076	-1.212
0.393266916275	0.024	-0.052	0.712
0.395763874054	0.024	-0.052	0.712
0.398260831833	0.044	-0.364	2.044
0.400758981705	0.044	-0.364	2.044
0.403262853622	-0.128	-0.04	-0.292
0.405762910843	-0.128	-0.04	-0.292
0.408262014389	-0.032	0.028	-0.548
0.410760879517	-0.032	0.028	-0.548
0.413266897202	0.072	-0.336	2.044
0.415765047073	0.072	-0.336	2.044
0.418262958527	-0.052	-0.172	1.048
0.420771837234	-0.052	-0.172	1.048
0.423281908035	-0.072	0.124	-1.316
0.425781965256	-0.072	0.124	-1.316
0.428280830383	0.076	-0.228	2.044
0.430778980255	0.076	-0.228	2.044
0.433282852173	0.008	-0.272	2.044
0.435783863068	0.008	-0.272	2.044
0.438282012939	-0.088	0.088	-1.336
0.440780878067	-0.088	0.088	-1.336
0.443287849426	0.044	-0.084	1.06
0.445786952972	0.044	-0.084	1.06
0.448282957077	0.036	-0.348	2.044
0.450782060623	0.036	-0.348	2.044
0.453286886215	-0.116	-0.004	-0.58
0.455786943436	-0.116	-0.004	-0.58
0.45828795433	-0.028	0.012	-0.284
0.4607899189	-0.028	0.012	-0.284
0.463291883469	0.06	-0.344	2.044
0.465790987015	0.06	-0.344	2.044
0.468288898468	-0.064	-0.132	0.7
0.470788002014	-0.064	-0.132	0.7
0.473294019699	-0.064	0.112	-1.204
0.475792884827	-0.064	0.112	-1.204
0.478291034698	0.072	-0.264	2.044
0.480788946152	0.072	-0.264	2.044
0.483293056488	-0.024	-0.252	2.044
0.485791921616	-0.024	-0.252	2.044
0.488291025162	-0.092	0.108	-1.4
0.490800857544	-0.092	0.108	-1.4
0.493308067322	0.056	-0.128	1.392
0.495805978775	0.056	-0.128	1.392
0.498302936554	0.008	-0.348	2.044
0.500804901123	0.008	-0.348	2.044
0.503309965134	-0.148	0.024	-0.832
0.505816936493	-0.148	0.024	-0.832
0.508316040039	-0.148	0.024	-0.832
0.510815858841	-0.008	-0.004	0.016
0.513320922852	-0.008	-0.004	0.016
0.51581788063	0.06	-0.376	2.044
0.518316030502	0.06	-0.376	2.044
0.520813941956	-0.092	-0.108	0.356
0.523319005966	-0.092	-0.108	0.356
0.525819063187	-0.056	0.084	-1.04
0.528317928314	-0.056	0.084	-1.04
0.53081703186	0.084	-0.276	2.044
0.533316850662	0.084	-0.276	2.044
0.535815000534	-0.016	-0.224	1.772
0.538324832916	-0.016	-0.224	1.772
0.540825843811	-0.068	0.124	-1.416
0.543331861496	-0.068	0.124	-1.416
0.545830965042	0.048	-0.144	1.732
0.548328876495	0.048	-0.144	1.732
0.550827026367	0.0	-0.32	2.044
0.553323030472	0.0	-0.32	2.044
0.555814027786	-0.116	0.044	-1.044
0.558312892914	-0.116	0.044	-1.044
0.56082201004	0.024	-0.032	0.356
0.563325881958	0.024	-0.032	0.356
0.56582403183	0.056	-0.376	2.044
0.568321943283	0.056	-0.376	2.044
0.570821046829	-0.072	-0.088	0.028
0.573327064514	-0.072	-0.088	0.028
0.575824975967	-0.04	0.072	-0.82
0.578327894211	-0.04	0.072	-0.82
0.580826997757	0.096	-0.308	2.044
0.583330869675	0.096	-0.308	2.044
0.585831880569	-0.024	-0.204	1.42
0.58833193779	-0.024	-0.204	1.42
0.590831041336	-0.068	0.124	-1.404
0.593337059021	-0.068	0.124	-1.404
0.595835924149	0.072	-0.184	2.044
0.598333835602	0.072	-0.184	2.044
0.600832939148	-0.016	-0.312	2.044
0.603338956833	-0.016	-0.312	2.044
0.605838060379	-0.116	0.084	-1.196
0.608336925507	-0.116	0.084	-1.196
0.610836982727	0.036	-0.052	0.696
0.613340854645	0.036	-0.052	0.696
0.61584687233	0.048	-0.372	2.044
0.618347883224	0.048	-0.372	2.044
0.620846986771	-0.124	-0.028	-0.288
0.623353004456	-0.124	-0.028	-0.288
0.62585401535	-0.04	0.056	-0.584
0.628353834152	-0.04	0.056	-0.584
0.630861997604	0.076	-0.336	2.044
0.633367061615	0.076	-0.336	2.044
0.635864973068	-0.048	-0.176	1.068
0.638365030289	-0.048	-0.176	1.068
0.640864849091	-0.068	0.104	-1.316
0.643370866776	-0.068	0.104	-1.316
0.645870923996	-0.068	0.104	-1.316
0.648370981216	0.06	-0.228	2.044
0.650867938995	0.06	-0.228	2.044
0.653369903564	-0.008	-0.288	2.044
0.655874967575	-0.008	-0.288	2.044
0.658375024796	-0.096	0.084	-1.328
0.660874843597	-0.096	0.084	-1.328
0.663409948349	0.048	-0.096	1.044
0.665909051895	0.048	-0.096	1.044
0.668406963348	0.048	-0.36	2.044
0.670912981033	0.048	-0.36	2.044
0.673413038254	-0.084	-0.016	-0.552
0.6759288311	-0.084	-0.016	-0.552
0.678431034088	-0.008	0.036	-0.308
0.680937051773	-0.008	0.036	-0.308
0.683436870575	0.092	-0.352	2.044
0.685935020447	0.092	-0.352	2.044
0.6884329319	-0.056	-0.144	0.728
0.690938949585	-0.056	-0.144	0.728
0.693441867828	-0.056	0.104	-1.2
0.695942878723	-0.056	0.104	-1.2
0.698443889618	0.08	-0.252	2.044
0.70095205307	0.08	-0.252	2.044
0.703453063965	-0.048	-0.256	2.044
0.705953836441	-0.048	-0.256	2.044
0.708452939987	-0.112	0.108	-1.396
0.710958957672	-0.112	0.108	-1.396
0.713458061218	0.044	-0.124	1.388
0.715956926346	0.044	-0.124	1.388
0.718456029892	0.012	-0.336	2.044
0.720960855484	0.012	-0.336	2.044
0.723459005356	-0.128	0.02	-0.816
0.725957870483	-0.128	0.02	-0.816
0.72845697403	-0.004	-0.012	0.008
0.73096203804	-0.004	-0.012	0.008
0.733463048935	0.076	-0.368	2.044
0.735961914062	0.076	-0.368	2.044
0.738461017609	-0.052	-0.104	0.38
0.740967035294	-0.052	-0.104	0.38
0.743465900421	-0.052	0.084	-1.04
0.745966911316	-0.052	0.084	-1.04
0.748466014862	0.084	-0.28	2.044
0.750972986221	0.084	-0.28	2.044
0.753471851349	-0.024	-0.22	1.784
0.755971908569	-0.024	-0.22	1.784
0.75847196579	-0.072	0.108	-1.432
0.760977983475	-0.072	0.108	-1.432
0.763478040695	0.06	-0.148	1.72
0.765975952148	0.06	-0.148	1.72
0.768475055695	0.032	-0.328	2.044
0.770998001099	0.032	-0.328	2.044
0.773498058319	-0.084	0.036	-1.024
0.776008844376	-0.084	0.036	-1.024
0.778511047363	0.008	-0.036	0.32
0.781008958817	0.008	-0.036	0.32
0.78350687027	0.056	-0.364	2.044
0.786005020142	0.056	-0.364	2.044
0.788504838943	-0.092	-0.088	0.052
0.791009902954	-0.092	-0.088	0.052
0.7935090065	-0.092	-0.088	0.052
0.796007871628	-0.064	0.068	-0.84
0.798506975174	-0.064	0.068	-0.84
0.801012039185	0.08	-0.304	2.044
0.803511857986	0.08	-0.304	2.044
0.806010961533	-0.064	-0.204	1.448
0.808511018753	-0.064	-0.204	1.448
0.811019897461	-0.076	0.12	-1.408
0.813519954681	-0.076	0.12	-1.408
0.816019058228	0.072	-0.184	2.036
0.818516969681	0.072	-0.184	2.036
0.821020841599	-0.008	-0.304	2.044
0.823520898819	-0.008	-0.304	2.044
0.826020002365	-0.108	0.076	-1.196
0.828520059586	-0.108	0.076	-1.196
0.831024885178	0.044	-0.068	0.664
0.833523988724	0.044	-0.068	0.664
0.836021900177	0.072	-0.372	2.044
0.838520050049	0.072	-0.372	2.044
0.841033935547	-0.1	-0.016	-0.276
0.843533992767	-0.1	-0.016	-0.276
0.846035003662	-0.044	0.056	-0.596
0.848537921906	-0.044	0.056	-0.596
0.851042985916	0.068	-0.332	2.044
0.853543043137	0.068	-0.332	2.044
0.856041908264	-0.04	-0.172	1.088
0.858542919159	-0.04	-0.172	1.088
0.861042976379	-0.08	0.12	-1.328
0.863543987274	-0.08	0.12	-1.328
0.866042852402	0.06	-0.224	2.044
0.868541955948	0.06	-0.224	2.044
0.871047019958	-0.008	-0.284	2.044
0.87354683876	-0.008	-0.284	2.044
0.876046895981	-0.116	0.084	-1.316
0.878546953201	-0.116	0.084	-1.316
0.881052017212	0.064	-0.096	1.012
0.883550882339	0.064	-0.096	1.012
0.886049032211	0.052	-0.36	2.044
0.888574838638	0.052	-0.36	2.044
0.891080856323	-0.088	-0.024	-0.548
0.893583059311	-0.088	-0.024	-0.548
0.896081924438	-0.016	0.016	-0.316
0.898581027985	-0.016	0.016	-0.316
0.90108704567	0.08	-0.352	2.044
0.903585910797	0.08	-0.352	2.044
0.906084060669	-0.06	-0.148	0.744
0.908582925797	-0.06	-0.148	0.744
0.911098003387	-0.056	0.116	-1.22
0.913599014282	-0.056	0.116	-1.22
0.91609787941	0.088	-0.248	2.044
0.918596982956	0.088	-0.248	2.044
0.921100854874	-0.036	-0.268	2.044
0.923600912094	-0.036	-0.268	2.044
0.926102876663	-0.108	0.112	-1.4
0.928601980209	-0.108	0.112	-1.4
0.931107997894	0.064	-0.128	1.364
0.934093952179	0.064	-0.128	1.364
0.936594963074	0.008	-0.34	2.044
0.939086914062	0.008	-0.34	2.044
0.941583871841	-0.14	0.016	-0.796
0.944087982178	-0.14	0.016	-0.796
0.946588993073	-0.016	0.008	0.004
0.949085950851	-0.016	0.008	0.004
0.951588869095	0.056	-0.372	2.044
0.954087972641	0.056	-0.372	2.044
0.956586837769	-0.08	-0.116	0.404
0.959086894989	-0.08	-0.116	0.404
0.961591959	-0.08	-0.116	0.404
0.964091062546	-0.06	0.088	-1.056
0.966593980789	-0.06	0.088	-1.056
0.969092845917	0.064	-0.276	2.044
0.971592903137	0.064	-0.276	2.044
0.974091053009	-0.012	-0.236	1.808
0.976589918137	-0.012	-0.236	1.808
0.979089975357	-0.056	0.108	-1.436
0.981606960297	-0.056	0.108	-1.436
0.984107971191	0.092	-0.16	1.708
0.986606836319	0.092	-0.16	1.708
0.989104032516	0.028	-0.332	2.044
0.991607904434	0.028	-0.332	2.044
0.99410700798	-0.1	0.032	-1.012
0.996607065201	-0.1	0.032	-1.012
0.999104976654	0.016	-0.024	0.328
1.00160384178	0.016	-0.024	0.328
1.00410604477	0.076	-0.368	2.044
1.0066049099	0.076	-0.368	2.044
1.00910401344	-0.084	-0.096	0.08
1.0116109848	-0.084	-0.096	0.08
1.01410984993	-0.06	0.08	-0.844
1.01662898064	-0.06	0.08	-0.844
1.01912903786	0.084	-0.304	2.044
1.02163386345	0.084	-0.304	2.044
1.024132967	-0.048	-0.22	1.464
1.02663302422	-0.048	-0.22	1.464
1.02913284302	-0.084	0.124	-1.404
1.03163385391	-0.084	0.124	-1.404
1.03413486481	0.084	-0.2	2.016
1.03663301468	0.084	-0.2	2.016
1.03912997246	-0.024	-0.296	2.044
1.04163599014	-0.024	-0.296	2.044
1.04413890839	-0.128	0.08	-1.18
1.04663991928	-0.128	0.08	-1.18
1.04913902283	0.04	-0.06	0.66
1.05166292191	0.04	-0.06	0.66
1.05416202545	0.048	-0.368	2.044
1.05666089058	0.048	-0.368	2.044
1.05915904045	-0.092	-0.04	-0.252
1.06166100502	-0.092	-0.04	-0.252
1.06416201591	-0.04	0.052	-0.604
1.06666088104	-0.04	0.052	-0.604
1.06916093826	0.08	-0.328	2.044
1.07166385651	0.08	-0.328	2.044
1.07416391373	-0.008	-0.184	1.096
1.07666301727	-0.008	-0.184	1.096
1.0791618824	-0.076	0.116	-1.34
1.08167099953	-0.076	0.116	-1.34
1.08417105675	0.068	-0.216	2.044
1.08666992188	0.068	-0.216	2.044
1.08916687965	-0.012	-0.276	2.044
1.09167289734	-0.012	-0.276	2.044
1.09417295456	-0.1	0.08	-1.312
1.09667301178	-0.1	0.08	-1.312
1.09917283058	0.04	-0.104	1.0
1.10167384148	0.04	-0.104	1.0
1.10416793823	0.04	-0.104	1.0
1.10666203499	0.036	-0.352	2.044
1.10915994644	0.036	-0.352	2.044
1.11166501045	-0.116	-0.008	-0.528
1.11416602135	-0.116	-0.008	-0.528
1.11666488647	-0.024	0.02	-0.324
1.11916399002	-0.024	0.02	-0.324
1.12168288231	0.076	-0.344	2.044
1.12418198586	0.076	-0.344	2.044
1.12667989731	-0.068	-0.148	0.752
1.12917804718	-0.068	-0.148	0.752
1.13168287277	-0.06	0.116	-1.224
1.13418292999	-0.06	0.116	-1.224
1.13668298721	0.092	-0.24	2.044
1.13917994499	0.092	-0.24	2.044
1.14168405533	-0.024	-0.252	2.044
1.14418387413	-0.024	-0.252	2.044
1.14668393135	-0.116	0.092	-1.388
1.1491830349	-0.116	0.092	-1.388
1.15168905258	0.056	-0.108	1.348
1.15418696404	0.056	-0.108	1.348
1.15668487549	0.012	-0.34	2.044
1.15919685364	0.012	-0.34	2.044
1.16170406342	-0.132	0.02	-0.788
1.16420292854	-0.132	0.02	-0.788
1.16670298576	0.0	-0.012	-0.016
1.16919398308	0.0	-0.012	-0.016
1.17169189453	0.064	-0.372	2.044
1.1741900444	0.064	-0.372	2.044
1.17668795586	-0.064	-0.104	0.412
1.17918801308	-0.064	-0.104	0.412
1.18169283867	-0.056	0.108	-1.064
1.18419194221	-0.056	0.108	-1.064
1.18669104576	0.068	-0.284	2.044
1.18918895721	0.068	-0.284	2.044
1.19170284271	-0.02	-0.224	1.812
1.19420385361	-0.02	-0.224	1.812
1.19670391083	-0.076	0.108	-1.428
1.1992058754	-0.076	0.108	-1.428
1.20171189308	0.052	-0.144	1.672
1.20421004295	0.052	-0.144	1.672
1.20670890808	0.012	-0.328	2.044
1.20920491219	0.012	-0.328	2.044
1.21170902252	-0.104	0.044	-1.016
1.21420788765	-0.104	0.044	-1.016
1.2167069912	0.04	-0.044	0.3
1.21920394897	0.04	-0.044	0.3
1.22170686722	0.06	-0.36	2.044
1.22420597076	0.06	-0.36	2.044
1.22670292854	-0.084	-0.096	0.072
1.22920203209	-0.084	-0.096	0.072
1.23170590401	-0.044	0.072	-0.848
1.23420500755	-0.044	0.072	-0.848
1.23670697212	0.088	-0.312	2.044
1.23920488358	0.088	-0.312	2.044
1.24170899391	0.088	-0.312	2.044
1.24420690536	-0.036	-0.216	1.464
1.24670505524	-0.036	-0.216	1.464
1.24920487404	-0.084	0.124	-1.408
1.25171089172	-0.084	0.124	-1.408
1.25420999527	0.056	-0.168	2.016
1.25670790672	0.056	-0.168	2.016
1.25920605659	-0.032	-0.312	2.044
1.26171588898	-0.032	-0.312	2.044
1.2642159462	-0.132	0.084	-1.18
1.26671600342	-0.132	0.084	-1.18
1.26921606064	0.032	-0.056	0.644
1.27171897888	0.032	-0.056	0.644
1.27421784401	0.04	-0.364	2.044
1.27672600746	0.04	-0.364	2.044
1.27922391891	-0.112	-0.04	-0.236
1.28172588348	-0.112	-0.04	-0.236
1.2842259407	-0.036	0.068	-0.62
1.28672504425	-0.036	0.068	-0.62
1.2892229557	0.096	-0.34	2.044
1.29172801971	0.096	-0.34	2.044
1.29422593117	-0.028	-0.16	1.112
1.29672598839	-0.028	-0.16	1.112
1.29922485352	-0.068	0.116	-1.332
1.30172991753	-0.068	0.116	-1.332
1.30422902107	0.072	-0.212	2.044
1.3067278862	0.072	-0.212	2.044
1.30922603607	-0.012	-0.296	2.044
1.31173086166	-0.012	-0.296	2.044
1.314234972	-0.088	0.08	-1.316
1.31673502922	-0.088	0.08	-1.316
1.3192460537	0.04	-0.08	1.0
1.32174706459	0.04	-0.08	1.0
1.3242418766	0.052	-0.364	2.044
1.32674002647	0.052	-0.364	2.044
1.32923793793	-0.104	-0.024	-0.532
1.33175587654	-0.104	-0.024	-0.532
1.33425688744	-0.016	0.016	-0.328
1.33675503731	-0.016	0.016	-0.328
1.33925390244	0.088	-0.352	2.044
1.34175896645	0.088	-0.352	2.044
1.3442568779	-0.064	-0.132	0.772
1.34675598145	-0.064	-0.132	0.772
1.34925484657	-0.072	0.112	-1.22
1.35175991058	-0.072	0.112	-1.22
1.35426306725	0.076	-0.256	2.044
1.3567609787	0.076	-0.256	2.044
1.35925984383	-0.048	-0.264	2.044
1.36176586151	-0.048	-0.264	2.044
1.36426591873	-0.112	0.112	-1.404
1.36676597595	-0.112	0.112	-1.404
1.36926603317	0.064	-0.124	1.348
1.37177085876	0.064	-0.124	1.348
1.37426996231	0.02	-0.348	2.044
1.37676906586	0.02	-0.348	2.044
1.37926793098	-0.12	0.004	-0.784
1.38177394867	-0.12	0.004	-0.784
1.38427400589	-0.12	0.004	-0.784
1.38677287102	0.004	-0.004	-0.024
1.38927197456	0.004	-0.004	-0.024
1.39177489281	0.072	-0.356	2.044
1.39427399635	0.072	-0.356	2.044
1.39677286148	-0.068	-0.1	0.408
1.39927196503	-0.068	-0.1	0.408
1.40178704262	-0.06	0.084	-1.048
1.40428686142	-0.06	0.084	-1.048
1.40678596497	0.076	-0.288	2.044
1.40928387642	0.076	-0.288	2.044
1.41178798676	-0.024	-0.216	1.812
1.41428804398	-0.024	-0.216	1.812
1.4167869091	-0.072	0.112	-1.448
1.41928601265	-0.072	0.112	-1.448
1.42179203033	0.048	-0.144	1.688
1.42429089546	0.048	-0.144	1.688
1.42678999901	0.028	-0.316	2.044
1.42928791046	0.028	-0.316	2.044
1.43179893494	-0.088	0.048	-0.996
1.43429899216	-0.088	0.048	-0.996
1.43679904938	0.028	-0.02	0.3
1.43929696083	0.028	-0.02	0.3
1.44179987907	0.08	-0.364	2.044
1.44429898262	0.08	-0.364	2.044
1.4467959404	-0.092	-0.084	0.076
1.44929599762	-0.092	-0.084	0.076
1.4518020153	-0.052	0.076	-0.836
1.45430088043	-0.052	0.076	-0.836
1.45680093765	0.088	-0.312	2.044
1.4593000412	0.088	-0.312	2.044
1.46179986	-0.056	-0.208	1.468
1.46429991722	-0.056	-0.208	1.468
1.46679997444	-0.084	0.116	-1.408
1.46930289268	-0.084	0.116	-1.408
1.47181296349	0.076	-0.188	2.016
1.47431206703	0.076	-0.188	2.016
1.47680902481	-0.02	-0.304	2.044
1.47931003571	-0.02	-0.304	2.044
1.48181605339	-0.116	0.084	-1.188
1.48431587219	-0.116	0.084	-1.188
1.48681592941	0.036	-0.036	0.64
1.48931384087	0.036	-0.036	0.64
1.4918179512	0.044	-0.372	2.044
1.49431705475	0.044	-0.372	2.044
1.49681591988	-0.1	-0.04	-0.236
1.49933695793	-0.1	-0.04	-0.236
1.50184392929	-0.044	0.044	-0.608
1.50434398651	-0.044	0.044	-0.608
1.50684285164	0.072	-0.34	2.044
1.50934505463	0.072	-0.34	2.044
1.51184487343	-0.048	-0.176	1.128
1.51434493065	-0.048	-0.176	1.128
1.51684403419	-0.072	0.116	-1.344
1.51934289932	-0.072	0.116	-1.344
1.52184891701	0.08	-0.228	2.044
1.52434897423	0.08	-0.228	2.044
1.52684688568	0.08	-0.228	2.044
1.52934503555	-0.004	-0.28	2.044
1.53184485435	-0.004	-0.28	2.044
1.53434491158	-0.076	0.076	-1.312
1.5368449688	-0.076	0.076	-1.312
1.53934502602	0.048	-0.092	0.976
1.54185891151	0.048	-0.092	0.976
1.54435801506	0.044	-0.372	2.044
1.54685997963	0.044	-0.372	2.044
1.54935884476	-0.096	-0.02	-0.512
1.55185985565	-0.096	-0.02	-0.512
1.55436086655	-0.024	0.024	-0.34
1.55686092377	-0.024	0.024	-0.34
1.55936002731	0.084	-0.352	2.044
1.56186485291	0.084	-0.352	2.044
1.56436395645	-0.068	-0.156	0.772
1.56686306	-0.068	-0.156	0.772
1.56936192513	-0.088	0.116	-1.232
1.57186794281	-0.088	0.116	-1.232
1.57436800003	0.068	-0.236	2.044
1.57686686516	0.068	-0.236	2.044
1.57936406136	-0.028	-0.244	2.044
1.58187103271	-0.028	-0.244	2.044
1.58437204361	-0.104	0.112	-1.392
1.58687496185	-0.104	0.112	-1.392
1.58937501907	0.068	-0.116	1.324
1.5918738842	0.068	-0.116	1.324
1.59437203407	0.024	-0.344	2.044
1.59686994553	0.024	-0.344	2.044
1.59936690331	-0.12	0.024	-0.776
1.60187292099	-0.12	0.024	-0.776
1.60437297821	-0.012	0.008	-0.036
1.60687088966	-0.012	0.008	-0.036
1.60936903954	0.072	-0.376	2.044
1.61191391945	0.072	-0.376	2.044
1.61441302299	-0.072	-0.132	0.42
1.6169128418	-0.072	-0.132	0.42
1.61941194534	-0.064	0.088	-1.084
1.6219189167	-0.064	0.088	-1.084
1.62442183495	0.076	-0.276	2.044
1.62692189217	0.076	-0.276	2.044
1.62942099571	-0.016	-0.224	1.828
1.63191986084	-0.016	-0.224	1.828
1.63442087173	-0.084	0.12	-1.424
1.63692092896	-0.084	0.12	-1.424
1.63942098618	0.056	-0.144	1.672
1.64192605019	0.056	-0.144	1.672
1.64442491531	0.004	-0.324	2.044
1.64692306519	0.004	-0.324	2.044
1.64942193031	-0.104	0.036	-1.012
1.65192699432	-0.104	0.036	-1.012
1.65442705154	0.012	-0.032	0.3
1.65692591667	0.012	-0.032	0.3
1.65942287445	0.06	-0.376	2.044
1.66192293167	0.06	-0.376	2.044
1.66442584991	-0.104	-0.1	0.076
1.66692590714	-0.104	-0.1	0.076
1.66942501068	-0.104	-0.1	0.076
1.67192482948	-0.056	0.076	-0.864
1.6744248867	-0.056	0.076	-0.864
1.67692399025	0.092	-0.312	2.044
1.6794219017	0.092	-0.312	2.044
1.68193602562	-0.044	-0.208	1.488
1.68443584442	-0.044	-0.208	1.488
1.68693590164	-0.08	0.12	-1.392
1.68943500519	-0.08	0.12	-1.392
1.69194102287	0.08	-0.18	2.008
1.69443893433	0.08	-0.18	2.008
1.69693684578	-0.02	-0.304	2.044
1.699436903	-0.02	-0.304	2.044
1.70198392868	-0.12	0.08	-1.184
1.70448493958	-0.12	0.08	-1.184
1.7069849968	0.032	-0.04	0.644
1.70948195457	0.032	-0.04	0.644
1.71198105812	0.032	-0.372	2.044
1.71447992325	0.032	-0.372	2.044
1.71697902679	-0.096	-0.044	-0.236
1.71948003769	-0.096	-0.044	-0.236
1.72198796272	-0.044	0.072	-0.628
1.72448801994	-0.044	0.072	-0.628
1.72698688507	0.08	-0.332	2.044
1.72948503494	0.08	-0.332	2.044
1.73198986053	-0.028	-0.172	1.128
1.73448991776	-0.028	-0.172	1.128
1.73698997498	-0.076	0.12	-1.336
1.7394900322	-0.076	0.12	-1.336
1.7419989109	0.08	-0.212	2.044
1.74449801445	0.08	-0.212	2.044
1.7469959259	-0.012	-0.276	2.044
1.74949502945	-0.012	-0.276	2.044
1.75201392174	-0.092	0.084	-1.312
1.75451588631	-0.092	0.084	-1.312
1.75701498985	0.048	-0.088	0.984
1.75951385498	0.048	-0.088	0.984
1.76201796532	0.036	-0.36	2.044
1.76451587677	0.036	-0.36	2.044
1.76701402664	-0.1	-0.02	-0.524
1.76951384544	-0.1	-0.02	-0.524
1.77201986313	-0.012	0.02	-0.328
1.77451992035	-0.012	0.02	-0.328
1.7770178318	0.092	-0.36	2.044
1.77952003479	0.092	-0.36	2.044
1.78201985359	-0.064	-0.156	0.768
1.78451895714	-0.064	-0.156	0.768
1.78701901436	-0.068	0.104	-1.224
1.78951883316	-0.068	0.104	-1.224
1.79201984406	0.076	-0.24	2.044
1.79451799393	0.076	-0.24	2.044
1.79701685905	-0.044	-0.252	2.044
1.7995159626	-0.044	-0.252	2.044
1.80202198029	-0.124	0.112	-1.392
1.80452084541	-0.124	0.112	-1.392
1.80702090263	0.056	-0.128	1.34
1.80951905251	0.056	-0.128	1.34
1.8120238781	0.056	-0.128	1.34
1.81452202797	0.008	-0.328	2.044
1.8170208931	0.008	-0.328	2.044
1.81952285767	-0.12	0.016	-0.784
1.82203793526	-0.12	0.016	-0.784
1.82453799248	0.0	-0.004	-0.024
1.82702994347	0.0	-0.004	-0.024
1.82952094078	0.064	-0.372	2.044
1.83202004433	0.064	-0.372	2.044
1.83451890945	-0.052	-0.1	0.416
1.83701705933	-0.052	-0.1	0.416
1.83951592445	-0.044	0.084	-1.06
1.84202194214	-0.044	0.084	-1.06
1.84452199936	0.084	-0.28	2.044
1.84701991081	0.084	-0.28	2.044
1.84951901436	-0.004	-0.248	1.816
1.85202503204	-0.004	-0.248	1.816
1.85452485085	-0.08	0.108	-1.42
1.85702800751	-0.08	0.108	-1.42
1.85952806473	0.068	-0.144	1.696
1.86202788353	0.068	-0.144	1.696
1.86452698708	0.004	-0.324	2.044
1.86702394485	0.004	-0.324	2.044
1.8695230484	-0.104	0.028	-0.992
1.8720228672	-0.104	0.028	-0.992
1.87452197075	0.012	-0.024	0.3
1.8770198822	0.012	-0.024	0.3
1.87951683998	0.056	-0.364	2.044
1.88202190399	0.056	-0.364	2.044
1.88452005386	-0.08	-0.072	0.048
1.88701891899	-0.08	-0.072	0.048
1.88951802254	-0.06	0.072	-0.856
1.89203286171	-0.06	0.072	-0.856
1.89453196526	0.088	-0.316	2.044
1.89703297615	0.088	-0.316	2.044
1.8995308876	-0.048	-0.208	1.476
1.90203690529	-0.048	-0.208	1.476
1.90453600883	-0.092	0.12	-1.412
1.90703606606	-0.092	0.12	-1.412
1.90953493118	0.068	-0.188	2.016
1.91203403473	0.068	-0.188	2.016
1.91453385353	-0.02	-0.304	2.044
1.9170320034	-0.02	-0.304	2.044
1.91953086853	-0.12	0.072	-1.164
1.92203688622	-0.12	0.072	-1.164
1.92453598976	0.04	-0.052	0.648
1.92703390121	0.04	-0.052	0.648
1.92953085899	0.06	-0.372	2.044
1.93206691742	0.06	-0.372	2.044
1.9345638752	-0.088	-0.044	-0.244
1.93705892563	-0.088	-0.044	-0.244
1.93955087662	-0.044	0.056	-0.604
1.9420478344	-0.044	0.056	-0.604
1.94455003738	0.072	-0.328	2.044
1.94704985619	0.072	-0.328	2.044
1.94954800606	0.072	-0.328	2.044
1.95204901695	-0.044	-0.168	1.108
1.95454883575	-0.044	-0.168	1.108
1.95704889297	-0.076	0.112	-1.356
1.95954990387	-0.076	0.112	-1.356
1.96206498146	0.06	-0.212	2.044
1.96456503868	0.06	-0.212	2.044
1.96706295013	-0.02	-0.284	2.044
1.96956396103	-0.02	-0.284	2.044
1.97206997871	-0.088	0.064	-1.312
1.97457194328	-0.088	0.064	-1.312
1.97707104683	0.064	-0.084	1.0
1.97956585884	0.064	-0.084	1.0
1.98206686974	0.048	-0.36	2.044
1.98456597328	0.048	-0.36	2.044
1.98706483841	-0.088	-0.028	-0.528
1.98956489563	-0.088	-0.028	-0.528
1.9920668602	-0.028	0.036	-0.304
1.99456596375	-0.028	0.036	-0.304
1.99706506729	0.096	-0.356	2.044
1.99956297874	0.096	-0.356	2.044
2.00206303596	-0.048	-0.156	0.756
2.00456285477	-0.048	-0.156	0.756
2.00706100464	-0.064	0.116	-1.224
2.00956106186	-0.064	0.116	-1.224
2.01206898689	0.08	-0.252	2.044
2.01456785202	0.08	-0.252	2.044
2.01706695557	-0.032	-0.268	2.044
2.01956701279	-0.032	-0.268	2.044
2.02207303047	-0.104	0.104	-1.388
2.0245718956	-0.104	0.104	-1.388
2.02707195282	0.072	-0.112	1.352
2.02957105637	0.072	-0.112	1.352
2.03208088875	0.028	-0.348	2.044
2.03457999229	0.028	-0.348	2.044
2.03708004951	-0.112	0.02	-0.796
2.03957891464	-0.112	0.02	-0.796
2.04208493233	0.0	0.004	-0.016
2.04457497597	0.0	0.004	-0.016
2.04706406593	0.06	-0.36	2.044
2.04956197739	0.06	-0.36	2.044
2.05206990242	-0.068	-0.104	0.408
2.05456995964	-0.068	-0.104	0.408
2.05706787109	-0.056	0.084	-1.052
2.05956792831	-0.056	0.084	-1.052
2.06206798553	0.068	-0.288	2.044
2.06456685066	0.068	-0.288	2.044
2.06706500053	-0.02	-0.24	1.808
2.06956386566	-0.02	-0.24	1.808
2.07206392288	-0.072	0.104	-1.428
2.07456302643	-0.072	0.104	-1.428
2.07706189156	0.072	-0.148	1.688
2.0795609951	0.072	-0.148	1.688
2.08206605911	0.048	-0.336	2.044
2.08456492424	0.048	-0.336	2.044
2.08706188202	0.048	-0.336	2.044
2.08956384659	-0.096	0.036	-1.004
2.09206986427	-0.096	0.036	-1.004
2.09456896782	0.028	-0.024	0.304
2.0970659256	0.028	-0.024	0.304
2.09956288338	0.072	-0.368	2.044
2.10207700729	0.072	-0.368	2.044
2.10457706451	-0.096	-0.076	0.06
2.10707592964	-0.096	-0.076	0.06
2.10957384109	-0.064	0.072	-0.848
2.11207485199	-0.064	0.072	-0.848
2.11457490921	0.08	-0.296	2.044
2.11707305908	0.08	-0.296	2.044
2.11957097054	-0.044	-0.196	1.456
2.12207698822	-0.044	-0.196	1.456
2.12457704544	-0.084	0.116	-1.408
2.12707591057	-0.084	0.116	-1.408
2.12957787514	0.068	-0.184	2.008
2.13208293915	0.068	-0.184	2.008
2.13458204269	-0.004	-0.296	2.044
2.13708090782	-0.004	-0.296	2.044
2.13958191872	-0.104	0.088	-1.192
2.14208698273	-0.104	0.088	-1.192
2.14458703995	0.032	-0.06	0.652
2.1470849514	0.032	-0.06	0.652
2.14958405495	0.06	-0.36	2.044
2.15208292007	0.06	-0.36	2.044
2.15458202362	-0.092	-0.06	-0.232
2.15708184242	-0.092	-0.06	-0.232
2.15958189964	-0.04	0.044	-0.608
2.16208791733	-0.04	0.044	-0.608
2.16458797455	0.068	-0.336	2.044
2.16708898544	0.068	-0.336	2.044
2.16958785057	-0.052	-0.16	1.116
2.17210388184	-0.052	-0.16	1.116
2.17460393906	-0.076	0.112	-1.324
2.17710399628	-0.076	0.112	-1.324
2.1796040535	0.068	-0.212	2.044
2.18210291862	0.068	-0.212	2.044
2.18460202217	-0.012	-0.28	2.044
2.18710184097	-0.012	-0.28	2.044
2.18963289261	-0.076	0.092	-1.34
2.19213485718	-0.076	0.092	-1.34
2.1946349144	0.052	-0.092	1.004
2.19713401794	0.052	-0.092	1.004
2.19963288307	0.04	-0.36	2.044
2.20214796066	0.04	-0.36	2.044
2.20464587212	-0.112	-0.02	-0.552
2.20714902878	-0.112	-0.02	-0.552
2.20964884758	-0.028	0.02	-0.336
2.21215391159	-0.028	0.02	-0.336
2.21465396881	0.08	-0.36	2.044
2.21715188026	0.08	-0.36	2.044
2.21965003014	-0.068	-0.156	0.756
2.22215485573	-0.068	-0.156	0.756
2.22465491295	-0.072	0.104	-1.204
2.22715497017	-0.072	0.104	-1.204
2.22965502739	-0.072	0.104	-1.204
2.23215603828	0.08	-0.248	2.044
2.23465490341	0.08	-0.248	2.044
2.23715496063	-0.024	-0.252	2.044
2.23965406418	-0.024	-0.252	2.044
2.24216890335	-0.104	0.116	-1.4
2.24467301369	-0.104	0.116	-1.4
2.24717402458	0.048	-0.124	1.36
2.24967288971	0.048	-0.124	1.36
2.25217700005	0.012	-0.344	2.044
2.25467586517	0.012	-0.344	2.044
2.25717306137	-0.132	0.028	-0.796
2.25967288017	-0.132	0.028	-0.796
2.26217389107	-0.016	-0.004	-0.012
2.26467394829	-0.016	-0.004	-0.012
2.26717400551	0.056	-0.364	2.044
2.26967191696	0.056	-0.364	2.044
2.27217197418	-0.072	-0.1	0.404
2.27467083931	-0.072	-0.1	0.404
2.27716994286	-0.056	0.088	-1.04
2.2796690464	-0.056	0.088	-1.04
2.2821700573	0.092	-0.28	2.044
2.28467082977	0.092	-0.28	2.044
2.28716993332	-0.016	-0.228	1.812
2.28966903687	-0.016	-0.228	1.812
2.29217004776	-0.06	0.1	-1.424
2.29466891289	-0.06	0.1	-1.424
2.29717087746	0.068	-0.148	1.716
2.29967188835	0.068	-0.148	1.716
2.30217194557	0.032	-0.328	2.044
2.30467104912	0.032	-0.328	2.044
2.30716896057	-0.096	0.032	-1.0
2.309664011	-0.096	0.032	-1.0
2.31217098236	0.02	-0.032	0.312
2.31466984749	0.02	-0.032	0.312
2.31716799736	0.072	-0.376	2.044
2.31966590881	0.072	-0.376	2.044
2.32217288017	-0.096	-0.088	0.072
2.32467293739	-0.096	-0.088	0.072
2.32717299461	-0.06	0.076	-0.856
2.32967185974	-0.06	0.076	-0.856
2.33217692375	0.088	-0.308	2.044
2.33467698097	0.088	-0.308	2.044
2.3371758461	-0.06	-0.204	1.46
2.33967494965	-0.06	-0.204	1.46
2.34218001366	-0.076	0.112	-1.412
2.34467983246	-0.076	0.112	-1.412
2.34717988968	0.072	-0.184	2.016
2.34967899323	0.072	-0.184	2.016
2.35217785835	-0.028	-0.308	2.044
2.35467886925	-0.028	-0.308	2.044
2.35717797279	-0.128	0.08	-1.184
2.35967803001	-0.128	0.08	-1.184
2.36218690872	0.028	-0.052	0.644
2.36468601227	0.028	-0.052	0.644
2.3671848774	0.028	-0.052	0.644
2.36968398094	0.048	-0.368	2.044
2.37218785286	0.048	-0.368	2.044
2.37468600273	-0.096	-0.044	-0.232
2.37718701363	-0.096	-0.044	-0.232
2.37968683243	-0.04	0.056	-0.612
2.38220405579	-0.04	0.056	-0.612
2.38470292091	0.084	-0.332	2.044
2.38720202446	0.084	-0.332	2.044
2.38969993591	-0.036	-0.176	1.144
2.39219999313	-0.036	-0.176	1.144
2.39470100403	-0.064	0.112	-1.34
2.39719986916	-0.064	0.112	-1.34
2.39970183372	0.088	-0.224	2.044
2.40220594406	0.088	-0.224	2.044
2.40470504761	-0.012	-0.28	2.044
2.40720486641	-0.012	-0.28	2.044
2.40970396996	-0.1	0.076	-1.308
2.41221094131	-0.1	0.076	-1.308
2.41471099854	0.04	-0.084	0.98
2.41720986366	0.04	-0.084	0.98
2.41970801353	0.044	-0.356	2.044
2.42221283913	0.044	-0.356	2.044
2.42471289635	-0.088	-0.012	-0.532
2.42721295357	-0.088	-0.012	-0.532
2.42971301079	-0.016	0.024	-0.32
2.43221187592	-0.016	0.024	-0.32
2.43471193314	0.096	-0.356	2.044
2.43721103668	0.096	-0.356	2.044
2.43971204758	-0.072	-0.148	0.768
2.44221806526	-0.072	-0.148	0.768
2.44471788406	-0.072	0.108	-1.228
2.44721698761	-0.072	0.108	-1.228
2.44971704483	0.072	-0.252	2.044
2.45223999023	0.072	-0.252	2.044
2.45474004745	-0.04	-0.264	2.044
2.45723891258	-0.04	-0.264	2.044
2.45973801613	-0.132	0.112	-1.384
2.46223902702	-0.132	0.112	-1.384
2.46473789215	0.064	-0.12	1.34
2.4672369957	0.064	-0.12	1.34
2.46973395348	0.024	-0.344	2.044
2.4722340107	0.024	-0.344	2.044
2.47473192215	-0.116	0.024	-0.776
2.47724485397	-0.116	0.024	-0.776
2.47977590561	0.0	0.004	-0.032
2.48227500916	0.0	0.004	-0.032
2.48476600647	0.072	-0.364	2.044
2.48726606369	0.072	-0.364	2.044
2.48976492882	-0.064	-0.104	0.424
2.49226593971	-0.064	-0.104	0.424
2.49476599693	-0.052	0.084	-1.06
2.49726486206	-0.052	0.084	-1.06
2.49976396561	0.072	-0.276	2.044
2.50226283073	0.072	-0.276	2.044
2.50476098061	-0.028	-0.232	1.824
2.50725984573	-0.028	-0.232	1.824
2.50975894928	-0.028	-0.232	1.824
2.5122590065	-0.076	0.104	-1.428
2.51475906372	-0.076	0.104	-1.428
2.51726102829	0.064	-0.156	1.672
2.51975893974	0.064	-0.156	1.672
2.52227401733	0.024	-0.332	2.044
2.52477288246	0.024	-0.332	2.044
2.52727198601	-0.1	0.044	-0.992
2.5297729969	-0.1	0.044	-0.992
2.5322740078	0.02	-0.032	0.288
2.53477096558	0.02	-0.032	0.288
2.53726887703	0.068	-0.364	2.044
2.5397670269	0.068	-0.364	2.044
2.54227185249	-0.096	-0.08	0.088
2.54477095604	-0.096	-0.08	0.088
2.54726886749	-0.052	0.076	-0.86
2.54976797104	-0.052	0.076	-0.86
2.55226802826	0.08	-0.296	2.044
2.55476999283	0.08	-0.296	2.044
2.55726790428	-0.052	-0.208	1.508
2.55976700783	-0.052	-0.208	1.508
2.56227183342	-0.108	0.124	-1.412
2.56477189064	-0.108	0.124	-1.412
2.56727194786	0.068	-0.192	2.0
2.56977105141	0.068	-0.192	2.0
2.5722720623	-0.02	-0.3	2.044
2.5747718811	-0.02	-0.3	2.044
2.57727098465	-0.128	0.08	-1.188
2.57977104187	-0.128	0.08	-1.188
2.58227586746	0.036	-0.052	0.628
2.58477497101	0.036	-0.052	0.628
2.58727288246	0.048	-0.384	2.044
2.58977293968	0.048	-0.384	2.044
2.59228086472	-0.084	-0.04	-0.232
2.59478592873	-0.084	-0.04	-0.232
2.5972878933	-0.036	0.052	-0.628
2.59978699684	-0.036	0.052	-0.628
2.60229301453	0.076	-0.328	2.044
2.60479187965	0.076	-0.328	2.044
2.60729002953	-0.036	-0.172	1.136
2.60979104042	-0.036	-0.172	1.136
2.61229705811	-0.06	0.12	-1.34
2.61479687691	-0.06	0.12	-1.34
2.61729502678	0.072	-0.22	2.044
2.61979389191	0.072	-0.22	2.044
2.62229800224	0.0	-0.28	2.044
2.62478899956	0.0	-0.28	2.044
2.62728095055	-0.088	0.084	-1.304
2.62978100777	-0.088	0.084	-1.304
2.63228487968	0.06	-0.088	0.968
2.63478398323	0.06	-0.088	0.968
2.63728189468	0.056	-0.36	2.044
2.63978004456	0.056	-0.36	2.044
2.64228487015	-0.104	-0.024	-0.496
2.64478492737	-0.104	-0.024	-0.496
2.64728498459	-0.104	-0.024	-0.496
2.64978694916	-0.02	0.032	-0.356
2.65229487419	-0.02	0.032	-0.356
2.65479302406	0.068	-0.36	2.044
2.65729093552	0.068	-0.36	2.044
2.65979003906	-0.08	-0.148	0.784
2.66230797768	-0.08	-0.148	0.784
2.66480898857	-0.096	0.116	-1.236
2.6673078537	-0.096	0.116	-1.236
2.66980791092	0.06	-0.244	2.044
2.67230987549	0.06	-0.244	2.044
2.67480993271	-0.036	-0.26	2.044
2.67730903625	-0.036	-0.26	2.044
2.67980885506	-0.12	0.128	-1.384
2.68231487274	-0.12	0.128	-1.384
2.68481588364	0.06	-0.116	1.3
2.68732595444	0.06	-0.116	1.3
2.68982505798	0.028	-0.34	2.044
2.6923289299	0.028	-0.34	2.044
2.69482684135	-0.104	0.044	-0.752
2.69732689857	-0.104	0.044	-0.752
2.6998269558	0.008	0.012	-0.048
2.70232486725	0.008	0.012	-0.048
2.70482301712	0.056	-0.356	2.044
2.70732092857	0.056	-0.356	2.044
2.70982289314	-0.08	-0.12	0.448
2.71232390404	-0.08	-0.12	0.448
2.71482300758	-0.064	0.096	-1.08
2.71732187271	-0.064	0.096	-1.08
2.71982097626	0.064	-0.272	2.044
2.72232604027	0.064	-0.272	2.044
2.72482395172	-0.032	-0.232	1.84
2.72732305527	-0.032	-0.232	1.84
2.72982192039	-0.048	0.08	-1.412
2.73233699799	-0.048	0.08	-1.412
2.73483586311	0.068	-0.156	1.656
2.73733401299	0.068	-0.156	1.656
2.73983192444	0.028	-0.332	2.044
2.74233794212	0.028	-0.332	2.044
2.74483799934	-0.104	0.04	-0.98
2.74733805656	-0.104	0.04	-0.98
2.74984002113	0.016	-0.036	0.276
2.75233888626	0.016	-0.036	0.276
2.75483703613	0.068	-0.368	2.044
2.75733494759	0.068	-0.368	2.044
2.75983285904	-0.116	-0.092	0.104
2.76233887672	-0.116	-0.092	0.104
2.76483893394	-0.06	0.08	-0.892
2.76733803749	-0.06	0.08	-0.892
2.76983594894	0.08	-0.312	2.044
2.77234101295	0.08	-0.312	2.044
2.77483987808	-0.052	-0.212	1.512
2.77733898163	-0.052	-0.212	1.512
2.77983903885	-0.1	0.128	-1.416
2.78234004974	-0.1	0.128	-1.416
2.7848379612	0.072	-0.172	1.984
2.78733992577	0.072	-0.172	1.984
2.78983998299	0.072	-0.172	1.984
2.79233884811	0.004	-0.308	2.044
2.79483699799	0.004	-0.308	2.044
2.79733490944	-0.1	0.08	-1.176
2.79983496666	-0.1	0.08	-1.176
2.80235385895	0.04	-0.048	0.604
2.80489301682	0.04	-0.048	0.604
2.80739283562	0.04	-0.368	2.044
2.80989289284	0.04	-0.368	2.044
2.81239795685	-0.108	-0.044	-0.212
2.81489896774	-0.108	-0.044	-0.212
2.81739997864	-0.044	0.044	-0.636
2.81990003586	-0.044	0.044	-0.636
2.82240605354	0.076	-0.34	2.044
2.824903965	0.076	-0.34	2.044
2.82740497589	-0.04	-0.172	1.16
2.82990598679	-0.04	-0.172	1.16
2.83240795135	-0.048	0.124	-1.356
2.83490800858	-0.048	0.124	-1.356
2.83740901947	0.08	-0.204	2.044
2.83990693092	0.08	-0.204	2.044
2.84241199493	0.004	-0.28	2.044
2.84490990639	0.004	-0.28	2.044
2.84740805626	-0.088	0.084	-1.3
2.84990692139	-0.088	0.084	-1.3
2.85241293907	0.072	-0.096	0.952
2.85491085052	0.072	-0.096	0.952
2.8574090004	0.052	-0.36	2.044
2.85990691185	0.052	-0.36	2.044
2.8624060154	-0.124	-0.028	-0.496
2.86490988731	-0.124	-0.028	-0.496
2.86741089821	-0.032	0.024	-0.368
2.86991095543	-0.032	0.024	-0.368
2.87241983414	0.068	-0.348	2.044
2.87492203712	0.068	-0.348	2.044
2.87742090225	-0.092	-0.152	0.816
2.8799200058	-0.092	-0.152	0.816
2.88242101669	-0.084	0.112	-1.244
2.88492202759	-0.084	0.112	-1.244
2.88742184639	0.068	-0.252	2.044
2.88992094994	0.068	-0.252	2.044
2.89241790771	-0.028	-0.272	2.044
2.89491891861	-0.028	-0.272	2.044
2.89741897583	-0.1	0.12	-1.388
2.89991903305	-0.1	0.12	-1.388
2.90242004395	0.048	-0.112	1.284
2.90492296219	0.048	-0.112	1.284
2.90742301941	0.02	-0.348	2.044
2.90992093086	0.02	-0.348	2.044
2.91242003441	-0.116	0.024	-0.744
2.91492199898	-0.116	0.024	-0.744
2.91742086411	-0.008	0.004	-0.076
2.91991996765	-0.008	0.004	-0.076
2.92242097855	0.064	-0.356	2.044
2.92492103577	0.064	-0.356	2.044
2.92741990089	-0.068	-0.104	0.448
2.92991995811	-0.068	-0.104	0.448
2.93241691589	-0.068	-0.104	0.448
2.93491196632	-0.052	0.096	-1.092
2.93740606308	-0.052	0.096	-1.092
2.93989896774	0.076	-0.276	2.044
2.94240784645	0.076	-0.276	2.044
2.94490885735	-0.012	-0.24	1.876
2.94741106033	-0.012	-0.24	1.876
2.94990992546	-0.056	0.112	-1.424
2.95241093636	-0.056	0.112	-1.424
2.95491194725	0.056	-0.14	1.628
2.9574098587	0.056	-0.14	1.628
2.95990800858	0.028	-0.336	2.044
2.96241188049	0.028	-0.336	2.044
2.96491098404	-0.116	0.052	-0.948
2.96741104126	-0.116	0.052	-0.948
2.96990990639	0.012	-0.024	0.264
2.9724149704	0.012	-0.024	0.264
2.97491288185	0.068	-0.376	2.044
2.97740983963	0.068	-0.376	2.044
2.97990894318	-0.108	-0.08	0.136
2.98241305351	-0.108	-0.08	0.136
2.98491287231	-0.072	0.08	-0.904
2.98741292953	-0.072	0.08	-0.904
2.98991203308	0.076	-0.304	2.044
2.99241185188	0.076	-0.304	2.044
2.99491095543	-0.056	-0.208	1.536
2.99741005898	-0.056	-0.208	1.536
2.99990987778	-0.088	0.136	-1.416
3.00241589546	-0.088	0.136	-1.416
3.00491595268	0.08	-0.18	1.948
3.00741386414	0.08	-0.18	1.948
3.00991201401	0.0	-0.312	2.044
3.01241898537	0.0	-0.312	2.044
3.01491093636	-0.108	0.08	-1.152
3.01741099358	-0.108	0.08	-1.152
3.01991486549	0.036	-0.044	0.584
3.02241492271	0.036	-0.044	0.584
3.02491497993	0.06	-0.372	2.044
3.02741384506	0.06	-0.372	2.044
3.02991199493	-0.1	-0.06	-0.176
3.0324139595	-0.1	-0.06	-0.176
3.0349149704	-0.048	0.06	-0.66
3.03741383553	-0.048	0.06	-0.66
3.03991389275	0.08	-0.324	2.044
3.04241800308	0.08	-0.324	2.044
3.04491686821	-0.048	-0.176	1.192
3.04741692543	-0.048	-0.176	1.192
3.04991698265	-0.076	0.112	-1.36
3.05241703987	-0.076	0.112	-1.36
3.05491805077	0.04	-0.2	2.044
3.05741691589	0.04	-0.2	2.044
3.05991983414	-0.004	-0.288	2.044
3.06242084503	-0.004	-0.288	2.044
3.06492304802	-0.1	0.068	-1.288
3.06742286682	-0.1	0.068	-1.288
3.06992197037	-0.1	0.068	-1.288
3.07242202759	0.04	-0.108	0.92
3.07492184639	0.04	-0.108	0.92
3.07741999626	0.068	-0.368	2.044
3.07991790771	0.068	-0.368	2.044
3.08245801926	-0.12	-0.036	-0.468
3.08495998383	-0.12	-0.036	-0.468
3.08746099472	-0.032	0.028	-0.392
3.08996105194	-0.032	0.028	-0.392
3.09248995781	0.088	-0.348	2.044
3.09499001503	0.088	-0.348	2.044
3.09749293327	-0.08	-0.156	0.848
3.09999299049	-0.08	-0.156	0.848
3.10249900818	-0.084	0.116	-1.26
3.1049990654	-0.084	0.116	-1.26
3.1074988842	0.072	-0.244	2.044
3.10999703407	0.072	-0.244	2.044
3.11249804497	-0.032	-0.268	2.044
3.1149969101	-0.032	-0.268	2.044
3.11749696732	-0.1	0.124	-1.384
3.11999702454	-0.1	0.124	-1.384
3.12250494957	0.048	-0.104	1.248
3.12500286102	0.048	-0.104	1.248
3.12750101089	0.028	-0.336	2.044
3.12999892235	0.028	-0.336	2.044
3.13250398636	-0.104	0.012	-0.732
3.13500285149	-0.104	0.012	-0.732
3.13750505447	-0.004	0.012	-0.108
3.14000487328	-0.004	0.012	-0.108
3.14251184464	0.076	-0.36	2.044
3.14500999451	0.076	-0.36	2.044
3.14750790596	-0.068	-0.116	0.504
3.15000796318	-0.068	-0.116	0.504
3.15252304077	-0.06	0.1	-1.108
3.15502285957	-0.06	0.1	-1.108
3.15752196312	0.076	-0.272	2.044
3.16001987457	0.076	-0.272	2.044
3.16252493858	-0.004	-0.244	1.9
3.16502404213	-0.004	-0.244	1.9
3.16752386093	-0.068	0.108	-1.436
3.17002487183	-0.068	0.108	-1.436
3.17256689072	0.068	-0.148	1.6
3.17507100105	0.068	-0.148	1.6
3.17757105827	0.032	-0.336	2.044
3.1800699234	0.032	-0.336	2.044
3.1825709343	-0.104	0.036	-0.948
3.18507504463	-0.104	0.036	-0.948
3.18757390976	0.0	-0.016	0.204
3.1900639534	0.0	-0.016	0.204
3.19255900383	0.064	-0.38	2.044
3.19505786896	0.064	-0.38	2.044
3.19755601883	-0.124	-0.084	0.164
3.20005393028	-0.124	-0.084	0.164
3.20255899429	-0.08	0.084	-0.916
3.20506000519	-0.08	0.084	-0.916
3.20755791664	0.064	-0.316	2.044
3.21005702019	0.064	-0.316	2.044
3.21255683899	0.064	-0.316	2.044
3.21505904198	-0.06	-0.216	1.576
3.2175579071	-0.06	-0.216	1.576
3.22005701065	-0.092	0.136	-1.444
3.22256588936	-0.092	0.136	-1.444
3.22506594658	0.056	-0.176	1.928
3.22756505013	0.056	-0.176	1.928
3.23006296158	-0.008	-0.316	2.044
3.23256397247	-0.008	-0.316	2.044
3.2350628376	-0.096	0.04	-1.128
3.23756194115	-0.096	0.04	-1.128
3.24006104469	0.04	-0.044	0.548
3.24256491661	0.04	-0.044	0.548
3.24506306648	0.068	-0.364	2.044
3.24756097794	0.068	-0.364	2.044
3.25005888939	-0.088	-0.06	-0.14
3.25256800652	-0.088	-0.06	-0.14
3.25506901741	-0.036	0.044	-0.688
3.25756883621	-0.036	0.044	-0.688
3.26006889343	0.076	-0.32	2.044
3.262570858	0.076	-0.32	2.044
3.26507306099	-0.044	-0.176	1.22
3.26757287979	-0.044	-0.176	1.22
3.27007198334	-0.052	0.144	-1.384
3.27257704735	-0.052	0.144	-1.384
3.27507591248	0.072	-0.2	2.044
3.27757501602	0.072	-0.2	2.044
3.28007292747	0.0	-0.284	2.044
3.28256392479	0.0	-0.284	2.044
3.28505396843	-0.092	0.076	-1.276
3.28755283356	-0.092	0.076	-1.276
3.29005289078	0.048	-0.072	0.88
3.29256892204	0.048	-0.072	0.88
3.29506802559	0.044	-0.372	2.044
3.29756593704	0.044	-0.372	2.044
3.30006504059	-0.128	-0.032	-0.448
3.30256986618	-0.128	-0.032	-0.448
3.30507087708	-0.048	0.032	-0.416
3.30757188797	-0.048	0.032	-0.416
3.31007385254	0.072	-0.352	2.044
3.31257796288	0.072	-0.352	2.044
3.31507587433	-0.092	-0.16	0.864
3.3175740242	-0.092	-0.16	0.864
3.320073843	-0.084	0.124	-1.28
3.32257890701	-0.084	0.124	-1.28
3.32507896423	0.068	-0.248	2.044
3.32757687569	0.068	-0.248	2.044
3.33007788658	-0.012	-0.276	2.044
3.33258390427	-0.012	-0.276	2.044
3.33508396149	-0.08	0.116	-1.368
3.33758306503	-0.08	0.116	-1.368
3.34008288383	0.068	-0.112	1.228
3.3425860405	0.068	-0.112	1.228
3.34508490562	0.028	-0.348	2.044
3.3475830555	0.028	-0.348	2.044
3.35008096695	0.028	-0.348	2.044
3.35258388519	-0.108	0.012	-0.712
3.35508394241	-0.108	0.012	-0.712
3.35758304596	0.0	0.02	-0.124
3.36007189751	0.0	0.02	-0.124
3.36257696152	0.072	-0.348	2.044
3.36507606506	0.072	-0.348	2.044
3.36757397652	-0.076	-0.124	0.524
3.37007594109	-0.076	-0.124	0.524
3.3725810051	-0.056	0.1	-1.124
3.37508106232	-0.056	0.1	-1.124
3.37757992744	0.088	-0.272	2.044
3.38007903099	0.088	-0.272	2.044
3.38258194923	-0.008	-0.244	1.932
3.38508200645	-0.008	-0.244	1.932
3.38757991791	-0.072	0.104	-1.424
3.39007997513	-0.072	0.104	-1.424
3.39258384705	0.056	-0.136	1.564
3.39508199692	0.056	-0.136	1.564
3.39757990837	0.044	-0.344	2.044
3.40007805824	0.044	-0.344	2.044
3.40258097649	-0.084	0.028	-0.924
3.40508103371	-0.084	0.028	-0.924
3.40758395195	0.016	-0.02	0.188
3.4100818634	0.016	-0.02	0.188
3.41258502007	0.064	-0.372	2.044
3.41508483887	0.064	-0.372	2.044
3.41758298874	-0.108	-0.096	0.208
3.42008185387	-0.108	-0.096	0.208
3.42258501053	-0.076	0.084	-0.932
3.42508506775	-0.076	0.084	-0.932
3.42758488655	0.076	-0.304	2.044
3.43008184433	0.076	-0.304	2.044
3.43259501457	-0.04	-0.204	1.58
3.43509602547	-0.04	-0.204	1.58
3.43759584427	-0.1	0.132	-1.42
3.44009494781	-0.1	0.132	-1.42
3.4426009655	0.064	-0.168	1.9
3.44509983063	0.064	-0.168	1.9
3.44760298729	0.0	-0.308	2.044
3.4500939846	0.0	-0.308	2.044
3.45258903503	-0.096	0.056	-1.124
3.45509004593	-0.096	0.056	-1.124
3.45758891106	0.036	-0.048	0.512
3.46008706093	0.036	-0.048	0.512
3.46258687973	0.048	-0.368	2.044
3.4650888443	0.048	-0.368	2.044
3.46758794785	-0.128	-0.056	-0.112
3.47008800507	-0.128	-0.056	-0.112
3.47259283066	-0.02	0.056	-0.708
3.47509384155	-0.02	0.056	-0.708
3.4775929451	0.092	-0.32	2.044
3.48008990288	0.092	-0.32	2.044
3.48259496689	-0.02	-0.192	1.256
3.48509883881	-0.02	-0.192	1.256
3.48759889603	-0.02	-0.192	1.256
3.49009895325	-0.052	0.128	-1.372
3.49260401726	-0.052	0.128	-1.372
3.49510383606	0.084	-0.208	2.044
3.49760198593	0.084	-0.208	2.044
3.50010085106	0.016	-0.288	2.044
3.50261497498	0.016	-0.288	2.044
3.5051138401	-0.096	0.08	-1.276
3.50761389732	-0.096	0.08	-1.276
3.51011300087	0.044	-0.084	0.868
3.51261687279	0.044	-0.084	0.868
3.51511597633	0.048	-0.368	2.044
3.51761388779	0.048	-0.368	2.044
3.52011203766	-0.136	-0.016	-0.416
3.52261805534	-0.136	-0.016	-0.416
3.52512288094	-0.036	0.036	-0.452
3.52762198448	-0.036	0.036	-0.452
3.53012084961	0.064	-0.348	2.044
3.53261995316	0.064	-0.348	2.044
3.53511786461	-0.08	-0.156	0.916
3.53761792183	-0.08	-0.156	0.916
3.54011702538	-0.084	0.14	-1.292
3.54261803627	-0.084	0.14	-1.292
3.54511594772	0.068	-0.24	2.044
3.54761505127	0.068	-0.24	2.044
3.55011296272	-0.012	-0.268	2.044
3.55261802673	-0.012	-0.268	2.044
3.55511784554	-0.084	0.112	-1.372
3.55761790276	-0.084	0.112	-1.372
3.5601170063	0.056	-0.088	1.192
3.56262493134	0.056	-0.088	1.192
3.56512498856	0.028	-0.356	2.044
3.56762385368	0.028	-0.356	2.044
3.57012200356	-0.12	0.012	-0.68
3.57263684273	-0.12	0.012	-0.68
3.57513689995	0.004	0.004	-0.16
3.57763385773	0.004	0.004	-0.16
3.5801320076	0.072	-0.352	2.044
3.58263087273	0.072	-0.352	2.044
3.58518004417	-0.068	-0.128	0.564
3.58768200874	-0.068	-0.128	0.564
3.59018206596	-0.048	0.108	-1.136
3.59268403053	-0.048	0.108	-1.136
3.59518384933	0.088	-0.276	2.044
3.59768199921	0.088	-0.276	2.044
3.60018086433	0.0	-0.252	1.964
3.60267591476	0.0	-0.252	1.964
3.60516691208	-0.084	0.108	-1.428
3.6076669693	-0.084	0.108	-1.428
3.61016702652	0.064	-0.14	1.532
3.61266684532	0.064	-0.14	1.532
3.61516499519	0.024	-0.344	2.044
3.61766290665	0.024	-0.344	2.044
3.62016105652	-0.124	0.028	-0.904
3.62266206741	-0.124	0.028	-0.904
3.62516093254	0.008	-0.016	0.152
3.62766003609	0.008	-0.016	0.152
3.63015699387	0.008	-0.016	0.152
3.63265705109	0.056	-0.364	2.044
3.63515901566	0.056	-0.364	2.044
3.63765788078	-0.112	-0.1	0.228
3.64015889168	-0.112	-0.1	0.228
3.64267301559	-0.064	0.092	-0.96
3.64517402649	-0.064	0.092	-0.96
3.64767289162	0.064	-0.292	2.044
3.65017104149	0.064	-0.292	2.044
3.65267395973	-0.036	-0.224	1.628
3.65517401695	-0.036	-0.224	1.628
3.65767383575	-0.084	0.144	-1.424
3.66017389297	-0.084	0.144	-1.424
3.66267585754	0.064	-0.156	1.868
3.66517996788	0.064	-0.156	1.868
3.66767787933	0.004	-0.324	2.044
3.67017602921	0.004	-0.324	2.044
3.67267990112	-0.1	0.076	-1.116
3.67518091202	-0.1	0.076	-1.116
3.67768001556	0.032	-0.024	0.468
3.68018198013	0.032	-0.024	0.468
3.68268489838	0.052	-0.368	2.044
3.6851849556	0.052	-0.368	2.044
3.68768286705	-0.104	-0.06	-0.088
3.69018292427	-0.104	-0.06	-0.088
3.69268894196	-0.048	0.072	-0.728
3.6951880455	-0.048	0.072	-0.728
3.6976878643	0.092	-0.316	2.044
3.70018696785	0.092	-0.316	2.044
3.70268583298	-0.04	-0.176	1.288
3.7051858902	-0.04	-0.176	1.288
3.70768499374	-0.056	0.124	-1.376
3.71018505096	-0.056	0.124	-1.376
3.71269989014	0.076	-0.204	2.044
3.71519994736	0.076	-0.204	2.044
3.71770095825	0.004	-0.3	2.044
3.7202000618	0.004	-0.3	2.044
3.72270298004	-0.1	0.072	-1.264
3.72520399094	-0.1	0.072	-1.264
3.72770285606	0.044	-0.076	0.824
3.73020195961	0.044	-0.076	0.824
3.73270487785	0.052	-0.368	2.044
3.73520493507	0.052	-0.368	2.044
3.73770284653	-0.124	-0.048	-0.396
3.74020385742	-0.124	-0.048	-0.396
3.74270987511	-0.036	0.036	-0.464
3.74520993233	-0.036	0.036	-0.464
3.74770903587	0.072	-0.348	2.044
3.75020694733	0.072	-0.348	2.044
3.75271201134	-0.076	-0.164	0.932
3.75521683693	-0.076	-0.164	0.932
3.75771903992	-0.092	0.112	-1.28
3.76021885872	-0.092	0.112	-1.28
3.76272392273	0.064	-0.236	2.044
3.76522183418	0.064	-0.236	2.044
3.76772093773	-0.024	-0.276	2.044
3.77022194862	-0.024	-0.276	2.044
3.77272701263	-0.024	-0.276	2.044
3.77522683144	-0.08	0.108	-1.376
3.77772593498	-0.08	0.108	-1.376
3.7802259922	0.044	-0.092	1.18
3.78273487091	0.044	-0.092	1.18
3.78523302078	0.04	-0.352	2.044
3.78773188591	0.04	-0.352	2.044
3.79023003578	-0.092	0.0	-0.664
3.79272699356	-0.092	0.0	-0.664
3.79522395134	0.004	0.028	-0.184
3.79772186279	0.004	0.028	-0.184
3.80022001266	0.08	-0.34	2.044
3.80272388458	0.08	-0.34	2.044
3.80522298813	-0.064	-0.128	0.576
3.80772185326	-0.064	-0.128	0.576
3.8102209568	-0.064	0.096	-1.136
3.81272506714	-0.064	0.096	-1.136
3.81522583961	0.076	-0.264	2.044
3.81772398949	0.076	-0.264	2.044
3.82022285461	-0.008	-0.248	1.972
3.8227288723	-0.008	-0.248	1.972
3.82522892952	-0.088	0.108	-1.416
3.82772803307	-0.088	0.108	-1.416
3.83022689819	0.048	-0.144	1.52
3.83273005486	0.048	-0.144	1.52
3.8352329731	0.036	-0.344	2.044
3.83773088455	0.036	-0.344	2.044
3.84022903442	-0.116	0.024	-0.892
3.84273386002	-0.116	0.024	-0.892
3.84523487091	0.004	-0.012	0.124
3.84773302078	0.004	-0.012	0.124
3.85022997856	0.072	-0.368	2.044
3.85274291039	0.072	-0.368	2.044
3.85524201393	-0.084	-0.096	0.236
3.85774183273	-0.084	-0.096	0.236
3.86024093628	-0.064	0.092	-0.972
3.86274385452	-0.064	0.092	-0.972
3.86524701118	0.068	-0.296	2.044
3.86774587631	0.068	-0.296	2.044
3.87024402618	-0.036	-0.22	1.64
3.87275195122	-0.036	-0.22	1.64
3.87525200844	-0.092	0.14	-1.424
3.87775087357	-0.092	0.14	-1.424
3.88025093079	0.06	-0.16	1.86
3.88275504112	0.06	-0.16	1.86
3.88525390625	0.016	-0.316	2.044
3.88775205612	0.016	-0.316	2.044
3.89025092125	-0.096	0.06	-1.1
3.89275598526	-0.096	0.06	-1.1
3.89525604248	0.024	-0.036	0.472
3.89775395393	0.024	-0.036	0.472
3.90025091171	0.056	-0.368	2.044
3.90275502205	0.056	-0.368	2.044
3.90525388718	-0.104	-0.056	-0.08
3.90775489807	-0.104	-0.056	-0.08
3.91025590897	-0.104	-0.056	-0.08
3.912763834	-0.044	0.056	-0.732
3.91526603699	-0.044	0.056	-0.732
3.91776585579	0.08	-0.328	2.044
3.92026400566	0.08	-0.328	2.044
3.92277693748	-0.04	-0.176	1.296
3.92527890205	-0.04	-0.176	1.296
3.92777895927	-0.068	0.128	-1.384
3.93027806282	-0.068	0.128	-1.384
3.93278002739	0.076	-0.212	2.044
3.93527197838	0.076	-0.212	2.044
3.93776392937	0.032	-0.296	2.044
3.94025492668	0.032	-0.296	2.044
3.94275784492	-0.092	0.092	-1.252
3.94525885582	-0.092	0.092	-1.252
3.94775891304	0.048	-0.076	0.812
3.95026087761	0.048	-0.076	0.812
3.95276498795	0.052	-0.352	2.044
3.95526385307	0.052	-0.352	2.044
3.95776200294	-0.116	-0.044	-0.38
3.96026301384	-0.116	-0.044	-0.38
3.96276903152	-0.044	0.032	-0.48
3.96527004242	-0.044	0.032	-0.48
3.96776890755	0.068	-0.352	2.044
3.97026801109	0.068	-0.352	2.044
3.97277092934	-0.068	-0.164	0.96
3.97527194023	-0.068	-0.164	0.96
3.97777199745	-0.084	0.116	-1.296
3.98027086258	-0.084	0.116	-1.296
3.98277592659	0.068	-0.236	2.044
3.98527503014	0.068	-0.236	2.044
3.98777389526	-0.012	-0.276	2.044
3.99027705193	-0.012	-0.276	2.044
3.99279093742	-0.076	0.116	-1.36
3.99529290199	-0.076	0.116	-1.36
3.99779295921	0.056	-0.096	1.156
4.00029206276	0.056	-0.096	1.156
4.002794981	0.04	-0.348	2.044
4.00529503822	0.04	-0.348	2.044
4.00779390335	-0.104	0.004	-0.672
4.01029396057	-0.104	0.004	-0.672
4.01279783249	-0.008	0.02	-0.192
4.01529788971	-0.008	0.02	-0.192
4.01779699326	0.068	-0.356	2.044
4.02029490471	0.068	-0.356	2.044
4.02279806137	-0.068	-0.14	0.596
4.02529883385	-0.068	-0.14	0.596
4.02780199051	-0.052	0.104	-1.156
4.03030204773	-0.052	0.104	-1.156
4.03280496597	0.088	-0.26	2.044
4.03530693054	0.088	-0.26	2.044
4.03780388832	-0.004	-0.244	1.984
4.04030299187	-0.004	-0.244	1.984
4.04280805588	-0.096	0.108	-1.408
4.04530787468	-0.096	0.108	-1.408
4.04780697823	0.068	-0.14	1.508
4.05036497116	0.068	-0.14	1.508
4.05287194252	0.068	-0.14	1.508
4.05537104607	0.02	-0.344	2.044
4.05786991119	0.02	-0.344	2.044
4.06036901474	-0.12	0.024	-0.9
4.06288003922	-0.12	0.024	-0.9
4.06538391113	-0.004	-0.012	0.128
4.06788492203	-0.004	-0.012	0.128
4.07038497925	0.048	-0.364	2.044
4.07288885117	0.048	-0.364	2.044
4.07538890839	-0.104	-0.1	0.252
4.07788801193	-0.104	-0.1	0.252
4.08038687706	-0.072	0.1	-0.976
4.08289194107	-0.072	0.1	-0.976
4.08539199829	0.072	-0.292	2.044
4.08788990974	0.072	-0.292	2.044
4.09038805962	-0.024	-0.216	1.656
4.09289288521	-0.024	-0.216	1.656
4.09539294243	-0.072	0.148	-1.42
4.09789299965	-0.072	0.148	-1.42
4.10039186478	0.076	-0.152	1.86
4.10289597511	0.076	-0.152	1.86
4.10539889336	0.016	-0.32	2.044
4.1078979969	0.016	-0.32	2.044
4.11039590836	-0.104	0.064	-1.092
4.11290097237	-0.104	0.064	-1.092
4.11540198326	0.02	-0.024	0.46
4.11789989471	0.02	-0.024	0.46
4.12039685249	0.06	-0.372	2.044
4.12290096283	0.06	-0.372	2.044
4.12540006638	-0.096	-0.076	-0.08
4.12789988518	-0.096	-0.076	-0.08
4.1303999424	-0.044	0.064	-0.744
4.13291287422	-0.044	0.064	-0.744
4.13541388512	0.068	-0.316	2.044
4.13791203499	0.068	-0.316	2.044
4.14040994644	-0.028	-0.192	1.304
4.14291501045	-0.028	-0.192	1.304
4.14541888237	-0.06	0.116	-1.388
4.14791893959	-0.06	0.116	-1.388
4.15041899681	0.08	-0.22	2.044
4.15292191505	0.08	-0.22	2.044
4.15542197227	0.008	-0.296	2.044
4.15791988373	0.008	-0.296	2.044
4.1604180336	-0.112	0.08	-1.26
4.16292405128	-0.112	0.08	-1.26
4.16542387009	0.044	-0.076	0.816
4.16792201996	0.044	-0.076	0.816
4.17042088509	0.06	-0.36	2.044
4.17292404175	0.06	-0.36	2.044
4.17542290688	-0.132	-0.032	-0.384
4.1779229641	-0.132	-0.032	-0.384
4.18042302132	-0.04	0.032	-0.488
4.18292999268	-0.04	0.032	-0.488
4.1854300499	0.072	-0.344	2.044
4.18792891502	0.072	-0.344	2.044
4.1904270649	-0.048	-0.168	0.952
4.19293189049	-0.048	-0.168	0.952
4.19543194771	-0.048	-0.168	0.952
4.19793105125	-0.08	0.116	-1.292
4.20043087006	-0.08	0.116	-1.292
4.20294499397	0.076	-0.236	2.044
4.20544505119	0.076	-0.236	2.044
4.20794200897	-0.02	-0.276	2.044
4.21044301987	-0.02	-0.276	2.044
4.21294784546	-0.092	0.108	-1.364
4.21544885635	-0.092	0.108	-1.364
4.2179479599	0.04	-0.096	1.156
4.22044706345	0.04	-0.096	1.156
4.22295284271	0.024	-0.344	2.044
4.22545289993	0.024	-0.344	2.044
4.22795200348	-0.12	0.004	-0.684
4.2304520607	-0.12	0.004	-0.684
4.23295497894	-0.008	0.024	-0.192
4.23545503616	-0.008	0.024	-0.192
4.23795390129	0.08	-0.36	2.044
4.24045300484	0.08	-0.36	2.044
4.24295687675	-0.056	-0.12	0.58
4.24545693398	-0.056	-0.12	0.58
4.24795603752	-0.06	0.112	-1.14
4.25045490265	-0.06	0.112	-1.14
4.25295901299	0.084	-0.268	2.044
4.25545787811	0.084	-0.268	2.044
4.25795602798	-0.008	-0.248	1.98
4.26045799255	-0.008	-0.248	1.98
4.2629609108	-0.1	0.096	-1.412
4.26546406746	-0.1	0.096	-1.412
4.26796388626	0.06	-0.136	1.504
4.27046298981	0.06	-0.136	1.504
4.27298283577	0.028	-0.348	2.044
4.27548289299	0.028	-0.348	2.044
4.27798199654	-0.148	0.04	-0.888
4.28048086166	-0.148	0.04	-0.888
4.28298091888	0.004	-0.012	0.128
4.28547787666	0.004	-0.012	0.128
4.28797483444	0.068	-0.376	2.044
4.29047393799	0.068	-0.376	2.044
4.29297804832	-0.104	-0.1	0.248
4.29547786713	-0.104	-0.1	0.248
4.29797697067	-0.072	0.1	-0.964
4.30047893524	-0.072	0.1	-0.964
4.30298304558	0.064	-0.296	2.044
4.30548191071	0.064	-0.296	2.044
4.30798101425	-0.032	-0.228	1.652
4.31047987938	-0.032	-0.228	1.652
4.31298398972	-0.084	0.128	-1.428
4.31548500061	-0.084	0.128	-1.428
4.31798505783	0.06	-0.16	1.84
4.32048201561	0.06	-0.16	1.84
4.32298493385	0.008	-0.324	2.044
4.3254840374	0.008	-0.324	2.044
4.32798290253	-0.108	0.06	-1.1
4.33048295975	-0.108	0.06	-1.1
4.33298683167	-0.108	0.06	-1.1
4.33548688889	0.044	-0.028	0.456
4.33798789978	0.044	-0.028	0.456
4.34048604965	0.064	-0.368	2.044
4.34299898148	0.064	-0.368	2.044
4.3454978466	-0.092	-0.068	-0.076
4.3479988575	-0.092	-0.068	-0.076
4.35049700737	-0.036	0.08	-0.732
4.35300183296	-0.036	0.08	-0.732
4.35550093651	0.088	-0.32	2.044
4.35799789429	0.088	-0.32	2.044
4.36049604416	-0.036	-0.196	1.296
4.36299991608	-0.036	-0.196	1.296
4.36549901962	-0.056	0.128	-1.372
4.36799788475	-0.056	0.128	-1.372
4.3704969883	0.072	-0.208	2.044
4.37300086021	0.072	-0.208	2.044
4.37549901009	0.012	-0.304	2.044
4.37800192833	0.012	-0.304	2.044
4.38049983978	-0.12	0.084	-1.244
4.38300585747	-0.12	0.084	-1.244
4.38550591469	0.04	-0.088	0.824
4.38800287247	0.04	-0.088	0.824
4.39050102234	0.056	-0.364	2.044
4.39300489426	0.056	-0.364	2.044
4.39550495148	-0.132	-0.032	-0.392
4.3980050087	-0.132	-0.032	-0.392
4.40050387383	-0.024	0.032	-0.476
4.40300893784	-0.024	0.032	-0.476
4.40550899506	0.08	-0.356	2.044
4.40800595284	0.08	-0.356	2.044
4.41050505638	-0.06	-0.164	0.952
4.4130179882	-0.06	-0.164	0.952
4.41552186012	-0.088	0.124	-1.296
4.41802287102	-0.088	0.124	-1.296
4.42052197456	0.06	-0.224	2.044
4.42302584648	0.06	-0.224	2.044
4.42552495003	-0.02	-0.272	2.044
4.42802405357	-0.02	-0.272	2.044
4.4305229187	-0.092	0.12	-1.352
4.43302702904	-0.092	0.12	-1.352
4.43552803993	0.048	-0.096	1.16
4.43802595139	0.048	-0.096	1.16
4.44777297974	-0.12	0.004	-0.664
4.4503569603	-0.008	0.008	-0.196
4.45287489891	-0.008	0.008	-0.196
4.45537590981	0.076	-0.352	2.044
4.4578769207	0.076	-0.352	2.044
4.46037602425	-0.084	-0.12	0.6
4.46288990974	-0.084	-0.12	0.6
4.46539092064	-0.084	-0.12	0.6
4.46789097786	-0.068	0.1	-1.156
4.47039198875	-0.068	0.1	-1.156
4.47289991379	0.076	-0.28	2.044
4.47540283203	0.076	-0.28	2.044
4.4779009819	0.008	-0.252	1.984
4.48039984703	0.008	-0.252	1.984
4.48290395737	-0.08	0.108	-1.416
4.48540496826	-0.08	0.108	-1.416
4.48790502548	0.064	-0.14	1.524
4.49043297768	0.064	-0.14	1.524
4.49293684959	0.052	-0.34	2.044
4.49543595314	0.052	-0.34	2.044
4.49793505669	-0.108	0.032	-0.888
4.5004389286	-0.108	0.032	-0.888
4.50294399261	0.02	-0.008	0.124
4.50544285774	0.02	-0.008	0.124
4.50794100761	0.088	-0.376	2.044
4.51043891907	0.088	-0.376	2.044
4.51294183731	-0.112	-0.084	0.268
4.5154440403	-0.112	-0.084	0.268
4.51794290543	-0.068	0.084	-0.956
4.52044296265	-0.068	0.084	-0.956
4.52294683456	0.068	-0.288	2.044
4.52544593811	0.068	-0.288	2.044
4.52794384956	-0.036	-0.224	1.648
4.53044390678	-0.036	-0.224	1.648
4.53294587135	-0.088	0.14	-1.42
4.5354449749	-0.088	0.14	-1.42
4.53794384003	0.056	-0.164	1.828
4.54044890404	0.056	-0.164	1.828
4.54295396805	0.008	-0.316	2.044
4.5454518795	0.008	-0.316	2.044
4.54795002937	-0.096	0.06	-1.096
4.5504488945	-0.096	0.06	-1.096
4.55295300484	0.028	-0.036	0.464
4.55544996262	0.028	-0.036	0.464
4.55794787407	0.06	-0.368	2.044
4.56045603752	0.06	-0.368	2.044
4.56295990944	-0.096	-0.068	-0.064
4.56546092033	-0.096	-0.068	-0.064
4.56796002388	-0.036	0.06	-0.74
4.57045888901	-0.036	0.06	-0.74
4.57296299934	0.084	-0.324	2.044
4.57546186447	0.084	-0.324	2.044
4.57796502113	-0.04	-0.188	1.304
4.58052301407	-0.04	-0.188	1.304
4.5830309391	-0.056	0.132	-1.388
4.58553290367	-0.056	0.132	-1.388
4.58803391457	0.076	-0.2	2.044
4.59053206444	0.076	-0.2	2.044
4.59303593636	0.016	-0.3	2.044
4.59553384781	0.016	-0.3	2.044
4.59803199768	-0.104	0.076	-1.248
4.60053300858	-0.104	0.076	-1.248
4.60303688049	0.036	-0.064	0.788
4.60553693771	0.036	-0.064	0.788
4.60803484917	0.056	-0.372	2.044
4.61053299904	0.056	-0.372	2.044
4.61303591728	0.056	-0.372	2.044
4.61553502083	-0.132	-0.032	-0.368
4.61804294586	-0.132	-0.032	-0.368
4.62054395676	-0.032	0.036	-0.492
4.62304902077	-0.032	0.036	-0.492
4.62554788589	0.08	-0.352	2.044
4.62804603577	0.08	-0.352	2.044
4.6305539608	-0.068	-0.168	0.976
4.63305783272	-0.068	-0.168	0.976
4.63555884361	-0.092	0.12	-1.288
4.63805794716	-0.092	0.12	-1.288
4.6405570507	0.084	-0.236	2.044
4.64305996895	0.084	-0.236	2.044
4.64556002617	-0.008	-0.268	2.044
4.64805984497	-0.008	-0.268	2.044
4.65055894852	-0.08	0.116	-1.352
4.65306305885	-0.08	0.116	-1.352
4.65556693077	0.068	-0.08	1.136
4.65806603432	0.068	-0.08	1.136
4.66056394577	0.044	-0.36	2.044
4.66306495667	0.044	-0.36	2.044
4.66556692123	-0.096	0.0	-0.624
4.66805887222	-0.096	0.0	-0.624
4.67054986954	-0.012	0.024	-0.196
4.67305588722	-0.012	0.024	-0.196
4.67555594444	0.064	-0.352	2.044
4.67805290222	0.064	-0.352	2.044
4.68055105209	-0.076	-0.124	0.612
4.68305587769	-0.076	-0.124	0.612
4.68555593491	-0.068	0.104	-1.164
4.68805503845	-0.068	0.104	-1.164
4.69055485725	0.068	-0.264	2.044
4.69305801392	0.068	-0.264	2.044
4.69556093216	-0.008	-0.256	2.016
4.69806003571	-0.008	-0.256	2.016
4.70056891441	-0.088	0.108	-1.42
4.70306992531	-0.088	0.108	-1.42
4.70556998253	0.064	-0.136	1.476
4.70806789398	0.064	-0.136	1.476
4.71056485176	0.024	-0.348	2.044
4.71306800842	0.024	-0.348	2.044
4.71556687355	-0.12	0.024	-0.876
4.7180659771	-0.12	0.024	-0.876
4.72056388855	0.0	-0.008	0.1
4.72305893898	0.0	-0.008	0.1
4.72554993629	0.072	-0.38	2.044
4.72804784775	0.072	-0.38	2.044
4.73054599762	-0.104	-0.112	0.284
4.73305392265	-0.104	-0.112	0.284
4.73555493355	-0.068	0.092	-0.992
4.73805403709	-0.068	0.092	-0.992
4.74055290222	0.076	-0.288	2.044
4.74305605888	0.076	-0.288	2.044
4.74555587769	-0.048	-0.212	1.672
4.74805498123	-0.048	-0.212	1.672
4.75055503845	-0.048	-0.212	1.672
4.75306200981	-0.1	0.136	-1.432
4.75556588173	-0.1	0.136	-1.432
4.75806498528	0.068	-0.16	1.82
4.76056289673	0.068	-0.16	1.82
4.76306796074	-0.004	-0.316	2.044
4.76556801796	-0.004	-0.316	2.044
4.76806688309	-0.104	0.06	-1.088
4.77057504654	-0.104	0.06	-1.088
4.77308392525	0.02	-0.028	0.432
4.77558302879	0.02	-0.028	0.432
4.77808094025	0.048	-0.356	2.044
4.7805788517	0.048	-0.356	2.044
4.78307890892	-0.096	-0.08	-0.04
4.78557896614	-0.096	-0.08	-0.04
4.78807783127	-0.036	0.056	-0.764
4.79057693481	-0.036	0.056	-0.764
4.79308104515	0.092	-0.312	2.044
4.79558086395	0.092	-0.312	2.044
4.7980799675	-0.016	-0.192	1.336
4.80058002472	-0.016	-0.192	1.336
4.80308389664	-0.064	0.12	-1.38
4.80558490753	-0.064	0.12	-1.38
4.80808496475	0.08	-0.2	2.044
4.81058597565	0.08	-0.2	2.044
4.81308984756	0.008	-0.304	2.044
4.81558990479	0.008	-0.304	2.044
4.81808805466	-0.104	0.08	-1.24
4.82058787346	-0.104	0.08	-1.24
4.8230919838	0.04	-0.068	0.776
4.82559204102	0.04	-0.068	0.776
4.82808899879	0.036	-0.364	2.044
4.83058595657	0.036	-0.364	2.044
4.83309006691	-0.124	-0.032	-0.348
4.83559083939	-0.124	-0.032	-0.348
4.83809089661	-0.036	0.044	-0.524
4.84059906006	-0.036	0.044	-0.524
4.84310483932	0.072	-0.34	2.044
4.84560394287	0.072	-0.34	2.044
4.84810185432	-0.076	-0.172	0.984
4.85060501099	-0.076	-0.172	0.984
4.8531088829	-0.1	0.12	-1.288
4.85561084747	-0.1	0.12	-1.288
4.85810995102	0.072	-0.236	2.044
4.8606069088	0.072	-0.236	2.044
4.86310791969	-0.012	-0.276	2.044
4.86561083794	-0.012	-0.276	2.044
4.86811184883	-0.084	0.112	-1.348
4.87061190605	-0.084	0.112	-1.348
4.87311697006	0.056	-0.092	1.124
4.87561583519	0.056	-0.092	1.124
4.87811398506	0.036	-0.352	2.044
4.88061189651	0.036	-0.352	2.044
4.88311505318	-0.108	0.0	-0.616
4.88560795784	-0.108	0.0	-0.616
4.8881020546	-0.108	0.0	-0.616
4.8905980587	-0.004	0.016	-0.228
4.89310288429	-0.004	0.016	-0.228
4.89560294151	0.076	-0.344	2.044
4.89810085297	0.076	-0.344	2.044
4.90059995651	-0.064	-0.132	0.64
4.90310406685	-0.064	-0.132	0.64
4.90560388565	-0.064	0.108	-1.164
4.90810394287	-0.064	0.108	-1.164
4.91061306	0.076	-0.268	2.044
4.91311597824	0.076	-0.268	2.044
4.91561484337	-0.008	-0.244	2.04
4.91811299324	-0.008	-0.244	2.04
4.92061185837	-0.1	0.12	-1.404
4.92311787605	-0.1	0.12	-1.404
4.92561793327	0.044	-0.136	1.448
4.92811894417	0.044	-0.136	1.448
4.93061685562	0.016	-0.34	2.044
4.93311691284	0.016	-0.34	2.044
4.93561005592	-0.14	0.02	-0.86
4.93810200691	-0.14	0.02	-0.86
4.94059491158	0.008	-0.016	0.084
4.94309782982	0.008	-0.016	0.084
4.94559693336	0.044	-0.352	2.044
4.94809603691	0.044	-0.352	2.044
4.95059490204	-0.088	-0.1	0.312
4.95309901237	-0.088	-0.1	0.312
4.95560002327	-0.064	0.088	-1.0
4.95809483528	-0.064	0.088	-1.0
4.96059083939	0.076	-0.292	2.044
4.96309494972	0.076	-0.292	2.044
4.96559906006	-0.028	-0.224	1.712
4.96809887886	-0.028	-0.224	1.712
4.97059798241	-0.092	0.136	-1.428
4.97310185432	-0.092	0.136	-1.428
4.97560191154	0.06	-0.16	1.788
4.97810101509	0.06	-0.16	1.788
4.9806189537	0.02	-0.316	2.044
4.98312306404	0.02	-0.316	2.044
4.98562288284	-0.096	0.064	-1.068
4.98812294006	-0.096	0.064	-1.068
4.99062204361	0.028	-0.024	0.42
4.99312496185	0.028	-0.024	0.42
4.9956240654	0.064	-0.364	2.044
4.99812197685	0.064	-0.364	2.044
