Timestamp 	 X-Axis 	 Y-Axis 	 Z-Axis
0.000311136245728	0.104	-0.328	2.044
0.00370812416077	0.104	-0.328	2.044
0.00687313079834	0.0	-0.376	2.044
0.0100250244141	0.0	-0.376	2.044
0.0131781101227	-0.1	-0.056	-0.168
0.0163609981537	-0.096	0.144	-1.1
0.0195190906525	-0.096	0.144	-1.1
0.0226781368256	0.052	-0.02	0.84
0.0258409976959	0.112	-0.316	2.044
0.0290100574493	0.112	-0.316	2.044
0.0321660041809	0.008	-0.348	2.044
0.0353240966797	0.008	-0.348	2.044
0.0384790897369	-0.108	-0.052	-0.204
0.04163813591	-0.112	0.148	-1.096
0.0448160171509	-0.112	0.148	-1.096
0.0479741096497	0.044	-0.032	0.856
0.0511300563812	0.044	-0.032	0.856
0.0542950630188	0.1	-0.324	2.044
0.057450056076	-0.008	-0.356	2.044
0.0606122016907	-0.008	-0.356	2.044
0.0637791156769	-0.136	-0.048	-0.212
0.0669450759888	-0.104	0.148	-1.088
0.0701081752777	-0.104	0.148	-1.088
0.0732810497284	0.052	-0.036	0.892
0.0764501094818	0.052	-0.036	0.892
0.0796120166779	0.108	-0.328	2.044
0.0827920436859	-0.004	-0.348	2.044
0.0859560966492	-0.004	-0.348	2.044
0.0891351699829	-0.112	-0.044	-0.256
0.0923120975494	-0.104	0.152	-1.08
0.0954821109772	-0.104	0.152	-1.08
0.0986471176147	0.056	-0.04	0.912
0.101811170578	0.056	-0.04	0.912
0.104966163635	0.108	-0.324	2.044
0.108121156693	-0.008	-0.336	2.044
0.111283063889	-0.008	-0.336	2.044
0.114458084106	-0.108	-0.044	-0.276
0.117624044418	-0.084	0.128	-1.068
0.12079501152	-0.084	0.128	-1.068
0.123960971832	0.052	-0.036	0.94
0.127125024796	0.052	-0.036	0.94
0.130288124084	0.112	-0.324	2.044
0.133458137512	-0.024	-0.324	2.044
0.13662314415	-0.024	-0.324	2.044
0.139787197113	-0.124	-0.044	-0.3
0.14297413826	-0.124	-0.044	-0.3
0.14614200592	-0.108	0.14	-1.072
0.14932012558	0.048	-0.052	0.972
0.152484178543	0.048	-0.052	0.972
0.155646085739	0.112	-0.336	2.044
0.158809185028	-0.008	-0.344	2.044
0.161979198456	-0.008	-0.344	2.044
0.165143013	-0.108	-0.04	-0.328
0.168308019638	-0.108	-0.04	-0.328
0.171480178833	-0.092	0.132	-1.052
0.174645185471	0.048	-0.044	1.012
0.177818059921	0.048	-0.044	1.012
0.180987119675	0.124	-0.336	2.044
0.184149980545	-0.012	-0.34	2.044
0.187326192856	-0.012	-0.34	2.044
0.190505981445	-0.116	-0.028	-0.332
0.19367313385	-0.116	-0.028	-0.332
0.196838140488	-0.096	0.14	-1.044
0.200003147125	0.04	-0.044	1.032
0.203171014786	0.04	-0.044	1.032
0.206334114075	0.104	-0.332	2.044
0.209498167038	-0.016	-0.336	2.044
0.212666034698	-0.016	-0.336	2.044
0.215831041336	-0.116	-0.028	-0.376
0.218996047974	-0.116	-0.028	-0.376
0.222165107727	-0.096	0.144	-1.036
0.225327968597	0.048	-0.064	1.06
0.228491067886	0.048	-0.064	1.06
0.231667041779	0.116	-0.34	2.044
0.234832048416	0.0	-0.34	2.044
0.237987041473	0.0	-0.34	2.044
0.241152048111	-0.104	-0.032	-0.384
0.244317054749	-0.104	-0.032	-0.384
0.247481107712	-0.088	0.14	-1.02
0.250652074814	0.036	-0.06	1.1
0.253816127777	0.036	-0.06	1.1
0.256978988647	0.112	-0.352	2.044
0.260142087936	-0.008	-0.352	2.044
0.263312101364	-0.008	-0.352	2.044
0.266484975815	-0.112	-0.012	-0.416
0.269651174545	-0.112	-0.012	-0.416
0.27281999588	-0.08	0.14	-1.012
0.275985002518	0.052	-0.072	1.128
0.279147148132	0.052	-0.072	1.128
0.282330989838	0.104	-0.34	2.044
0.285497188568	0.104	-0.34	2.044
0.288669109344	-0.012	-0.336	2.044
0.291834115982	-0.128	-0.024	-0.444
0.295000076294	-0.128	-0.024	-0.444
0.298165082932	-0.096	0.156	-0.988
0.301329135895	0.044	-0.064	1.16
0.304493188858	0.044	-0.064	1.16
0.307656049728	0.104	-0.36	2.044
0.310819149017	0.104	-0.36	2.044
0.313983201981	-0.012	-0.336	2.044
0.317147016525	-0.12	-0.008	-0.476
0.320342063904	-0.12	-0.008	-0.476
0.323510169983	-0.06	0.136	-0.984
0.326673984528	0.056	-0.072	1.188
0.329838037491	0.056	-0.072	1.188
0.333007097244	0.124	-0.356	2.044
0.336170196533	0.124	-0.356	2.044
0.339341163635	-0.012	-0.332	2.044
0.342506170273	-0.124	-0.004	-0.492
0.345673084259	-0.124	-0.004	-0.492
0.348837137222	-0.084	0.152	-0.968
0.35200214386	0.052	-0.072	1.228
0.355175971985	0.052	-0.072	1.228
0.358339071274	0.104	-0.368	2.044
0.361508131027	0.104	-0.368	2.044
0.36467218399	-0.02	-0.332	2.024
0.367835044861	-0.132	-0.004	-0.524
0.371006965637	-0.132	-0.004	-0.524
0.374171972275	-0.072	0.144	-0.964
0.377335071564	0.056	-0.08	1.244
0.380505084991	0.056	-0.08	1.244
0.383669137955	0.104	-0.352	2.044
0.386837005615	0.104	-0.352	2.044
0.390001058578	-0.024	-0.324	2.0
0.39316701889	-0.136	0.0	-0.532
0.396322965622	-0.136	0.0	-0.532
0.399479150772	-0.084	0.14	-0.944
0.402651071548	-0.084	0.14	-0.944
0.405815124512	0.048	-0.092	1.296
0.408977985382	0.1	-0.364	2.044
0.412147045135	0.1	-0.364	2.044
0.415310144424	-0.012	-0.324	1.972
0.418474197388	-0.12	-0.012	-0.548
0.421643972397	-0.12	-0.012	-0.548
0.424808979034	-0.072	0.148	-0.936
0.427973031998	-0.072	0.148	-0.936
0.431142091751	0.064	-0.084	1.308
0.434306144714	0.1	-0.364	2.044
0.437474012375	0.1	-0.364	2.044
0.440644025803	-0.024	-0.308	1.928
0.443818092346	-0.136	0.012	-0.572
0.446982145309	-0.136	0.012	-0.572
0.450146198273	-0.088	0.14	-0.928
0.453315019608	-0.088	0.14	-0.928
0.456478118896	0.048	-0.092	1.34
0.459640979767	0.096	-0.352	2.044
0.46281003952	0.096	-0.352	2.044
0.465974092484	-0.024	-0.324	1.912
0.469138145447	-0.128	-0.004	-0.6
0.472306013107	-0.128	-0.004	-0.6
0.475471019745	-0.084	0.136	-0.896
0.478635072708	-0.084	0.136	-0.896
0.481805086136	0.08	-0.088	1.372
0.484978199005	0.112	-0.372	2.044
0.488142967224	0.112	-0.372	2.044
0.491312026978	-0.024	-0.308	1.892
0.494476079941	-0.14	0.0	-0.604
0.497632026672	-0.14	0.0	-0.604
0.500789165497	-0.084	0.144	-0.888
0.503952980042	-0.084	0.144	-0.888
0.507117033005	0.056	-0.096	1.4
0.510280132294	0.1	-0.368	2.044
0.513449192047	0.1	-0.368	2.044
0.516611099243	-0.028	-0.3	1.86
0.519775152206	-0.028	-0.3	1.86
0.522943973541	-0.124	0.008	-0.632
0.526108980179	-0.08	0.14	-0.876
0.529273033142	-0.08	0.14	-0.876
0.53245306015	0.076	-0.104	1.42
0.535619974136	0.1	-0.372	2.044
0.538783073425	0.1	-0.372	2.044
0.541952133179	-0.028	-0.308	1.828
0.545116186142	-0.028	-0.308	1.828
0.548280000687	-0.128	0.016	-0.652
0.551453113556	-0.076	0.136	-0.864
0.554617166519	-0.076	0.136	-0.864
0.557780981064	0.068	-0.108	1.452
0.560950040817	0.104	-0.376	2.044
0.564114093781	0.104	-0.376	2.044
0.567277193069	-0.012	-0.304	1.812
0.570443153381	-0.012	-0.304	1.812
0.573606967926	-0.112	0.012	-0.672
0.576771020889	-0.068	0.136	-0.848
0.579935073853	-0.068	0.136	-0.848
0.583109140396	0.064	-0.1	1.476
0.586274147034	0.088	-0.356	2.044
0.58943605423	0.088	-0.356	2.044
0.592605113983	-0.036	-0.3	1.772
0.595769166946	-0.036	-0.3	1.772
0.598932981491	-0.128	0.024	-0.692
0.602104187012	-0.068	0.152	-0.836
0.605268001556	-0.068	0.152	-0.836
0.60843205452	0.056	-0.104	1.52
0.611602067947	0.096	-0.376	2.044
0.614763975143	0.096	-0.376	2.044
0.617928028107	-0.032	-0.284	1.74
0.621108055115	-0.032	-0.284	1.74
0.624272108078	-0.108	0.032	-0.716
0.627436161041	-0.06	0.132	-0.812
0.630606174469	-0.06	0.132	-0.812
0.633774995804	0.076	-0.112	1.552
0.636938095093	0.076	-0.112	1.552
0.640108108521	0.084	-0.368	2.044
0.643277168274	-0.032	-0.292	1.712
0.646442174911	-0.032	-0.292	1.712
0.649605989456	-0.136	0.024	-0.728
0.652774095535	-0.064	0.144	-0.796
0.655939102173	-0.064	0.144	-0.796
0.659103155136	0.06	-0.112	1.58
0.662271976471	0.06	-0.112	1.58
0.66543507576	0.1	-0.38	2.044
0.668599128723	-0.036	-0.284	1.68
0.671764135361	-0.036	-0.284	1.68
0.674928188324	-0.132	0.064	-0.756
0.678092002869	-0.052	0.136	-0.772
0.681272983551	-0.052	0.136	-0.772
0.684437990189	0.064	-0.124	1.616
0.687601089478	0.064	-0.124	1.616
0.690770149231	0.088	-0.376	2.044
0.693933010101	-0.036	-0.288	1.636
0.697097063065	-0.036	-0.288	1.636
0.700261116028	-0.128	0.036	-0.78
0.70342707634	-0.072	0.136	-0.76
0.706591129303	-0.072	0.136	-0.76
0.709763050079	0.052	-0.116	1.652
0.712932109833	0.052	-0.116	1.652
0.716094970703	0.104	-0.372	2.044
0.719258069992	-0.024	-0.28	1.62
0.722429037094	-0.024	-0.28	1.62
0.725593090057	-0.116	0.04	-0.776
0.728756189346	-0.06	0.14	-0.728
0.731930017471	-0.06	0.14	-0.728
0.735095024109	0.068	-0.136	1.676
0.738259077072	0.068	-0.136	1.676
0.741425037384	0.1	-0.368	2.044
0.744588136673	-0.044	-0.284	1.58
0.747753143311	-0.044	-0.284	1.58
0.750924110413	-0.14	0.036	-0.804
0.754086971283	-0.14	0.036	-0.804
0.757250070572	-0.056	0.12	-0.72
0.760420084	0.072	-0.132	1.692
0.763583183289	0.072	-0.132	1.692
0.766745090485	0.108	-0.38	2.044
0.769906997681	-0.036	-0.284	1.56
0.77307510376	-0.036	-0.284	1.56
0.77623796463	-0.124	0.044	-0.82
0.779412031174	-0.124	0.044	-0.82
0.782655000687	-0.044	0.14	-0.7
0.785821199417	0.076	-0.148	1.736
0.788985013962	0.076	-0.148	1.736
0.792150020599	0.1	-0.388	2.044
0.795313119888	-0.044	-0.268	1.532
0.798488140106	-0.044	-0.268	1.532
0.801659107208	-0.14	0.048	-0.832
0.804824113846	-0.14	0.048	-0.832
0.807989120483	-0.056	0.128	-0.688
0.811159133911	0.068	-0.144	1.756
0.814321994781	0.068	-0.144	1.756
0.81748509407	0.092	-0.364	2.044
0.820650100708	-0.044	-0.276	1.5
0.823810100555	-0.044	-0.276	1.5
0.826972007751	-0.132	0.048	-0.856
0.830139160156	-0.132	0.048	-0.856
0.833310127258	-0.048	0.128	-0.66
0.836474180222	0.084	-0.136	1.756
0.839636087418	0.084	-0.136	1.756
0.842804193497	0.084	-0.38	2.044
0.845968008041	-0.06	-0.264	1.476
0.849133014679	-0.06	-0.264	1.476
0.852303028107	-0.14	0.048	-0.868
0.855484008789	-0.14	0.048	-0.868
0.858649015427	-0.056	0.124	-0.644
0.861819028854	0.084	-0.16	1.804
0.864981174469	0.084	-0.16	1.804
0.868144035339	0.092	-0.38	2.044
0.871313095093	-0.048	-0.264	1.46
0.87447810173	-0.048	-0.264	1.46
0.877644062042	-0.124	0.044	-0.876
0.880815029144	-0.124	0.044	-0.876
0.883979082108	-0.04	0.124	-0.632
0.887152194977	0.084	-0.152	1.828
0.890382051468	0.084	-0.152	1.828
0.893551111221	0.088	-0.372	2.044
0.896715164185	-0.048	-0.268	1.42
0.899880170822	-0.048	-0.268	1.42
0.903046131134	-0.14	0.056	-0.892
0.906215190887	-0.14	0.056	-0.892
0.909379005432	-0.048	0.104	-0.616
0.912577152252	0.076	-0.16	1.86
0.91574215889	0.076	-0.16	1.86
0.91890501976	0.08	-0.388	2.044
0.922075033188	0.08	-0.388	2.044
0.925238132477	-0.056	-0.256	1.392
0.928405046463	-0.136	0.056	-0.908
0.931576013565	-0.136	0.056	-0.908
0.934740066528	-0.048	0.132	-0.588
0.937905073166	0.076	-0.16	1.88
0.941074132919	0.076	-0.16	1.88
0.944236040115	0.076	-0.36	2.044
0.94739818573	0.076	-0.36	2.044
0.950566053391	-0.056	-0.26	1.352
0.953730106354	-0.136	0.064	-0.928
0.956895112991	-0.136	0.064	-0.928
0.960057973862	-0.048	0.128	-0.576
0.963227033615	0.068	-0.156	1.9
0.966390132904	0.068	-0.156	1.9
0.969552993774	0.088	-0.384	2.044
0.972720146179	0.088	-0.384	2.044
0.975902080536	-0.044	-0.248	1.34
0.979068040848	-0.124	0.052	-0.924
0.98224401474	-0.124	0.052	-0.924
0.985408067703	-0.052	0.128	-0.548
0.988572120667	0.08	-0.164	1.94
0.99173617363	0.08	-0.164	1.94
0.994898080826	0.084	-0.388	2.044
0.998062133789	0.084	-0.388	2.044
1.00123000145	-0.044	-0.26	1.312
1.00438714027	-0.14	0.064	-0.944
1.00754308701	-0.14	0.064	-0.944
1.01070308685	-0.048	0.124	-0.536
1.01386904716	0.084	-0.152	1.948
1.01703310013	0.084	-0.152	1.948
1.02019715309	0.088	-0.392	2.044
1.02336502075	0.088	-0.392	2.044
1.02653098106	-0.048	-0.256	1.284
1.02969503403	-0.12	0.056	-0.96
1.03286409378	-0.12	0.056	-0.96
1.03602814674	-0.04	0.124	-0.532
1.03919100761	-0.04	0.124	-0.532
1.04235506058	0.084	-0.184	1.992
1.0455160141	0.072	-0.388	2.044
1.04867911339	0.072	-0.388	2.044
1.05184817314	-0.06	-0.236	1.252
1.05501198769	-0.14	0.064	-0.984
1.05817604065	-0.14	0.064	-0.984
1.0613451004	-0.056	0.12	-0.496
1.06451916695	-0.056	0.12	-0.496
1.06768202782	0.08	-0.168	2.012
1.07084512711	0.08	-0.408	2.044
1.07401204109	0.08	-0.408	2.044
1.07717609406	-0.056	-0.24	1.22
1.08034515381	-0.132	0.08	-0.992
1.08350896835	-0.132	0.08	-0.992
1.08667111397	-0.032	0.108	-0.464
1.08983397484	-0.032	0.108	-0.464
1.09300208092	0.088	-0.176	2.044
1.09616518021	0.08	-0.388	2.044
1.0993270874	0.08	-0.388	2.044
1.10249018669	-0.064	-0.228	1.196
1.10565519333	-0.144	0.084	-1.008
1.1088180542	-0.144	0.084	-1.008
1.11198210716	-0.04	0.108	-0.452
1.11514616013	-0.04	0.108	-0.452
1.118309021	0.092	-0.18	2.044
1.12147808075	0.08	-0.392	2.044
1.12466812134	0.08	-0.392	2.044
1.1278321743	-0.052	-0.228	1.164
1.13100218773	-0.128	0.08	-1.012
1.13416600227	-0.128	0.08	-1.012
1.13733005524	-0.028	0.112	-0.432
1.14050006866	-0.028	0.112	-0.432
1.14366316795	0.084	-0.208	2.044
1.14682602882	0.064	-0.396	2.044
1.14998817444	0.064	-0.396	2.044
1.15316414833	-0.064	-0.216	1.124
1.15633010864	-0.064	-0.216	1.124
1.15949416161	-0.148	0.084	-1.02
1.16266298294	-0.032	0.092	-0.396
1.1658270359	-0.032	0.092	-0.396
1.16899013519	0.084	-0.18	2.044
1.17216205597	0.076	-0.392	2.044
1.17532610893	0.076	-0.392	2.044
1.1784901619	-0.048	-0.22	1.068
1.18216109276	-0.136	0.08	-1.032
1.18533396721	-0.136	0.08	-1.032
1.18850016594	-0.024	0.104	-0.376
1.19166398048	-0.024	0.104	-0.376
1.19482707977	0.084	-0.192	2.044
1.19799017906	0.08	-0.388	2.044
1.20115804672	0.08	-0.388	2.044
1.20432209969	-0.06	-0.212	1.072
1.20748519897	-0.144	0.088	-1.048
1.21065497398	-0.144	0.088	-1.048
1.21381902695	-0.04	0.112	-0.336
1.21698212624	-0.04	0.112	-0.336
1.22014498711	0.088	-0.184	2.044
1.22331619263	0.068	-0.392	2.044
1.2264790535	0.068	-0.392	2.044
1.22964215279	-0.064	-0.216	1.032
1.23281002045	-0.064	-0.216	1.032
1.23597502708	-0.14	0.08	-1.06
1.23913812637	-0.024	0.1	-0.336
1.24231815338	-0.024	0.1	-0.336
1.24548196793	0.08	-0.192	2.044
1.24864506721	0.072	-0.392	2.044
1.25181508064	0.072	-0.392	2.044
1.25497698784	-0.072	-0.204	1.0
1.25813817978	-0.072	-0.204	1.0
1.26130414009	-0.124	0.088	-1.056
1.26446819305	-0.02	0.096	-0.308
1.2676320076	-0.02	0.096	-0.308
1.27080702782	0.096	-0.2	2.044
1.27397012711	0.072	-0.384	2.044
1.27713298798	0.072	-0.384	2.044
1.28029513359	-0.06	-0.2	0.972
1.28346204758	-0.06	-0.2	0.972
1.28664803505	-0.14	0.092	-1.076
1.28981399536	-0.02	0.096	-0.288
1.29298305511	-0.02	0.096	-0.288
1.29614710808	0.092	-0.204	2.044
1.29931116104	0.056	-0.396	2.044
1.30247402191	0.056	-0.396	2.044
1.3056371212	-0.092	-0.188	0.96
1.30880117416	-0.092	-0.188	0.96
1.31196403503	-0.14	0.096	-1.08
1.31512713432	-0.024	0.092	-0.26
1.31829118729	-0.024	0.092	-0.26
1.32145810127	0.092	-0.212	2.044
1.32462120056	0.064	-0.4	2.044
1.32778310776	0.064	-0.4	2.044
1.33097314835	-0.056	-0.208	0.912
1.33413815498	-0.056	-0.208	0.912
1.33730196953	-0.14	0.1	-1.092
1.34047198296	0.0	0.092	-0.244
1.34362697601	0.0	0.092	-0.244
1.3467810154	0.092	-0.216	2.044
1.34994316101	0.092	-0.216	2.044
1.35311198235	0.06	-0.392	2.044
1.35627412796	-0.076	-0.2	0.884
1.35943698883	-0.076	-0.2	0.884
1.36260604858	-0.132	0.1	-1.088
1.36577010155	-0.024	0.096	-0.208
1.36893606186	-0.024	0.096	-0.208
1.37210607529	0.092	-0.236	2.044
1.37526917458	0.092	-0.236	2.044
1.37843108177	0.044	-0.388	2.044
1.38160014153	-0.076	-0.188	0.852
1.3847630024	-0.076	-0.188	0.852
1.38792610168	-0.132	0.112	-1.104
1.39109611511	-0.024	0.08	-0.18
1.39426016808	-0.024	0.08	-0.18
1.39742207527	0.088	-0.212	2.044
1.40059018135	0.088	-0.212	2.044
1.40375304222	0.056	-0.388	2.044
1.40691614151	-0.076	-0.192	0.824
1.41007900238	-0.076	-0.192	0.824
1.41324710846	-0.136	0.104	-1.108
1.41641116142	-0.016	0.088	-0.172
1.41958808899	-0.016	0.088	-0.172
1.42275714874	0.104	-0.224	2.044
1.42592120171	0.104	-0.224	2.044
1.4290831089	0.06	-0.376	2.044
1.43224596977	-0.06	-0.18	0.796
1.43540906906	-0.06	-0.18	0.796
1.43857097626	-0.132	0.096	-1.116
1.44174003601	-0.02	0.084	-0.136
1.44490218163	-0.02	0.084	-0.136
1.4480650425	0.088	-0.22	2.044
1.45123410225	0.088	-0.22	2.044
1.45439600945	0.044	-0.384	2.044
1.45755910873	-0.096	-0.188	0.76
1.46072912216	-0.096	-0.188	0.76
1.46389102936	-0.14	0.104	-1.116
1.46706914902	-0.14	0.104	-1.116
1.47023320198	-0.02	0.084	-0.108
1.47340202332	0.1	-0.236	2.044
1.4765651226	0.1	-0.236	2.044
1.4797270298	0.064	-0.4	2.044
1.48289418221	-0.072	-0.192	0.748
1.48605799675	-0.072	-0.192	0.748
1.48922014236	-0.132	0.124	-1.128
1.49238920212	-0.132	0.124	-1.128
1.49555301666	-0.012	0.076	-0.088
1.49871611595	0.096	-0.244	2.044
1.50187897682	0.096	-0.244	2.044
1.50504207611	0.052	-0.396	2.044
1.50821399689	-0.092	-0.18	0.7
1.51138401031	-0.092	-0.18	0.7
1.51454901695	-0.14	0.112	-1.136
1.51771497726	-0.14	0.112	-1.136
1.52088403702	-0.008	0.076	-0.072
1.52404808998	0.108	-0.228	2.044
1.52721118927	0.108	-0.228	2.044
1.5303800106	0.056	-0.392	2.044
1.53354310989	-0.084	-0.168	0.68
1.53670716286	-0.084	-0.168	0.68
1.53987002373	-0.132	0.124	-1.148
1.54303908348	-0.132	0.124	-1.148
1.54620218277	-0.012	0.076	-0.036
1.54936504364	0.092	-0.24	2.044
1.55257415771	0.092	-0.24	2.044
1.55573701859	0.056	-0.4	2.044
1.55890011787	-0.08	-0.172	0.644
1.5620701313	-0.08	-0.172	0.644
1.56523704529	-0.132	0.108	-1.144
1.56840014458	-0.132	0.108	-1.144
1.57156515121	0.008	0.06	-0.02
1.57472610474	0.108	-0.256	2.044
1.57788896561	0.108	-0.256	2.044
1.58105707169	0.06	-0.4	2.044
1.58421897888	-0.08	-0.164	0.62
1.58738207817	-0.08	-0.164	0.62
1.5905520916	-0.132	0.112	-1.152
1.59371519089	-0.132	0.112	-1.152
1.59688901901	-0.012	0.068	0.008
1.60004997253	0.1	-0.248	2.044
1.60321807861	0.1	-0.248	2.044
1.60638213158	0.048	-0.388	2.044
1.60954403877	0.048	-0.388	2.044
1.61271119118	-0.096	-0.148	0.596
1.61588716507	-0.14	0.108	-1.152
1.61905097961	-0.14	0.108	-1.152
1.62222003937	-0.004	0.056	0.048
1.62538218498	0.104	-0.252	2.044
1.62854409218	0.104	-0.252	2.044
1.63170719147	0.064	-0.4	2.044
1.63486909866	0.064	-0.4	2.044
1.63803100586	-0.072	-0.156	0.572
1.64120006561	-0.124	0.112	-1.152
1.64436411858	-0.124	0.112	-1.152
1.64752697945	0.008	0.052	0.068
1.65069317818	0.096	-0.26	2.044
1.65385508537	0.096	-0.26	2.044
1.65701603889	0.048	-0.4	2.044
1.66017818451	0.048	-0.4	2.044
1.66335105896	-0.076	-0.156	0.536
1.66651511192	-0.132	0.124	-1.164
1.66969013214	-0.132	0.124	-1.164
1.67285919189	0.0	0.056	0.108
1.67601513863	0.108	-0.26	2.044
1.67917704582	0.108	-0.26	2.044
1.6823451519	0.052	-0.384	2.044
1.68551802635	0.052	-0.384	2.044
1.68868112564	-0.076	-0.144	0.492
1.69185113907	-0.132	0.128	-1.16
1.69501519203	-0.132	0.128	-1.16
1.69817900658	0.0	0.056	0.124
1.70133304596	0.0	0.056	0.124
1.70448517799	0.1	-0.252	2.044
1.70764899254	0.028	-0.388	2.044
1.71081709862	0.028	-0.388	2.044
1.71398305893	-0.084	-0.148	0.468
1.71714615822	-0.128	0.112	-1.16
1.72030901909	-0.128	0.112	-1.16
1.72350811958	0.008	0.048	0.144
1.72666811943	0.008	0.048	0.144
1.72982811928	0.112	-0.272	2.044
1.73299598694	0.044	-0.392	2.044
1.73615908623	0.044	-0.392	2.044
1.73932099342	-0.08	-0.136	0.448
1.74248504639	-0.128	0.128	-1.168
1.74564814568	-0.128	0.128	-1.168
1.74881219864	0.008	0.048	0.184
1.75197410583	0.008	0.048	0.184
1.75513410568	0.108	-0.248	2.044
1.75829696655	0.028	-0.38	2.044
1.76147007942	0.028	-0.38	2.044
1.76463317871	-0.096	-0.136	0.404
1.76779603958	-0.128	0.124	-1.164
1.77096605301	-0.128	0.124	-1.164
1.77413916588	0.016	0.052	0.208
1.7773001194	0.016	0.052	0.208
1.78046607971	0.104	-0.268	2.044
1.783629179	0.04	-0.388	2.044
1.78679203987	0.04	-0.388	2.044
1.78995418549	-0.1	-0.136	0.376
1.79312610626	-0.124	0.124	-1.176
1.79629302025	-0.124	0.124	-1.176
1.79945611954	0.004	0.036	0.236
1.80262112617	0.004	0.036	0.236
1.80578112602	0.104	-0.268	2.044
1.80894207954	0.032	-0.388	2.044
1.81212306023	0.032	-0.388	2.044
1.81528615952	-0.092	-0.128	0.344
1.81844997406	-0.092	-0.128	0.344
1.82161402702	-0.124	0.128	-1.176
1.82477617264	0.024	0.048	0.272
1.82793712616	0.024	0.048	0.272
1.83110308647	0.104	-0.268	2.044
1.83426499367	0.028	-0.384	2.044
1.83742809296	0.028	-0.384	2.044
1.84059619904	-0.084	-0.124	0.308
1.84375905991	-0.084	-0.124	0.308
1.84692215919	-0.12	0.148	-1.176
1.85008502007	0.0	0.04	0.296
1.85324311256	0.0	0.04	0.296
1.85639619827	0.104	-0.276	2.044
1.85956215858	0.024	-0.376	2.044
1.86273908615	0.024	-0.376	2.044
1.86591315269	-0.1	-0.12	0.296
1.86907911301	-0.1	-0.12	0.296
1.87224316597	-0.124	0.124	-1.18
1.87540698051	0.02	0.032	0.332
1.87856698036	0.02	0.032	0.332
1.88173317909	0.116	-0.308	2.044
1.88489603996	0.032	-0.384	2.044
1.88805913925	0.032	-0.384	2.044
1.89122819901	-0.088	-0.108	0.256
1.89439201355	-0.088	-0.108	0.256
1.89757609367	-0.112	0.148	-1.168
1.90074205399	0.008	0.028	0.36
1.90390300751	0.008	0.028	0.36
1.90706300735	0.108	-0.288	2.044
1.91022801399	0.024	-0.38	2.044
1.91339612007	0.024	-0.38	2.044
1.91655898094	-0.092	-0.096	0.196
1.91972303391	-0.092	-0.096	0.196
1.92289113998	-0.12	0.132	-1.18
1.92605614662	0.012	0.02	0.388
1.92921519279	0.012	0.02	0.388
1.93238115311	0.104	-0.288	2.044
1.9355430603	0.104	-0.288	2.044
1.9387049675	0.036	-0.384	2.044
1.94187402725	-0.1	-0.108	0.204
1.94503712654	-0.1	-0.108	0.204
1.94819998741	-0.116	0.136	-1.168
1.95137906075	0.012	0.024	0.44
1.95454001427	0.012	0.024	0.44
1.95770311356	0.112	-0.288	2.044
1.96087098122	0.112	-0.288	2.044
1.96403408051	0.028	-0.384	2.044
1.9671959877	-0.1	-0.1	0.176
1.97036600113	-0.1	-0.1	0.176
1.97352814674	-0.116	0.132	-1.164
1.97669219971	0.028	0.016	0.452
1.97985219955	0.028	0.016	0.452
1.9830160141	0.12	-0.292	2.044
1.98618006706	0.12	-0.292	2.044
1.98934197426	0.04	-0.364	2.044
1.99250411987	-0.092	-0.104	0.148
1.99566698074	-0.092	-0.104	0.148
1.99883008003	-0.112	0.132	-1.156
2.00200009346	0.02	0.024	0.484
2.00515198708	0.02	0.024	0.484
2.00830817223	0.112	-0.292	2.044
2.01146912575	0.112	-0.292	2.044
2.01463603973	0.02	-0.384	2.044
2.01779913902	-0.104	-0.092	0.112
2.02097010612	-0.104	-0.092	0.112
2.024132967	-0.144	0.14	-1.16
2.02729701996	0.032	-0.004	0.52
2.03046512604	0.032	-0.004	0.52
2.03362607956	0.116	-0.3	2.044
2.03678917885	0.116	-0.3	2.044
2.03998804092	0.032	-0.38	2.044
2.04315304756	-0.1	-0.1	0.084
2.04631710052	-0.1	-0.1	0.084
2.04948019981	-0.108	0.128	-1.16
2.0526471138	-0.108	0.128	-1.16
2.05581498146	0.036	0.012	0.54
2.05897712708	0.108	-0.316	2.044
2.0621471405	0.108	-0.316	2.044
2.06531000137	0.02	-0.384	2.044
2.06847405434	-0.112	-0.084	0.052
2.07163906097	-0.112	-0.084	0.052
2.07480311394	-0.108	0.144	-1.16
2.07796597481	-0.108	0.144	-1.16
2.08113718033	0.032	0.008	0.556
2.08429718018	0.112	-0.308	2.044
2.08745908737	0.112	-0.308	2.044
2.09062814713	0.02	-0.376	2.044
2.09379005432	-0.112	-0.084	0.028
2.09695315361	-0.112	-0.084	0.028
2.10011601448	-0.116	0.136	-1.148
2.10328698158	-0.116	0.136	-1.148
2.1064581871	0.028	-0.008	0.6
2.1096200943	0.1	-0.3	2.044
2.11278820038	0.1	-0.3	2.044
2.11595106125	0.008	-0.388	2.044
2.11911296844	-0.092	-0.088	0.004
2.1222820282	-0.092	-0.088	0.004
2.12544512749	-0.112	0.14	-1.136
2.12862110138	-0.112	0.14	-1.136
2.13179111481	0.044	-0.008	0.64
2.13495397568	0.112	-0.316	2.044
2.13811707497	0.112	-0.316	2.044
2.14128518105	0.016	-0.376	2.044
2.14444804192	-0.096	-0.088	-0.032
2.14761304855	-0.096	-0.088	-0.032
2.15078306198	-0.108	0.144	-1.152
2.15400314331	-0.108	0.144	-1.152
2.1571700573	0.02	-0.008	0.656
2.16033911705	0.108	-0.316	2.044
2.16350412369	0.108	-0.316	2.044
2.16666698456	0.004	-0.372	2.044
2.1698281765	0.004	-0.372	2.044
2.17299604416	-0.108	-0.088	-0.056
2.1761610508	-0.112	0.144	-1.14
2.17932510376	-0.112	0.144	-1.14
2.18249416351	0.032	0.0	0.676
2.1856470108	0.112	-0.32	2.044
2.18880915642	0.112	-0.32	2.044
2.19197201729	0.02	-0.368	2.044
2.1951341629	0.02	-0.368	2.044
2.19829511642	-0.104	-0.072	-0.084
2.20146512985	-0.116	0.144	-1.128
2.20463299751	-0.116	0.144	-1.128
2.2077960968	0.032	-0.008	0.728
2.21096396446	0.116	-0.32	2.044
2.2141251564	0.116	-0.32	2.044
2.21730804443	0.008	-0.352	2.044
2.22047710419	0.008	-0.352	2.044
2.22364115715	-0.096	-0.072	-0.128
2.22680401802	-0.116	0.148	-1.12
2.22996711731	-0.116	0.148	-1.12
2.23313617706	0.04	-0.016	0.756
2.23630309105	0.112	-0.328	2.044
2.23946905136	0.112	-0.328	2.044
2.24263596535	0.008	-0.356	2.044
2.24580097198	0.008	-0.356	2.044
2.2489631176	-0.112	-0.068	-0.136
2.25213217735	-0.112	0.144	-1.112
2.2552959919	-0.112	0.144	-1.112
2.25846004486	0.024	-0.016	0.796
2.26162219048	0.104	-0.328	2.044
2.264783144	0.104	-0.328	2.044
2.26794505119	0.0	-0.352	2.044
2.27110600471	0.0	-0.352	2.044
2.27426099777	-0.104	-0.072	-0.168
2.27742409706	-0.1	0.14	-1.1
2.28059315681	-0.1	0.14	-1.1
2.28375601768	0.04	-0.024	0.816
2.2869181633	0.04	-0.024	0.816
2.29008197784	0.12	-0.324	2.044
2.29325199127	0.016	-0.368	2.044
2.29641509056	0.016	-0.368	2.044
2.29957818985	-0.108	-0.052	-0.196
2.30274796486	-0.112	0.152	-1.1
2.30592608452	-0.112	0.152	-1.1
2.30909109116	0.02	-0.028	0.852
2.31225514412	0.02	-0.028	0.852
2.31541705132	0.1	-0.348	2.044
2.3185801506	-0.004	-0.348	2.044
2.32174396515	-0.004	-0.348	2.044
2.32490801811	-0.108	-0.028	-0.216
2.32807207108	-0.092	0.136	-1.096
2.3312420845	-0.092	0.136	-1.096
2.33440613747	0.036	-0.04	0.876
2.33756804466	0.036	-0.04	0.876
2.34073710442	0.112	-0.328	2.044
2.34389996529	0.0	-0.352	2.044
2.34705519676	0.0	-0.352	2.044
2.35021400452	-0.128	-0.036	-0.224
2.35338497162	-0.092	0.144	-1.084
2.35654902458	-0.092	0.144	-1.084
2.35971212387	0.036	-0.028	0.9
2.36288404465	0.036	-0.028	0.9
2.36604619026	0.108	-0.34	2.044
2.36920809746	0.0	-0.344	2.044
2.37236809731	0.0	-0.344	2.044
2.37552404404	-0.108	-0.04	-0.264
2.378688097	-0.1	0.136	-1.076
2.38185596466	-0.1	0.136	-1.076
2.38501906395	0.044	-0.04	0.92
2.38818097115	0.044	-0.04	0.92
2.39134907722	0.116	-0.324	2.044
2.39452219009	0.0	-0.344	2.044
2.39767718315	0.0	-0.344	2.044
2.40084218979	-0.12	-0.036	-0.292
2.40400600433	-0.12	-0.036	-0.292
2.4071700573	-0.108	0.14	-1.072
2.41033911705	0.04	-0.04	0.964
2.41350102425	0.04	-0.04	0.964
2.41666197777	0.112	-0.344	2.044
2.41982316971	-0.008	-0.34	2.044
2.42299103737	-0.008	-0.34	2.044
2.42615604401	-0.112	-0.044	-0.316
2.42932009697	-0.112	-0.044	-0.316
2.43248510361	-0.084	0.14	-1.052
2.43564915657	0.044	-0.052	1.008
2.43880915642	0.044	-0.052	1.008
2.44198513031	0.116	-0.336	2.044
2.44518113136	0.0	-0.34	2.044
2.44834017754	0.0	-0.34	2.044
2.45150208473	-0.108	-0.028	-0.34
2.4546661377	-0.108	-0.028	-0.34
2.45783019066	-0.08	0.132	-1.044
2.46099996567	0.044	-0.048	1.032
2.46416211128	0.044	-0.048	1.032
2.46732401848	0.1	-0.34	2.044
2.47049212456	-0.012	-0.344	2.044
2.47365498543	-0.012	-0.344	2.044
2.47681903839	-0.12	-0.028	-0.372
2.47998309135	-0.12	-0.028	-0.372
2.4831609726	-0.076	0.14	-1.036
2.48632597923	0.048	-0.06	1.064
2.48948812485	0.048	-0.06	1.064
2.49265599251	0.092	-0.328	2.044
2.4958190918	-0.008	-0.344	2.044
2.49898505211	-0.008	-0.344	2.044
2.50215005875	-0.116	-0.024	-0.392
2.50531601906	-0.116	-0.024	-0.392
2.5084810257	-0.088	0.144	-1.02
2.51165008545	0.044	-0.056	1.092
2.51481413841	0.044	-0.056	1.092
2.51797604561	0.1	-0.336	2.044
2.52114415169	0.1	-0.336	2.044
2.52430605888	-0.012	-0.336	2.044
2.52746915817	-0.096	-0.04	-0.42
2.5306391716	-0.096	-0.04	-0.42
2.53380203247	-0.08	0.156	-1.012
2.53696513176	0.052	-0.064	1.128
2.54012608528	0.052	-0.064	1.128
2.54329419136	0.104	-0.344	2.044
2.54646015167	0.104	-0.344	2.044
2.54962205887	-0.02	-0.348	2.044
2.55279016495	-0.132	-0.016	-0.436
2.55595612526	-0.132	-0.016	-0.436
2.55912017822	-0.1	0.144	-0.996
2.56228899956	0.04	-0.072	1.148
2.56545114517	0.04	-0.072	1.148
2.56861400604	0.1	-0.344	2.044
2.57178616524	0.1	-0.344	2.044
2.57494902611	-0.02	-0.336	2.044
2.57811117172	-0.12	-0.016	-0.472
2.5812830925	-0.12	-0.016	-0.472
2.58444714546	-0.096	0.156	-0.98
2.58761000633	0.06	-0.072	1.188
2.59077811241	0.06	-0.072	1.188
2.59394097328	0.112	-0.352	2.044
2.59710597992	0.112	-0.352	2.044
2.60026812553	-0.02	-0.324	2.044
2.60343718529	-0.124	-0.012	-0.484
2.60660099983	-0.124	-0.012	-0.484
2.6097650528	-0.088	0.148	-0.976
2.61293315887	0.048	-0.076	1.22
2.61609697342	0.048	-0.076	1.22
2.61925911903	0.116	-0.356	2.044
2.62242698669	0.116	-0.356	2.044
2.62559008598	-0.012	-0.324	2.024
2.62875413895	-0.12	-0.016	-0.504
2.63191914558	-0.12	-0.016	-0.504
2.63508200645	-0.088	0.136	-0.96
2.63824510574	-0.088	0.136	-0.96
2.6414141655	0.056	-0.08	1.248
2.64458107948	0.108	-0.36	2.044
2.64774417877	0.108	-0.36	2.044
2.65091300011	-0.02	-0.328	2.004
2.6540760994	-0.132	-0.004	-0.528
2.65724015236	-0.132	-0.004	-0.528
2.66041898727	-0.084	0.14	-0.964
2.66358208656	-0.084	0.14	-0.964
2.66674518585	0.056	-0.08	1.26
2.66990709305	0.104	-0.368	2.044
2.67307519913	0.104	-0.368	2.044
2.67623710632	-0.016	-0.328	1.976
2.67939996719	-0.12	-0.008	-0.556
2.68265509605	-0.12	-0.008	-0.556
2.68582201004	-0.084	0.144	-0.94
2.688986063	-0.084	0.144	-0.94
2.69215607643	0.068	-0.104	1.3
2.69532108307	0.1	-0.364	2.044
2.69848513603	0.1	-0.364	2.044
2.7016479969	-0.032	-0.32	1.956
2.70481204987	-0.132	-0.004	-0.568
2.7079770565	-0.132	-0.004	-0.568
2.71114611626	-0.092	0.148	-0.928
2.71431016922	-0.092	0.148	-0.928
2.71747398376	0.048	-0.076	1.324
2.72064304352	0.1	-0.364	2.044
2.72380709648	0.1	-0.364	2.044
2.72697019577	-0.016	-0.312	1.92
2.73013615608	-0.12	0.004	-0.588
2.73330712318	-0.12	0.004	-0.588
2.73646998405	-0.068	0.14	-0.908
2.73963403702	-0.068	0.14	-0.908
2.74280118942	0.068	-0.092	1.356
2.74596500397	0.116	-0.356	2.044
2.74913716316	0.116	-0.356	2.044
2.75230097771	-0.024	-0.316	1.888
2.75546503067	-0.024	-0.316	1.888
2.75862908363	-0.128	0.0	-0.608
2.76179003716	-0.072	0.128	-0.872
2.76495313644	-0.072	0.128	-0.872
2.76811718941	0.056	-0.116	1.396
2.77131819725	0.096	-0.372	2.044
2.7744820118	0.096	-0.372	2.044
2.77764296532	-0.028	-0.316	1.868
2.78081297874	-0.028	-0.316	1.868
2.78397703171	-0.132	0.012	-0.64
2.787140131	-0.072	0.14	-0.876
2.79030299187	-0.072	0.14	-0.876
2.79354119301	0.056	-0.096	1.416
2.79670500755	0.104	-0.352	2.044
2.79986810684	0.104	-0.352	2.044
2.8030371666	-0.032	-0.296	1.828
2.80620098114	-0.032	-0.296	1.828
2.8093650341	-0.128	0.02	-0.648
2.81256103516	-0.076	0.136	-0.872
2.81572604179	-0.076	0.136	-0.872
2.81888914108	0.064	-0.088	1.428
2.82205319405	0.1	-0.364	2.044
2.82521605492	0.1	-0.364	2.044
2.82837820053	-0.024	-0.312	1.8
2.83154702187	-0.024	-0.312	1.8
2.8347120285	-0.14	0.032	-0.672
2.83788514137	-0.06	0.14	-0.856
2.84106016159	-0.06	0.14	-0.856
2.84422516823	0.056	-0.1	1.476
2.8473880291	0.104	-0.376	2.044
2.85055804253	0.104	-0.376	2.044
2.85372114182	-0.028	-0.3	1.796
2.85688400269	-0.028	-0.3	1.796
2.86004805565	-0.14	0.032	-0.692
2.8632171154	-0.076	0.136	-0.828
2.86638116837	-0.076	0.136	-0.828
2.86954307556	0.06	-0.104	1.508
2.87270998955	0.092	-0.372	2.044
2.87587499619	0.092	-0.372	2.044
2.8790371418	-0.036	-0.296	1.752
2.88220715523	-0.036	-0.296	1.752
2.88537096977	-0.124	0.024	-0.708
2.88853406906	-0.044	0.148	-0.836
2.89170718193	-0.044	0.148	-0.836
2.89487099648	0.068	-0.112	1.532
2.89803504944	0.068	-0.112	1.532
2.90119814873	0.104	-0.376	2.044
2.90436220169	-0.028	-0.288	1.732
2.90752601624	-0.028	-0.288	1.732
2.91069602966	-0.14	0.028	-0.72
2.91386008263	-0.064	0.136	-0.804
2.91702508926	-0.064	0.136	-0.804
2.92018699646	0.064	-0.112	1.568
2.92335605621	0.064	-0.112	1.568
2.92652702332	0.096	-0.384	2.044
2.9296901226	-0.036	-0.296	1.692
2.93286013603	-0.036	-0.296	1.692
2.936024189	-0.116	0.032	-0.74
2.93919110298	-0.064	0.132	-0.792
2.94236207008	-0.064	0.132	-0.792
2.94552516937	0.064	-0.116	1.592
2.94868707657	0.064	-0.116	1.592
2.95185017586	0.088	-0.38	2.044
2.95501208305	-0.04	-0.284	1.664
2.95817399025	-0.04	-0.284	1.664
2.96134305	-0.132	0.04	-0.776
2.96450710297	-0.064	0.132	-0.776
2.96767020226	-0.064	0.132	-0.776
2.97083902359	0.064	-0.124	1.62
2.97400212288	0.064	-0.124	1.62
2.97716498375	0.104	-0.38	2.044
2.98039102554	-0.02	-0.288	1.64
2.98355913162	-0.02	-0.288	1.64
2.98672413826	-0.128	0.036	-0.768
2.98989105225	-0.052	0.132	-0.748
2.99305510521	-0.052	0.132	-0.748
2.99621796608	0.068	-0.12	1.656
2.99938011169	0.068	-0.12	1.656
3.00257301331	0.092	-0.372	2.044
3.00572705269	-0.048	-0.272	1.608
3.00888299942	-0.048	-0.272	1.608
3.01204419136	-0.144	0.044	-0.788
3.01522016525	-0.144	0.044	-0.788
3.01838612556	-0.08	0.136	-0.736
3.02155613899	0.06	-0.128	1.676
3.02471899986	0.06	-0.128	1.676
3.02788114548	0.088	-0.38	2.044
3.03104996681	-0.028	-0.28	1.572
3.03421401978	-0.028	-0.28	1.572
3.03737998009	-0.124	0.044	-0.812
3.04054403305	-0.124	0.044	-0.812
3.04370808601	-0.048	0.124	-0.712
3.04687309265	0.076	-0.132	1.712
3.05003905296	0.076	-0.132	1.712
3.05320811272	0.1	-0.376	2.044
3.05637097359	-0.044	-0.276	1.556
3.05953502655	-0.044	-0.276	1.556
3.0627040863	-0.128	0.044	-0.828
3.06586909294	-0.128	0.044	-0.828
3.0690331459	-0.064	0.14	-0.696
3.07219719887	0.072	-0.148	1.74
3.07536005974	0.072	-0.148	1.74
3.07852315903	0.104	-0.376	2.044
3.08169198036	-0.036	-0.272	1.524
3.08485603333	-0.036	-0.272	1.524
3.08802199364	-0.128	0.048	-0.836
3.09119200706	-0.128	0.048	-0.836
3.09435606003	-0.056	0.12	-0.668
3.09752011299	0.076	-0.14	1.764
3.10068297386	0.076	-0.14	1.764
3.10386419296	0.104	-0.392	2.044
3.10702705383	-0.056	-0.272	1.492
3.11019015312	-0.056	-0.272	1.492
3.11336016655	-0.136	0.048	-0.86
3.11652398109	-0.136	0.048	-0.86
3.11968803406	-0.06	0.132	-0.664
3.12285709381	0.084	-0.156	1.784
3.1260201931	0.084	-0.156	1.784
3.1291821003	0.088	-0.376	2.044
3.13235116005	0.088	-0.376	2.044
3.13552618027	-0.048	-0.272	1.456
3.13873100281	-0.12	0.052	-0.884
3.14190411568	-0.12	0.052	-0.884
3.14506816864	-0.044	0.124	-0.632
3.14823198318	0.076	-0.152	1.82
3.15139508247	0.076	-0.152	1.82
3.15455818176	0.092	-0.38	2.044
3.15772104263	0.092	-0.38	2.044
3.16088414192	-0.068	-0.252	1.452
3.16404914856	-0.14	0.044	-0.888
3.16721320152	-0.14	0.044	-0.888
3.17037796974	-0.056	0.128	-0.608
3.17354202271	0.072	-0.16	1.84
3.17670512199	0.072	-0.16	1.84
3.17986798286	0.088	-0.388	2.044
3.18303704262	0.088	-0.388	2.044
3.18620419502	-0.056	-0.26	1.408
3.18936800957	-0.124	0.052	-0.9
3.19258213043	-0.124	0.052	-0.9
3.19574713707	-0.04	0.104	-0.608
3.19891119003	0.08	-0.16	1.876
3.20208001137	0.08	-0.16	1.876
3.20524215698	0.088	-0.388	2.044
3.2084031105	0.088	-0.388	2.044
3.21157217026	-0.048	-0.256	1.376
3.2147359848	-0.136	0.056	-0.92
3.21789908409	-0.136	0.056	-0.92
3.22106814384	-0.04	0.116	-0.576
3.22423315048	0.076	-0.16	1.908
3.22739505768	0.076	-0.16	1.908
3.23056411743	0.064	-0.372	2.044
3.23373103142	0.064	-0.372	2.044
3.23689317703	-0.052	-0.256	1.344
3.2400560379	-0.136	0.064	-0.936
3.24322605133	-0.136	0.064	-0.936
3.24639010429	-0.048	0.124	-0.556
3.24955296516	0.072	-0.172	1.928
3.25272011757	0.072	-0.172	1.928
3.25588417053	0.084	-0.396	2.044
3.2590470314	0.084	-0.396	2.044
3.26221513748	-0.052	-0.244	1.312
3.26537919044	-0.12	0.044	-0.952
3.26854109764	-0.12	0.044	-0.952
3.27171015739	-0.04	0.12	-0.536
3.27487397194	-0.04	0.12	-0.536
3.27803707123	0.08	-0.168	1.968
3.28121399879	0.088	-0.396	2.044
3.28438019753	0.088	-0.396	2.044
3.2875430584	-0.044	-0.26	1.284
3.2907140255	-0.136	0.068	-0.972
3.29387807846	-0.136	0.068	-0.972
3.29704117775	-0.032	0.128	-0.508
3.30020403862	-0.032	0.128	-0.508
3.30336904526	0.08	-0.16	1.968
3.30653214455	0.08	-0.396	2.044
3.30969405174	0.08	-0.396	2.044
3.31286215782	-0.064	-0.232	1.256
3.31602501869	-0.148	0.08	-0.98
3.31918811798	-0.148	0.08	-0.98
3.32235312462	-0.044	0.116	-0.496
3.32551503181	-0.044	0.116	-0.496
3.3286781311	0.08	-0.16	2.016
3.33185005188	0.08	-0.396	2.044
3.33501219749	0.08	-0.396	2.044
3.33817505836	-0.044	-0.248	1.224
3.34134507179	-0.136	0.068	-0.992
3.34450817108	-0.136	0.068	-0.992
3.34767198563	-0.036	0.112	-0.472
3.35084199905	-0.036	0.112	-0.472
3.35400605202	0.084	-0.172	2.04
3.35716819763	0.08	-0.396	2.044
3.36033701897	0.08	-0.396	2.044
3.36350011826	-0.052	-0.228	1.18
3.36666297913	-0.144	0.084	-0.996
3.369836092	-0.144	0.084	-0.996
3.37300515175	-0.032	0.12	-0.452
3.37616896629	-0.032	0.12	-0.452
3.37933206558	0.076	-0.184	2.044
3.38250398636	0.076	-0.388	2.044
3.38566613197	0.076	-0.388	2.044
3.38882803917	-0.056	-0.224	1.156
3.39199399948	-0.056	-0.224	1.156
3.39515805244	-0.14	0.084	-1.024
3.39832019806	-0.036	0.116	-0.42
3.40150117874	-0.036	0.116	-0.42
3.40466499329	0.08	-0.176	2.044
3.40782809258	0.06	-0.388	2.044
3.41099619865	0.06	-0.388	2.044
3.41415905952	-0.056	-0.228	1.136
3.41732311249	-0.056	-0.228	1.136
3.42049217224	-0.14	0.084	-1.016
3.42365503311	-0.04	0.104	-0.412
3.4268181324	-0.04	0.104	-0.412
3.42998409271	0.092	-0.192	2.044
3.43315315247	0.08	-0.396	2.044
3.43631601334	0.08	-0.396	2.044
3.43947911263	-0.052	-0.216	1.1
3.44264698029	-0.052	-0.216	1.1
3.44581317902	-0.128	0.088	-1.032
3.44897603989	-0.032	0.104	-0.376
3.45214605331	-0.032	0.104	-0.376
3.4553091526	0.088	-0.192	2.044
3.45848107338	0.064	-0.388	2.044
3.46165204048	0.064	-0.388	2.044
3.4648141861	-0.06	-0.212	1.048
3.46797800064	-0.06	-0.212	1.048
3.47114706039	-0.14	0.096	-1.036
3.47431015968	-0.032	0.108	-0.364
3.47747516632	-0.032	0.108	-0.364
3.4806470871	0.088	-0.192	2.044
3.48381114006	0.076	-0.392	2.044
3.48697400093	0.076	-0.392	2.044
3.49013710022	-0.06	-0.2	1.04
3.49330711365	-0.06	-0.2	1.04
3.49646902084	-0.132	0.084	-1.052
3.49963307381	-0.024	0.092	-0.324
3.50279998779	-0.024	0.092	-0.324
3.5059671402	0.088	-0.2	2.044
3.50913000107	0.088	-0.2	2.044
3.51229310036	0.068	-0.392	2.044
3.51545405388	-0.068	-0.208	1.0
3.51861619949	-0.068	-0.208	1.0
3.52178096771	-0.132	0.084	-1.072
3.52494502068	-0.024	0.1	-0.312
3.52811217308	-0.024	0.1	-0.312
3.53128314018	0.1	-0.204	2.044
3.53444600105	0.1	-0.204	2.044
3.53760814667	0.084	-0.384	2.044
3.540776968	-0.06	-0.204	0.98
3.54394102097	-0.06	-0.204	0.98
3.54711508751	-0.132	0.092	-1.068
3.5503590107	-0.032	0.1	-0.28
3.55352711678	-0.032	0.1	-0.28
3.55669116974	0.1	-0.2	2.044
3.55985403061	0.1	-0.2	2.044
3.56302714348	0.064	-0.384	2.044
3.56619000435	-0.08	-0.2	0.936
3.56935310364	-0.08	-0.2	0.936
3.57258009911	-0.148	0.088	-1.064
3.57574605942	-0.024	0.096	-0.252
3.5789141655	-0.024	0.096	-0.252
3.58208417892	0.096	-0.216	2.044
3.58524703979	0.096	-0.216	2.044
3.58841013908	0.06	-0.4	2.044
3.59157800674	-0.068	-0.2	0.924
3.59474110603	-0.068	-0.2	0.924
3.5979039669	-0.124	0.1	-1.088
3.60107398033	-0.012	0.088	-0.228
3.60423803329	-0.012	0.088	-0.228
3.60740017891	0.1	-0.208	2.044
3.61056900024	0.1	-0.208	2.044
3.61373209953	0.064	-0.38	2.044
3.61689400673	-0.08	-0.188	0.88
3.62005805969	-0.08	-0.188	0.88
3.62322616577	-0.144	0.096	-1.1
3.62639403343	-0.02	0.092	-0.212
3.6295580864	-0.02	0.092	-0.212
3.63272714615	0.096	-0.22	2.044
3.63590097427	0.096	-0.22	2.044
3.63906311989	0.068	-0.396	2.044
3.64223217964	-0.084	-0.192	0.848
3.64539718628	-0.084	-0.192	0.848
3.64856004715	-0.128	0.108	-1.108
3.65173006058	-0.128	0.108	-1.108
3.65489506721	-0.024	0.088	-0.168
3.65805697441	0.092	-0.228	2.044
3.66122508049	0.092	-0.228	2.044
3.66438698769	0.052	-0.4	2.044
3.66755008698	-0.08	-0.184	0.808
3.67071914673	-0.08	-0.184	0.808
3.6738820076	-0.136	0.1	-1.124
3.67704916	-0.136	0.1	-1.124
3.6802110672	-0.012	0.08	-0.152
3.68338108063	0.096	-0.224	2.044
3.68654417992	0.096	-0.224	2.044
3.68970608711	0.064	-0.392	2.044
3.69287419319	-0.072	-0.188	0.772
3.69603705406	-0.072	-0.188	0.772
3.69920015335	-0.132	0.116	-1.132
3.7023639679	-0.132	0.116	-1.132
3.70552802086	-0.012	0.084	-0.116
3.70869112015	0.088	-0.232	2.044
3.71185898781	0.088	-0.232	2.044
3.7150220871	0.052	-0.4	2.044
3.71818399429	-0.08	-0.184	0.74
3.72135210037	-0.08	-0.184	0.74
3.72452807426	-0.144	0.092	-1.136
3.72769117355	-0.144	0.092	-1.136
3.73086118698	-0.008	0.072	-0.096
3.73402404785	0.092	-0.252	2.044
3.73718619347	0.092	-0.252	2.044
3.74035000801	0.056	-0.4	2.044
3.74351406097	-0.072	-0.176	0.708
3.74667716026	-0.072	-0.176	0.708
3.74984002113	-0.128	0.104	-1.14
3.75300812721	-0.128	0.104	-1.14
3.75617218018	0.0	0.072	-0.056
3.75932598114	0.096	-0.236	2.044
3.76249408722	0.096	-0.236	2.044
3.76565718651	0.048	-0.396	2.044
3.7688190937	0.048	-0.396	2.044
3.77198910713	-0.084	-0.16	0.664
3.77515506744	-0.136	0.116	-1.14
3.77831912041	-0.136	0.116	-1.14
3.78148913383	0.0	0.064	-0.02
3.78464317322	0.104	-0.244	2.044
3.78780603409	0.104	-0.244	2.044
3.79097700119	0.056	-0.38	2.044
3.79414105415	0.056	-0.38	2.044
3.79730319977	-0.076	-0.172	0.64
3.80047297478	-0.136	0.108	-1.152
3.80363702774	-0.136	0.108	-1.152
3.80680012703	0.028	0.064	0.012
3.80996012688	0.096	-0.244	2.044
3.81314706802	0.096	-0.244	2.044
3.81631112099	0.04	-0.396	2.044
3.81947398186	0.04	-0.396	2.044
3.82264208794	-0.076	-0.156	0.612
3.82580518723	-0.136	0.104	-1.148
3.82896900177	-0.136	0.104	-1.148
3.83213305473	0.0	0.056	0.02
3.83528614044	0.104	-0.252	2.044
3.83844804764	0.104	-0.252	2.044
3.84161615372	0.06	-0.388	2.044
3.84477901459	0.06	-0.388	2.044
3.84794211388	-0.072	-0.152	0.58
3.8511121273	-0.128	0.12	-1.16
3.85427618027	-0.128	0.12	-1.16
3.85743999481	0.008	0.064	0.052
3.86060619354	0.008	0.064	0.052
3.86376619339	0.104	-0.248	2.044
3.86693310738	0.04	-0.392	2.044
3.87009596825	0.04	-0.392	2.044
3.87326717377	-0.088	-0.152	0.54
3.8764321804	-0.16	0.116	-1.156
3.87959599495	-0.16	0.116	-1.156
3.8827650547	0.004	0.056	0.072
3.88592600822	0.004	0.056	0.072
3.8890850544	0.112	-0.264	2.044
3.89225411415	0.04	-0.396	2.044
3.89541697502	0.04	-0.396	2.044
3.89857912064	-0.076	-0.152	0.524
3.90175414085	-0.124	0.124	-1.164
3.90492010117	-0.124	0.124	-1.164
3.90808415413	0.004	0.048	0.108
3.91125106812	0.004	0.048	0.108
3.91441202164	0.108	-0.26	2.044
3.91757416725	0.04	-0.392	2.044
3.92074608803	0.04	-0.392	2.044
3.92391014099	-0.08	-0.148	0.492
3.92707300186	-0.132	0.12	-1.172
3.93023705482	-0.132	0.12	-1.172
3.93340611458	0.008	0.064	0.132
3.93656611443	0.008	0.064	0.132
3.93972611427	0.112	-0.26	2.044
3.94289302826	0.04	-0.388	2.044
3.9460580349	0.04	-0.388	2.044
3.94922018051	-0.08	-0.14	0.468
3.95238399506	-0.128	0.128	-1.164
3.95554804802	-0.128	0.128	-1.164
3.95871210098	-0.004	0.056	0.164
3.96187996864	-0.004	0.056	0.164
3.96504211426	0.096	-0.264	2.044
3.96820497513	0.04	-0.396	2.044
3.971378088	0.04	-0.396	2.044
3.97454118729	-0.092	-0.14	0.424
3.97770500183	-0.092	-0.14	0.424
3.98087501526	-0.128	0.124	-1.168
3.98403906822	0.008	0.044	0.188
3.98719906807	0.008	0.044	0.188
3.99037504196	0.104	-0.256	2.044
3.99353814125	0.04	-0.38	2.044
3.99670100212	0.04	-0.38	2.044
3.99986410141	-0.08	-0.128	0.4
4.00302910805	-0.08	-0.128	0.4
4.00618505478	-0.116	0.144	-1.18
4.00934100151	0.0	0.048	0.212
4.01249217987	0.0	0.048	0.212
4.01568698883	0.112	-0.272	2.044
4.01885604858	0.028	-0.38	2.044
4.02202701569	0.028	-0.38	2.044
4.02519106865	-0.092	-0.124	0.376
4.02835607529	-0.092	-0.124	0.376
4.03152704239	-0.128	0.124	-1.172
4.03469204903	0.012	0.032	0.244
4.03785300255	0.012	0.032	0.244
4.04101920128	0.092	-0.26	2.044
4.04418110847	0.04	-0.384	2.044
4.04734396935	0.04	-0.384	2.044
4.05051398277	-0.092	-0.124	0.336
4.05367803574	-0.092	-0.124	0.336
4.05684113503	-0.124	0.136	-1.184
4.06000614166	0.004	0.04	0.268
4.06316709518	0.004	0.04	0.268
4.06632804871	0.092	-0.276	2.044
4.06949400902	0.032	-0.38	2.044
4.07265901566	0.032	-0.38	2.044
4.07582211494	-0.088	-0.112	0.308
4.07899808884	-0.088	-0.112	0.308
4.08216309547	-0.116	0.132	-1.172
4.08532810211	0.016	0.032	0.304
4.08848905563	0.016	0.032	0.304
4.09164810181	0.116	-0.272	2.044
4.09481215477	0.116	-0.272	2.044
4.09797406197	0.044	-0.38	2.044
4.10113811493	-0.092	-0.12	0.28
4.1043009758	-0.092	-0.12	0.28
4.10746502876	-0.116	0.144	-1.168
4.11062908173	-0.004	0.04	0.332
4.11379098892	-0.004	0.04	0.332
4.11695599556	0.096	-0.276	2.044
4.12011909485	0.096	-0.276	2.044
4.12328410149	0.024	-0.384	2.044
4.12644720078	-0.096	-0.112	0.256
4.12961006165	-0.096	-0.112	0.256
4.1327791214	-0.124	0.14	-1.172
4.13594198227	0.024	0.028	0.364
4.13910317421	0.024	0.028	0.364
4.14226913452	0.108	-0.28	2.044
4.14543199539	0.108	-0.28	2.044
4.14859509468	0.04	-0.412	2.044
4.15176415443	-0.096	-0.112	0.228
4.15492796898	-0.096	-0.112	0.228
4.15809106827	-0.12	0.132	-1.172
4.1612610817	0.008	0.028	0.392
4.16442203522	0.008	0.028	0.392
4.16759514809	0.108	-0.28	2.044
4.17076516151	0.108	-0.28	2.044
4.17392802238	0.036	-0.388	2.044
4.177090168	-0.092	-0.116	0.2
4.18025398254	-0.092	-0.116	0.2
4.1834230423	-0.12	0.148	-1.168
4.18658804893	0.02	0.024	0.424
4.18974804878	0.02	0.024	0.424
4.19291305542	0.108	-0.3	2.044
4.19607710838	0.108	-0.3	2.044
4.19923901558	0.036	-0.38	2.044
4.20240902901	-0.112	-0.116	0.188
4.20557308197	-0.112	-0.116	0.188
4.20873713493	-0.12	0.132	-1.164
4.21190810204	-0.12	0.132	-1.164
4.21507501602	0.016	0.02	0.448
4.21823596954	0.1	-0.288	2.044
4.22140407562	0.1	-0.288	2.044
4.22456812859	0.02	-0.38	2.044
4.22773098946	-0.096	-0.096	0.132
4.23090100288	-0.096	-0.096	0.132
4.23406410217	-0.108	0.136	-1.168
4.23722720146	-0.108	0.136	-1.168
4.24039697647	0.036	0.024	0.472
4.24355816841	0.116	-0.3	2.044
4.24672007561	0.116	-0.3	2.044
4.2498819828	0.024	-0.376	2.044
4.25305008888	-0.092	-0.096	0.112
4.25622415543	-0.092	-0.096	0.112
4.25938796997	-0.112	0.14	-1.16
4.26262497902	-0.112	0.14	-1.16
4.26582813263	0.024	0.004	0.504
4.26899814606	0.1	-0.3	2.044
4.27216410637	0.1	-0.3	2.044
4.27532911301	0.004	-0.38	2.044
4.27849316597	-0.104	-0.096	0.08
4.28166413307	-0.104	-0.096	0.08
4.28482818604	-0.112	0.128	-1.16
4.28799414635	-0.112	0.128	-1.16
4.29116606712	0.036	0.008	0.536
4.29431915283	0.116	-0.3	2.044
4.29747414589	0.116	-0.3	2.044
4.30063509941	0.016	-0.372	2.044
4.3038020134	-0.092	-0.092	0.04
4.30696797371	-0.092	-0.092	0.04
4.31013202667	-0.096	0.144	-1.156
4.31330704689	-0.096	0.144	-1.156
4.3164730072	0.036	0.008	0.576
4.31963419914	0.112	-0.308	2.044
4.32280111313	0.112	-0.308	2.044
4.325963974	0.008	-0.36	2.044
4.32912802696	0.008	-0.36	2.044
4.33229804039	-0.1	-0.088	0.012
4.33546304703	-0.12	0.14	-1.144
4.33862805367	-0.12	0.14	-1.144
4.34180212021	0.032	-0.004	0.62
4.3449780941	0.096	-0.304	2.044
4.34814405441	0.096	-0.304	2.044
4.35131311417	0.008	-0.372	2.044
4.35447907448	0.008	-0.372	2.044
4.35764217377	-0.112	-0.084	-0.024
4.36081600189	-0.12	0.14	-1.148
4.36398506165	-0.12	0.14	-1.148
4.36714816093	0.024	0.0	0.672
4.37037801743	0.108	-0.328	2.044
4.37354898453	0.108	-0.328	2.044
4.37671399117	0.012	-0.372	2.044
4.3798789978	0.012	-0.372	2.044
4.3830499649	-0.104	-0.092	-0.04
4.38621616364	-0.112	0.136	-1.136
4.38938117027	-0.112	0.136	-1.136
4.39257907867	0.032	-0.008	0.68
4.39574313164	0.12	-0.316	2.044
4.39890813828	0.12	-0.316	2.044
4.40207719803	0.012	-0.352	2.044
4.40524196625	0.012	-0.352	2.044
4.40840601921	-0.104	-0.084	-0.08
4.4115819931	-0.116	0.144	-1.132
4.41474819183	-0.116	0.144	-1.132
4.41791319847	0.016	-0.008	0.712
4.42108201981	0.108	-0.328	2.044
4.42424798012	0.108	-0.328	2.044
4.42741203308	0.012	-0.364	2.044
4.43058204651	0.012	-0.364	2.044
4.43375611305	-0.112	-0.068	-0.108
4.43692207336	-0.108	0.136	-1.116
4.44009304047	-0.108	0.136	-1.116
4.44326615334	0.032	-0.02	0.752
4.44642806053	0.12	-0.32	2.044
4.44959115982	0.12	-0.32	2.044
4.45276212692	0.012	-0.36	2.044
4.45594501495	0.012	-0.36	2.044
4.45911097527	-0.112	-0.072	-0.128
4.46228599548	-0.104	0.148	-1.116
4.46545100212	-0.104	0.148	-1.116
4.46861720085	0.04	-0.024	0.792
4.47178602219	0.112	-0.324	2.044
4.47495317459	0.112	-0.324	2.044
4.47811603546	0.008	-0.348	2.044
4.48128604889	0.008	-0.348	2.044
4.48445010185	-0.112	-0.052	-0.164
4.48761606216	-0.1	0.144	-1.112
4.49078798294	-0.1	0.144	-1.112
4.49394607544	0.044	-0.028	0.82
4.4971010685	0.044	-0.028	0.82
4.50025606155	0.112	-0.332	2.044
4.50342512131	0.0	-0.348	2.044
4.50658416748	0.0	-0.348	2.044
4.509745121	-0.112	-0.064	-0.172
4.51291704178	-0.108	0.14	-1.104
4.51608300209	-0.108	0.14	-1.104
4.51924705505	0.032	-0.028	0.864
4.52244210243	0.032	-0.028	0.864
4.5256061554	0.108	-0.336	2.044
4.52876996994	0.0	-0.356	2.044
4.53193306923	0.0	-0.356	2.044
4.53508901596	-0.112	-0.048	-0.228
4.53831505775	-0.096	0.144	-1.092
4.54148817062	-0.096	0.144	-1.092
4.54465413094	0.048	-0.028	0.876
4.5478181839	0.048	-0.028	0.876
4.55098819733	0.112	-0.32	2.044
4.55417299271	0.008	-0.356	2.044
4.557336092	0.008	-0.356	2.044
4.56051015854	-0.112	-0.044	-0.256
4.56367611885	-0.1	0.148	-1.088
4.56684017181	-0.1	0.148	-1.088
4.57000517845	0.036	-0.032	0.924
4.573168993	0.036	-0.032	0.924
4.57633209229	0.1	-0.332	2.044
4.57949614525	0.0	-0.348	2.044
4.58265900612	0.0	-0.348	2.044
4.58581614494	-0.12	-0.036	-0.28
4.58898210526	-0.092	0.14	-1.068
4.59214806557	-0.092	0.14	-1.068
4.5953130722	0.048	-0.044	0.96
4.59847617149	0.048	-0.044	0.96
4.60164499283	0.104	-0.336	2.044
4.60480904579	0.004	-0.348	2.044
4.60799098015	0.004	-0.348	2.044
4.61117100716	-0.116	-0.024	-0.3
4.61433696747	-0.092	0.148	-1.064
4.61750411987	-0.092	0.148	-1.064
4.62067604065	0.044	-0.04	0.996
4.62383913994	0.044	-0.04	0.996
4.6270031929	0.104	-0.336	2.044
4.63016605377	-0.012	-0.344	2.044
4.63333702087	-0.012	-0.344	2.044
4.63650298119	-0.108	-0.044	-0.328
4.63966798782	-0.108	-0.044	-0.328
4.64284300804	-0.084	0.14	-1.048
4.64600801468	0.052	-0.048	1.032
4.64917111397	0.052	-0.048	1.032
4.65234208107	0.112	-0.348	2.044
4.65550708771	-0.012	-0.34	2.044
4.65867614746	-0.012	-0.34	2.044
4.66184616089	-0.12	-0.024	-0.372
4.6650121212	-0.12	-0.024	-0.372
4.66817808151	-0.1	0.144	-1.04
4.67135000229	0.044	-0.064	1.064
4.67451405525	0.044	-0.064	1.064
4.67767715454	0.108	-0.34	2.044
4.68084812164	-0.012	-0.34	2.044
4.68401408195	-0.012	-0.34	2.044
4.68717813492	-0.116	-0.016	-0.384
4.69036197662	-0.116	-0.016	-0.384
4.69352006912	-0.084	0.148	-1.02
4.69667816162	0.056	-0.06	1.088
4.69984507561	0.056	-0.06	1.088
4.70301318169	0.116	-0.348	2.044
4.70620012283	0.0	-0.332	2.044
4.70935702324	0.0	-0.332	2.044
4.71251416206	-0.12	-0.02	-0.408
4.7156829834	-0.12	-0.02	-0.408
4.71884703636	-0.084	0.14	-1.008
4.72201919556	0.04	-0.06	1.12
4.7251830101	0.04	-0.06	1.12
4.72834515572	0.104	-0.348	2.044
4.73151516914	-0.02	-0.332	2.044
4.73468017578	-0.02	-0.332	2.044
4.73784518242	-0.12	-0.024	-0.436
4.74101114273	-0.12	-0.024	-0.436
4.74417614937	-0.084	0.128	-0.98
4.74734115601	0.052	-0.072	1.16
4.75050997734	0.052	-0.072	1.16
4.7536740303	0.108	-0.352	2.044
4.75684118271	0.108	-0.352	2.044
4.76001119614	-0.016	-0.336	2.044
4.76318311691	-0.124	-0.02	-0.456
4.76634812355	-0.124	-0.02	-0.456
4.76951313019	-0.08	0.14	-0.984
4.77268409729	0.052	-0.08	1.188
4.77584815025	0.052	-0.08	1.188
4.7790119648	0.108	-0.356	2.044
4.78218102455	0.108	-0.356	2.044
4.78534412384	-0.02	-0.336	2.044
4.78851914406	-0.116	-0.016	-0.48
4.79169416428	-0.116	-0.016	-0.48
4.79486298561	-0.088	0.148	-0.968
4.79802799225	0.06	-0.08	1.212
4.801197052	0.06	-0.08	1.212
4.80436396599	0.108	-0.352	2.044
4.80752801895	0.108	-0.352	2.044
4.81070017815	-0.02	-0.324	2.012
4.81386518478	-0.116	-0.024	-0.488
4.81703019142	-0.116	-0.024	-0.488
4.82019615173	-0.092	0.14	-0.968
4.82336115837	0.048	-0.088	1.26
4.82652807236	0.048	-0.088	1.26
4.82969117165	0.104	-0.36	2.044
4.83286118507	0.104	-0.36	2.044
4.83602309227	-0.024	-0.34	1.988
4.83918714523	-0.12	-0.008	-0.536
4.84237217903	-0.12	-0.008	-0.536
4.84553813934	-0.076	0.144	-0.96
4.84870219231	0.06	-0.064	1.252
4.85187196732	0.06	-0.064	1.252
4.85503911972	0.104	-0.348	2.044
4.85822319984	0.104	-0.348	2.044
4.86139297485	-0.012	-0.328	1.972
4.86455798149	-0.128	-0.008	-0.564
4.86772418022	-0.128	-0.008	-0.564
4.87089300156	-0.076	0.14	-0.936
4.87406015396	0.04	-0.084	1.312
4.87723398209	0.04	-0.084	1.312
4.88040399551	0.096	-0.368	2.044
4.88356804848	0.096	-0.368	2.044
4.88673210144	-0.032	-0.32	1.952
4.88989710808	-0.128	0.008	-0.572
4.89306616783	-0.128	0.008	-0.572
4.89622497559	-0.08	0.144	-0.928
4.89938306808	-0.08	0.144	-0.928
4.90263199806	0.044	-0.088	1.34
4.90579915047	0.096	-0.36	2.044
4.90896511078	0.096	-0.36	2.044
4.91214299202	-0.028	-0.312	1.916
4.91530799866	-0.128	0.0	-0.604
4.91846513748	-0.128	0.0	-0.604
4.92162799835	-0.064	0.128	-0.912
4.92479300499	-0.064	0.128	-0.912
4.92795705795	0.056	-0.088	1.36
4.93112802505	0.096	-0.368	2.044
4.93429207802	0.096	-0.368	2.044
4.93745517731	-0.016	-0.312	1.9
4.94062614441	-0.12	0.016	-0.624
4.94379019737	-0.12	0.016	-0.624
4.94695615768	-0.072	0.144	-0.88
4.95011901855	-0.072	0.144	-0.88
4.95329403877	0.06	-0.096	1.396
4.95645904541	0.1	-0.372	2.044
4.95962309837	0.1	-0.372	2.044
4.96279406548	-0.024	-0.312	1.852
4.96597003937	-0.14	0.012	-0.632
4.96913504601	-0.14	0.012	-0.632
4.97230696678	-0.08	0.144	-0.876
4.97547197342	-0.08	0.144	-0.876
4.97863817215	0.048	-0.116	1.444
4.98180818558	0.1	-0.368	2.044
4.98497319221	0.1	-0.368	2.044
4.98813819885	-0.024	-0.304	1.824
4.99130916595	-0.12	0.012	-0.656
4.99447512627	-0.12	0.012	-0.656
4.99764108658	-0.06	0.148	-0.856
