Timestamp 	 X-Axis 	 Y-Axis 	 Z-Axis
0.000317096710205	-0.004	0.052	-1.368
0.00243401527405	-0.004	0.052	-1.368
0.00436401367188	-0.004	0.052	-1.368
0.00628519058228	-0.024	-0.408	2.044
0.00821018218994	-0.024	-0.408	2.044
0.010153055191	-0.024	-0.408	2.044
0.0120720863342	-0.072	0.096	-1.412
0.0139911174774	-0.072	0.096	-1.412
0.0159080028534	0.156	-0.284	2.044
0.0178871154785	0.156	-0.284	2.044
0.0198061466217	0.156	-0.284	2.044
0.0217230319977	-0.052	-0.056	0.532
0.0236411094666	-0.052	-0.056	0.532
0.0255601406097	-0.052	-0.056	0.532
0.0274951457977	0.068	-0.116	0.156
0.0294151306152	0.068	-0.116	0.156
0.0313320159912	-0.064	-0.252	2.044
0.0332570075989	-0.064	-0.252	2.044
0.0351750850677	-0.064	-0.252	2.044
0.0370941162109	-0.032	0.072	-1.54
0.0390141010284	-0.032	0.072	-1.54
0.0409331321716	0.004	-0.28	2.044
0.0428490638733	0.004	-0.28	2.044
0.0447640419006	0.004	-0.28	2.044
0.0466811656952	-0.048	0.116	-1.176
0.048602104187	-0.048	0.116	-1.176
0.0505311489105	-0.048	0.116	-1.176
0.0524501800537	0.12	-0.22	2.044
0.0543792247772	0.12	-0.22	2.044
0.0563011169434	-0.112	-0.104	0.988
0.0582311153412	-0.112	-0.104	0.988
0.0601541996002	-0.112	-0.104	0.988
0.0620701313019	0.096	-0.064	-0.276
0.0639870166779	0.096	-0.064	-0.276
0.0659041404724	0.096	-0.064	-0.276
0.067859172821	-0.092	-0.296	2.044
0.0697841644287	-0.092	-0.296	2.044
0.0717031955719	-0.016	0.104	-1.652
0.0736222267151	-0.016	0.104	-1.652
0.0755381584167	-0.016	0.104	-1.652
0.0774600505829	-0.008	-0.24	2.044
0.0793871879578	-0.008	-0.24	2.044
0.0813131332397	-0.008	-0.24	2.044
0.0832371711731	-0.088	0.092	-0.86
0.0851612091064	-0.088	0.092	-0.86
0.0871031284332	0.084	-0.192	1.708
0.0890300273895	0.084	-0.192	1.708
0.0909662246704	0.084	-0.192	1.708
0.0928900241852	-0.12	-0.152	1.476
0.0948150157928	-0.12	-0.152	1.476
0.0967390537262	-0.12	-0.152	1.476
0.0986700057983	-0.024	-0.04	-0.676
0.100594997406	-0.024	-0.04	-0.676
0.102520227432	0.068	-0.332	2.044
0.104444026947	0.068	-0.332	2.044
0.10636806488	0.068	-0.332	2.044
0.108307123184	0.02	0.124	-1.676
0.110233068466	0.02	0.124	-1.676
0.112156152725	-0.004	-0.324	2.044
0.114093065262	-0.004	-0.324	2.044
0.11602807045	-0.004	-0.324	2.044
0.117960214615	-0.068	0.044	-0.492
0.119885206223	-0.068	0.044	-0.492
0.12181019783	-0.068	0.044	-0.492
0.123733043671	0.024	-0.196	1.244
0.125657081604	0.024	-0.196	1.244
0.127582073212	-0.116	-0.196	1.928
0.129507064819	-0.116	-0.196	1.928
0.131431102753	-0.116	-0.196	1.928
0.13335609436	0.0	0.0	-1.004
0.135263204575	0.0	0.0	-1.004
0.137178182602	0.0	0.0	-1.004
0.139085054398	-0.024	-0.384	2.044
0.141023159027	-0.024	-0.384	2.044
0.142949104309	-0.092	0.108	-1.612
0.144874095917	-0.092	0.108	-1.612
0.146802186966	-0.092	0.108	-1.612
0.148733139038	0.128	-0.332	2.044
0.150657176971	0.128	-0.332	2.044
0.152588129044	0.128	-0.332	2.044
0.154513120651	-0.064	0.02	-0.072
0.156437158585	-0.064	0.02	-0.072
0.158367156982	0.1	-0.168	0.768
0.160291194916	0.1	-0.168	0.768
0.162223100662	0.1	-0.168	0.768
0.164146184921	-0.092	-0.216	2.044
0.166071176529	-0.092	-0.216	2.044
0.168001174927	-0.092	-0.216	2.044
0.169926166534	-0.036	0.012	-1.292
0.171863079071	-0.036	0.012	-1.292
0.173788070679	0.016	-0.284	2.044
0.175721168518	0.016	-0.284	2.044
0.177651166916	0.016	-0.284	2.044
0.179575204849	-0.04	0.14	-1.48
0.181500196457	-0.04	0.14	-1.48
0.183423995972	-0.04	0.14	-1.48
0.185349225998	0.064	-0.26	2.044
0.18728017807	0.064	-0.26	2.044
0.189202070236	-0.096	-0.036	0.36
0.19112610817	-0.096	-0.036	0.36
0.193050146103	-0.096	-0.036	0.36
0.194974184036	0.112	-0.148	0.316
0.196902990341	0.112	-0.148	0.316
0.198827028275	-0.12	-0.228	2.044
0.200752019882	-0.12	-0.228	2.044
0.202676057816	-0.12	-0.228	2.044
0.204601049423	0.02	0.068	-1.504
0.206531047821	0.02	0.068	-1.504
0.208460092545	0.02	0.068	-1.504
0.210384130478	-0.064	-0.232	2.044
0.212307214737	-0.064	-0.232	2.044
0.214230060577	-0.072	0.116	-1.26
0.216164112091	-0.072	0.116	-1.26
0.218094110489	-0.072	0.116	-1.26
0.220019102097	0.084	-0.232	2.044
0.22194314003	0.084	-0.232	2.044
0.223865032196	0.084	-0.232	2.044
0.225788116455	-0.1	-0.092	0.832
0.227719068527	-0.1	-0.092	0.832
0.229642152786	0.032	-0.108	-0.148
0.23156619072	0.032	-0.108	-0.148
0.233489990234	0.032	-0.108	-0.148
0.235418081284	-0.004	-0.276	2.044
0.237349033356	-0.004	-0.276	2.044
0.239273071289	-0.004	-0.276	2.044
0.241196155548	0.0	0.108	-1.628
0.243111133575	0.0	0.108	-1.628
0.245029211044	0.052	-0.34	2.044
0.246959209442	0.052	-0.34	2.044
0.248883008957	0.052	-0.34	2.044
0.250805139542	-0.032	0.092	-0.972
0.252728223801	-0.032	0.092	-0.972
0.254651069641	-0.032	0.092	-0.972
0.2565741539	0.008	-0.232	1.86
0.258502006531	0.008	-0.232	1.86
0.26042509079	-0.116	-0.136	1.308
0.262350082397	-0.116	-0.136	1.308
0.264273166656	-0.116	-0.136	1.308
0.266201019287	0.016	-0.076	-0.528
0.268128156662	0.016	-0.076	-0.528
0.270066022873	-0.096	-0.384	2.044
0.271990060806	-0.096	-0.384	2.044
0.273915052414	-0.096	-0.384	2.044
0.275838136673	-0.068	0.104	-1.684
0.277769088745	-0.068	0.104	-1.684
0.279694080353	-0.068	0.104	-1.684
0.28161907196	0.112	-0.348	2.044
0.283542156219	0.112	-0.348	2.044
0.28546500206	-0.064	0.072	-0.624
0.287398099899	-0.064	0.072	-0.624
0.289323091507	-0.064	0.072	-0.624
0.29124712944	0.132	-0.224	1.416
0.293169021606	0.132	-0.224	1.416
0.295101165771	0.132	-0.224	1.416
0.297033071518	-0.088	-0.176	1.764
0.298958063126	-0.088	-0.176	1.764
0.300883054733	0.004	-0.048	-0.908
0.302806138992	0.004	-0.048	-0.908
0.304729223251	0.004	-0.048	-0.908
0.306654214859	-0.1	-0.24	2.044
0.308579206467	-0.1	-0.24	2.044
0.310502052307	-0.1	-0.24	2.044
0.31242609024	-0.032	0.136	-1.644
0.3143491745	-0.032	0.136	-1.644
0.316273212433	0.072	-0.292	2.044
0.318201065063	0.072	-0.292	2.044
0.320124149323	0.072	-0.292	2.044
0.322046041489	-0.068	0.04	-0.232
0.323979139328	-0.068	0.04	-0.232
0.325906038284	-0.068	0.04	-0.232
0.327869176865	0.144	-0.168	0.936
0.329793214798	0.144	-0.168	0.936
0.33171415329	-0.1	-0.228	2.044
0.333638191223	-0.1	-0.228	2.044
0.335564136505	-0.1	-0.228	2.044
0.337495088577	0.072	-0.004	-1.188
0.339419126511	0.072	-0.004	-1.188
0.341344118118	-0.116	-0.272	2.044
0.343268156052	-0.116	-0.272	2.044
0.345192193985	-0.116	-0.272	2.044
0.347122192383	-0.072	0.132	-1.536
0.349045991898	-0.072	0.132	-1.536
0.350970029831	-0.072	0.132	-1.536
0.35289311409	0.1	-0.252	2.044
0.354819059372	0.1	-0.252	2.044
0.356742143631	-0.1	-0.028	0.2
0.358671188354	-0.1	-0.028	0.2
0.360594034195	-0.1	-0.028	0.2
0.362517118454	0.108	-0.148	0.456
0.36443901062	0.108	-0.148	0.456
0.366362094879	0.108	-0.148	0.456
0.368290185928	-0.04	-0.284	2.044
0.370215177536	-0.04	-0.284	2.044
0.372138023376	-0.012	0.072	-1.432
0.374063014984	-0.012	0.072	-1.432
0.375986099243	-0.012	0.072	-1.432
0.377926111221	0.076	-0.356	2.044
0.379850149155	0.076	-0.356	2.044
0.381772041321	0.076	-0.356	2.044
0.38369512558	-0.008	0.104	-1.344
0.385622024536	-0.008	0.104	-1.344
0.38755106926	0.004	-0.272	2.044
0.389480113983	0.004	-0.272	2.044
0.391403198242	0.004	-0.272	2.044
0.393325090408	-0.088	-0.068	0.66
0.395249128342	-0.088	-0.068	0.66
0.39717912674	-0.088	-0.068	0.66
0.399102210999	0.008	-0.104	0.008
0.40102314949	0.008	-0.104	0.008
0.402945995331	-0.104	-0.332	2.044
0.40486907959	-0.104	-0.332	2.044
0.406793117523	-0.104	-0.332	2.044
0.408723115921	-0.02	0.064	-1.576
0.41064620018	-0.02	0.064	-1.576
0.412569999695	-0.02	0.064	-1.576
0.414504051208	0.064	-0.384	2.044
0.416428089142	0.064	-0.384	2.044
0.418356180191	-0.06	0.096	-1.084
0.420279026031	-0.06	0.096	-1.084
0.422203063965	-0.06	0.096	-1.084
0.424127101898	0.14	-0.256	2.032
0.426051139832	0.14	-0.256	2.032
0.427980184555	-0.08	-0.136	1.152
0.429904222488	-0.08	-0.136	1.152
0.431837081909	-0.08	-0.136	1.152
0.433761119843	0.012	-0.092	-0.404
0.435685157776	0.012	-0.092	-0.404
0.437615156174	0.012	-0.092	-0.404
0.439539194107	-0.108	-0.26	2.044
0.441462993622	-0.108	-0.26	2.044
0.443388223648	-0.02	0.116	-1.688
0.445315122604	-0.02	0.116	-1.688
0.447247028351	-0.02	0.116	-1.688
0.449172019958	0.044	-0.316	2.044
0.451097011566	0.044	-0.316	2.044
0.453020095825	0.044	-0.316	2.044
0.454943180084	-0.076	0.096	-0.756
0.456873178482	-0.076	0.096	-0.756
0.458797216415	0.164	-0.192	1.564
0.460720062256	0.164	-0.192	1.564
0.462642192841	0.164	-0.192	1.564
0.464564085007	-0.088	-0.156	1.616
0.46648812294	-0.088	-0.156	1.616
0.468415021896	-0.088	-0.156	1.616
0.470343112946	0.08	-0.028	-0.8
0.472267150879	0.08	-0.028	-0.8
0.4742000103	-0.14	-0.308	2.044
0.476126194	-0.14	-0.308	2.044
0.478056192398	-0.14	-0.308	2.044
0.479981184006	-0.06	0.128	-1.664
0.481904029846	-0.06	0.128	-1.664
0.48382806778	-0.06	0.128	-1.664
0.485760211945	0.1	-0.256	2.044
0.487684011459	0.1	-0.256	2.044
0.489607095718	-0.084	0.036	-0.364
0.491531133652	-0.084	0.036	-0.364
0.493454217911	-0.084	0.036	-0.364
0.495378017426	0.096	-0.168	1.084
0.497306108475	0.096	-0.168	1.084
0.499228000641	-0.108	-0.22	2.044
0.501152038574	-0.108	-0.22	2.044
0.503075122833	-0.108	-0.22	2.044
0.505004167557	-0.008	0.008	-1.112
0.506934165955	-0.008	0.008	-1.112
0.508857011795	-0.008	0.008	-1.112
0.510780096054	0.044	-0.348	2.044
0.512703180313	0.044	-0.348	2.044
0.514625072479	0.008	0.116	-1.584
0.516548156738	0.008	0.116	-1.584
0.518477201462	0.008	0.116	-1.584
0.520416021347	-0.004	-0.292	2.044
0.522342205048	-0.004	-0.292	2.044
0.524266004562	-0.004	-0.292	2.044
0.526189088821	-0.084	-0.02	0.072
0.528117179871	-0.084	-0.02	0.072
0.530041217804	0.028	-0.152	0.612
0.53196310997	0.028	-0.152	0.612
0.533889055252	0.028	-0.152	0.612
0.535813093185	-0.08	-0.264	2.044
0.537744045258	-0.08	-0.264	2.044
0.539677143097	-0.08	-0.264	2.044
0.54160118103	-0.008	0.04	-1.376
0.543525218964	-0.008	0.04	-1.376
0.545449018478	-0.024	-0.4	2.044
0.547379016876	-0.024	-0.4	2.044
0.54930305481	-0.024	-0.4	2.044
0.551226139069	-0.052	0.104	-1.408
0.553151130676	-0.052	0.104	-1.408
0.55507516861	-0.052	0.104	-1.408
0.557000160217	0.124	-0.296	2.044
0.558923006058	0.124	-0.296	2.044
0.560846090317	-0.04	-0.064	0.52
0.562769174576	-0.04	-0.064	0.52
0.564696073532	-0.04	-0.064	0.52
0.566619157791	0.044	-0.116	0.148
0.568547010422	0.044	-0.116	0.148
0.570471048355	0.044	-0.116	0.148
0.572394132614	-0.092	-0.252	2.044
0.574317216873	-0.092	-0.252	2.044
0.576241016388	-0.02	0.088	-1.552
0.578171014786	-0.02	0.088	-1.552
0.580095052719	-0.02	0.088	-1.552
0.582019090652	0.004	-0.328	2.044
0.583942174911	0.004	-0.328	2.044
0.585864067078	-0.072	0.116	-1.168
0.587789058685	-0.072	0.116	-1.168
0.589714050293	-0.072	0.116	-1.168
0.591638088226	0.14	-0.216	2.044
0.593579053879	0.14	-0.216	2.044
0.595504045486	0.14	-0.216	2.044
0.597444057465	-0.112	-0.104	1.0
0.599366188049	-0.112	-0.104	1.0
0.601288080215	0.096	-0.068	-0.284
0.603211164474	0.096	-0.068	-0.284
0.605134010315	0.096	-0.068	-0.284
0.607064008713	-0.092	-0.3	2.044
0.608988046646	-0.092	-0.3	2.044
0.610911130905	-0.092	-0.3	2.044
0.612835168839	-0.02	0.096	-1.66
0.614759206772	-0.02	0.096	-1.66
0.616687059402	-0.008	-0.24	2.044
0.618616104126	-0.008	-0.24	2.044
0.620540142059	-0.008	-0.24	2.044
0.622463226318	-0.076	0.092	-0.856
0.624390125275	-0.076	0.092	-0.856
0.626314163208	-0.076	0.092	-0.856
0.628243207932	0.1	-0.204	1.7
0.630166053772	0.1	-0.204	1.7
0.632089138031	-0.104	-0.164	1.48
0.63401222229	-0.104	-0.164	1.48
0.635936021805	-0.104	-0.164	1.48
0.637903213501	-0.02	-0.028	-0.676
0.639828205109	-0.02	-0.028	-0.676
0.641753196716	-0.02	-0.028	-0.676
0.643676996231	0.052	-0.312	2.044
0.64560008049	0.052	-0.312	2.044
0.647539138794	0.012	0.116	-1.676
0.649463176727	0.012	0.116	-1.676
0.651386022568	0.012	0.116	-1.676
0.653312206268	0.004	-0.324	2.044
0.655236005783	0.004	-0.324	2.044
0.657165050507	-0.068	0.048	-0.5
0.65908408165	-0.068	0.048	-0.5
0.661004066467	-0.068	0.048	-0.5
0.66292309761	0.016	-0.192	1.224
0.66484618187	0.016	-0.192	1.224
0.66676902771	0.016	-0.192	1.224
0.668693065643	-0.112	-0.208	1.94
0.670617103577	-0.112	-0.208	1.94
0.672540187836	-0.008	0.0	-1.024
0.674456119537	-0.008	0.0	-1.024
0.676372051239	-0.008	0.0	-1.024
0.678293228149	0.012	-0.432	2.044
0.68021607399	0.012	-0.432	2.044
0.682139158249	0.012	-0.432	2.044
0.684089183807	-0.064	0.104	-1.608
0.686015129089	-0.064	0.104	-1.608
0.687944173813	0.124	-0.32	2.044
0.689868211746	0.124	-0.32	2.044
0.691792011261	0.124	-0.32	2.044
0.693714141846	-0.036	0.012	-0.068
0.695637226105	-0.036	0.012	-0.068
0.697571992874	-0.036	0.012	-0.068
0.699495077133	0.052	-0.176	0.752
0.701427221298	0.052	-0.176	0.752
0.703350067139	-0.112	-0.208	2.044
0.705274105072	-0.112	-0.208	2.044
0.70720410347	-0.112	-0.208	2.044
0.709128141403	-0.032	0.048	-1.296
0.711053133011	-0.032	0.048	-1.296
0.71298122406	-0.032	0.048	-1.296
0.714906215668	0.004	-0.304	2.044
0.716829061508	0.004	-0.304	2.044
0.719243049622	-0.06	0.132	-1.468
0.721176147461	-0.06	0.132	-1.468
0.723102092743	-0.06	0.132	-1.468
0.725025177002	0.072	-0.26	2.044
0.7269551754	0.072	-0.26	2.044
0.72887802124	-0.092	-0.036	0.384
0.730801105499	-0.092	-0.036	0.384
0.732724189758	-0.092	-0.036	0.384
0.734647035599	0.108	-0.132	0.288
0.736569166183	0.108	-0.132	0.288
0.738497018814	0.108	-0.132	0.288
0.740420103073	-0.12	-0.248	2.044
0.742343187332	-0.12	-0.248	2.044
0.744269132614	0.012	0.068	-1.508
0.746192216873	0.012	0.068	-1.508
0.748120069504	0.012	0.068	-1.508
0.750043153763	-0.06	-0.244	2.044
0.751967191696	-0.06	-0.244	2.044
0.753890037537	-0.072	0.12	-1.26
0.755825042725	-0.072	0.12	-1.26
0.757755994797	-0.072	0.12	-1.26
0.759678125381	0.104	-0.22	2.044
0.761601209641	0.104	-0.22	2.044
0.763524055481	0.104	-0.22	2.044
0.765444993973	-0.096	-0.092	0.844
0.767376184464	-0.096	-0.092	0.844
0.769299030304	0.02	-0.104	-0.152
0.771222114563	0.02	-0.104	-0.152
0.773149013519	0.02	-0.104	-0.152
0.775073051453	-0.008	-0.28	2.044
0.777006149292	-0.008	-0.28	2.044
0.778928995132	-0.008	-0.28	2.044
0.780852079391	0.016	0.112	-1.632
0.782793045044	0.016	0.112	-1.632
0.784716129303	0.028	-0.34	2.044
0.786639213562	0.028	-0.34	2.044
0.788567066193	0.028	-0.34	2.044
0.790490150452	-0.044	0.092	-0.96
0.792412042618	-0.044	0.092	-0.96
0.794335126877	-0.044	0.092	-0.96
0.796258211136	0.012	-0.228	1.844
0.798185110092	0.012	-0.228	1.844
0.800109148026	-0.12	-0.136	1.32
0.802031993866	-0.12	-0.136	1.32
0.803958177567	-0.12	-0.136	1.32
0.8058822155	0.008	-0.064	-0.572
0.807807207108	0.008	-0.064	-0.572
0.809755086899	0.008	-0.064	-0.572
0.811679124832	-0.076	-0.388	2.044
0.81360411644	-0.076	-0.388	2.044
0.815529108047	-0.068	0.104	-1.676
0.817459106445	-0.068	0.104	-1.676
0.819383144379	-0.068	0.104	-1.676
0.821308135986	0.136	-0.356	2.044
0.823231220245	0.136	-0.356	2.044
0.825154066086	-0.02	0.06	-0.612
0.827083110809	-0.02	0.06	-0.612
0.829007148743	-0.02	0.06	-0.612
0.830929994583	0.088	-0.216	1.396
0.832856178284	0.088	-0.216	1.396
0.834779024124	0.088	-0.216	1.396
0.836701154709	-0.1	-0.192	1.792
0.838631153107	-0.1	-0.192	1.792
0.84055519104	-0.004	-0.048	-0.908
0.842481136322	-0.004	-0.048	-0.908
0.844405174255	-0.004	-0.048	-0.908
0.846330165863	-0.072	-0.272	2.044
0.848259210587	-0.072	-0.272	2.044
0.850184202194	-0.072	-0.272	2.044
0.852107048035	-0.036	0.136	-1.624
0.854031085968	-0.036	0.136	-1.624
0.855955123901	0.048	-0.304	2.044
0.857884168625	0.048	-0.304	2.044
0.859807014465	0.048	-0.304	2.044
0.861730098724	-0.08	0.036	-0.208
0.863666057587	-0.08	0.036	-0.208
0.86559009552	-0.08	0.036	-0.208
0.867515087128	0.152	-0.164	0.912
0.869438171387	0.152	-0.164	0.912
0.871361017227	-0.096	-0.212	2.044
0.873286008835	-0.096	-0.212	2.044
0.875211000443	-0.096	-0.212	2.044
0.87714099884	0.036	0.02	-1.2
0.879063129425	0.036	0.02	-1.2
0.880985021591	0.036	0.02	-1.2
0.882907152176	-0.12	-0.264	2.044
0.884829998016	-0.12	-0.264	2.044
0.88675403595	-0.064	0.128	-1.52
0.888686180115	-0.064	0.128	-1.52
0.890613079071	-0.064	0.128	-1.52
0.892552137375	0.116	-0.248	2.044
0.894476175308	0.116	-0.248	2.044
0.896398067474	0.116	-0.248	2.044
0.898327112198	-0.08	-0.02	0.224
0.900251150131	-0.08	-0.02	0.224
0.902173995972	0.096	-0.136	0.44
0.904097080231	0.096	-0.136	0.44
0.906019210815	0.096	-0.136	0.44
0.907946109772	-0.048	-0.272	2.044
0.909870147705	-0.048	-0.272	2.044
0.911792993546	0.024	0.04	-1.44
0.913716077805	0.024	0.04	-1.44
0.915638208389	0.024	0.04	-1.44
0.9175760746	0.072	-0.352	2.044
0.919499158859	0.072	-0.352	2.044
0.921423196793	0.072	-0.352	2.044
0.9233481884	-0.024	0.116	-1.324
0.925272226334	-0.024	0.116	-1.324
0.927202224731	-0.012	-0.264	2.044
0.929126024246	-0.012	-0.264	2.044
0.93105006218	-0.012	-0.264	2.044
0.932973146439	-0.108	-0.084	0.696
0.934897184372	-0.108	-0.084	0.696
0.936821222305	-0.108	-0.084	0.696
0.938752174377	0.036	-0.12	-0.008
0.940675020218	0.036	-0.12	-0.008
0.942597150803	-0.08	-0.352	2.044
0.944519996643	-0.08	-0.352	2.044
0.946444034576	-0.08	-0.352	2.044
0.9483730793	-0.052	0.104	-1.612
0.950298070908	-0.052	0.104	-1.612
0.952225208282	-0.052	0.104	-1.612
0.954151153564	0.108	-0.388	2.044
0.956073999405	0.108	-0.388	2.044
0.958000183105	-0.024	0.092	-1.064
0.959919214249	-0.024	0.092	-1.064
0.961836099625	-0.024	0.092	-1.064
0.963751077652	0.08	-0.248	1.992
0.965667009354	0.08	-0.248	1.992
0.967586994171	0.08	-0.248	1.992
0.969514131546	-0.076	-0.136	1.168
0.971449136734	-0.076	-0.136	1.168
0.973375082016	0.024	-0.092	-0.44
0.975298166275	0.024	-0.092	-0.44
0.977229118347	0.024	-0.092	-0.44
0.979154109955	-0.112	-0.292	2.044
0.981078147888	-0.112	-0.292	2.044
0.983013153076	-0.04	0.116	-1.664
0.984940052032	-0.04	0.116	-1.664
0.986872196198	-0.04	0.116	-1.664
0.988795995712	0.028	-0.324	2.044
0.990719079971	0.028	-0.324	2.044
0.992641210556	0.028	-0.324	2.044
0.994564056396	-0.076	0.092	-0.72
0.99648809433	-0.076	0.092	-0.72
0.998412132263	0.172	-0.204	1.544
1.00033521652	0.172	-0.204	1.544
1.00225710869	0.172	-0.204	1.544
1.00418019295	-0.092	-0.172	1.652
1.00610399246	-0.092	-0.172	1.652
1.00803208351	-0.092	-0.172	1.652
1.00995707512	0.084	-0.036	-0.792
1.0118830204	0.084	-0.036	-0.792
1.01380705833	-0.156	-0.292	2.044
1.0157430172	-0.156	-0.292	2.044
1.01767611504	-0.156	-0.292	2.044
1.01960110664	-0.056	0.108	-1.668
1.02152514458	-0.056	0.108	-1.668
1.02344799042	-0.056	0.108	-1.668
1.02538108826	0.108	-0.248	2.044
1.02730607986	0.108	-0.248	2.044
1.02922916412	-0.088	0.04	-0.348
1.03115200996	-0.088	0.04	-0.348
1.0330760479	-0.088	0.04	-0.348
1.03500008583	0.088	-0.164	1.052
1.03693008423	0.088	-0.164	1.052
1.03885316849	0.088	-0.164	1.052
1.04077720642	-0.092	-0.212	2.044
1.04270410538	-0.092	-0.212	2.044
1.04462814331	0.016	0.024	-1.124
1.04655003548	0.016	0.024	-1.124
1.04847812653	0.016	0.024	-1.124
1.05040121078	0.008	-0.336	2.044
1.05232405663	0.008	-0.336	2.044
1.05424618721	0.008	-0.336	2.044
1.05616807938	-0.02	0.108	-1.544
1.05809402466	-0.02	0.108	-1.544
1.06002211571	0.0	-0.288	2.044
1.06193709373	0.0	-0.288	2.044
1.06385207176	0.0	-0.288	2.044
1.06576704979	-0.092	-0.008	0.076
1.0676920414	-0.092	-0.008	0.076
1.06961607933	0.052	-0.16	0.588
1.07154107094	0.052	-0.16	0.588
1.0734641552	0.052	-0.16	0.588
1.07538604736	-0.068	-0.28	2.044
1.07731699944	-0.068	-0.28	2.044
1.07925009727	-0.068	-0.28	2.044
1.08117508888	-0.028	0.044	-1.384
1.08310008049	-0.028	0.044	-1.384
1.08502411842	0.016	-0.4	2.044
1.08695411682	0.016	-0.4	2.044
1.08887720108	0.016	-0.4	2.044
1.09080004692	-0.04	0.108	-1.388
1.09272313118	-0.04	0.108	-1.388
1.09464716911	-0.04	0.108	-1.388
1.09657001495	0.096	-0.28	2.044
1.09849715233	0.096	-0.28	2.044
1.10042119026	-0.056	-0.068	0.544
1.1023581028	-0.056	-0.068	0.544
1.10428214073	-0.056	-0.068	0.544
1.10620522499	0.032	-0.108	0.132
1.10813212395	0.032	-0.108	0.132
1.11005520821	0.032	-0.108	0.132
1.1119761467	-0.092	-0.244	2.044
1.11390018463	-0.092	-0.244	2.044
1.11582422256	-0.016	0.084	-1.56
1.11775422096	-0.016	0.084	-1.56
1.11967802048	-0.016	0.084	-1.56
1.12160205841	-0.024	-0.344	2.044
1.12352609634	-0.024	-0.344	2.044
1.1254491806	-0.024	-0.344	2.044
1.127379179	-0.068	0.124	-1.152
1.12930417061	-0.068	0.124	-1.152
1.13123011589	0.164	-0.224	2.044
1.13316202164	0.164	-0.224	2.044
1.13508605957	0.164	-0.224	2.044
1.13701415062	-0.088	-0.1	1.012
1.13893914223	-0.088	-0.1	1.012
1.14086222649	-0.088	-0.1	1.012
1.14278507233	0.088	-0.072	-0.292
1.14471101761	0.088	-0.072	-0.292
1.14663720131	-0.116	-0.296	2.044
1.14856815338	-0.116	-0.296	2.044
1.15049219131	-0.116	-0.296	2.044
1.15241599083	-0.028	0.1	-1.66
1.15436005592	-0.028	0.1	-1.66
1.15628409386	0.028	-0.236	2.044
1.15821313858	0.028	-0.236	2.044
1.16013622284	0.028	-0.236	2.044
1.16206216812	-0.072	0.088	-0.836
1.16398620605	-0.072	0.088	-0.836
1.16591000557	-0.072	0.088	-0.836
1.16791415215	0.088	-0.184	1.68
1.16984009743	0.088	-0.184	1.68
1.17176318169	-0.112	-0.156	1.484
1.17368817329	-0.112	-0.156	1.484
1.17561221123	-0.112	-0.156	1.484
1.1775431633	-0.004	-0.024	-0.684
1.17946720123	-0.004	-0.024	-0.684
1.18139219284	-0.004	-0.024	-0.684
1.18331599236	0.06	-0.304	2.044
1.18523812294	0.06	-0.304	2.044
1.18717622757	0.016	0.124	-1.676
1.18910002708	0.016	0.124	-1.676
1.19102501869	0.016	0.124	-1.676
1.19294905663	-0.004	-0.316	2.044
1.19487309456	-0.004	-0.316	2.044
1.19679617882	-0.004	-0.316	2.044
1.19872617722	-0.088	0.048	-0.468
1.20064902306	-0.088	0.048	-0.468
1.20257306099	0.028	-0.196	1.228
1.20449614525	0.028	-0.196	1.228
1.20641803741	0.028	-0.196	1.228
1.20834612846	-0.116	-0.2	1.948
1.2102701664	-0.116	-0.2	1.948
1.21219420433	-0.02	-0.004	-1.036
1.21411800385	-0.02	-0.004	-1.036
1.2160410881	-0.02	-0.004	-1.036
1.21797013283	-0.008	-0.408	2.044
1.21989512444	-0.008	-0.408	2.044
1.22182106972	-0.008	-0.408	2.044
1.22374606133	-0.044	0.1	-1.604
1.22566914558	-0.044	0.1	-1.604
1.22760009766	0.1	-0.32	2.044
1.22952222824	0.1	-0.32	2.044
1.23144412041	0.1	-0.32	2.044
1.23336720467	-0.032	0.008	-0.052
1.23528909683	-0.032	0.008	-0.052
1.23721814156	-0.032	0.008	-0.052
1.23914217949	0.024	-0.168	0.744
1.2411031723	0.024	-0.168	0.744
1.24302721024	-0.128	-0.22	2.044
1.24495100975	-0.128	-0.22	2.044
1.24688100815	-0.128	-0.22	2.044
1.24880599976	-0.016	0.052	-1.304
1.25073409081	-0.016	0.052	-1.304
1.25265812874	-0.016	0.052	-1.304
1.25458216667	0.0	-0.372	2.044
1.25649619102	0.0	-0.372	2.044
1.25841617584	-0.076	0.124	-1.476
1.26034116745	-0.076	0.124	-1.476
1.26226401329	-0.076	0.124	-1.476
1.26418709755	0.12	-0.264	2.044
1.26611018181	0.12	-0.264	2.044
1.26803517342	0.12	-0.264	2.044
1.26996207237	-0.064	-0.04	0.4
1.27188515663	-0.064	-0.04	0.4
1.27380800247	0.14	-0.128	0.284
1.27573013306	0.14	-0.128	0.284
1.27765917778	0.14	-0.128	0.284
1.27958106995	-0.128	-0.24	2.044
1.28151416779	-0.128	-0.24	2.044
1.28343820572	-0.128	-0.24	2.044
1.28536105156	-0.016	0.056	-1.504
1.28729104996	-0.016	0.056	-1.504
1.28921699524	-0.04	-0.224	2.044
1.29113912582	-0.04	-0.224	2.044
1.29306316376	-0.04	-0.224	2.044
1.2949950695	-0.068	0.124	-1.244
1.29692602158	-0.068	0.124	-1.244
1.29885005951	0.096	-0.24	2.044
1.30077314377	0.096	-0.24	2.044
1.30269503593	0.096	-0.24	2.044
1.30461812019	-0.1	-0.1	0.868
1.30654120445	-0.1	-0.1	0.868
1.30846500397	-0.1	-0.1	0.868
1.31043601036	0.016	-0.088	-0.16
1.31236410141	0.016	-0.088	-0.16
1.31428599358	-0.016	-0.272	2.044
1.31620907784	-0.016	-0.272	2.044
1.31813907623	-0.016	-0.272	2.044
1.32006216049	0.02	0.12	-1.612
1.32198405266	0.02	0.12	-1.612
1.32390618324	0.02	0.12	-1.612
1.32582712173	0.012	-0.34	2.044
1.32775115967	0.012	-0.34	2.044
1.32967305183	-0.064	0.088	-0.956
1.33159613609	-0.064	0.088	-0.956
1.33352017403	-0.064	0.088	-0.956
1.33544421196	0.024	-0.208	1.844
1.33737301826	0.024	-0.208	1.844
1.33929610252	0.024	-0.208	1.844
1.34122204781	-0.12	-0.132	1.336
1.34314608574	-0.12	-0.132	1.336
1.34507012367	0.008	-0.076	-0.572
1.3469991684	0.008	-0.076	-0.572
1.34894013405	0.008	-0.076	-0.572
1.35086512566	-0.044	-0.368	2.044
1.35278916359	-0.044	-0.368	2.044
1.35471320152	-0.044	-0.368	2.044
1.35663700104	-0.06	0.1	-1.68
1.35856699944	-0.06	0.1	-1.68
1.36049008369	0.132	-0.372	2.044
1.36241221428	0.132	-0.372	2.044
1.36433410645	0.132	-0.372	2.044
1.3662571907	-0.012	0.048	-0.596
1.36818599701	-0.012	0.048	-0.596
1.37011408806	0.06	-0.22	1.372
1.37203621864	0.06	-0.22	1.372
1.37395906448	0.06	-0.22	1.372
1.37588119507	-0.1	-0.188	1.8
1.37780618668	-0.1	-0.188	1.8
1.37973403931	-0.1	-0.188	1.8
1.38165807724	-0.024	-0.008	-0.92
1.38358211517	-0.024	-0.008	-0.92
1.38550806046	-0.052	-0.3	2.044
1.38743805885	-0.052	-0.3	2.044
1.38936209679	-0.052	-0.3	2.044
1.39128708839	-0.04	0.128	-1.64
1.39321112633	-0.04	0.128	-1.64
1.39513516426	-0.04	0.128	-1.64
1.39706420898	0.052	-0.308	2.044
1.3989880085	0.052	-0.308	2.044
1.40091300011	-0.068	0.036	-0.204
1.40284705162	-0.068	0.036	-0.204
1.40477204323	-0.068	0.036	-0.204
1.40669512749	0.16	-0.176	0.9
1.40862417221	0.16	-0.176	0.9
1.41054701805	0.16	-0.176	0.9
1.41246914864	-0.088	-0.22	2.044
1.41439199448	-0.088	-0.22	2.044
1.41631603241	0.036	-0.016	-1.216
1.41824603081	0.036	-0.016	-1.216
1.42017102242	0.036	-0.016	-1.216
1.42209410667	-0.112	-0.236	2.044
1.42401814461	-0.112	-0.236	2.044
1.42594218254	-0.112	-0.236	2.044
1.42789816856	-0.068	0.132	-1.528
1.42982721329	-0.068	0.132	-1.528
1.43175315857	0.116	-0.248	2.044
1.43367505074	0.116	-0.248	2.044
1.43559813499	0.116	-0.248	2.044
1.43752622604	-0.096	-0.032	0.236
1.43945002556	-0.096	-0.032	0.236
1.44137501717	0.064	-0.144	0.436
1.44329619408	0.064	-0.144	0.436
1.44521903992	0.064	-0.144	0.436
1.44714713097	-0.06	-0.248	2.044
1.44907212257	-0.06	-0.248	2.044
1.45099520683	-0.06	-0.248	2.044
1.45291900635	0.036	0.096	-1.448
1.45484209061	0.036	0.096	-1.448
1.45677304268	0.028	-0.348	2.044
1.4587020874	0.028	-0.348	2.044
1.46062707901	0.028	-0.348	2.044
1.46255016327	-0.04	0.116	-1.332
1.4644742012	-0.04	0.116	-1.332
1.46639800072	-0.04	0.116	-1.332
1.46832513809	0.004	-0.256	2.044
1.4702501297	0.004	-0.256	2.044
1.47217202187	-0.112	-0.072	0.696
1.4740960598	-0.112	-0.072	0.696
1.47602009773	-0.112	-0.072	0.696
1.47794818878	0.04	-0.116	-0.02
1.47987222672	0.04	-0.116	-0.02
1.48179507256	0.04	-0.116	-0.02
1.48371720314	-0.076	-0.356	2.044
1.48564100266	-0.076	-0.356	2.044
1.48760104179	-0.052	0.072	-1.612
1.48953104019	-0.052	0.072	-1.612
1.49145507812	-0.052	0.072	-1.612
1.49337911606	0.124	-0.376	2.044
1.49530315399	0.124	-0.376	2.044
1.49723219872	0.124	-0.376	2.044
1.49915504456	-0.024	0.088	-1.056
1.50107908249	-0.024	0.088	-1.056
1.50300216675	0.072	-0.256	1.992
1.50492405891	0.072	-0.256	1.992
1.5068461895	0.072	-0.256	1.992
1.50880408287	-0.072	-0.132	1.184
1.51073813438	-0.072	-0.132	1.184
1.51266217232	0.008	-0.092	-0.44
1.51458621025	0.008	-0.092	-0.44
1.51650905609	0.008	-0.092	-0.44
1.51843619347	-0.1	-0.288	2.044
1.52036309242	-0.1	-0.288	2.044
1.52228713036	-0.1	-0.288	2.044
1.52421021461	-0.016	0.12	-1.688
1.52613401413	-0.016	0.12	-1.688
1.52806401253	0.036	-0.34	2.044
1.52998805046	0.036	-0.34	2.044
1.53191018105	0.036	-0.34	2.044
1.53383207321	-0.076	0.084	-0.72
1.53575611115	-0.076	0.084	-0.72
1.53768610954	-0.076	0.084	-0.72
1.53961014748	0.176	-0.184	1.54
1.54153203964	0.176	-0.184	1.54
1.54345607758	-0.088	-0.168	1.656
1.54538011551	-0.088	-0.168	1.656
1.54731011391	-0.088	-0.168	1.656
1.54923605919	0.056	-0.068	-0.796
1.5511610508	0.056	-0.068	-0.796
1.55308413506	0.056	-0.068	-0.796
1.55500817299	-0.184	-0.28	2.044
1.5569331646	-0.184	-0.28	2.044
1.55885720253	-0.048	0.136	-1.656
1.56078100204	-0.048	0.136	-1.656
1.56270503998	-0.048	0.136	-1.656
1.56463718414	0.128	-0.248	2.044
1.56656002998	0.128	-0.248	2.044
1.56848812103	0.128	-0.248	2.044
1.57041215897	-0.096	0.048	-0.336
1.5723361969	-0.096	0.048	-0.336
1.57425904274	0.08	-0.156	1.064
1.57618117332	0.08	-0.156	1.064
1.57811021805	0.08	-0.156	1.064
1.580037117	-0.096	-0.216	2.044
1.58196210861	-0.096	-0.216	2.044
1.58388614655	-0.096	-0.216	2.044
1.58581018448	0.056	0.028	-1.128
1.58773303032	0.056	0.028	-1.128
1.5896551609	-0.012	-0.328	2.044
1.59157800674	-0.012	-0.328	2.044
1.593501091	-0.012	-0.328	2.044
1.59542417526	-0.024	0.112	-1.56
1.59735512733	-0.024	0.112	-1.56
1.59927821159	0.012	-0.292	2.044
1.60120201111	0.012	-0.292	2.044
1.60312509537	0.012	-0.292	2.044
1.60504722595	-0.1	0.0	0.096
1.60696911812	-0.1	0.0	0.096
1.60888600349	-0.1	0.0	0.096
1.61080312729	0.072	-0.14	0.58
1.61272501945	0.072	-0.14	0.58
1.61464810371	-0.072	-0.272	2.044
1.61657214165	-0.072	-0.272	2.044
1.61851000786	-0.072	-0.272	2.044
1.62043404579	-0.044	0.036	-1.38
1.62235713005	-0.044	0.036	-1.38
1.62428021431	-0.044	0.036	-1.38
1.62620401382	0.036	-0.392	2.044
1.62813210487	0.036	-0.392	2.044
1.63005614281	-0.04	0.108	-1.4
1.63197922707	-0.04	0.108	-1.4
1.63390207291	-0.04	0.108	-1.4
1.63582611084	0.088	-0.28	2.044
1.63775014877	0.088	-0.28	2.044
1.63967514038	0.088	-0.28	2.044
1.64159822464	-0.06	-0.064	0.552
1.64352011681	-0.06	-0.064	0.552
1.64544320107	0.008	-0.1	0.12
1.6473710537	0.008	-0.1	0.12
1.64929318428	0.008	-0.1	0.12
1.65121507645	-0.088	-0.256	2.044
1.65313911438	-0.088	-0.256	2.044
1.65506315231	-0.088	-0.256	2.044
1.65699315071	-0.02	0.104	-1.56
1.65891718864	-0.02	0.104	-1.56
1.66084218025	-0.024	-0.352	2.044
1.66276621819	-0.024	-0.352	2.044
1.6646900177	-0.024	-0.352	2.044
1.66661310196	-0.072	0.112	-1.148
1.66854405403	-0.072	0.112	-1.148
1.67047214508	-0.072	0.112	-1.148
1.67240405083	0.164	-0.244	2.044
1.67432808876	0.164	-0.244	2.044
1.67625021935	-0.076	-0.12	1.024
1.67818021774	-0.076	-0.12	1.024
1.68010306358	-0.076	-0.12	1.024
1.68202710152	0.088	-0.068	-0.3
1.68395018578	0.088	-0.068	-0.3
1.68590521812	-0.12	-0.272	2.044
1.68787407875	-0.12	-0.272	2.044
1.68980121613	-0.12	-0.272	2.044
1.69172501564	-0.02	0.1	-1.648
1.69364905357	-0.02	0.1	-1.648
1.69557309151	-0.02	0.1	-1.648
1.69750404358	0.06	-0.228	2.044
1.69943022728	0.06	-0.228	2.044
1.70135307312	-0.08	0.096	-0.84
1.70327711105	-0.08	0.096	-0.84
1.70520114899	-0.08	0.096	-0.84
1.70713210106	0.1	-0.196	1.668
1.70905613899	0.1	-0.196	1.668
1.71097707748	0.1	-0.196	1.668
1.71290421486	-0.116	-0.16	1.512
1.71483111382	-0.116	-0.16	1.512
1.71675419807	0.032	-0.008	-0.7
1.7186820507	0.032	-0.008	-0.7
1.72060608864	0.032	-0.008	-0.7
1.72252821922	0.004	-0.32	2.044
1.72445011139	0.004	-0.32	2.044
1.72638320923	0.004	-0.32	2.044
1.7283141613	0.0	0.12	-1.68
1.730230093	0.0	0.12	-1.68
1.73214507103	-0.012	-0.304	2.044
1.73406815529	-0.012	-0.304	2.044
1.73599219322	-0.012	-0.304	2.044
1.73792219162	-0.1	0.036	-0.464
1.73984599113	-0.1	0.036	-0.464
1.74176907539	-0.1	0.036	-0.464
1.74369215965	0.044	-0.192	1.216
1.74561405182	0.044	-0.192	1.216
1.74754405022	-0.1	-0.196	1.964
1.74946904182	-0.1	-0.196	1.964
1.75139212608	-0.1	-0.196	1.964
1.75331711769	-0.016	0.004	-1.032
1.75524020195	-0.016	0.004	-1.032
1.75717020035	0.032	-0.408	2.044
1.75909519196	0.032	-0.408	2.044
1.7610180378	0.032	-0.408	2.044
1.76294112206	-0.048	0.112	-1.604
1.76486515999	-0.048	0.112	-1.604
1.76678919792	-0.048	0.112	-1.604
1.76871919632	0.112	-0.324	2.044
1.77064204216	0.112	-0.324	2.044
1.77256512642	-0.028	0.012	-0.052
1.77448821068	-0.028	0.012	-0.052
1.77641201019	-0.028	0.012	-0.052
1.77834415436	0.036	-0.164	0.732
1.78027820587	0.036	-0.164	0.732
1.78220105171	0.036	-0.164	0.732
1.78412413597	-0.12	-0.228	2.044
1.7860481739	-0.12	-0.228	2.044
1.78798103333	-0.012	0.056	-1.304
1.78990721703	-0.012	0.056	-1.304
1.79183220863	-0.012	0.056	-1.304
1.79375600815	-0.02	-0.36	2.044
1.79568004608	-0.02	-0.36	2.044
1.79761099815	-0.02	-0.36	2.044
1.79953503609	-0.076	0.12	-1.468
1.80145907402	-0.076	0.12	-1.468
1.80338215828	0.112	-0.268	2.044
1.80530405045	0.112	-0.268	2.044
1.80722808838	0.112	-0.268	2.044
1.80915021896	-0.06	-0.032	0.396
1.81107401848	-0.06	-0.032	0.396
1.81299805641	-0.06	-0.032	0.396
1.814920187	0.104	-0.128	0.284
1.81684207916	0.104	-0.128	0.284
1.81880116463	-0.108	-0.244	2.044
1.82072520256	-0.108	-0.244	2.044
1.82264900208	-0.108	-0.244	2.044
1.82457304001	-0.024	0.068	-1.508
1.82649612427	-0.024	0.068	-1.508
1.82842516899	0.0	-0.232	2.044
1.83034205437	0.0	-0.232	2.044
1.83225512505	0.0	-0.232	2.044
1.834182024	-0.056	0.116	-1.24
1.83610701561	-0.056	0.116	-1.24
1.83803606033	-0.056	0.116	-1.24
1.83996105194	0.096	-0.22	2.044
1.8418841362	0.096	-0.22	2.044
1.84380602837	-0.12	-0.092	0.864
1.8457300663	-0.12	-0.092	0.864
1.84766411781	-0.12	-0.092	0.864
1.84958910942	0.052	-0.092	-0.176
1.85151314735	0.052	-0.092	-0.176
1.85343599319	0.052	-0.092	-0.176
1.85535812378	-0.028	-0.268	2.044
1.85728907585	-0.028	-0.268	2.044
1.85921216011	0.04	0.112	-1.64
1.86113405228	0.04	0.112	-1.64
1.86305618286	0.04	0.112	-1.64
1.8649790287	-0.028	-0.316	2.044
1.86690306664	-0.028	-0.316	2.044
1.86882805824	-0.028	-0.316	2.044
1.87075209618	-0.08	0.08	-0.944
1.87267613411	-0.08	0.08	-0.944
1.87459921837	0.036	-0.216	1.824
1.87652301788	0.036	-0.216	1.824
1.87845420837	0.036	-0.216	1.824
1.88037705421	-0.12	-0.132	1.348
1.88230204582	-0.12	-0.132	1.348
1.88422703743	-0.12	-0.132	1.348
1.88615012169	-0.004	-0.064	-0.58
1.88809800148	-0.004	-0.064	-0.58
1.89002418518	-0.02	-0.372	2.044
1.89194822311	-0.02	-0.372	2.044
1.89387202263	-0.02	-0.372	2.044
1.89579606056	-0.052	0.12	-1.676
1.89772701263	-0.052	0.12	-1.676
1.89965105057	-0.052	0.12	-1.676
1.90157413483	0.124	-0.368	2.044
1.90349721909	0.124	-0.368	2.044
1.90542006493	-0.02	0.052	-0.588
1.90736103058	-0.02	0.052	-0.588
1.90932416916	-0.02	0.052	-0.588
1.91125011444	0.056	-0.224	1.372
1.91317510605	0.056	-0.224	1.372
1.91509819031	-0.108	-0.188	1.816
1.91702818871	-0.108	-0.188	1.816
1.91895222664	-0.108	-0.188	1.816
1.92087721825	0.004	-0.004	-0.932
1.92280006409	0.004	-0.004	-0.932
1.92472314835	0.004	-0.004	-0.932
1.92664504051	-0.036	-0.34	2.044
1.92857503891	-0.036	-0.34	2.044
1.93049812317	-0.068	0.136	-1.64
1.9324221611	-0.068	0.136	-1.64
1.93434500694	-0.068	0.136	-1.64
1.93626904488	0.068	-0.316	2.044
1.93819904327	0.068	-0.316	2.044
1.94012308121	0.068	-0.316	2.044
1.94205403328	-0.048	0.02	-0.18
1.94397711754	-0.048	0.02	-0.18
1.94590210915	0.12	-0.176	0.888
1.94786715508	0.12	-0.176	0.888
1.94979119301	0.12	-0.176	0.888
1.95171403885	-0.096	-0.224	2.044
1.95363807678	-0.096	-0.224	2.044
1.95556116104	-0.096	-0.224	2.044
1.95748615265	-0.036	0.028	-1.24
1.9594039917	-0.036	0.028	-1.24
1.96132111549	0.004	-0.224	2.044
1.9632370472	0.004	-0.224	2.044
1.96515202522	0.004	-0.224	2.044
1.96707415581	-0.056	0.14	-1.512
1.96900200844	-0.056	0.14	-1.512
1.97092700005	-0.056	0.14	-1.512
1.97285199165	0.06	-0.272	2.044
1.97477507591	0.06	-0.272	2.044
1.9766972065	-0.064	-0.028	0.252
1.9786272049	-0.064	-0.028	0.252
1.98055100441	-0.064	-0.028	0.252
1.98247408867	0.132	-0.14	0.42
1.98439621925	0.132	-0.14	0.42
1.98631811142	-0.116	-0.24	2.044
1.98824810982	-0.116	-0.24	2.044
1.99017214775	-0.116	-0.24	2.044
1.99209618568	0.032	0.044	-1.436
1.99401903152	0.032	0.044	-1.436
1.99595117569	0.032	0.044	-1.436
1.99790906906	-0.056	-0.284	2.044
1.99983310699	-0.056	-0.284	2.044
2.00175714493	-0.064	0.1	-1.308
2.00368118286	-0.064	0.1	-1.308
2.0056040287	-0.064	0.1	-1.308
2.0075340271	0.08	-0.252	2.044
2.00945711136	0.08	-0.252	2.044
2.01138019562	0.08	-0.252	2.044
2.01330208778	-0.128	-0.096	0.736
2.01522612572	-0.128	-0.096	0.736
2.01715612411	0.028	-0.112	-0.056
2.01907920837	0.028	-0.112	-0.056
2.02100300789	0.028	-0.112	-0.056
2.02292609215	-0.044	-0.32	2.044
2.02485013008	-0.044	-0.32	2.044
2.02677702904	-0.044	-0.32	2.044
2.02870321274	-0.012	0.1	-1.616
2.03062605858	-0.012	0.1	-1.616
2.03254914284	0.132	-0.364	2.044
2.0344722271	0.132	-0.364	2.044
2.03639507294	0.132	-0.364	2.044
2.03831911087	-0.032	0.092	-1.032
2.04024219513	-0.032	0.092	-1.032
2.04216504097	-0.032	0.092	-1.032
2.04408812523	0.024	-0.256	1.968
2.04601120949	0.024	-0.256	1.968
2.04793810844	-0.1	-0.132	1.204
2.04987215996	-0.1	-0.132	1.204
2.05179715157	-0.1	-0.132	1.204
2.05371999741	0.008	-0.076	-0.46
2.05564308167	0.008	-0.076	-0.46
2.05757212639	0.008	-0.076	-0.46
2.05949616432	-0.112	-0.364	2.044
2.06142020226	-0.112	-0.364	2.044
2.06334400177	-0.068	0.112	-1.68
2.06526899338	-0.068	0.112	-1.68
2.0671942234	-0.068	0.112	-1.68
2.06913018227	0.076	-0.36	2.044
2.0710542202	0.076	-0.36	2.044
2.07297801971	-0.032	0.084	-0.692
2.07490205765	-0.032	0.084	-0.692
2.07682609558	-0.032	0.084	-0.692
2.0787551403	0.152	-0.22	1.504
2.08067822456	0.152	-0.22	1.504
2.0826010704	0.152	-0.22	1.504
2.08452415466	-0.088	-0.188	1.692
2.08645105362	-0.088	-0.188	1.692
2.08837914467	0.028	-0.064	-0.836
2.09030413628	0.028	-0.064	-0.836
2.09222722054	0.028	-0.064	-0.836
2.09415006638	-0.136	-0.232	2.044
2.09607315063	-0.136	-0.232	2.044
2.09800314903	-0.136	-0.232	2.044
2.09992718697	-0.036	0.116	-1.668
2.1018512249	-0.036	0.116	-1.668
2.10378408432	0.08	-0.3	2.044
2.10570812225	0.08	-0.3	2.044
2.10763716698	0.08	-0.3	2.044
2.10956001282	-0.072	0.048	-0.296
2.11148405075	-0.072	0.048	-0.296
2.11340713501	-0.072	0.048	-0.296
2.11533212662	0.132	-0.172	0.996
2.1172580719	0.132	-0.172	0.996
2.11918020248	-0.076	-0.212	2.044
2.12110519409	-0.076	-0.212	2.044
2.12302803993	-0.076	-0.212	2.044
2.12495207787	0.064	0.012	-1.164
2.12687516212	0.064	0.012	-1.164
2.12879705429	0.064	0.012	-1.164
2.13072013855	-0.108	-0.312	2.044
2.13264417648	-0.108	-0.312	2.044
2.13456702232	-0.048	0.124	-1.564
2.13649106026	-0.048	0.124	-1.564
2.13842010498	-0.048	0.124	-1.564
2.14034414291	0.076	-0.26	2.044
2.14226603508	0.076	-0.26	2.044
2.14418816566	-0.108	-0.028	0.128
2.14611506462	-0.108	-0.028	0.128
2.14804410934	-0.108	-0.028	0.128
2.14996814728	0.052	-0.156	0.544
2.15189099312	0.052	-0.156	0.544
2.1538131237	0.052	-0.156	0.544
2.15573501587	-0.048	-0.276	2.044
2.15767407417	-0.048	-0.276	2.044
2.1596391201	0.004	0.06	-1.404
2.16156411171	0.004	0.06	-1.404
2.16348814964	0.004	0.06	-1.404
2.16540908813	0.096	-0.352	2.044
2.16733908653	0.096	-0.352	2.044
2.16926312447	0.096	-0.352	2.044
2.17118501663	-0.036	0.112	-1.376
2.17310905457	-0.036	0.112	-1.376
2.17503213882	0.0	-0.28	2.044
2.17696213722	0.0	-0.28	2.044
2.17887711525	0.0	-0.28	2.044
2.18079209328	-0.1	-0.064	0.584
2.18271613121	-0.1	-0.064	0.584
2.18464016914	-0.1	-0.064	0.584
2.18656301498	0.028	-0.116	0.088
2.18849110603	0.028	-0.116	0.088
2.1904129982	-0.084	-0.324	2.044
2.19233703613	-0.084	-0.324	2.044
2.19426107407	-0.084	-0.324	2.044
2.19618415833	-0.052	0.088	-1.58
2.19811415672	-0.052	0.088	-1.58
2.20003819466	-0.052	0.088	-1.58
2.20196199417	0.0	-0.38	2.044
2.20387601852	0.0	-0.38	2.044
2.20579409599	-0.048	0.104	-1.12
2.20772600174	-0.048	0.104	-1.12
2.20965099335	-0.048	0.104	-1.12
2.21158409119	0.16	-0.248	2.044
2.21350717545	0.16	-0.248	2.044
2.21543002129	0.16	-0.248	2.044
2.21735906601	-0.064	-0.128	1.072
2.21928405762	-0.064	-0.128	1.072
2.22120809555	0.06	-0.104	-0.356
2.22313117981	0.06	-0.104	-0.356
2.22505402565	0.06	-0.104	-0.356
2.22698307037	-0.16	-0.256	2.044
2.22890710831	-0.16	-0.256	2.044
2.23083019257	-0.028	0.112	-1.668
2.23275399208	-0.028	0.112	-1.668
2.23467803001	-0.028	0.112	-1.668
2.23660516739	0.068	-0.272	2.044
2.23853302002	0.068	-0.272	2.044
2.24045610428	0.068	-0.272	2.044
2.24238014221	-0.072	0.1	-0.8
2.24430322647	-0.072	0.1	-0.8
2.24622607231	0.108	-0.188	1.632
2.24815416336	0.108	-0.188	1.632
2.25007820129	0.108	-0.188	1.632
2.25200104713	-0.096	-0.156	1.548
2.25392508507	-0.096	-0.156	1.548
2.255849123	-0.096	-0.156	1.548
2.25778007507	0.064	-0.036	-0.752
2.25970411301	0.064	-0.036	-0.752
2.26162815094	-0.096	-0.344	2.044
2.26355099678	-0.096	-0.344	2.044
2.26548814774	-0.096	-0.344	2.044
2.26741504669	-0.036	0.12	-1.664
2.2693400383	-0.036	0.12	-1.664
2.27126407623	-0.036	0.12	-1.664
2.27318811417	0.06	-0.268	2.044
2.27511000633	0.06	-0.268	2.044
2.27703905106	-0.1	0.036	-0.42
2.27896308899	-0.1	0.036	-0.42
2.28088617325	-0.1	0.036	-0.42
2.28280806541	0.088	-0.188	1.16
2.28473114967	0.088	-0.188	1.16
2.28665304184	0.088	-0.188	1.16
2.28858208656	-0.104	-0.204	2.0
2.29050302505	-0.104	-0.204	2.0
2.29242300987	0.012	0.012	-1.068
2.29434514046	0.012	0.012	-1.068
2.29627108574	0.012	0.012	-1.068
2.29819917679	0.06	-0.328	2.044
2.30012202263	0.06	-0.328	2.044
2.30204510689	0.06	-0.328	2.044
2.30396699905	-0.016	0.112	-1.588
2.30589008331	-0.016	0.112	-1.588
2.3078520298	0.004	-0.3	2.044
2.30977511406	0.004	-0.3	2.044
2.31169819832	0.004	-0.3	2.044
2.31362009048	-0.08	0.0	0.008
2.31553411484	-0.08	0.0	0.008
2.31745505333	0.032	-0.156	0.668
2.31939506531	0.032	-0.156	0.668
2.32131910324	0.032	-0.156	0.668
2.3232421875	-0.104	-0.236	2.044
2.32516908646	-0.104	-0.236	2.044
2.32709908485	-0.104	-0.236	2.044
2.32902407646	-0.048	0.044	-1.34
2.3309481144	-0.048	0.044	-1.34
2.33287119865	-0.072	-0.408	2.044
2.33479499817	-0.072	-0.408	2.044
2.33671808243	-0.072	-0.408	2.044
2.33864808083	-0.06	0.128	-1.436
2.34057211876	-0.06	0.128	-1.436
2.34249520302	-0.06	0.128	-1.436
2.34441900253	0.148	-0.28	2.044
2.34634208679	0.148	-0.28	2.044
2.34827113152	-0.048	-0.056	0.452
2.35019516945	-0.048	-0.056	0.452
2.35211801529	-0.048	-0.056	0.452
2.35404109955	0.068	-0.132	0.212
2.35596609116	0.068	-0.132	0.212
2.35789513588	0.068	-0.132	0.212
2.35981702805	-0.088	-0.24	2.044
2.36174201965	-0.088	-0.24	2.044
2.36366605759	-0.028	0.076	-1.536
2.36559104919	-0.028	0.076	-1.536
2.36752009392	-0.028	0.076	-1.536
2.36944413185	0.036	-0.256	2.044
2.37136721611	0.036	-0.256	2.044
2.37329816818	0.036	-0.256	2.044
2.37522006035	-0.064	0.12	-1.196
2.37715101242	-0.064	0.12	-1.196
2.37907505035	0.1	-0.216	2.044
2.38099813461	0.1	-0.216	2.044
2.38292002678	0.1	-0.216	2.044
2.38484621048	-0.1	-0.092	0.936
2.38677000999	-0.1	-0.092	0.936
2.38870000839	0.08	-0.052	-0.252
2.39062309265	0.08	-0.052	-0.252
2.39254713058	0.08	-0.052	-0.252
2.39447021484	-0.08	-0.296	2.044
2.39639401436	-0.08	-0.296	2.044
2.39832210541	-0.08	-0.296	2.044
2.40024805069	0.0	0.1	-1.648
2.40216302872	0.0	0.1	-1.648
2.40407705307	-0.04	-0.252	2.044
2.406001091	-0.04	-0.252	2.044
2.40793013573	-0.04	-0.252	2.044
2.40985417366	-0.084	0.096	-0.896
2.4117770195	-0.084	0.096	-0.896
2.41370010376	-0.084	0.096	-0.896
2.41562700272	0.1	-0.18	1.764
2.41755700111	0.1	-0.18	1.764
2.4194791317	-0.124	-0.144	1.416
2.42140412331	-0.124	-0.144	1.416
2.42332720757	-0.124	-0.144	1.416
2.42525219917	-0.028	-0.024	-0.62
2.42719221115	-0.028	-0.024	-0.62
2.42911720276	-0.028	-0.024	-0.62
2.43104219437	0.072	-0.312	2.044
2.43296504021	0.072	-0.312	2.044
2.43488812447	0.0	0.104	-1.676
2.43680214882	0.0	0.104	-1.676
2.43872308731	0.0	0.104	-1.676
2.44063806534	0.016	-0.336	2.044
2.44260001183	0.016	-0.336	2.044
2.44452905655	0.016	-0.336	2.044
2.44645404816	-0.08	0.048	-0.54
2.44838213921	-0.08	0.048	-0.54
2.45030713081	0.024	-0.208	1.288
2.45223021507	0.024	-0.208	1.288
2.45415210724	0.024	-0.208	1.288
2.4560751915	-0.124	-0.196	1.896
2.4580039978	-0.124	-0.196	1.896
2.45992922783	-0.124	-0.196	1.896
2.46185207367	0.008	0.0	-0.996
2.46376609802	0.008	0.0	-0.996
2.46568107605	-0.024	-0.412	2.044
2.46760511398	-0.024	-0.412	2.044
2.46953010559	-0.024	-0.412	2.044
2.47145414352	-0.06	0.124	-1.62
2.47337913513	-0.06	0.124	-1.62
2.47530508041	0.136	-0.324	2.044
2.47723412514	0.136	-0.324	2.044
2.4791572094	0.136	-0.324	2.044
2.48109006882	-0.028	0.024	-0.108
2.48301506042	-0.028	0.024	-0.108
2.48493814468	-0.028	0.024	-0.108
2.48689413071	0.088	-0.172	0.808
2.48881912231	0.088	-0.172	0.808
2.49074220657	-0.116	-0.22	2.044
2.49266505241	-0.116	-0.22	2.044
2.49458813667	-0.116	-0.22	2.044
2.49651217461	-0.036	0.028	-1.252
2.49844121933	-0.036	0.028	-1.252
2.50036406517	-0.036	0.028	-1.252
2.5022881031	0.004	-0.26	2.044
2.50421309471	0.004	-0.26	2.044
2.50613617897	-0.064	0.128	-1.5
2.50806117058	-0.064	0.128	-1.5
2.50998210907	-0.064	0.128	-1.5
2.51190209389	0.064	-0.256	2.044
2.51382422447	0.064	-0.256	2.044
2.51574707031	0.064	-0.256	2.044
2.51767611504	-0.104	-0.028	0.324
2.5195991993	-0.104	-0.028	0.324
2.5215241909	0.124	-0.124	0.344
2.52344703674	0.124	-0.124	0.344
2.52536821365	0.124	-0.124	0.344
2.52729701996	-0.12	-0.24	2.044
2.52922105789	-0.12	-0.24	2.044
2.53114414215	-0.12	-0.24	2.044
2.53306722641	0.032	0.04	-1.472
2.53500199318	0.032	0.04	-1.472
2.53693199158	-0.084	-0.24	2.044
2.53885602951	-0.084	-0.24	2.044
2.54077911377	-0.084	-0.24	2.044
2.54270219803	-0.068	0.1	-1.28
2.54462599754	-0.068	0.1	-1.28
2.54655003548	0.1	-0.232	2.044
2.5484790802	0.1	-0.232	2.044
2.55040216446	0.1	-0.232	2.044
2.5523250103	-0.1	-0.1	0.808
2.55424904823	-0.1	-0.1	0.808
2.55617117882	-0.1	-0.1	0.808
2.55809521675	0.012	-0.1	-0.1
2.56001710892	0.012	-0.1	-0.1
2.56194210052	-0.008	-0.268	2.044
2.56386804581	-0.008	-0.268	2.044
2.56579208374	-0.008	-0.268	2.044
2.56772112846	0.032	0.12	-1.628
2.56964421272	0.032	0.12	-1.628
2.57156610489	0.032	0.12	-1.628
2.57348918915	0.068	-0.348	2.044
2.57541203499	0.068	-0.348	2.044
2.57734203339	-0.056	0.088	-1.0
2.5792620182	-0.056	0.088	-1.0
2.58118200302	-0.056	0.088	-1.0
2.58310103416	0.004	-0.24	1.892
2.5850250721	0.004	-0.24	1.892
2.58694911003	0.004	-0.24	1.892
2.58888316154	-0.12	-0.124	1.272
2.59080815315	-0.12	-0.124	1.272
2.59273219109	0.008	-0.08	-0.52
2.59465909004	0.008	-0.08	-0.52
2.59658312798	0.008	-0.08	-0.52
2.59851121902	-0.096	-0.396	2.044
2.60043501854	-0.096	-0.396	2.044
2.6023581028	-0.096	-0.396	2.044
2.60428214073	-0.088	0.12	-1.676
2.60620617867	-0.088	0.12	-1.676
2.60813522339	0.128	-0.368	2.044
2.6100590229	0.128	-0.368	2.044
2.61198210716	0.128	-0.368	2.044
2.61390519142	-0.02	0.068	-0.644
2.61582899094	-0.02	0.068	-0.644
2.61775922775	-0.02	0.068	-0.644
2.61968302727	0.116	-0.216	1.432
2.6216070652	0.116	-0.216	1.432
2.62353301048	-0.088	-0.192	1.76
2.62545704842	-0.088	-0.192	1.76
2.62738704681	-0.088	-0.192	1.76
2.62931108475	0.012	-0.044	-0.888
2.63123607635	0.012	-0.044	-0.888
2.63316011429	-0.072	-0.244	2.044
2.63508319855	-0.072	-0.244	2.044
2.63701200485	-0.072	-0.244	2.044
2.63893604279	-0.036	0.148	-1.648
2.64086008072	-0.036	0.148	-1.648
2.64279317856	-0.036	0.148	-1.648
2.6447160244	0.048	-0.296	2.044
2.64663910866	0.048	-0.296	2.044
2.64856815338	-0.068	0.044	-0.244
2.65049219131	-0.068	0.044	-0.244
2.65241503716	-0.068	0.044	-0.244
2.65434217453	0.148	-0.168	0.952
2.6562640667	0.148	-0.168	0.952
2.65819215775	0.148	-0.168	0.952
2.66011500359	-0.088	-0.204	2.044
2.66203999519	-0.088	-0.204	2.044
2.66396522522	0.036	-0.004	-1.192
2.66588807106	0.036	-0.004	-1.192
2.66788911819	0.036	-0.004	-1.192
2.66981720924	-0.124	-0.256	2.044
2.67174100876	-0.124	-0.256	2.044
2.67366504669	-0.124	-0.256	2.044
2.67558813095	-0.064	0.124	-1.532
2.67751312256	-0.064	0.124	-1.532
2.67943620682	0.116	-0.26	2.044
2.68135905266	0.116	-0.26	2.044
2.68328499794	0.116	-0.26	2.044
2.6852080822	-0.104	-0.028	0.2
2.68713212013	-0.104	-0.028	0.2
2.68905520439	-0.104	-0.028	0.2
2.69097709656	0.068	-0.144	0.472
2.69289803505	0.068	-0.144	0.472
2.69482016563	-0.06	-0.264	2.044
2.69675302505	-0.06	-0.264	2.044
2.69868421555	-0.06	-0.264	2.044
2.70060706139	0.032	0.068	-1.444
2.70253014565	0.032	0.068	-1.444
2.70445203781	0.052	-0.34	2.044
2.70637607574	0.052	-0.34	2.044
2.70830416679	0.052	-0.34	2.044
2.71022701263	-0.04	0.116	-1.336
2.71215105057	-0.04	0.116	-1.336
2.71407914162	-0.04	0.116	-1.336
2.71600222588	0.0	-0.26	2.044
2.71792221069	0.0	-0.26	2.044
2.71983718872	-0.12	-0.08	0.664
2.72176218033	-0.12	-0.08	0.664
2.72368502617	-0.12	-0.08	0.664
2.72560811043	0.024	-0.104	0.012
2.72753620148	0.024	-0.104	0.012
2.72945904732	0.024	-0.104	0.012
2.7313811779	-0.08	-0.344	2.044
2.73330402374	-0.08	-0.344	2.044
2.73522806168	-0.06	0.084	-1.604
2.73715901375	-0.06	0.084	-1.604
2.73908305168	-0.06	0.084	-1.604
2.74100518227	0.084	-0.38	2.044
2.7429330349	0.084	-0.38	2.044
2.74485611916	0.084	-0.38	2.044
2.74677801132	-0.04	0.096	-1.084
2.74870920181	-0.04	0.096	-1.084
2.75064206123	0.108	-0.256	2.008
2.75256705284	0.108	-0.256	2.008
2.75449109077	0.108	-0.256	2.008
2.75641322136	-0.08	-0.128	1.144
2.75834107399	-0.08	-0.128	1.144
2.7603161335	-0.08	-0.128	1.144
2.76224207878	0.02	-0.096	-0.408
2.76416611671	0.02	-0.096	-0.408
2.76608920097	-0.124	-0.268	2.044
2.76801800728	-0.124	-0.268	2.044
2.76994299889	-0.124	-0.268	2.044
2.77186608315	-0.036	0.108	-1.672
2.77379417419	-0.036	0.108	-1.672
2.77571702003	0.044	-0.316	2.044
2.77765011787	0.044	-0.316	2.044
2.77957320213	0.044	-0.316	2.044
2.78149414062	-0.076	0.104	-0.756
2.78341722488	-0.076	0.104	-0.756
2.78534007072	-0.076	0.104	-0.756
2.78727006912	0.156	-0.184	1.58
2.78919315338	0.156	-0.184	1.58
2.79111599922	-0.096	-0.172	1.62
2.79304099083	-0.096	-0.172	1.62
2.79496717453	-0.096	-0.172	1.62
2.7968981266	0.076	-0.028	-0.792
2.79882311821	0.076	-0.028	-0.792
2.80074620247	0.076	-0.028	-0.792
2.8026740551	-0.14	-0.312	2.044
2.80460715294	-0.14	-0.312	2.044
2.80652999878	-0.036	0.12	-1.668
2.80845499039	-0.036	0.12	-1.668
2.81037902832	-0.036	0.12	-1.668
2.81230306625	0.116	-0.252	2.044
2.81422710419	0.116	-0.252	2.044
2.81614804268	0.116	-0.252	2.044
2.81807613373	-0.084	0.044	-0.372
2.82000017166	-0.084	0.044	-0.372
2.82192206383	0.08	-0.18	1.08
2.82384419441	0.08	-0.18	1.08
2.82576704025	0.08	-0.18	1.08
2.8276951313	-0.1	-0.2	2.044
2.82961821556	-0.1	-0.2	2.044
2.8315410614	-0.1	-0.2	2.044
2.83346819878	0.036	0.024	-1.1
2.83539009094	0.036	0.024	-1.1
2.83731913567	-0.004	-0.316	2.044
2.83924102783	-0.004	-0.316	2.044
2.84117102623	-0.004	-0.316	2.044
2.8430981636	-0.024	0.12	-1.576
2.84502220154	-0.024	0.12	-1.576
2.84695315361	-0.024	0.12	-1.576
2.84887719154	0.004	-0.284	2.044
2.85079908371	0.004	-0.284	2.044
2.85272121429	-0.1	-0.016	0.064
2.85464501381	-0.1	-0.016	0.064
2.85656714439	-0.1	-0.016	0.064
2.8585050106	0.048	-0.164	0.612
2.86042904854	0.048	-0.164	0.612
2.86235404015	-0.076	-0.284	2.044
2.86427903175	-0.076	-0.284	2.044
2.86620211601	-0.076	-0.284	2.044
2.86812901497	-0.04	0.044	-1.356
2.87005805969	-0.04	0.044	-1.356
2.87198114395	-0.04	0.044	-1.356
2.87390518188	0.012	-0.4	2.044
2.87582802773	0.012	-0.4	2.044
2.87775707245	-0.048	0.116	-1.404
2.87968111038	-0.048	0.116	-1.404
2.88160514832	-0.048	0.116	-1.404
2.88352918625	0.108	-0.28	2.044
2.88545107841	0.108	-0.28	2.044
2.88737916946	0.108	-0.28	2.044
2.8893032074	-0.04	-0.06	0.52
2.89122605324	-0.04	-0.06	0.52
2.89315104485	0.028	-0.132	0.156
2.8950741291	0.028	-0.132	0.156
2.89700222015	0.028	-0.132	0.156
2.89892506599	-0.08	-0.244	2.044
2.90084910393	-0.08	-0.244	2.044
2.90277218819	-0.08	-0.244	2.044
2.90469503403	-0.024	0.084	-1.544
2.90661907196	-0.024	0.084	-1.544
2.90854716301	-0.008	-0.324	2.044
2.91047120094	-0.008	-0.324	2.044
2.91240406036	-0.008	-0.324	2.044
2.91432905197	-0.072	0.124	-1.164
2.91625213623	-0.072	0.124	-1.164
2.91818118095	-0.072	0.124	-1.164
2.92010617256	0.156	-0.228	2.044
2.92203211784	0.156	-0.228	2.044
2.9239552021	-0.088	-0.116	1.004
2.92587804794	-0.088	-0.116	1.004
2.92780208588	-0.088	-0.116	1.004
2.92972922325	0.072	-0.064	-0.3
2.93165206909	0.072	-0.064	-0.3
2.93357515335	0.072	-0.064	-0.3
2.93549799919	-0.108	-0.3	2.044
2.93742799759	-0.108	-0.3	2.044
2.93935203552	-0.028	0.1	-1.656
2.94127511978	-0.028	0.1	-1.656
2.94319915771	-0.028	0.1	-1.656
2.94512200356	0.032	-0.232	2.044
2.94704604149	0.032	-0.232	2.044
2.94896817207	-0.08	0.092	-0.856
2.95089221001	-0.08	0.092	-0.856
2.95281910896	-0.08	0.092	-0.856
2.9547431469	0.1	-0.192	1.704
2.95666503906	0.1	-0.192	1.704
2.95858621597	0.1	-0.192	1.704
2.96050310135	-0.112	-0.148	1.48
2.96242022514	-0.112	-0.148	1.48
2.96433711052	0.04	-0.032	-0.672
2.9662630558	0.04	-0.032	-0.672
2.96819019318	0.04	-0.032	-0.672
2.97011518478	0.012	-0.308	2.044
2.97203803062	0.012	-0.308	2.044
2.97396111488	0.012	-0.308	2.044
2.97588300705	-0.004	0.108	-1.676
2.97780799866	-0.004	0.108	-1.676
2.97973418236	-0.008	-0.3	2.044
2.98166012764	-0.008	-0.3	2.044
2.9835832119	-0.008	-0.3	2.044
2.98550701141	-0.1	0.04	-0.476
2.98743700981	-0.1	0.04	-0.476
2.98936104774	-0.1	0.04	-0.476
2.991284132	0.056	-0.2	1.232
2.99320721626	0.056	-0.2	1.232
2.99512910843	-0.116	-0.2	1.952
2.99705910683	-0.116	-0.2	1.952
2.99898314476	-0.116	-0.2	1.952
3.0009059906	-0.024	0.008	-1.024
3.00283002853	-0.024	0.008	-1.024
3.00475215912	-0.024	0.008	-1.024
3.00667500496	0.024	-0.4	2.044
3.00860309601	0.024	-0.4	2.044
3.01052713394	-0.04	0.116	-1.616
3.01245307922	-0.04	0.116	-1.616
3.01437711716	-0.04	0.116	-1.616
3.01630115509	0.112	-0.316	2.044
3.01822805405	0.112	-0.316	2.044
3.02016115189	0.112	-0.316	2.044
3.02208399773	-0.044	0.0	-0.064
3.02399921417	-0.044	0.0	-0.064
3.02591514587	0.036	-0.172	0.736
3.02787208557	0.036	-0.172	0.736
3.02979516983	0.036	-0.172	0.736
3.03171801567	-0.12	-0.216	2.044
3.0336420536	-0.12	-0.216	2.044
3.03556513786	-0.04	0.06	-1.292
3.03749608994	-0.04	0.06	-1.292
3.03941917419	-0.04	0.06	-1.292
3.04134607315	-0.008	-0.344	2.044
3.04327106476	-0.008	-0.344	2.044
3.04519510269	-0.008	-0.344	2.044
3.04712510109	-0.072	0.14	-1.472
3.04904913902	-0.072	0.14	-1.472
3.05097413063	0.1	-0.26	2.044
3.0528960228	0.1	-0.26	2.044
3.05481815338	0.1	-0.26	2.044
3.05674004555	-0.064	-0.036	0.396
3.05867099762	-0.064	-0.036	0.396
3.06059408188	-0.064	-0.036	0.396
3.06251716614	0.128	-0.132	0.28
3.0644390583	0.128	-0.132	0.28
3.0663599968	-0.108	-0.252	2.044
3.0682861805	-0.108	-0.252	2.044
3.07021403313	-0.108	-0.252	2.044
3.07214021683	-0.008	0.06	-1.512
3.07408499718	-0.008	0.06	-1.512
3.07600808144	-0.008	0.06	-1.512
3.07793712616	-0.024	-0.216	2.044
3.07986116409	-0.024	-0.216	2.044
3.08178400993	-0.064	0.12	-1.24
3.08370709419	-0.064	0.12	-1.24
3.08563017845	-0.064	0.12	-1.24
3.08755922318	0.092	-0.22	2.044
3.08948206902	0.092	-0.22	2.044
3.09140300751	0.092	-0.22	2.044
3.09332513809	-0.112	-0.108	0.876
3.09524917603	-0.112	-0.108	0.876
3.09717917442	0.04	-0.084	-0.176
3.09910321236	0.04	-0.084	-0.176
3.10103201866	0.04	-0.084	-0.176
3.10295605659	-0.032	-0.28	2.044
3.10488009453	-0.032	-0.28	2.044
3.10680413246	0.016	0.104	-1.64
3.10873222351	0.016	0.104	-1.64
3.11065411568	0.016	0.104	-1.64
3.11257600784	-0.048	-0.304	2.044
3.11450004578	-0.048	-0.304	2.044
3.11642313004	-0.048	-0.304	2.044
3.11840319633	-0.08	0.076	-0.94
3.12033009529	-0.08	0.076	-0.94
3.1222550869	0.06	-0.22	1.824
3.12417817116	0.06	-0.22	1.824
3.126101017	0.06	-0.22	1.824
3.12803912163	-0.124	-0.128	1.356
3.12996411324	-0.124	-0.128	1.356
3.13189220428	-0.124	-0.128	1.356
3.13381719589	-0.012	-0.06	-0.588
3.13574099541	-0.012	-0.06	-0.588
3.13766717911	-0.004	-0.352	2.044
3.13959121704	-0.004	-0.352	2.044
3.14151406288	-0.004	-0.352	2.044
3.14343714714	-0.044	0.116	-1.676
3.14536213875	-0.044	0.116	-1.676
3.14728713036	-0.044	0.116	-1.676
3.14921116829	0.12	-0.36	2.044
3.15113306046	0.12	-0.36	2.044
3.15305614471	-0.016	0.052	-0.58
3.15497899055	-0.016	0.052	-0.58
3.15690302849	-0.016	0.052	-0.58
3.1588280201	0.048	-0.216	1.36
3.1607542038	0.048	-0.216	1.36
3.16267800331	0.048	-0.216	1.36
3.16460108757	-0.096	-0.2	1.832
3.1665251255	-0.096	-0.2	1.832
3.16845417023	-0.008	-0.02	-0.94
3.17037916183	-0.008	-0.02	-0.94
3.17230200768	-0.008	-0.02	-0.94
3.17422604561	-0.032	-0.348	2.044
3.17614912987	-0.032	-0.348	2.044
3.17808008194	-0.072	0.132	-1.628
3.18000507355	-0.072	0.132	-1.628
3.18193912506	-0.072	0.132	-1.628
3.18386316299	0.084	-0.312	2.044
3.18578600883	0.084	-0.312	2.044
3.18771409988	0.084	-0.312	2.044
3.18963813782	-0.052	0.044	-0.172
3.19156503677	-0.052	0.044	-0.172
3.19348907471	0.148	-0.176	0.872
3.19541120529	0.148	-0.176	0.872
3.19734120369	0.148	-0.176	0.872
3.19926309586	-0.092	-0.212	2.044
3.20118808746	-0.092	-0.212	2.044
3.2031121254	-0.092	-0.212	2.044
3.20503520966	-0.016	-0.012	-1.236
3.20696616173	-0.016	-0.012	-1.236
3.20889210701	-0.036	-0.224	2.044
3.21081614494	-0.036	-0.224	2.044
3.21273899078	-0.036	-0.224	2.044
3.21466302872	-0.052	0.132	-1.516
3.21658611298	-0.052	0.132	-1.516
3.21851420403	-0.052	0.132	-1.516
3.22044205666	0.08	-0.268	2.044
3.22236418724	0.08	-0.268	2.044
3.22428703308	-0.1	-0.024	0.272
3.22621107101	-0.1	-0.024	0.272
3.22813916206	-0.1	-0.024	0.272
3.2300632	0.116	-0.128	0.4
3.23198604584	0.116	-0.128	0.4
3.23390817642	0.116	-0.128	0.4
3.23583912849	-0.108	-0.244	2.044
3.23776912689	-0.108	-0.244	2.044
3.23969316483	0.044	0.08	-1.468
3.24161720276	0.044	0.08	-1.468
3.2435400486	0.044	0.08	-1.468
3.24546003342	-0.048	-0.296	2.044
3.24739122391	-0.048	-0.296	2.044
3.24931502342	-0.048	-0.296	2.044
3.25124120712	-0.06	0.1	-1.316
3.25316500664	-0.06	0.1	-1.316
3.25508904457	0.064	-0.24	2.044
3.25701808929	0.064	-0.24	2.044
3.25894117355	0.064	-0.24	2.044
3.26086306572	-0.108	-0.076	0.744
3.26278614998	-0.108	-0.076	0.744
3.26471018791	0.032	-0.112	-0.06
3.26663422585	0.032	-0.112	-0.06
3.26856422424	0.032	-0.112	-0.06
3.2704911232	-0.028	-0.308	2.044
3.27241516113	-0.028	-0.308	2.044
3.27433800697	-0.028	-0.308	2.044
3.27626204491	-0.028	0.104	-1.616
3.2781920433	-0.028	0.104	-1.616
3.28012013435	0.132	-0.356	2.044
3.28204321861	0.132	-0.356	2.044
3.28396606445	0.132	-0.356	2.044
3.28588914871	-0.036	0.084	-1.028
3.28785514832	-0.036	0.084	-1.028
3.28979802132	-0.036	0.084	-1.028
3.29172205925	0.016	-0.252	1.952
3.29364609718	0.016	-0.252	1.952
3.29556822777	-0.108	-0.128	1.22
3.29749822617	-0.108	-0.128	1.22
3.29942202568	-0.108	-0.128	1.22
3.30134606361	0.016	-0.08	-0.48
3.30326914787	0.016	-0.08	-0.48
3.30519318581	0.016	-0.08	-0.48
3.30711722374	-0.128	-0.344	2.044
3.30904006958	-0.128	-0.344	2.044
3.31096720695	-0.06	0.124	-1.676
3.3128900528	-0.06	0.124	-1.676
3.31481409073	-0.06	0.124	-1.676
3.31673717499	0.064	-0.356	2.044
3.31866621971	0.064	-0.356	2.044
3.32058811188	0.064	-0.356	2.044
3.32251119614	-0.036	0.076	-0.692
3.32443499565	-0.036	0.076	-0.692
3.32635903358	0.164	-0.212	1.504
3.32828807831	0.164	-0.212	1.504
3.33021020889	0.164	-0.212	1.504
3.33213305473	-0.08	-0.172	1.704
3.33405709267	-0.08	-0.172	1.704
3.3359811306	0.024	-0.064	-0.852
3.33791017532	0.024	-0.064	-0.852
3.33983707428	0.024	-0.064	-0.852
3.34176111221	-0.144	-0.232	2.044
3.34369516373	-0.144	-0.232	2.044
3.34562015533	-0.144	-0.232	2.044
3.34755015373	-0.036	0.14	-1.652
3.34947514534	-0.036	0.14	-1.652
3.35139799118	0.1	-0.28	2.044
3.35332107544	0.1	-0.28	2.044
3.3552441597	0.1	-0.28	2.044
3.35717320442	-0.08	0.044	-0.3
3.35909605026	-0.08	0.044	-0.3
3.3610200882	-0.08	0.044	-0.3
3.36294317245	0.108	-0.164	1.0
3.36486411095	0.108	-0.164	1.0
3.36678314209	-0.1	-0.216	2.044
3.36871314049	-0.1	-0.216	2.044
3.37064003944	-0.1	-0.216	2.044
3.3725631237	0.056	0.024	-1.16
3.37448620796	0.056	0.024	-1.16
3.37640810013	0.056	0.024	-1.16
3.37833714485	-0.068	-0.312	2.044
3.38026118279	-0.068	-0.312	2.044
3.38218402863	-0.044	0.128	-1.548
3.38410806656	-0.044	0.128	-1.548
3.38603210449	-0.044	0.128	-1.548
3.38796114922	0.052	-0.264	2.044
3.38988399506	0.052	-0.264	2.044
3.39180707932	0.052	-0.264	2.044
3.39372801781	-0.104	-0.024	0.124
3.39565110207	-0.104	-0.024	0.124
3.39759016037	0.096	-0.168	0.52
3.39951610565	0.096	-0.168	0.52
3.40144109726	0.096	-0.168	0.52
3.40336203575	-0.036	-0.288	2.044
3.40528607368	-0.036	-0.288	2.044
3.40721511841	-0.036	-0.288	2.044
3.40913915634	-0.008	0.044	-1.404
3.41106319427	-0.008	0.044	-1.404
3.41298699379	0.096	-0.368	2.044
3.4149081707	0.096	-0.368	2.044
3.41683101654	0.096	-0.368	2.044
3.42571210861	0.024	-0.28	2.044
3.4277369976	-0.08	-0.072	0.608
3.42966914177	-0.08	-0.072	0.608
3.43159508705	-0.08	-0.072	0.608
3.43351912498	0.024	-0.12	0.092
3.43544816971	0.024	-0.12	0.092
3.43738722801	0.024	-0.12	0.092
3.43930912018	-0.1	-0.312	2.044
3.44123411179	-0.1	-0.312	2.044
3.44315814972	-0.052	0.084	-1.572
3.44508314133	-0.052	0.084	-1.572
3.44701313972	-0.052	0.084	-1.572
3.44893717766	-0.012	-0.388	2.044
3.45086216927	-0.012	-0.388	2.044
3.4527862072	-0.012	-0.388	2.044
3.45471119881	-0.08	0.1	-1.112
3.45663499832	-0.08	0.1	-1.112
3.45859408379	0.164	-0.248	2.044
3.46051907539	0.164	-0.248	2.044
3.46244215965	0.164	-0.248	2.044
3.46436405182	-0.06	-0.128	1.088
3.46629309654	-0.06	-0.128	1.088
3.46822309494	-0.06	-0.128	1.088
3.47014904022	0.04	-0.084	-0.356
3.47207212448	0.04	-0.084	-0.356
3.47399520874	-0.124	-0.256	2.044
3.47591900826	-0.124	-0.256	2.044
3.47789216042	-0.124	-0.256	2.044
3.47981715202	-0.028	0.112	-1.656
3.48174309731	-0.028	0.112	-1.656
3.48366713524	0.076	-0.272	2.044
3.4855902195	0.076	-0.272	2.044
3.4875190258	0.076	-0.272	2.044
3.48944211006	-0.072	0.104	-0.792
3.49136519432	-0.072	0.104	-0.792
3.49328804016	-0.072	0.104	-0.792
3.49521207809	0.124	-0.188	1.632
3.49714612961	0.124	-0.188	1.632
3.49907016754	-0.092	-0.176	1.56
3.50099515915	-0.092	-0.176	1.56
3.50291919708	-0.092	-0.176	1.56
3.50484418869	0.08	-0.028	-0.736
3.5067691803	0.08	-0.028	-0.736
3.5086991787	0.08	-0.028	-0.736
3.5106241703	-0.076	-0.332	2.044
3.51255702972	-0.076	-0.332	2.044
3.51448202133	-0.02	0.108	-1.672
3.51640605927	-0.02	0.108	-1.672
3.51833510399	-0.02	0.108	-1.672
3.52025818825	0.052	-0.264	2.044
3.52218103409	0.052	-0.264	2.044
3.52410411835	0.052	-0.264	2.044
3.52603006363	-0.092	0.048	-0.408
3.52801609039	-0.092	0.048	-0.408
3.52994322777	0.084	-0.18	1.14
3.53186702728	0.084	-0.18	1.14
3.53379011154	0.084	-0.18	1.14
3.5357131958	-0.108	-0.208	2.016
3.53764414787	-0.108	-0.208	2.016
3.53956913948	-0.108	-0.208	2.016
3.54149317741	0.004	0.024	-1.088
3.54341506958	0.004	0.024	-1.088
3.54533815384	0.048	-0.356	2.044
3.54726719856	0.048	-0.356	2.044
3.54919099808	0.048	-0.356	2.044
3.55111408234	-0.016	0.116	-1.596
3.55303812027	-0.016	0.116	-1.596
3.55496120453	0.004	-0.312	2.044
3.55688905716	0.004	-0.312	2.044
3.55881309509	0.004	-0.312	2.044
3.56073522568	-0.076	-0.016	0.012
3.56265807152	-0.076	-0.016	0.012
3.56458115578	-0.076	-0.016	0.012
3.5665140152	0.036	-0.156	0.668
3.56844210625	0.036	-0.156	0.668
3.57036519051	-0.092	-0.252	2.044
3.57228922844	-0.092	-0.252	2.044
3.57421302795	-0.092	-0.252	2.044
3.57613706589	-0.016	0.048	-1.32
3.57806611061	-0.016	0.048	-1.32
3.57999014854	-0.016	0.048	-1.32
3.58191299438	-0.048	-0.408	2.044
3.58383703232	-0.048	-0.408	2.044
3.58576416969	-0.068	0.116	-1.436
3.5876891613	-0.068	0.116	-1.436
3.58961319923	-0.068	0.116	-1.436
3.59153699875	0.148	-0.292	2.044
3.59345912933	0.148	-0.292	2.044
3.59538221359	0.148	-0.292	2.044
3.59731006622	-0.052	-0.048	0.476
3.59923505783	-0.052	-0.048	0.476
3.60115814209	0.06	-0.116	0.192
3.60307908058	0.06	-0.116	0.192
3.60500121117	0.06	-0.116	0.192
3.6069290638	-0.088	-0.244	2.044
3.60885310173	-0.088	-0.244	2.044
3.61077713966	-0.088	-0.244	2.044
3.6127011776	-0.028	0.076	-1.54
3.61462402344	-0.028	0.076	-1.54
3.61655211449	0.016	-0.272	2.044
3.61848020554	0.016	-0.272	2.044
3.62041306496	0.016	-0.272	2.044
3.62233614922	-0.068	0.124	-1.204
3.62426018715	-0.068	0.124	-1.204
3.62618517876	-0.068	0.124	-1.204
3.62811303139	0.104	-0.224	2.044
3.63003802299	0.104	-0.224	2.044
3.63196015358	-0.108	-0.1	0.94
3.63388419151	-0.108	-0.1	0.94
3.63580799103	-0.108	-0.1	0.94
3.63773822784	0.08	-0.068	-0.24
3.63966202736	0.08	-0.068	-0.24
3.64158606529	-0.068	-0.296	2.044
3.64351010323	-0.068	-0.296	2.044
3.64543700218	-0.068	-0.296	2.044
3.64737010002	0.008	0.12	-1.652
3.64929318428	0.008	0.12	-1.652
3.65121507645	0.008	0.12	-1.652
3.65313720703	-0.032	-0.272	2.044
3.6550590992	-0.032	-0.272	2.044
3.6569890976	-0.088	0.076	-0.896
3.65891218185	-0.088	0.076	-0.896
3.66083621979	-0.088	0.076	-0.896
3.6627600193	0.088	-0.192	1.756
3.66468214989	0.088	-0.192	1.756
3.66660404205	0.088	-0.192	1.756
3.66853022575	-0.128	-0.136	1.424
3.67045807838	-0.128	-0.136	1.424
3.67238116264	-0.016	-0.032	-0.636
3.67431616783	-0.016	-0.032	-0.636
3.67624402046	-0.016	-0.032	-0.636
3.67817521095	0.064	-0.308	2.044
3.68009901047	0.064	-0.308	2.044
3.68202209473	0.064	-0.308	2.044
3.68394422531	0.008	0.112	-1.668
3.68586802483	0.008	0.112	-1.668
3.68779706955	0.024	-0.336	2.044
3.68972015381	0.024	-0.336	2.044
3.69164204597	0.024	-0.336	2.044
3.69356513023	-0.072	0.052	-0.524
3.69548821449	-0.072	0.052	-0.524
3.69741821289	-0.072	0.052	-0.524
3.69934010506	0.024	-0.216	1.3
3.70126318932	0.024	-0.216	1.3
3.70318412781	-0.1	-0.192	1.86
3.70511102676	-0.1	-0.192	1.86
3.70704102516	-0.1	-0.192	1.86
3.70896601677	-0.02	-0.004	-0.992
3.71088910103	-0.02	-0.004	-0.992
3.71281504631	-0.02	-0.004	-0.992
3.71473908424	-0.02	-0.424	2.044
3.71666312218	-0.02	-0.424	2.044
3.71859312057	-0.068	0.12	-1.624
3.72051715851	-0.068	0.12	-1.624
3.72244119644	-0.068	0.12	-1.624
3.72436404228	0.144	-0.324	2.044
3.72628712654	0.144	-0.324	2.044
3.7282230854	-0.04	0.016	-0.108
3.73014807701	-0.04	0.016	-0.108
3.73207211494	-0.04	0.016	-0.108
3.7339951992	0.084	-0.172	0.812
3.73592114449	0.084	-0.172	0.812
3.73789215088	0.084	-0.172	0.812
3.73981618881	-0.116	-0.208	2.044
3.74173903465	-0.116	-0.208	2.044
3.74366211891	-0.024	0.032	-1.268
3.74558615685	-0.024	0.032	-1.268
3.74751615524	-0.024	0.032	-1.268
3.74943900108	0.02	-0.268	2.044
3.75136113167	0.02	-0.268	2.044
3.75328207016	0.02	-0.268	2.044
3.75520420074	-0.048	0.136	-1.488
3.75713300705	-0.048	0.136	-1.488
3.75905704498	0.068	-0.272	2.044
3.76097917557	0.068	-0.272	2.044
3.76290202141	0.068	-0.272	2.044
3.76482820511	-0.068	-0.024	0.332
3.76675105095	-0.068	-0.024	0.332
3.76868009567	-0.068	-0.024	0.332
3.77060413361	0.112	-0.14	0.352
3.77252721786	0.112	-0.14	0.352
3.77445006371	-0.096	-0.268	2.044
3.77637219429	-0.096	-0.268	2.044
3.77830505371	-0.096	-0.268	2.044
3.78023099899	0.012	0.06	-1.504
3.78216314316	0.012	0.06	-1.504
3.78408503532	0.012	0.06	-1.504
3.78600811958	-0.08	-0.26	2.044
3.78793621063	-0.08	-0.26	2.044
3.78986001015	-0.064	0.112	-1.272
3.79178309441	-0.064	0.112	-1.272
3.79370713234	-0.064	0.112	-1.272
3.79563307762	0.084	-0.24	2.044
3.79756307602	0.084	-0.24	2.044
3.79948616028	-0.116	-0.092	0.804
3.80141115189	-0.116	-0.092	0.804
3.80333518982	-0.116	-0.092	0.804
3.80525922775	0.016	-0.112	-0.12
3.80718302727	0.016	-0.112	-0.12
3.80910801888	0.016	-0.112	-0.12
3.81103014946	-0.012	-0.264	2.044
3.8129529953	-0.012	-0.264	2.044
3.81487703323	0.016	0.108	-1.624
3.81680011749	0.016	0.108	-1.624
3.81872820854	0.016	0.108	-1.624
3.82065010071	0.056	-0.34	2.044
3.82257318497	0.056	-0.34	2.044
3.82449913025	0.056	-0.34	2.044
3.82642412186	-0.048	0.092	-0.988
3.82835412025	-0.048	0.092	-0.988
3.83027815819	0.016	-0.236	1.88
3.83220100403	0.016	-0.236	1.88
3.83412408829	0.016	-0.236	1.88
3.83606505394	-0.116	-0.124	1.284
3.83799600601	-0.116	-0.124	1.284
3.83992099762	-0.116	-0.124	1.284
3.84184622765	0.004	-0.072	-0.524
3.84376907349	0.004	-0.072	-0.524
3.84569215775	-0.104	-0.392	2.044
3.84762215614	-0.104	-0.392	2.044
3.84954714775	-0.104	-0.392	2.044
3.85147118568	-0.052	0.116	-1.684
3.85339403152	-0.052	0.116	-1.684
3.85532212257	-0.052	0.116	-1.684
3.8572511673	0.124	-0.36	2.044
3.85917401314	0.124	-0.36	2.044
3.86109614372	-0.02	0.06	-0.644
3.86302018166	-0.02	0.06	-0.644
3.8649430275	-0.02	0.06	-0.644
3.8668680191	0.096	-0.22	1.424
3.86879205704	0.096	-0.22	1.424
3.87071418762	-0.096	-0.188	1.756
3.87263917923	-0.096	-0.188	1.756
3.87456321716	-0.096	-0.188	1.756
3.87648701668	0.0	-0.044	-0.892
3.87840914726	0.0	-0.044	-0.892
3.88032507896	0.0	-0.044	-0.892
3.88224101067	-0.072	-0.256	2.044
3.88416814804	-0.072	-0.256	2.044
3.88609099388	-0.056	0.132	-1.652
3.8880200386	-0.056	0.132	-1.652
3.88995409012	-0.056	0.132	-1.652
3.89187812805	0.048	-0.308	2.044
3.89380002022	0.048	-0.308	2.044
3.89572310448	0.048	-0.308	2.044
3.8976521492	-0.076	0.052	-0.248
3.89957499504	-0.076	0.052	-0.248
3.90149903297	0.168	-0.168	0.936
3.90342116356	0.168	-0.168	0.936
3.9053440094	0.168	-0.168	0.936
3.90727210045	-0.088	-0.228	2.044
3.90919613838	-0.088	-0.228	2.044
3.91112017632	-0.088	-0.228	2.044
3.91304302216	0.048	0.0	-1.2
3.9149620533	0.048	0.0	-1.2
3.91688418388	-0.136	-0.26	2.044
3.91880917549	-0.136	-0.26	2.044
3.92073202133	-0.136	-0.26	2.044
3.92265510559	-0.052	0.116	-1.536
3.9245800972	-0.052	0.116	-1.536
3.92650222778	-0.052	0.116	-1.536
3.92843103409	0.116	-0.252	2.044
3.93035507202	0.116	-0.252	2.044
3.93227815628	-0.092	-0.028	0.2
3.93420004845	-0.092	-0.028	0.2
3.93612408638	-0.092	-0.028	0.2
3.9380531311	0.056	-0.148	0.48
3.93997621536	0.056	-0.148	0.48
3.9418990612	0.056	-0.148	0.48
3.94383406639	-0.06	-0.268	2.044
3.945759058	-0.06	-0.268	2.044
3.94769001007	0.028	0.068	-1.428
3.94961309433	0.028	0.068	-1.428
3.95153617859	0.028	0.068	-1.428
3.95345807076	0.06	-0.34	2.044
3.95538115501	0.06	-0.34	2.044
3.95731115341	-0.04	0.104	-1.344
3.95922899246	-0.04	0.104	-1.344
3.96114611626	-0.04	0.104	-1.344
3.96306920052	-0.008	-0.264	2.044
3.96498608589	-0.008	-0.264	2.044
3.96694612503	-0.008	-0.264	2.044
3.96887421608	-0.1	-0.072	0.652
3.97080016136	-0.1	-0.072	0.652
3.9727241993	0.044	-0.136	-0.004
3.97466301918	0.044	-0.136	-0.004
3.97658801079	0.044	-0.136	-0.004
3.9785130024	-0.1	-0.356	2.044
3.98049020767	-0.1	-0.356	2.044
3.9824180603	-0.1	-0.356	2.044
3.98434400558	-0.064	0.08	-1.592
3.98626804352	-0.064	0.08	-1.592
3.98819708824	0.1	-0.388	2.044
3.99012112617	0.1	-0.388	2.044
3.99204421043	0.1	-0.388	2.044
3.99396705627	-0.044	0.096	-1.072
3.99589109421	-0.044	0.096	-1.072
3.99785900116	-0.044	0.096	-1.072
3.99978399277	0.08	-0.252	2.028
4.0017080307	0.08	-0.252	2.028
4.00363516808	-0.084	-0.132	1.148
4.00555920601	-0.084	-0.132	1.148
4.00748920441	-0.084	-0.132	1.148
4.00941300392	0.016	-0.076	-0.384
4.01133799553	0.016	-0.076	-0.384
4.01326203346	0.016	-0.076	-0.384
4.01518511772	-0.096	-0.276	2.044
4.01711511612	-0.096	-0.276	2.044
4.01903915405	-0.024	0.108	-1.672
4.02096414566	-0.024	0.108	-1.672
4.02288818359	-0.024	0.108	-1.672
4.02481222153	0.04	-0.32	2.044
4.02673602104	0.04	-0.32	2.044
4.02866411209	-0.072	0.108	-0.748
4.03058815002	-0.072	0.108	-0.748
4.03251218796	-0.072	0.108	-0.748
4.03443813324	0.16	-0.184	1.576
4.03636217117	0.16	-0.184	1.576
4.0382912159	0.16	-0.184	1.576
4.04021406174	-0.08	-0.16	1.624
4.04213905334	-0.08	-0.16	1.624
4.0440621376	0.076	-0.064	-0.784
4.04598617554	0.076	-0.064	-0.784
4.04791522026	0.076	-0.064	-0.784
4.04983901978	-0.168	-0.3	2.044
4.05178117752	-0.168	-0.3	2.044
4.05370616913	-0.168	-0.3	2.044
4.05562901497	-0.052	0.12	-1.664
4.05755400658	-0.052	0.12	-1.664
4.05947804451	0.116	-0.252	2.044
4.06140208244	0.116	-0.252	2.044
4.06332802773	0.116	-0.252	2.044
4.06525111198	-0.08	0.036	-0.364
4.06717514992	-0.08	0.036	-0.364
4.06910014153	-0.08	0.036	-0.364
4.07102417946	0.092	-0.176	1.076
4.07294607162	0.092	-0.176	1.076
4.07487010956	-0.116	-0.208	2.044
4.07679319382	-0.116	-0.208	2.044
4.07872319221	-0.116	-0.208	2.044
4.08064699173	0.032	0.056	-1.128
4.08256912231	0.032	0.056	-1.128
4.08449101448	0.032	0.056	-1.128
4.08641314507	0.016	-0.348	2.044
4.08834004402	0.016	-0.348	2.044
4.09026312828	-0.016	0.116	-1.58
4.09218716621	-0.016	0.116	-1.58
4.09411406517	-0.016	0.116	-1.58
4.0960381031	-0.016	-0.28	2.044
4.09796619415	-0.016	-0.28	2.044
4.09989118576	-0.1	-0.02	0.06
4.10181212425	-0.1	-0.02	0.06
4.10373401642	-0.1	-0.02	0.06
4.10566711426	0.06	-0.16	0.616
4.10759615898	0.06	-0.16	0.616
4.10951900482	0.06	-0.16	0.616
4.11144113541	-0.068	-0.26	2.044
4.11336421967	-0.068	-0.26	2.044
4.11528801918	-0.016	0.016	-1.352
4.11721801758	-0.016	0.016	-1.352
4.11914110184	-0.016	0.016	-1.352
4.1210641861	0.036	-0.388	2.044
4.12299013138	0.036	-0.388	2.044
4.12491321564	0.036	-0.388	2.044
4.12683606148	-0.024	0.104	-1.4
4.12879610062	-0.024	0.104	-1.4
4.13072013855	0.088	-0.284	2.044
4.13264322281	0.088	-0.284	2.044
4.13456511497	0.088	-0.284	2.044
4.13648819923	-0.068	-0.064	0.532
4.13841605186	-0.068	-0.064	0.532
4.14033913612	-0.068	-0.064	0.532
4.14226102829	0.016	-0.112	0.14
4.14418315887	0.016	-0.112	0.14
4.14610505104	-0.084	-0.252	2.044
4.14803314209	-0.084	-0.252	2.044
4.1499581337	-0.084	-0.252	2.044
4.15188121796	-0.024	0.088	-1.556
4.15380811691	-0.024	0.088	-1.556
4.15573120117	-0.024	0.088	-1.556
4.15766119957	-0.028	-0.344	2.044
4.15959501266	-0.028	-0.344	2.044
4.1615190506	-0.076	0.116	-1.172
4.16344404221	-0.076	0.116	-1.172
4.16536808014	-0.076	0.116	-1.172
4.16729903221	0.148	-0.224	2.044
4.16922211647	0.148	-0.224	2.044
4.17114520073	0.148	-0.224	2.044
4.1730670929	-0.068	-0.108	1.012
4.17499113083	-0.068	-0.108	1.012
4.17692017555	0.092	-0.068	-0.292
4.17884421349	0.092	-0.068	-0.292
4.18076705933	0.092	-0.068	-0.292
4.1826941967	-0.104	-0.296	2.044
4.18462014198	-0.104	-0.296	2.044
4.18654417992	-0.044	0.104	-1.636
4.18847417831	-0.044	0.104	-1.636
4.19039916992	-0.044	0.104	-1.636
4.19232320786	0.032	-0.248	2.044
4.19424510002	0.032	-0.248	2.044
4.19616699219	0.032	-0.248	2.044
4.19809508324	-0.068	0.104	-0.86
4.20001912117	-0.068	0.104	-0.86
4.20194411278	0.092	-0.192	1.696
4.20386600494	0.092	-0.192	1.696
4.2057890892	0.092	-0.192	1.696
4.2077190876	-0.108	-0.16	1.48
4.20964312553	-0.108	-0.16	1.48
4.21156716347	-0.108	-0.16	1.48
4.21350312233	0.008	-0.008	-0.692
4.21542716026	0.008	-0.008	-0.692
4.21735811234	0.052	-0.308	2.044
4.21928119659	0.052	-0.308	2.044
4.22120308876	0.052	-0.308	2.044
4.22312617302	0.004	0.116	-1.672
4.22504806519	0.004	0.116	-1.672
4.22697710991	0.004	0.116	-1.672
4.22890019417	-0.02	-0.304	2.044
4.23082304001	-0.02	-0.304	2.044
4.23274803162	-0.1	0.044	-0.492
4.23467111588	-0.1	0.044	-0.492
4.23659420013	-0.1	0.044	-0.492
4.23852300644	0.06	-0.188	1.248
4.24044704437	0.06	-0.188	1.248
4.24237322807	0.06	-0.188	1.248
4.24429607391	-0.124	-0.196	1.928
4.24622106552	-0.124	-0.196	1.928
4.24815011024	-0.036	0.0	-1.044
4.25006604195	-0.036	0.0	-1.044
4.25198101997	-0.036	0.0	-1.044
4.25389719009	0.024	-0.404	2.044
4.25582003593	0.024	-0.404	2.044
4.25774908066	0.024	-0.404	2.044
4.25967311859	-0.024	0.104	-1.608
4.26159620285	-0.024	0.104	-1.608
4.26352000237	0.092	-0.336	2.044
4.26544213295	0.092	-0.336	2.044
4.26737499237	0.092	-0.336	2.044
4.26929807663	-0.032	0.016	-0.056
4.27122116089	-0.032	0.016	-0.056
4.27314710617	0.04	-0.16	0.76
4.27506899834	0.04	-0.16	0.76
4.27699804306	0.04	-0.16	0.76
4.27892112732	-0.14	-0.22	2.044
4.28084421158	-0.14	-0.22	2.044
4.28276801109	-0.14	-0.22	2.044
4.28469204903	-0.012	0.056	-1.296
4.28661513329	-0.012	0.056	-1.296
4.28854513168	-0.02	-0.344	2.044
4.29046916962	-0.02	-0.344	2.044
4.29239201546	-0.02	-0.344	2.044
4.29431605339	-0.08	0.116	-1.472
4.29624009132	-0.08	0.116	-1.472
4.29817008972	-0.08	0.116	-1.472
4.30009508133	0.092	-0.272	2.044
4.30202102661	0.092	-0.272	2.044
4.30394411087	-0.076	-0.04	0.392
4.3058681488	-0.076	-0.04	0.392
4.30779218674	-0.076	-0.04	0.392
4.30971503258	0.12	-0.12	0.284
4.31163716316	0.12	-0.12	0.284
4.31355905533	0.12	-0.12	0.284
4.31547999382	-0.104	-0.244	2.044
4.31740903854	-0.104	-0.244	2.044
4.31933307648	-0.016	0.06	-1.512
4.32127404213	-0.016	0.06	-1.512
4.32319712639	-0.016	0.06	-1.512
4.32512116432	-0.036	-0.22	2.044
4.32705116272	-0.036	-0.22	2.044
4.32897615433	-0.036	-0.22	2.044
4.33089900017	-0.064	0.108	-1.244
4.33282613754	-0.064	0.108	-1.244
4.3347492218	0.104	-0.228	2.044
4.33667206764	0.104	-0.228	2.044
4.33859610558	0.104	-0.228	2.044
4.34051918983	-0.108	-0.1	0.86
4.34244203568	-0.108	-0.1	0.86
4.34436607361	0.032	-0.092	-0.156
4.34629011154	0.032	-0.092	-0.156
4.34821915627	0.032	-0.092	-0.156
4.3501431942	-0.028	-0.26	2.044
4.35206604004	-0.028	-0.26	2.044
4.35399007797	-0.028	-0.26	2.044
4.35591506958	0.032	0.116	-1.644
4.3579211235	0.032	0.116	-1.644
4.35987901688	-0.012	-0.32	2.044
4.36181807518	-0.012	-0.32	2.044
4.3637471199	-0.012	-0.32	2.044
4.36567521095	-0.076	0.08	-0.944
4.3676071167	-0.076	0.08	-0.944
4.36953520775	-0.076	0.08	-0.944
4.37146115303	0.04	-0.216	1.832
4.37338614464	0.04	-0.216	1.832
4.37532114983	-0.116	-0.132	1.324
4.37725615501	-0.116	-0.132	1.324
4.37918305397	-0.116	-0.132	1.324
4.38110899925	-0.024	-0.052	-0.56
4.38303518295	-0.024	-0.052	-0.56
4.38496208191	-0.024	-0.052	-0.56
4.38689613342	-0.016	-0.368	2.044
4.38882303238	-0.016	-0.368	2.044
4.39074921608	-0.032	0.108	-1.68
4.39267802238	-0.032	0.108	-1.68
4.39460611343	-0.032	0.108	-1.68
4.39653205872	0.12	-0.372	2.044
4.39846301079	0.12	-0.372	2.044
4.40038919449	-0.048	0.056	-0.6
4.40231513977	-0.048	0.056	-0.6
4.40424013138	-0.048	0.056	-0.6
4.40616512299	0.04	-0.224	1.372
4.4081120491	0.04	-0.224	1.372
4.41004300117	0.04	-0.224	1.372
4.41196799278	-0.1	-0.192	1.804
4.41389417648	-0.1	-0.192	1.804
4.41581916809	-0.004	-0.008	-0.92
4.4177532196	-0.004	-0.008	-0.92
4.41967916489	-0.004	-0.008	-0.92
4.42160820961	-0.04	-0.336	2.044
4.42353510857	-0.04	-0.336	2.044
4.42546200752	-0.04	-0.336	2.044
4.42739510536	-0.056	0.128	-1.64
4.42933106422	-0.056	0.128	-1.64
4.4312582016	0.056	-0.312	2.044
4.43319702148	0.056	-0.312	2.044
4.43512320518	0.056	-0.312	2.044
4.43705415726	-0.064	0.036	-0.196
4.43898010254	-0.064	0.036	-0.196
4.4409070015	-0.064	0.036	-0.196
4.44283413887	0.148	-0.168	0.912
4.44475913048	0.148	-0.168	0.912
4.44668316841	-0.084	-0.216	2.044
4.44861507416	-0.084	-0.216	2.044
4.45054221153	-0.084	-0.216	2.044
4.45247101784	0.012	-0.004	-1.204
4.45439815521	0.012	-0.004	-1.204
4.45633602142	0.012	-0.004	-1.204
4.45826601982	-0.096	-0.24	2.044
4.46018409729	-0.096	-0.24	2.044
4.46210217476	-0.052	0.128	-1.528
4.46402001381	-0.052	0.128	-1.528
4.46593904495	-0.052	0.128	-1.528
4.46795201302	0.112	-0.248	2.044
4.46988010406	0.112	-0.248	2.044
4.47180509567	-0.096	-0.04	0.232
4.4737341404	-0.096	-0.04	0.232
4.475659132	-0.096	-0.04	0.232
4.47759103775	0.092	-0.132	0.44
4.47951507568	0.092	-0.132	0.44
4.4814491272	0.092	-0.132	0.44
4.48338413239	-0.076	-0.244	2.044
4.48531007767	-0.076	-0.244	2.044
4.48724317551	0.048	0.076	-1.448
4.48928618431	0.048	0.076	-1.448
4.49121499062	0.048	0.076	-1.448
4.49314117432	0.012	-0.34	2.044
4.49506616592	0.012	-0.34	2.044
4.496997118	0.012	-0.34	2.044
4.49892306328	-0.06	0.116	-1.328
4.50084900856	-0.06	0.116	-1.328
4.50277519226	0.016	-0.26	2.044
4.50470018387	0.016	-0.26	2.044
4.50662517548	0.016	-0.26	2.044
4.50855612755	-0.116	-0.088	0.708
4.51048207283	-0.116	-0.088	0.708
4.51241111755	0.044	-0.12	-0.024
4.51433801651	0.044	-0.12	-0.024
4.51626610756	0.044	-0.12	-0.024
4.51819801331	-0.06	-0.348	2.044
4.52012610435	-0.06	-0.348	2.044
4.52205300331	-0.06	-0.348	2.044
4.52397918701	-0.04	0.084	-1.588
4.52590417862	-0.04	0.084	-1.588
4.52787208557	0.124	-0.368	2.044
4.52979922295	0.124	-0.368	2.044
4.53172516823	0.124	-0.368	2.044
4.53365015984	-0.016	0.1	-1.064
4.53557419777	-0.016	0.1	-1.064
4.53751707077	-0.016	0.1	-1.064
4.53944206238	0.048	-0.264	1.996
4.54137015343	0.048	-0.264	1.996
4.54329419136	-0.104	-0.124	1.188
4.54523301125	-0.104	-0.124	1.188
4.54716610909	-0.104	-0.124	1.188
4.54909110069	0.012	-0.092	-0.416
4.55101799965	0.012	-0.092	-0.416
4.55294203758	0.012	-0.092	-0.416
4.55486822128	-0.108	-0.308	2.044
4.55679512024	-0.108	-0.308	2.044
4.55872106552	-0.044	0.112	-1.672
4.5606470108	-0.044	0.112	-1.672
4.5625731945	-0.044	0.112	-1.672
4.56449818611	0.024	-0.348	2.044
4.56642222404	0.024	-0.348	2.044
4.56836605072	0.024	-0.348	2.044
4.570291996	-0.064	0.084	-0.72
4.57222008705	-0.064	0.084	-0.72
4.57414412498	0.176	-0.208	1.536
4.57606816292	0.176	-0.208	1.536
4.57801413536	0.176	-0.208	1.536
4.57993912697	-0.076	-0.168	1.656
4.58186411858	-0.076	-0.168	1.656
4.58378815651	0.052	-0.056	-0.812
4.58571600914	0.052	-0.056	-0.812
4.58764314651	0.052	-0.056	-0.812
4.58956813812	-0.184	-0.26	2.044
4.59150314331	-0.184	-0.26	2.044
4.59343099594	-0.184	-0.26	2.044
4.59535622597	-0.048	0.136	-1.668
4.59728813171	-0.048	0.136	-1.668
4.599214077	0.12	-0.268	2.044
4.60115003586	0.12	-0.268	2.044
4.60308122635	0.12	-0.268	2.044
4.60500621796	-0.084	0.044	-0.344
4.6069381237	-0.084	0.044	-0.344
4.60886406898	-0.084	0.044	-0.344
4.61079001427	0.08	-0.16	1.044
4.6127140522	0.08	-0.16	1.044
4.61463904381	-0.096	-0.212	2.044
4.61656522751	-0.096	-0.212	2.044
4.61850118637	-0.096	-0.212	2.044
4.62042713165	0.068	0.004	-1.124
4.62235116959	0.068	0.004	-1.124
4.62427401543	0.068	0.004	-1.124
4.62619900703	0.0	-0.328	2.044
4.62812304497	0.0	-0.328	2.044
4.63004112244	-0.024	0.12	-1.572
4.63197016716	-0.024	0.12	-1.572
4.63389801979	-0.024	0.12	-1.572
4.63582420349	0.012	-0.28	2.044
4.63775420189	0.012	-0.28	2.044
4.6396791935	0.012	-0.28	2.044
4.64160513878	-0.104	-0.012	0.096
4.64353108406	-0.104	-0.012	0.096
4.64546513557	0.068	-0.152	0.588
4.64739513397	0.068	-0.152	0.588
4.64933609962	0.068	-0.152	0.588
4.65126013756	-0.056	-0.284	2.044
4.65318799019	-0.056	-0.284	2.044
4.65511417389	-0.04	0.044	-1.4
4.65704607964	-0.04	0.044	-1.4
4.6589641571	-0.04	0.044	-1.4
4.66088604927	0.036	-0.38	2.044
4.66280412674	0.036	-0.38	2.044
4.66472220421	0.036	-0.38	2.044
4.66663908958	-0.02	0.108	-1.404
4.66857600212	-0.02	0.108	-1.404
4.67050719261	0.052	-0.28	2.044
4.67243099213	0.052	-0.28	2.044
4.67435717583	0.052	-0.28	2.044
4.67628312111	-0.056	-0.044	0.548
4.67821621895	-0.056	-0.044	0.548
4.68014502525	-0.056	-0.044	0.548
4.6820731163	0.024	-0.116	0.12
4.68399810791	0.024	-0.116	0.12
4.68592214584	-0.088	-0.28	2.044
4.68788504601	-0.088	-0.28	2.044
4.68981313705	-0.088	-0.28	2.044
4.69174218178	-0.028	0.088	-1.56
4.69366812706	-0.028	0.088	-1.56
4.69559311867	-0.028	0.088	-1.56
4.69752812386	-0.036	-0.36	2.044
4.69948911667	-0.036	-0.36	2.044
4.70141601562	-0.068	0.116	-1.152
4.70334100723	-0.068	0.116	-1.152
4.70527720451	-0.068	0.116	-1.152
4.70721006393	0.172	-0.24	2.044
4.70913505554	0.172	-0.24	2.044
4.71105909348	-0.064	-0.124	1.028
4.71298599243	-0.064	-0.124	1.028
4.71491312981	-0.064	-0.124	1.028
4.71683907509	0.088	-0.088	-0.304
4.71879601479	0.088	-0.088	-0.304
4.72072505951	0.088	-0.088	-0.304
4.72265219688	-0.124	-0.268	2.044
4.72457909584	-0.124	-0.268	2.044
4.72650504112	-0.032	0.104	-1.66
4.72843813896	-0.032	0.104	-1.66
4.73036408424	-0.032	0.104	-1.66
4.73229002953	0.052	-0.228	2.044
4.73421502113	0.052	-0.228	2.044
4.7361471653	0.052	-0.228	2.044
4.73807907104	-0.072	0.092	-0.828
4.74000501633	-0.072	0.092	-0.828
4.74193000793	0.088	-0.192	1.68
4.74385499954	0.088	-0.192	1.68
4.74578118324	0.088	-0.192	1.68
4.74771308899	-0.124	-0.144	1.484
4.7496380806	-0.124	-0.144	1.484
4.75156712532	-0.124	-0.144	1.484
4.75350308418	0.028	-0.008	-0.704
4.75542902946	0.028	-0.008	-0.704
4.75735616684	0.012	-0.32	2.044
4.75928115845	0.012	-0.32	2.044
4.76122117043	0.012	-0.32	2.044
4.76314711571	0.004	0.116	-1.66
4.76507306099	0.004	0.116	-1.66
4.76699709892	0.004	0.116	-1.66
4.76892209053	-0.004	-0.3	2.044
4.77084803581	-0.004	-0.3	2.044
4.77277302742	-0.1	0.044	-0.464
4.77469801903	-0.1	0.044	-0.464
4.77663516998	-0.1	0.044	-0.464
4.77857422829	0.056	-0.196	1.196
4.78050208092	0.056	-0.196	1.196
4.78242921829	-0.104	-0.216	1.976
4.78435516357	-0.104	-0.216	1.976
4.78628206253	-0.104	-0.216	1.976
4.78821516037	-0.048	0.004	-1.04
4.7901391983	-0.048	0.004	-1.04
4.79206514359	-0.048	0.004	-1.04
4.79399418831	0.036	-0.4	2.044
4.79591822624	0.036	-0.4	2.044
4.79787921906	-0.028	0.1	-1.608
4.79980516434	-0.028	0.1	-1.608
4.80173301697	-0.028	0.1	-1.608
4.80365920067	0.084	-0.32	2.044
4.80558419228	0.084	-0.32	2.044
4.80751919746	0.084	-0.32	2.044
4.80944514275	-0.048	0.0	-0.056
4.81136608124	-0.048	0.0	-0.056
4.81328415871	0.02	-0.168	0.732
4.81520819664	0.02	-0.168	0.732
4.81715106964	0.02	-0.168	0.732
4.81907606125	-0.116	-0.204	2.044
4.82100200653	-0.116	-0.204	2.044
4.82292699814	-0.116	-0.204	2.044
4.82485508919	-0.008	0.056	-1.304
4.82678222656	-0.008	0.056	-1.304
4.82871413231	-0.032	-0.384	2.044
4.83064007759	-0.032	-0.384	2.044
4.8325650692	-0.032	-0.384	2.044
4.83449101448	-0.072	0.132	-1.46
4.83641719818	-0.072	0.132	-1.46
4.83834815025	0.108	-0.28	2.044
4.84028911591	0.108	-0.28	2.044
4.84221506119	0.108	-0.28	2.044
4.8441400528	-0.052	-0.04	0.396
4.8460650444	-0.052	-0.04	0.396
4.84799718857	-0.052	-0.04	0.396
4.84992218018	0.12	-0.132	0.28
4.85184717178	0.12	-0.132	0.28
4.85377001762	-0.116	-0.252	2.044
4.85569405556	-0.116	-0.252	2.044
4.85763001442	-0.116	-0.252	2.044
4.85954904556	-0.016	0.056	-1.512
4.86147618294	-0.016	0.056	-1.512
4.86339402199	-0.016	0.056	-1.512
4.86531305313	-0.024	-0.228	2.044
4.86723709106	-0.024	-0.228	2.044
4.86916613579	-0.052	0.116	-1.248
4.87109613419	-0.052	0.116	-1.248
4.87302303314	-0.052	0.116	-1.248
4.87495112419	0.104	-0.224	2.044
4.87688302994	0.104	-0.224	2.044
4.87880706787	0.104	-0.224	2.044
4.88073205948	-0.112	-0.1	0.868
4.88265800476	-0.112	-0.1	0.868
4.88458299637	0.024	-0.084	-0.168
4.88650918007	0.024	-0.084	-0.168
4.88844108582	0.024	-0.084	-0.168
4.89036822319	-0.016	-0.244	2.044
4.89229512215	-0.016	-0.244	2.044
4.89422011375	-0.016	-0.244	2.044
4.89615917206	0.028	0.1	-1.632
4.89809012413	0.028	0.1	-1.632
4.90001916885	-0.016	-0.332	2.044
4.90194416046	-0.016	-0.332	2.044
4.90387010574	-0.016	-0.332	2.044
4.9057970047	-0.072	0.08	-0.944
4.90772914886	-0.072	0.08	-0.944
4.90965509415	0.032	-0.22	1.824
4.91157913208	0.032	-0.22	1.824
4.91350507736	0.032	-0.22	1.824
4.91543912888	-0.116	-0.132	1.344
4.91737103462	-0.116	-0.132	1.344
4.919298172	-0.116	-0.132	1.344
4.92123818398	0.008	-0.072	-0.572
4.92316317558	0.008	-0.072	-0.572
4.92508816719	-0.056	-0.36	2.044
4.92702007294	-0.056	-0.36	2.044
4.92894601822	-0.056	-0.36	2.044
4.93087506294	-0.036	0.108	-1.676
4.93280100822	-0.036	0.108	-1.676
4.93472719193	-0.036	0.108	-1.676
4.93665218353	0.116	-0.364	2.044
4.93858408928	0.116	-0.364	2.044
4.94050908089	-0.024	0.052	-0.596
4.94243502617	-0.024	0.052	-0.596
4.94436120987	-0.024	0.052	-0.596
4.94628715515	0.036	-0.216	1.372
4.9482190609	0.036	-0.216	1.372
4.95014405251	0.036	-0.216	1.372
4.95206809044	-0.116	-0.192	1.804
4.95399618149	-0.116	-0.192	1.804
4.95592212677	0.004	-0.02	-0.92
4.95791721344	0.004	-0.02	-0.92
4.95984911919	0.004	-0.02	-0.92
4.96177721024	-0.032	-0.34	2.044
4.96370315552	-0.032	-0.34	2.044
4.96562814713	-0.032	-0.34	2.044
4.96755599976	-0.056	0.14	-1.64
4.96949315071	-0.056	0.14	-1.64
4.97142100334	0.076	-0.316	2.044
4.97334599495	0.076	-0.316	2.044
4.97527003288	0.076	-0.316	2.044
4.97720217705	-0.06	0.036	-0.188
4.97912812233	-0.06	0.036	-0.188
4.98105311394	0.16	-0.176	0.876
4.98297715187	0.16	-0.176	0.876
4.98490214348	0.16	-0.176	0.876
4.98682808876	-0.092	-0.224	2.044
4.98875617981	-0.092	-0.224	2.044
4.99068617821	-0.092	-0.224	2.044
4.99261116982	0.004	-0.008	-1.208
4.9945371151	0.004	-0.008	-1.208
4.9964621067	-0.104	-0.224	2.044
4.99839401245	-0.104	-0.224	2.044
