Timestamp 	 X-Axis 	 Y-Axis 	 Z-Axis
0.000307083129883	-0.14	0.016	-1.14
0.00376510620117	0.024	0.064	0.104
0.0070469379425	0.124	-0.248	2.044
0.0103220939636	0.124	-0.248	2.044
0.0136139392853	-0.012	-0.34	2.044
0.0169050693512	-0.012	-0.34	2.044
0.0201759338379	-0.144	-0.008	-0.928
0.0234470367432	-0.032	0.104	-0.364
0.0267210006714	-0.032	0.104	-0.364
0.0300030708313	0.112	-0.216	2.044
0.0332729816437	0.0	-0.352	2.044
0.0365419387817	0.0	-0.352	2.044
0.0398099422455	-0.128	-0.028	-0.636
0.0430819988251	-0.052	0.108	-0.72
0.0463750362396	-0.052	0.108	-0.72
0.0496499538422	0.104	-0.164	2.044
0.0529210567474	0.036	-0.352	2.044
0.0562009811401	0.036	-0.352	2.044
0.0594761371613	-0.124	-0.108	-0.216
0.0627470016479	-0.124	-0.108	-0.216
0.0660319328308	-0.076	0.1	-1.004
0.0693061351776	0.1	-0.112	1.928
0.0725750923157	0.1	-0.112	1.928
0.0758440494537	0.044	-0.34	2.044
0.0791139602661	-0.108	-0.18	0.236
0.0823860168457	-0.108	-0.18	0.236
0.0856659412384	-0.1	0.088	-1.2
0.0889401435852	0.088	-0.06	1.456
0.0922229290009	0.088	-0.06	1.456
0.0955009460449	0.092	-0.328	2.044
0.0987870693207	-0.088	-0.22	0.724
0.102066993713	-0.088	-0.22	0.724
0.105345010757	-0.128	0.084	-1.276
0.108623981476	0.06	-0.008	0.94
0.111900091171	0.06	-0.008	0.94
0.115182161331	0.108	-0.308	2.044
0.11846613884	0.108	-0.308	2.044
0.121742963791	-0.068	-0.26	1.236
0.125026941299	-0.148	0.06	-1.252
0.128306150436	-0.148	0.06	-1.252
0.131582975388	0.032	0.028	0.456
0.134864091873	0.12	-0.288	2.044
0.138141155243	0.12	-0.288	2.044
0.141418933868	-0.04	-0.304	1.732
0.144696950912	-0.14	0.016	-1.12
0.147989988327	-0.14	0.016	-1.12
0.151268005371	0.004	0.08	0.004
0.15456199646	0.128	-0.256	2.044
0.15783905983	0.128	-0.256	2.044
0.161114931107	-0.012	-0.336	2.044
0.164400100708	-0.012	-0.336	2.044
0.167676925659	-0.148	-0.024	-0.868
0.170956134796	-0.024	0.1	-0.416
0.17423915863	-0.024	0.1	-0.416
0.177515983582	0.116	-0.204	2.044
0.180792093277	0.02	-0.368	2.044
0.184078931808	0.02	-0.368	2.044
0.187355995178	-0.132	-0.056	-0.544
0.19063615799	-0.056	0.104	-0.776
0.193931102753	-0.056	0.104	-0.776
0.197220087051	0.116	-0.156	2.044
0.200498104095	0.048	-0.36	2.044
0.203782081604	0.048	-0.36	2.044
0.207057952881	-0.12	-0.112	-0.152
0.210335969925	-0.12	-0.112	-0.152
0.213621139526	-0.084	0.116	-1.044
0.21689915657	0.084	-0.104	1.852
0.220175981522	0.084	-0.104	1.852
0.223451137543	0.068	-0.336	2.044
0.226727962494	-0.1	-0.172	0.304
0.230004072189	-0.1	-0.172	0.304
0.233281135559	-0.112	0.092	-1.212
0.236564159393	0.064	-0.044	1.388
0.239856004715	0.064	-0.044	1.388
0.243133068085	0.1	-0.328	2.044
0.246411085129	-0.084	-0.224	0.804
0.249696016312	-0.084	-0.224	0.804
0.252973079681	-0.128	0.068	-1.284
0.25625705719	-0.128	0.068	-1.284
0.259535074234	0.044	0.004	0.88
0.262809038162	0.108	-0.296	2.044
0.266088008881	0.108	-0.296	2.044
0.269364118576	-0.064	-0.272	1.308
0.27264213562	-0.14	0.032	-1.248
0.275967121124	-0.14	0.032	-1.248
0.279246091843	0.024	0.056	0.4
0.28252196312	0.116	-0.272	2.044
0.285799026489	0.116	-0.272	2.044
0.289075136185	-0.032	-0.32	1.8
0.292366981506	-0.148	0.012	-1.084
0.295647144318	-0.148	0.012	-1.084
0.298934936523	0.004	0.08	-0.076
0.302211046219	0.136	-0.248	2.044
0.305489063263	0.136	-0.248	2.044
0.308766126633	-0.032	-0.328	2.044
0.31204199791	-0.032	-0.328	2.044
0.315325975418	-0.132	-0.024	-0.848
0.318603992462	-0.028	0.092	-0.476
0.321882009506	-0.028	0.092	-0.476
0.32516503334	0.116	-0.204	2.044
0.328441143036	0.012	-0.348	2.044
0.331717014313	0.012	-0.348	2.044
0.335000038147	-0.128	-0.068	-0.496
0.338278055191	-0.056	0.108	-0.82
0.341556072235	-0.056	0.108	-0.82
0.344834089279	0.112	-0.148	2.044
0.348109006882	0.032	-0.356	2.044
0.351393938065	0.032	-0.356	2.044
0.354676961899	-0.112	-0.116	-0.096
0.357954978943	-0.112	-0.116	-0.096
0.361232042313	-0.08	0.112	-1.072
0.364510059357	0.096	-0.104	1.796
0.36779499054	0.096	-0.104	1.796
0.371072053909	0.08	-0.34	2.044
0.374348163605	-0.112	-0.172	0.372
0.37762594223	-0.112	-0.172	0.372
0.3809030056	-0.116	0.088	-1.2
0.384181022644	0.076	-0.048	1.308
0.387457132339	0.076	-0.048	1.308
0.390733003616	0.1	-0.316	2.044
0.394015073776	-0.068	-0.24	0.872
0.39729309082	-0.068	-0.24	0.872
0.40057516098	-0.14	0.056	-1.28
0.403859138489	-0.14	0.056	-1.28
0.407137155533	0.052	0.008	0.812
0.410409927368	0.112	-0.296	2.044
0.413691997528	0.112	-0.296	2.044
0.416970968246	-0.048	-0.288	1.368
0.420248985291	-0.148	0.048	-1.224
0.423527002335	-0.148	0.048	-1.224
0.426805019379	0.016	0.06	0.324
0.430078029633	0.112	-0.276	2.044
0.433352947235	0.112	-0.276	2.044
0.436635017395	-0.044	-0.324	1.884
0.439912080765	-0.152	0.012	-1.06
0.443189144135	-0.152	0.012	-1.06
0.44647192955	0.0	0.092	-0.132
0.449739933014	0.0	0.092	-0.132
0.453014135361	0.116	-0.236	2.044
0.456292152405	-0.012	-0.34	2.044
0.459583997726	-0.012	-0.34	2.044
0.462862014771	-0.132	-0.036	-0.796
0.466143131256	-0.04	0.096	-0.54
0.469424009323	-0.04	0.096	-0.54
0.472700119019	0.1	-0.176	2.044
0.47598195076	0.016	-0.36	2.044
0.479258060455	0.016	-0.36	2.044
0.482532978058	-0.14	-0.076	-0.44
0.485816955566	-0.064	0.096	-0.868
0.489098072052	-0.064	0.096	-0.868
0.492376089096	0.1	-0.144	2.044
0.49565410614	0.056	-0.364	2.044
0.498929977417	0.056	-0.364	2.044
0.502215147018	-0.116	-0.136	-0.016
0.505495071411	-0.116	-0.136	-0.016
0.508773088455	-0.092	0.108	-1.092
0.512051105499	0.08	-0.096	1.716
0.515334129333	0.08	-0.096	1.716
0.51861000061	0.08	-0.336	2.044
0.521885156631	-0.112	-0.184	0.452
0.52516913414	-0.112	-0.184	0.452
0.528447151184	-0.12	0.084	-1.24
0.53172492981	0.068	-0.04	1.224
0.535001039505	0.068	-0.04	1.224
0.538275957108	0.112	-0.32	2.044
0.541552066803	-0.1	-0.248	0.94
0.544830083847	-0.1	-0.248	0.94
0.548105955124	-0.124	0.06	-1.276
0.5513920784	-0.124	0.06	-1.276
0.554680109024	0.048	0.02	0.744
0.557954072952	0.116	-0.304	2.044
0.561229944229	0.116	-0.304	2.044
0.564512014389	-0.04	-0.292	1.456
0.567789077759	-0.144	0.044	-1.208
0.571068048477	-0.144	0.044	-1.208
0.574352025986	0.012	0.056	0.244
0.57762503624	0.128	-0.284	2.044
0.580901145935	0.128	-0.284	2.044
0.584177017212	-0.032	-0.324	1.928
0.587454080582	-0.152	0.004	-1.024
0.590729951859	-0.152	0.004	-1.024
0.59401512146	-0.008	0.08	-0.2
0.597290039062	-0.008	0.08	-0.2
0.600566148758	0.132	-0.228	2.044
0.603851079941	0.0	-0.34	2.044
0.607120037079	0.0	-0.34	2.044
0.610388040543	-0.136	-0.04	-0.76
0.613672018051	-0.032	0.116	-0.608
0.616949081421	-0.032	0.116	-0.608
0.620224952698	0.108	-0.184	2.044
0.623501062393	0.02	-0.356	2.044
0.626783132553	0.02	-0.356	2.044
0.630058050156	-0.128	-0.084	-0.38
0.633335113525	-0.068	0.104	-0.92
0.636613130569	-0.068	0.104	-0.92
0.639889001846	0.104	-0.132	2.044
0.643175125122	0.104	-0.132	2.044
0.646453142166	0.056	-0.352	2.044
0.649729013443	-0.104	-0.14	0.072
0.653005123138	-0.104	-0.14	0.072
0.656290054321	-0.1	0.108	-1.128
0.659568071365	0.08	-0.076	1.644
0.6628510952	0.08	-0.076	1.644
0.666131019592	0.076	-0.332	2.044
0.669409990311	-0.112	-0.2	0.54
0.67268705368	-0.112	-0.2	0.54
0.67596912384	-0.132	0.092	-1.26
0.679245948792	0.06	-0.032	1.148
0.682522058487	0.06	-0.032	1.148
0.685802936554	0.112	-0.316	2.044
0.689079999924	0.112	-0.316	2.044
0.692357063293	-0.08	-0.252	1.04
0.695634126663	-0.128	0.064	-1.28
0.698910951614	-0.128	0.064	-1.28
0.70218706131	0.048	0.028	0.66
0.705471992493	0.128	-0.292	2.044
0.708750009537	0.128	-0.292	2.044
0.712027072906	-0.04	-0.296	1.548
0.715312004089	-0.152	0.028	-1.184
0.718590021133	-0.152	0.028	-1.184
0.721867084503	0.012	0.06	0.176
0.725147008896	0.116	-0.26	2.044
0.728424072266	0.116	-0.26	2.044
0.731699943542	-0.032	-0.328	2.024
0.734992027283	-0.032	-0.328	2.024
0.738270998001	-0.156	-0.008	-0.976
0.741548061371	-0.02	0.104	-0.264
0.744825124741	-0.02	0.104	-0.264
0.748100996017	0.12	-0.228	2.044
0.751378059387	0.0	-0.344	2.044
0.754655122757	0.0	-0.344	2.044
0.757928133011	-0.14	-0.036	-0.688
0.761206150055	-0.044	0.112	-0.66
0.764490127563	-0.044	0.112	-0.66
0.767770051956	0.108	-0.184	2.044
0.771046161652	0.032	-0.356	2.044
0.774327993393	0.032	-0.356	2.044
0.777604103088	-0.104	-0.08	-0.308
0.780883073807	-0.076	0.1	-0.96
0.784160137177	-0.076	0.1	-0.96
0.787436962128	0.096	-0.132	2.016
0.790713071823	0.096	-0.132	2.016
0.793995141983	0.068	-0.352	2.044
0.797271966934	-0.104	-0.156	0.144
0.800549030304	-0.104	-0.156	0.144
0.803832054138	-0.096	0.088	-1.168
0.807120084763	0.076	-0.072	1.548
0.810397148132	0.076	-0.072	1.548
0.813679933548	0.072	-0.336	2.044
0.816956043243	-0.104	-0.208	0.624
0.820234060287	-0.104	-0.208	0.624
0.823509931564	-0.132	0.084	-1.272
0.826797962189	0.048	-0.024	1.044
0.830075025558	0.048	-0.024	1.044
0.833351135254	0.1	-0.316	2.044
0.836632966995	0.1	-0.316	2.044
0.839909076691	-0.08	-0.26	1.132
0.84318614006	-0.14	0.064	-1.26
0.846467971802	-0.14	0.064	-1.26
0.849745988846	0.06	0.02	0.54
0.8530189991	0.128	-0.28	2.044
0.856297016144	0.128	-0.28	2.044
0.859580039978	-0.036	-0.308	1.64
0.862857103348	-0.14	0.016	-1.156
0.86613702774	-0.14	0.016	-1.156
0.8694190979	0.02	0.072	0.08
0.872692108154	0.12	-0.252	2.044
0.875975131989	0.12	-0.252	2.044
0.879251003265	-0.02	-0.34	2.044
0.882528066635	-0.02	-0.34	2.044
0.885828018188	-0.16	-0.016	-0.916
0.889107942581	-0.02	0.092	-0.352
0.892385005951	-0.02	0.092	-0.352
0.895663022995	0.128	-0.22	2.044
0.898940086365	0.0	-0.352	2.044
0.902208089828	0.0	-0.352	2.044
0.905477046967	-0.132	-0.044	-0.608
0.908759117126	-0.04	0.108	-0.716
0.912035942078	-0.04	0.108	-0.716
0.915318965912	0.112	-0.172	2.044
0.918606042862	0.036	-0.36	2.044
0.921883106232	0.036	-0.36	2.044
0.925166130066	-0.132	-0.108	-0.228
0.92844414711	-0.132	-0.108	-0.228
0.931720018387	-0.076	0.108	-1.008
0.935003995895	0.1	-0.12	1.94
0.938280105591	0.1	-0.12	1.94
0.941554069519	0.068	-0.352	2.044
0.944831132889	-0.108	-0.168	0.216
0.94810795784	-0.108	-0.168	0.216
0.951384067535	-0.116	0.092	-1.188
0.954668045044	0.084	-0.06	1.456
0.957942962646	0.084	-0.06	1.456
0.961220979691	0.084	-0.324	2.044
0.96450304985	-0.096	-0.22	0.712
0.967774152756	-0.096	-0.22	0.712
0.971043109894	-0.136	0.068	-1.272
0.974317073822	-0.136	0.068	-1.272
0.977597951889	0.04	-0.008	0.968
0.980875015259	0.1	-0.308	2.044
0.984153032303	0.1	-0.308	2.044
0.987430095673	-0.072	-0.26	1.224
0.990708112717	-0.136	0.052	-1.248
0.993992090225	-0.136	0.052	-1.248
0.997269153595	0.04	0.048	0.476
1.00054311752	0.12	-0.288	2.044
1.00382113457	0.12	-0.288	2.044
1.00709700584	-0.052	-0.308	1.712
1.01039409637	-0.136	0.012	-1.112
1.01367902756	-0.136	0.012	-1.112
1.01696801186	0.004	0.076	0.02
1.02024292946	0.124	-0.252	2.044
1.02351903915	0.124	-0.252	2.044
1.02679514885	-0.016	-0.34	2.044
1.0300719738	-0.016	-0.34	2.044
1.03334903717	-0.148	-0.02	-0.876
1.03662896156	-0.024	0.084	-0.416
1.03991007805	-0.024	0.084	-0.416
1.04318714142	0.12	-0.216	2.044
1.04646897316	0.004	-0.34	2.044
1.04974508286	0.004	-0.34	2.044
1.05302095413	-0.124	-0.068	-0.556
1.05630016327	-0.056	0.104	-0.768
1.05958199501	-0.056	0.104	-0.768
1.06286215782	0.108	-0.156	2.044
1.06614112854	0.04	-0.348	2.044
1.06941699982	0.04	-0.348	2.044
1.07269310951	-0.128	-0.116	-0.168
1.07597613335	-0.128	-0.116	-0.168
1.07925415039	-0.096	0.104	-1.036
1.08253097534	0.096	-0.124	1.872
1.08581399918	0.096	-0.124	1.872
1.08909010887	0.076	-0.348	2.044
1.09236598015	-0.104	-0.168	0.296
1.09564995766	-0.104	-0.168	0.296
1.0989279747	-0.104	0.084	-1.208
1.10221505165	0.084	-0.056	1.388
1.10549211502	0.084	-0.056	1.388
1.10876703262	0.092	-0.328	2.044
1.11204814911	-0.084	-0.228	0.788
1.11533093452	-0.084	-0.228	0.788
1.11860799789	-0.132	0.076	-1.296
1.12188506126	-0.132	0.076	-1.296
1.1251680851	0.048	-0.004	0.892
1.12844395638	0.112	-0.312	2.044
1.1317191124	0.112	-0.312	2.044
1.13500094414	-0.072	-0.276	1.304
1.13827800751	-0.148	0.052	-1.248
1.14155507088	-0.148	0.052	-1.248
1.14483308792	0.02	0.052	0.396
1.14810609818	0.124	-0.276	2.044
1.15138101578	0.124	-0.276	2.044
1.15466308594	-0.036	-0.312	1.808
1.15794014931	-0.144	0.016	-1.088
1.16121697426	-0.144	0.016	-1.088
1.16452813148	0.004	0.08	-0.068
1.16780495644	0.004	0.08	-0.068
1.17108106613	0.124	-0.236	2.044
1.17436313629	-0.02	-0.34	2.044
1.17763996124	-0.02	-0.34	2.044
1.18091607094	-0.152	-0.028	-0.844
1.18419504166	-0.032	0.096	-0.48
1.18747115135	-0.032	0.096	-0.48
1.19074702263	0.12	-0.176	2.044
1.19403815269	0.012	-0.36	2.044
1.19731593132	0.012	-0.36	2.044
1.20059204102	-0.128	-0.076	-0.5
1.20387196541	-0.048	0.108	-0.824
1.20714998245	-0.048	0.108	-0.824
1.2104279995	0.104	-0.144	2.044
1.21371197701	0.104	-0.144	2.044
1.21698904037	0.044	-0.352	2.044
1.22026610374	-0.124	-0.12	-0.088
1.22405600548	-0.108	0.104	-1.052
1.22734713554	-0.108	0.104	-1.052
1.23062515259	0.088	-0.1	1.792
1.2339091301	0.088	-0.1	1.792
1.23718500137	0.076	-0.336	2.044
1.24046015739	-0.104	-0.172	0.376
1.2437441349	-0.104	-0.172	0.376
1.24702095985	-0.104	0.08	-1.216
1.25029802322	0.076	-0.048	1.312
1.25358104706	0.076	-0.048	1.312
1.25685715675	0.1	-0.324	2.044
1.26013207436	-0.076	-0.24	0.868
1.26340913773	-0.076	-0.24	0.868
1.26669096947	-0.124	0.072	-1.276
1.26996803284	0.044	0.008	0.82
1.27324199677	0.044	0.008	0.82
1.27652096748	0.104	-0.3	2.044
1.27979707718	0.104	-0.3	2.044
1.28307294846	-0.056	-0.276	1.364
1.28636193275	-0.148	0.048	-1.224
1.2896399498	-0.148	0.048	-1.224
1.29291796684	0.008	0.064	0.328
1.29619598389	0.116	-0.272	2.044
1.29947304726	0.116	-0.272	2.044
1.30274796486	-0.036	-0.316	1.86
1.30603003502	-0.148	0.008	-1.064
1.30930805206	-0.148	0.008	-1.064
1.31258416176	0.016	0.088	-0.132
1.31586909294	0.124	-0.244	2.044
1.31914496422	0.124	-0.244	2.044
1.32242107391	-0.008	-0.344	2.044
1.32570314407	-0.008	-0.344	2.044
1.32898116112	-0.144	-0.024	-0.8
1.3322789669	-0.036	0.104	-0.54
1.33556199074	-0.036	0.104	-0.54
1.33883905411	0.108	-0.2	2.044
1.3421151638	0.024	-0.36	2.044
1.34539103508	0.024	-0.36	2.044
1.34866809845	-0.128	-0.072	-0.448
1.35194516182	-0.056	0.1	-0.884
1.35522794724	-0.056	0.1	-0.884
1.3585050106	0.1	-0.148	2.044
1.36177992821	0.052	-0.352	2.044
1.36506199837	0.052	-0.352	2.044
1.36834216118	-0.12	-0.124	-0.02
1.3716211319	-0.096	0.1	-1.104
1.37490296364	-0.096	0.1	-1.104
1.37820196152	0.08	-0.088	1.732
1.38147997856	0.08	-0.088	1.732
1.38475799561	0.076	-0.344	2.044
1.3880341053	-0.104	-0.188	0.464
1.39131212234	-0.104	-0.188	0.464
1.39459514618	-0.112	0.092	-1.232
1.39787197113	0.076	-0.036	1.244
1.4011490345	0.076	-0.036	1.244
1.40443015099	0.112	-0.32	2.044
1.40770697594	-0.076	-0.248	0.956
1.41098308563	-0.076	-0.248	0.956
1.41426610947	-0.124	0.056	-1.276
1.41754603386	0.052	0.012	0.732
1.42082095146	0.052	0.012	0.732
1.42409515381	0.12	-0.3	2.044
1.42737007141	0.12	-0.3	2.044
1.43064594269	-0.06	-0.296	1.456
1.43392896652	-0.156	0.036	-1.208
1.43720793724	-0.156	0.036	-1.208
1.44048500061	0.012	0.056	0.248
1.44376516342	0.124	-0.276	2.044
1.4470410347	0.124	-0.276	2.044
1.45031714439	-0.032	-0.324	1.932
1.4536011219	-0.14	0.008	-1.024
1.45687794685	-0.14	0.008	-1.024
1.46015405655	-0.012	0.092	-0.188
1.46342992783	0.112	-0.24	2.044
1.46670794487	0.112	-0.24	2.044
1.46999597549	0.004	-0.348	2.044
1.47327208519	0.004	-0.348	2.044
1.47655296326	-0.148	-0.028	-0.744
1.4798309803	-0.036	0.116	-0.576
1.48310804367	-0.036	0.116	-0.576
1.48638606071	0.116	-0.184	2.044
1.48966503143	0.02	-0.352	2.044
1.4929420948	0.02	-0.352	2.044
1.49622702599	-0.132	-0.088	-0.404
1.49950504303	-0.068	0.1	-0.908
1.5027821064	-0.068	0.1	-0.908
1.50606298447	0.104	-0.132	2.044
1.50933909416	0.06	-0.352	2.044
1.51261401176	0.06	-0.352	2.044
1.51594209671	-0.124	-0.128	0.044
1.51923394203	-0.124	-0.128	0.044
1.52251315117	-0.104	0.1	-1.128
1.52579593658	0.076	-0.092	1.652
1.52907299995	0.076	-0.092	1.652
1.53234910965	0.068	-0.332	2.044
1.5356259346	-0.096	-0.2	0.532
1.53890514374	-0.096	-0.2	0.532
1.54218196869	-0.112	0.088	-1.244
1.54545998573	0.072	-0.036	1.168
1.5487370491	0.072	-0.036	1.168
1.5520131588	0.104	-0.308	2.044
1.55529499054	-0.072	-0.248	1.028
1.55857205391	-0.072	-0.248	1.028
1.56185913086	-0.12	0.056	-1.28
1.56514406204	0.048	0.028	0.656
1.56841802597	0.048	0.028	0.656
1.57169508934	0.112	-0.296	2.044
1.5749771595	0.112	-0.296	2.044
1.57825398445	-0.052	-0.284	1.528
1.58153104782	-0.156	0.032	-1.184
1.58480811119	-0.156	0.032	-1.184
1.58808493614	0.016	0.048	0.18
1.5913579464	0.112	-0.264	2.044
1.59464001656	0.112	-0.264	2.044
1.59791493416	-0.024	-0.328	2.0
1.60118794441	-0.156	0.008	-0.992
1.60447096825	-0.156	0.008	-0.992
1.60774803162	-0.012	0.092	-0.268
1.61102509499	0.124	-0.216	2.044
1.61430811882	0.124	-0.216	2.044
1.6175839901	0.004	-0.344	2.044
1.62086415291	0.004	-0.344	2.044
1.62414097786	-0.152	-0.028	-0.696
1.6274189949	-0.04	0.104	-0.644
1.63069605827	-0.04	0.104	-0.644
1.63397908211	0.108	-0.176	2.044
1.63725495338	0.028	-0.356	2.044
1.64053106308	0.028	-0.356	2.044
1.64381313324	-0.116	-0.096	-0.312
1.64709210396	-0.068	0.108	-0.944
1.65036892891	-0.068	0.108	-0.944
1.65366101265	0.108	-0.132	2.028
1.65693712234	0.06	-0.368	2.044
1.66021299362	0.06	-0.368	2.044
1.66348910332	-0.108	-0.148	0.124
1.66676712036	-0.108	-0.148	0.124
1.67004299164	-0.112	0.096	-1.152
1.67333197594	0.076	-0.076	1.56
1.67661499977	0.076	-0.076	1.56
1.67989015579	0.076	-0.336	2.044
1.68316507339	-0.108	-0.204	0.604
1.68644714355	-0.108	-0.204	0.604
1.68972301483	-0.136	0.088	-1.26
1.69300103188	0.056	-0.008	1.06
1.69627809525	0.056	-0.008	1.06
1.69955706596	0.1	-0.312	2.044
1.70283198357	-0.072	-0.26	1.12
1.70610904694	-0.072	-0.26	1.12
1.70938515663	-0.136	0.056	-1.264
1.71266198158	-0.136	0.056	-1.264
1.71594595909	0.036	0.036	0.564
1.71921896935	0.128	-0.292	2.044
1.72249913216	0.128	-0.292	2.044
1.7257809639	-0.044	-0.308	1.612
1.72906899452	-0.136	0.02	-1.152
1.73234605789	-0.136	0.02	-1.152
1.73562908173	0.016	0.068	0.104
1.73890209198	0.124	-0.256	2.044
1.74217796326	0.124	-0.256	2.044
1.74546504021	-0.02	-0.336	2.044
1.74874210358	-0.156	-0.012	-0.936
1.75202012062	-0.156	-0.012	-0.936
1.75530600548	-0.02	0.096	-0.332
1.75858402252	-0.02	0.096	-0.332
1.76186108589	0.116	-0.212	2.044
1.76514315605	0.0	-0.356	2.044
1.76841115952	0.0	-0.356	2.044
1.77168107033	-0.14	-0.048	-0.64
1.77496814728	-0.056	0.112	-0.708
1.778247118	-0.056	0.112	-0.708
1.78152298927	0.104	-0.172	2.044
1.78480005264	0.048	-0.348	2.044
1.78807616234	0.048	-0.348	2.044
1.79135298729	-0.124	-0.104	-0.244
1.79463815689	-0.076	0.096	-0.996
1.79791593552	-0.076	0.096	-0.996
1.80119395256	0.104	-0.124	1.956
1.80447602272	0.104	-0.124	1.956
1.80775213242	0.072	-0.352	2.044
1.81102895737	-0.096	-0.152	0.204
1.81430697441	-0.096	-0.152	0.204
1.81758403778	-0.104	0.072	-1.192
1.82086205482	0.072	-0.072	1.496
1.82414197922	0.072	-0.072	1.496
1.82741713524	0.092	-0.332	2.044
1.83069300652	-0.096	-0.216	0.684
1.83397507668	-0.096	-0.216	0.684
1.8372631073	-0.148	0.072	-1.268
1.84053993225	0.04	-0.008	0.996
1.84382104874	0.04	-0.008	0.996
1.84709596634	0.104	-0.312	2.044
1.85037302971	-0.068	-0.272	1.188
1.85365605354	-0.068	-0.272	1.188
1.85693311691	-0.136	0.064	-1.268
1.86020994186	-0.136	0.064	-1.268
1.86348700523	0.044	0.036	0.496
1.86676216125	0.12	-0.288	2.044
1.87003707886	0.12	-0.288	2.044
1.87331295013	-0.048	-0.296	1.696
1.87660908699	-0.14	0.024	-1.132
1.87988710403	-0.14	0.024	-1.132
1.88316512108	-0.004	0.08	0.028
1.88644504547	0.12	-0.26	2.044
1.88972210884	0.12	-0.26	2.044
1.89299798012	-0.016	-0.348	2.044
1.89627695084	-0.14	-0.02	-0.904
1.899559021	-0.14	-0.02	-0.904
1.90283703804	-0.028	0.084	-0.388
1.90612101555	-0.028	0.084	-0.388
1.90939903259	0.112	-0.216	2.044
1.91267609596	0.012	-0.356	2.044
1.91595697403	0.012	-0.356	2.044
1.91923308372	-0.144	-0.052	-0.572
1.92251110077	-0.064	0.108	-0.744
1.9257979393	-0.064	0.108	-0.744
1.92908596992	0.104	-0.152	2.044
1.93236207962	0.02	-0.348	2.044
1.93564414978	0.02	-0.348	2.044
1.93892097473	-0.124	-0.112	-0.176
1.94219708443	-0.076	0.108	-1.028
1.94547605515	-0.076	0.108	-1.028
1.94875311852	0.1	-0.116	1.876
1.95202898979	0.1	-0.116	1.876
1.95531010628	0.08	-0.344	2.044
1.95858597755	-0.108	-0.168	0.288
1.96186304092	-0.108	-0.168	0.288
1.96516704559	-0.108	0.08	-1.188
1.9684381485	0.068	-0.06	1.4
1.97170615196	0.068	-0.06	1.4
1.97497797012	0.092	-0.32	2.044
1.97826099396	-0.092	-0.228	0.776
1.98153996468	-0.092	-0.228	0.776
1.98481798172	-0.14	0.08	-1.272
1.98809599876	0.036	0.0	0.9
1.99136304855	0.036	0.0	0.9
1.99463605881	0.108	-0.316	2.044
1.99791193008	0.108	-0.316	2.044
2.00118803978	-0.068	-0.288	1.264
2.00446605682	-0.148	0.064	-1.244
2.00774312019	-0.148	0.064	-1.244
2.01102113724	0.036	0.044	0.416
2.01430106163	0.124	-0.28	2.044
2.017578125	0.124	-0.28	2.044
2.02086400986	-0.036	-0.308	1.784
2.02414298058	-0.152	0.02	-1.1
2.02742409706	-0.152	0.02	-1.1
2.03070211411	0.008	0.076	-0.06
2.03397893906	0.12	-0.24	2.044
2.03725504875	0.12	-0.24	2.044
2.04053115845	-0.028	-0.34	2.044
2.04381394386	-0.028	-0.34	2.044
2.04709196091	-0.144	-0.032	-0.848
2.05036997795	-0.036	0.1	-0.472
2.05365204811	-0.036	0.1	-0.472
2.05692911148	0.096	-0.184	2.044
2.06020498276	0.024	-0.36	2.044
2.06348204613	0.024	-0.36	2.044
2.06676006317	-0.136	-0.072	-0.508
2.07003712654	-0.064	0.112	-0.808
2.07331395149	-0.064	0.112	-0.808
2.07659602165	0.084	-0.148	2.044
2.07987594604	0.036	-0.356	2.044
2.08315300941	0.036	-0.356	2.044
2.0864341259	-0.128	-0.12	-0.092
2.08971214294	-0.072	0.1	-1.076
2.0929889679	-0.072	0.1	-1.076
2.09626698494	0.092	-0.1	1.792
2.09954714775	0.092	-0.1	1.792
2.10282301903	0.076	-0.332	2.044
2.10610413551	-0.1	-0.184	0.368
2.10938215256	-0.1	-0.184	0.368
2.11269807816	-0.108	0.092	-1.224
2.11598300934	0.076	-0.052	1.308
2.11926102638	0.076	-0.052	1.308
2.12253713608	0.096	-0.332	2.044
2.12582015991	-0.096	-0.212	0.876
2.12910103798	-0.096	-0.212	0.876
2.13237810135	-0.14	0.064	-1.28
2.13566112518	0.044	0.0	0.804
2.13892793655	0.044	0.0	0.804
2.14219403267	0.104	-0.3	2.044
2.14547109604	0.104	-0.3	2.044
2.14874601364	-0.052	-0.284	1.376
2.15202307701	-0.14	0.036	-1.212
2.15530610085	-0.14	0.036	-1.212
2.1585829258	0.028	0.056	0.32
2.16185593605	0.14	-0.28	2.044
2.16513800621	0.14	-0.28	2.044
2.16841506958	-0.028	-0.32	1.88
2.17169308662	-0.144	0.004	-1.052
2.17497515678	-0.144	0.004	-1.052
2.17825198174	-0.008	0.096	-0.14
2.18153214455	0.108	-0.232	2.044
2.1848089695	0.108	-0.232	2.044
2.18808507919	-0.008	-0.348	2.044
2.19136095047	-0.008	-0.348	2.044
2.19464492798	-0.14	-0.028	-0.78
2.19792199135	-0.028	0.116	-0.556
2.20119810104	-0.028	0.116	-0.556
2.20449113846	0.116	-0.196	2.044
2.20776796341	0.02	-0.356	2.044
2.21104502678	0.02	-0.356	2.044
2.21432805061	-0.124	-0.076	-0.44
2.21760606766	-0.056	0.1	-0.876
2.2208840847	-0.056	0.1	-0.876
2.22416114807	0.1	-0.136	2.044
2.22743606567	0.04	-0.352	2.044
2.23076200485	0.04	-0.352	2.044
2.23404693604	-0.14	-0.124	-0.012
2.23732495308	-0.14	-0.124	-0.012
2.24060297012	-0.1	0.092	-1.112
2.24388098717	0.08	-0.084	1.7
2.24715614319	0.08	-0.084	1.7
2.25043106079	0.08	-0.332	2.044
2.25371313095	-0.104	-0.184	0.476
2.2569899559	-0.104	-0.184	0.476
2.26026701927	-0.108	0.1	-1.244
2.26354408264	0.072	-0.036	1.208
2.26689696312	0.072	-0.036	1.208
2.27017498016	0.112	-0.332	2.044
2.27345204353	-0.08	-0.244	0.972
2.27673411369	-0.08	-0.244	0.972
2.28001093864	-0.14	0.06	-1.28
2.28329205513	0.044	0.012	0.7
2.28656792641	0.044	0.012	0.7
2.28984093666	0.128	-0.3	2.044
2.29311609268	0.128	-0.3	2.044
2.29641604424	-0.056	-0.3	1.488
2.29969406128	-0.148	0.032	-1.196
2.30297207832	-0.148	0.032	-1.196
2.30625104904	0.012	0.072	0.224
2.3095240593	0.128	-0.268	2.044
2.3127989769	0.128	-0.268	2.044
2.31607913971	-0.024	-0.332	1.976
2.31935811043	-0.152	0.012	-1.012
2.32263493538	-0.152	0.012	-1.012
2.32594299316	-0.004	0.088	-0.208
2.32922005653	0.12	-0.236	2.044
2.33249998093	0.12	-0.236	2.044
2.33578205109	0.004	-0.34	2.044
2.33905911446	0.004	-0.34	2.044
2.34233307838	-0.148	-0.032	-0.732
2.3456120491	-0.032	0.096	-0.608
2.34889006615	-0.032	0.096	-0.608
2.35216593742	0.124	-0.184	2.044
2.35544896126	0.04	-0.356	2.044
2.35872507095	0.04	-0.356	2.044
2.36200094223	-0.1	-0.092	-0.368
2.36528515816	-0.076	0.096	-0.928
2.36856198311	-0.076	0.096	-0.928
2.37183904648	0.096	-0.136	2.044
2.37512016296	0.052	-0.352	2.044
2.37839603424	0.052	-0.352	2.044
2.38167214394	-0.128	-0.148	0.068
2.38495206833	-0.128	-0.148	0.068
2.38823914528	-0.112	0.092	-1.148
2.39151716232	0.072	-0.08	1.62
2.39479994774	0.072	-0.08	1.62
2.39807510376	0.044	-0.316	2.044
2.40135097504	-0.104	-0.192	0.548
2.40463399887	-0.104	-0.192	0.548
2.40791106224	-0.12	0.084	-1.264
2.41118812561	0.072	-0.028	1.124
2.41446995735	0.072	-0.028	1.124
2.41774702072	0.108	-0.308	2.044
2.42102313042	-0.072	-0.256	1.064
2.42429995537	-0.072	-0.256	1.064
2.42757606506	-0.136	0.064	-1.268
2.43085312843	-0.136	0.064	-1.268
2.4341340065	0.052	0.012	0.636
2.4374101162	0.116	-0.296	2.044
2.44068598747	0.116	-0.296	2.044
2.44396209717	-0.052	-0.316	1.556
2.44723916054	-0.148	0.024	-1.18
2.45051598549	-0.148	0.024	-1.18
2.45379900932	0.016	0.06	0.148
2.45707392693	0.112	-0.264	2.044
2.46034908295	0.112	-0.264	2.044
2.46362614632	-0.02	-0.332	2.024
2.46690297127	-0.152	0.012	-0.98
2.47017908096	-0.152	0.012	-0.98
2.47345495224	-0.016	0.096	-0.28
2.47673416138	-0.016	0.096	-0.28
2.48003005981	0.112	-0.216	2.044
2.48330712318	-0.004	-0.34	2.044
2.48659300804	-0.004	-0.34	2.044
2.48987102509	-0.148	-0.048	-0.676
2.49314904213	-0.032	0.104	-0.656
2.49643111229	-0.032	0.104	-0.656
2.49970793724	0.112	-0.168	2.044
2.50298309326	0.036	-0.356	2.044
2.50626015663	0.036	-0.356	2.044
2.50953507423	-0.12	-0.104	-0.3
2.51281309128	-0.064	0.096	-0.972
2.51609396935	-0.064	0.096	-0.972
2.51937103271	0.1	-0.12	2.008
2.52264714241	0.064	-0.356	2.044
2.52596211433	0.064	-0.356	2.044
2.52924013138	-0.112	-0.152	0.148
2.53254914284	-0.112	-0.152	0.148
2.53583097458	-0.116	0.096	-1.168
2.53911113739	0.076	-0.076	1.532
2.54238700867	0.076	-0.076	1.532
2.54566407204	0.068	-0.336	2.044
2.54893994331	-0.1	-0.2	0.632
2.55221700668	-0.1	-0.2	0.632
2.55550098419	-0.12	0.08	-1.268
2.55877804756	0.056	-0.02	1.044
2.56205296516	0.056	-0.02	1.044
2.56533503532	0.112	-0.316	2.044
2.56861209869	-0.064	-0.26	1.136
2.57189893723	-0.064	-0.26	1.136
2.57518315315	-0.136	0.06	-1.26
2.57846093178	-0.136	0.06	-1.26
2.58173799515	0.04	0.044	0.548
2.5850110054	0.116	-0.284	2.044
2.58828997612	0.116	-0.284	2.044
2.59156703949	-0.056	-0.304	1.64
2.59485006332	-0.148	0.012	-1.144
2.59812808037	-0.148	0.012	-1.144
2.60140514374	0.0	0.068	0.096
2.60467815399	0.128	-0.256	2.044
2.60795402527	0.128	-0.256	2.044
2.61123108864	-0.016	-0.344	2.044
2.61451411247	-0.152	-0.02	-0.932
2.61779212952	-0.152	-0.02	-0.932
2.62107014656	-0.02	0.092	-0.344
2.6243481636	-0.02	0.092	-0.344
2.62762498856	0.112	-0.208	2.044
2.63090109825	-0.008	-0.336	2.044
2.63418412209	-0.008	-0.336	2.044
2.63746595383	-0.136	-0.052	-0.612
2.64074397087	-0.048	0.108	-0.712
2.64402198792	-0.048	0.108	-0.712
2.64729905128	0.116	-0.168	2.044
2.65057516098	0.036	-0.352	2.044
2.65385603905	0.036	-0.352	2.044
2.65713310242	-0.116	-0.1	-0.228
2.66040992737	-0.072	0.108	-1.0
2.6636941433	-0.072	0.108	-1.0
2.66696715355	0.104	-0.144	1.96
2.67024302483	0.104	-0.144	1.96
2.67351698875	0.064	-0.344	2.044
2.67679905891	-0.116	-0.156	0.216
2.68007493019	-0.116	-0.156	0.216
2.68335103989	-0.12	0.096	-1.192
2.68663406372	0.064	-0.072	1.488
2.68991112709	0.064	-0.072	1.488
2.69318699837	0.084	-0.328	2.044
2.69646811485	-0.088	-0.22	0.692
2.6997461319	-0.088	-0.22	0.692
2.70302200317	-0.124	0.072	-1.292
2.70630002022	0.052	-0.008	0.98
2.70957493782	0.052	-0.008	0.98
2.71284914017	0.116	-0.316	2.044
2.71613001823	-0.064	-0.272	1.208
2.7194070816	-0.064	-0.272	1.208
2.72268414497	-0.136	0.056	-1.272
2.72596597672	-0.136	0.056	-1.272
2.72924304008	0.032	0.04	0.484
2.73251700401	0.108	-0.284	2.044
2.7357981205	0.108	-0.284	2.044
2.73907804489	-0.04	-0.316	1.732
2.74235510826	-0.148	0.024	-1.128
2.74563193321	-0.148	0.024	-1.128
2.74890899658	0.0	0.076	0.008
2.7521750927	0.124	-0.252	2.044
2.75547003746	0.124	-0.252	2.044
2.75874710083	-0.008	-0.348	2.044
2.76202297211	-0.144	-0.02	-0.892
2.76530814171	-0.144	-0.02	-0.892
2.76858711243	-0.024	0.096	-0.408
2.77186393738	-0.024	0.096	-0.408
2.77514696121	0.112	-0.192	2.044
2.77842402458	-0.004	-0.348	2.044
2.78170108795	-0.004	-0.348	2.044
2.784979105	-0.14	-0.048	-0.568
2.78825807571	-0.06	0.108	-0.768
2.79153800011	-0.06	0.108	-0.768
2.79482197762	0.104	-0.156	2.044
2.79809808731	0.044	-0.352	2.044
2.80137395859	0.044	-0.352	2.044
2.80465602875	-0.108	-0.104	-0.168
2.80793404579	-0.08	0.108	-1.036
2.81121110916	-0.08	0.108	-1.036
2.814494133	0.104	-0.112	1.872
2.81777000427	0.104	-0.112	1.872
2.82104706764	0.072	-0.336	2.044
2.82432293892	-0.112	-0.168	0.296
2.82760000229	-0.112	-0.168	0.296
2.83087706566	-0.124	0.08	-1.192
2.83416008949	0.068	-0.048	1.4
2.83743596077	0.068	-0.048	1.4
2.84071612358	0.088	-0.328	2.044
2.84399414062	-0.092	-0.232	0.78
2.84728002548	-0.092	-0.232	0.78
2.85055804253	-0.148	0.072	-1.276
2.85384011269	0.044	-0.004	0.9
2.85711503029	0.044	-0.004	0.9
2.86038994789	0.116	-0.312	2.044
2.86366605759	0.116	-0.312	2.044
2.86694812775	-0.052	-0.264	1.28
2.87025499344	-0.136	0.06	-1.24
2.87353301048	-0.136	0.06	-1.24
2.87681508064	0.032	0.04	0.408
2.8800880909	0.116	-0.284	2.044
2.88336396217	0.116	-0.284	2.044
2.88664507866	-0.032	-0.308	1.776
2.88992094994	-0.148	0.008	-1.096
2.89320111275	-0.148	0.008	-1.096
2.89648413658	0.0	0.088	-0.056
2.89975309372	0.128	-0.244	2.044
2.903028965	0.128	-0.244	2.044
2.90630602837	-0.004	-0.332	2.044
2.90958404541	-0.004	-0.332	2.044
2.91286015511	-0.14	-0.032	-0.852
2.91614294052	-0.032	0.096	-0.472
2.91942000389	-0.032	0.096	-0.472
2.92269802094	0.112	-0.196	2.044
2.92597913742	0.012	-0.356	2.044
2.92925596237	0.012	-0.356	2.044
2.93253207207	-0.152	-0.064	-0.5
2.93581199646	-0.056	0.108	-0.82
2.93909907341	-0.056	0.108	-0.82
2.9423789978	0.108	-0.152	2.044
2.94565606117	0.036	-0.356	2.044
2.94893193245	0.036	-0.356	2.044
2.95220708847	-0.112	-0.128	-0.092
2.95548605919	-0.076	0.104	-1.08
2.95876312256	-0.076	0.104	-1.08
2.96203994751	0.104	-0.1	1.8
2.96532201767	0.104	-0.1	1.8
2.96859097481	0.08	-0.34	2.044
2.97185993195	-0.104	-0.184	0.376
2.97513413429	-0.104	-0.184	0.376
2.97841405869	-0.108	0.1	-1.224
2.98169207573	0.064	-0.04	1.312
2.9849691391	0.064	-0.04	1.312
2.98824596405	0.096	-0.332	2.044
2.99152207375	-0.096	-0.228	0.876
2.9948091507	-0.096	-0.228	0.876
2.99808692932	-0.152	0.068	-1.272
3.00136399269	0.044	0.0	0.812
3.00463700294	0.044	0.0	0.812
3.00790405273	0.108	-0.312	2.044
3.01117897034	0.108	-0.312	2.044
3.01446199417	-0.048	-0.28	1.38
3.01774001122	-0.144	0.04	-1.22
3.02101707458	-0.144	0.04	-1.22
3.0242960453	0.024	0.052	0.32
3.02756810188	0.132	-0.268	2.044
3.03085398674	0.132	-0.268	2.044
3.03413105011	-0.036	-0.316	1.868
3.03740906715	-0.148	0.008	-1.056
3.0406870842	-0.148	0.008	-1.056
3.04397511482	0.004	0.088	-0.136
3.04725313187	0.116	-0.232	2.044
3.05053400993	0.116	-0.232	2.044
3.05381512642	-0.008	-0.348	2.044
3.05709195137	-0.008	-0.348	2.044
3.06036901474	-0.132	-0.028	-0.788
3.06364798546	-0.032	0.1	-0.544
3.06692409515	-0.032	0.1	-0.544
3.07019901276	0.128	-0.2	2.044
3.07347512245	0.016	-0.36	2.044
3.07675600052	0.016	-0.36	2.044
3.08003115654	-0.128	-0.084	-0.432
3.08330893517	-0.076	0.104	-0.876
3.08659005165	-0.076	0.104	-0.876
3.0898680687	0.096	-0.152	2.044
3.0931429863	0.052	-0.356	2.044
3.09642314911	0.052	-0.356	2.044
3.09969997406	-0.112	-0.14	-0.012
3.10297703743	-0.112	-0.14	-0.012
3.10626006126	-0.084	0.104	-1.112
3.10953807831	0.092	-0.092	1.712
3.11281394958	0.092	-0.092	1.712
3.11609601974	0.08	-0.344	2.044
3.11937308311	-0.088	-0.184	0.46
3.12265896797	-0.088	-0.184	0.46
3.1259701252	-0.104	0.084	-1.244
3.12924909592	0.076	-0.04	1.22
3.13252496719	0.076	-0.04	1.22
3.13580799103	0.084	-0.304	2.044
3.13908410072	-0.092	-0.24	0.964
3.14236211777	-0.092	-0.24	0.964
3.14564299583	-0.136	0.06	-1.276
3.1489200592	-0.136	0.06	-1.276
3.15219712257	0.044	0.008	0.724
3.15547704697	0.12	-0.296	2.044
3.15875315666	0.12	-0.296	2.044
3.16202902794	-0.056	-0.296	1.476
3.16531300545	-0.148	0.028	-1.192
3.16859102249	-0.148	0.028	-1.192
3.17186808586	0.032	0.04	0.256
3.17514610291	0.12	-0.272	2.044
3.17842292786	0.12	-0.272	2.044
3.18169808388	-0.028	-0.328	1.956
3.18497610092	-0.148	0.0	-1.016
3.18824601173	-0.148	0.0	-1.016
3.19151496887	-0.024	0.092	-0.208
3.19479799271	-0.024	0.092	-0.208
3.19807815552	0.12	-0.228	2.044
3.20135402679	-0.004	-0.348	2.044
3.20463705063	-0.004	-0.348	2.044
3.20791506767	-0.124	-0.012	-0.752
3.21119308472	-0.024	0.1	-0.6
3.21449303627	-0.024	0.1	-0.6
3.21777009964	0.116	-0.18	2.044
3.22104597092	0.024	-0.352	2.044
3.22432303429	0.024	-0.352	2.044
3.22759795189	-0.124	-0.088	-0.376
3.23087596893	-0.08	0.088	-0.924
3.23415899277	-0.08	0.088	-0.924
3.23743605614	0.096	-0.136	2.044
3.24071192741	0.064	-0.368	2.044
3.24398994446	0.064	-0.368	2.044
3.24727702141	-0.116	-0.148	0.08
3.25058507919	-0.116	-0.148	0.08
3.25387001038	-0.096	0.096	-1.132
3.25714802742	0.076	-0.076	1.628
3.26042413712	0.076	-0.076	1.628
3.26370096207	0.092	-0.34	2.044
3.26697802544	-0.092	-0.192	0.544
3.27025413513	-0.092	-0.192	0.544
3.27353096008	-0.116	0.084	-1.252
3.27681398392	0.076	-0.036	1.128
3.28009009361	0.076	-0.036	1.128
3.28336715698	0.1	-0.32	2.044
3.28664302826	-0.088	-0.256	1.048
3.28992009163	-0.088	-0.256	1.048
3.29319810867	-0.136	0.06	-1.272
3.29647994041	-0.136	0.06	-1.272
3.2997610569	0.04	0.036	0.624
3.30303502083	0.112	-0.296	2.044
3.30632209778	0.112	-0.296	2.044
3.30960392952	-0.052	-0.3	1.552
3.31288194656	-0.152	0.028	-1.148
3.31616401672	-0.152	0.028	-1.148
3.31944203377	0.012	0.064	0.168
3.3227159977	0.116	-0.272	2.044
3.32599711418	0.116	-0.272	2.044
3.32927393913	-0.028	-0.328	2.032
3.3325510025	-0.156	-0.008	-0.976
3.33583498001	-0.156	-0.008	-0.976
3.33911395073	-0.02	0.084	-0.288
3.34238910675	-0.02	0.084	-0.288
3.34566712379	0.124	-0.232	2.044
3.34894609451	0.004	-0.344	2.044
3.35222196579	0.004	-0.344	2.044
3.35550403595	-0.136	-0.036	-0.668
3.35878205299	-0.04	0.108	-0.68
3.36205911636	-0.04	0.108	-0.68
3.3653421402	0.124	-0.176	2.044
3.36861801147	0.036	-0.34	2.044
3.37189292908	0.036	-0.34	2.044
3.37517499924	-0.12	-0.088	-0.296
3.37845301628	-0.072	0.104	-0.96
3.38172912598	-0.072	0.104	-0.96
3.38500714302	0.088	-0.116	2.016
3.38828206062	0.088	-0.116	2.016
3.3915579319	0.052	-0.344	2.044
3.39484000206	-0.116	-0.168	0.148
3.39812493324	-0.116	-0.168	0.148
3.40140509605	-0.104	0.088	-1.16
3.40468811989	0.06	-0.076	1.56
3.40796399117	0.06	-0.076	1.56
3.41124010086	0.088	-0.324	2.044
3.41452097893	-0.088	-0.208	0.636
3.41779899597	-0.088	-0.208	0.636
3.42107510567	-0.108	0.084	-1.272
3.42435407639	0.06	-0.02	1.048
3.42762899399	0.06	-0.02	1.048
3.43090295792	0.108	-0.312	2.044
3.43418502808	0.108	-0.312	2.044
3.43745994568	-0.076	-0.26	1.132
3.44073700905	-0.132	0.068	-1.264
3.44401597977	-0.132	0.068	-1.264
3.44729208946	0.032	0.028	0.552
3.45056796074	0.12	-0.292	2.044
3.4538500309	0.12	-0.292	2.044
3.45712709427	-0.056	-0.292	1.64
3.46040296555	-0.148	0.016	-1.14
3.46368002892	-0.148	0.016	-1.14
3.46695804596	0.008	0.06	0.072
3.47023010254	0.124	-0.252	2.044
3.47350502014	0.124	-0.252	2.044
3.4767870903	-0.044	-0.32	2.044
3.4800620079	-0.16	-0.016	-0.924
3.48334002495	-0.16	-0.016	-0.924
3.48662304878	-0.036	0.096	-0.352
3.48990893364	-0.036	0.096	-0.352
3.49318599701	0.108	-0.204	2.044
3.49646711349	-0.008	-0.356	2.044
3.49974513054	-0.008	-0.356	2.044
3.50302505493	-0.14	-0.06	-0.612
3.50630402565	-0.04	0.112	-0.724
3.50958514214	-0.04	0.112	-0.724
3.51286101341	0.136	-0.176	2.044
3.51614093781	0.044	-0.352	2.044
3.5194170475	0.044	-0.352	2.044
3.52270293236	-0.12	-0.104	-0.22
3.52598714828	-0.076	0.112	-1.012
3.529266119	-0.076	0.112	-1.012
3.53254294395	0.1	-0.124	1.936
3.53582000732	0.1	-0.124	1.936
3.53909707069	0.052	-0.344	2.044
3.5423719883	-0.12	-0.16	0.228
3.54564905167	-0.12	-0.16	0.228
3.54892706871	-0.112	0.096	-1.212
3.55220794678	0.076	-0.064	1.456
3.55549097061	0.076	-0.064	1.456
3.55876803398	0.088	-0.328	2.044
3.56204509735	-0.076	-0.232	0.724
3.56532812119	-0.076	-0.232	0.724
3.56860613823	-0.132	0.084	-1.284
3.57188296318	0.052	-0.008	0.952
3.57516503334	0.052	-0.008	0.952
3.57843995094	0.112	-0.308	2.044
3.58172607422	0.112	-0.308	2.044
3.58500313759	-0.072	-0.256	1.236
3.58827996254	-0.136	0.06	-1.252
3.59155702591	-0.136	0.06	-1.252
3.59484100342	0.036	0.036	0.456
3.59811496735	0.12	-0.276	2.044
3.60139107704	0.12	-0.276	2.044
3.6046769619	-0.028	-0.308	1.732
3.60795497894	-0.136	0.016	-1.124
3.61123204231	-0.136	0.016	-1.124
3.61451506615	0.016	0.076	-0.004
3.61779093742	0.128	-0.236	2.044
3.62106704712	0.128	-0.236	2.044
3.62434315681	-0.02	-0.344	2.044
3.62761998177	-0.02	-0.344	2.044
3.63089704514	-0.144	-0.028	-0.884
3.63418102264	-0.036	0.1	-0.432
3.63745903969	-0.036	0.1	-0.432
3.64073610306	0.112	-0.212	2.044
3.6440141201	0.008	-0.36	2.044
3.6472890377	0.008	-0.36	2.044
3.6505651474	-0.14	-0.044	-0.548
3.65385293961	-0.048	0.108	-0.784
3.65713000298	-0.048	0.108	-0.784
3.66040802002	0.112	-0.152	2.044
3.66368412971	0.044	-0.36	2.044
3.66696095467	0.044	-0.36	2.044
3.67023706436	-0.104	-0.108	-0.144
3.67352294922	-0.104	-0.108	-0.144
3.67684412003	-0.076	0.1	-1.048
3.68012404442	0.092	-0.104	1.852
3.68340110779	0.092	-0.104	1.852
3.68668413162	0.068	-0.348	2.044
3.68995904922	-0.116	-0.172	0.332
3.69323611259	-0.116	-0.172	0.332
3.69651794434	-0.12	0.076	-1.216
3.69979500771	0.064	-0.052	1.364
3.7030711174	0.064	-0.052	1.364
3.70635294914	0.096	-0.332	2.044
3.70962905884	-0.076	-0.236	0.788
3.71290612221	-0.076	-0.236	0.788
3.71618914604	-0.132	0.068	-1.272
3.71946716309	0.052	-0.004	0.864
3.72274208069	0.052	-0.004	0.864
3.72602200508	0.12	-0.3	2.044
3.72929811478	0.12	-0.3	2.044
3.73257303238	-0.052	-0.276	1.316
3.73585700989	-0.148	0.052	-1.236
3.73913502693	-0.148	0.052	-1.236
3.74241113663	0.02	0.056	0.368
3.74568605423	0.112	-0.276	2.044
3.74896097183	0.112	-0.276	2.044
3.7522380352	-0.036	-0.316	1.808
3.75552606583	-0.144	0.016	-1.076
3.75880408287	-0.144	0.016	-1.076
3.76208209991	0.004	0.08	-0.084
3.76537394524	0.124	-0.236	2.044
3.76865100861	0.124	-0.236	2.044
3.7719271183	-0.008	-0.34	2.044
3.77521014214	-0.008	-0.34	2.044
3.77848696709	-0.136	-0.028	-0.828
3.78176498413	-0.028	0.096	-0.496
3.78504300117	-0.028	0.096	-0.496
3.78831911087	0.108	-0.2	2.044
3.79159498215	0.012	-0.352	2.044
3.79487895966	0.012	-0.352	2.044
3.79815602303	-0.14	-0.076	-0.484
3.8014330864	-0.06	0.096	-0.848
3.80471611023	-0.06	0.096	-0.848
3.8079969883	0.096	-0.148	2.044
3.81127405167	0.06	-0.356	2.044
3.81455612183	0.06	-0.356	2.044
3.81783103943	-0.112	-0.12	-0.064
3.82110905647	-0.112	-0.12	-0.064
3.82438707352	-0.084	0.104	-1.084
3.82766413689	0.096	-0.088	1.768
3.83094000816	0.096	-0.088	1.768
3.83422207832	0.064	-0.336	2.044
3.8374979496	-0.12	-0.176	0.416
3.84077596664	-0.12	-0.176	0.416
3.8440580368	-0.124	0.092	-1.22
3.84733605385	0.06	-0.04	1.268
3.85061097145	0.06	-0.04	1.268
3.85388803482	0.096	-0.328	2.044
3.85717797279	-0.096	-0.24	0.912
3.86045598984	-0.096	-0.24	0.912
3.86373305321	-0.14	0.068	-1.276
3.86701107025	-0.14	0.068	-1.276
3.87028813362	0.052	0.008	0.776
3.87359213829	0.112	-0.304	2.044
3.87687206268	0.112	-0.304	2.044
3.88014793396	-0.056	-0.292	1.42
3.883425951	-0.144	0.032	-1.216
3.88671112061	-0.144	0.032	-1.216
3.88998794556	0.016	0.056	0.296
3.89326095581	0.12	-0.272	2.044
3.8965420723	0.12	-0.272	2.044
3.89981913567	-0.032	-0.316	1.904
3.90309596062	-0.152	0.012	-1.044
3.90637493134	-0.152	0.012	-1.044
3.90966010094	-0.02	0.096	-0.152
3.91293692589	-0.02	0.096	-0.152
3.91621899605	0.12	-0.228	2.044
3.91949605942	-0.004	-0.34	2.044
3.92277312279	-0.004	-0.34	2.044
3.92605400085	-0.148	-0.036	-0.756
3.9293320179	-0.032	0.104	-0.564
3.93260812759	-0.032	0.104	-0.564
3.93596196175	0.112	-0.184	2.044
3.93924212456	0.016	-0.36	2.044
3.94251894951	0.016	-0.36	2.044
3.94579601288	-0.12	-0.096	-0.408
3.94909310341	-0.076	0.1	-0.892
3.95236992836	-0.076	0.1	-0.892
3.95565414429	0.096	-0.144	2.044
3.95893406868	0.06	-0.364	2.044
3.96220993996	0.06	-0.364	2.044
3.96549296379	-0.112	-0.14	0.032
3.96876215935	-0.112	-0.14	0.032
3.97203111649	-0.088	0.108	-1.132
3.97530603409	0.088	-0.088	1.664
3.97858500481	0.088	-0.088	1.664
3.98186206818	0.088	-0.332	2.044
3.98513913155	-0.092	-0.18	0.504
3.98841714859	-0.092	-0.18	0.504
3.99169301987	-0.124	0.1	-1.248
3.99497699738	0.06	-0.032	1.172
3.9982521534	0.06	-0.032	1.172
4.00152802467	0.108	-0.312	2.044
4.00481104851	-0.08	-0.244	1.008
4.0080871582	-0.08	-0.244	1.008
4.01136803627	-0.132	0.052	-1.28
4.01465201378	-0.132	0.052	-1.28
4.01792907715	0.032	0.016	0.684
4.02120304108	0.124	-0.3	2.044
4.02447915077	0.124	-0.3	2.044
4.02775597572	-0.06	-0.3	1.52
4.03103303909	-0.152	0.024	-1.184
4.03431200981	-0.152	0.024	-1.184
4.03758907318	0.004	0.068	0.208
4.04087209702	0.116	-0.256	2.044
4.04415607452	0.116	-0.256	2.044
4.04743099213	-0.028	-0.328	1.992
4.05070900917	-0.144	0.02	-1.0
4.05398392677	-0.144	0.02	-1.0
4.05725598335	-0.008	0.108	-0.256
4.06053614616	-0.008	0.108	-0.256
4.06381416321	0.128	-0.224	2.044
4.06709003448	0.0	-0.348	2.044
4.07035899162	0.0	-0.348	2.044
4.07363414764	-0.12	-0.028	-0.704
4.07691192627	-0.032	0.104	-0.632
4.08018898964	-0.032	0.104	-0.632
4.08346700668	0.112	-0.172	2.044
4.08674907684	0.016	-0.356	2.044
4.09002494812	0.016	-0.356	2.044
4.09330105782	-0.14	-0.08	-0.32
4.09658312798	-0.084	0.104	-0.944
4.09986114502	-0.084	0.104	-0.944
4.10313796997	0.092	-0.132	2.044
4.10641908646	0.092	-0.132	2.044
4.1096971035	0.068	-0.36	2.044
4.11297702789	-0.108	-0.144	0.108
4.11625504494	-0.108	-0.144	0.108
4.11953616142	-0.1	0.092	-1.156
4.12281298637	0.084	-0.08	1.568
4.12609410286	0.084	-0.08	1.568
4.1293721199	0.08	-0.328	2.044
4.13265705109	-0.096	-0.196	0.604
4.13600111008	-0.096	-0.196	0.604
4.13928103447	-0.116	0.076	-1.264
4.14255905151	0.068	-0.032	1.072
4.14583516121	0.068	-0.032	1.072
4.14911198616	0.104	-0.312	2.044
4.15238714218	-0.072	-0.264	1.1
4.1556699276	-0.072	-0.264	1.1
4.15899610519	-0.136	0.06	-1.264
4.16227912903	-0.136	0.06	-1.264
4.16556406021	0.044	0.04	0.576
4.16883802414	0.128	-0.288	2.044
4.17211413383	0.128	-0.288	2.044
4.17539596558	-0.056	-0.312	1.608
4.17867302895	-0.156	0.028	-1.156
4.18195009232	-0.156	0.028	-1.156
4.18522810936	-0.008	0.072	0.104
4.18850302696	0.116	-0.26	2.044
4.19177913666	0.116	-0.26	2.044
4.19506216049	-0.024	-0.34	2.044
4.19833993912	-0.152	-0.004	-0.956
4.20161700249	-0.152	-0.004	-0.956
4.20490193367	-0.016	0.088	-0.332
4.20817804337	-0.016	0.088	-0.332
4.21145510674	0.128	-0.216	2.044
4.21474003792	0.02	-0.356	2.044
4.21801710129	0.02	-0.356	2.044
4.22129392624	-0.128	-0.044	-0.628
4.22458410263	-0.04	0.116	-0.704
4.22786092758	-0.04	0.116	-0.704
4.23113799095	0.116	-0.164	2.044
4.23442101479	0.036	-0.356	2.044
4.23769807816	0.036	-0.356	2.044
4.24097514153	-0.132	-0.088	-0.244
4.24425911903	-0.088	0.096	-0.992
4.24753594398	-0.088	0.096	-0.992
4.25081205368	0.08	-0.104	1.96
4.25409412384	0.08	-0.104	1.96
4.25737094879	0.052	-0.348	2.044
4.26064610481	-0.108	-0.156	0.192
4.26392793655	-0.108	-0.156	0.192
4.2672059536	-0.104	0.092	-1.188
4.27048206329	0.076	-0.072	1.496
4.27376413345	0.076	-0.072	1.496
4.27704000473	0.1	-0.324	2.044
4.28031611443	-0.084	-0.216	0.688
4.28359413147	-0.084	-0.216	0.688
4.28687000275	-0.104	0.048	-1.268
4.29014706612	0.056	-0.012	0.996
4.29342293739	0.056	-0.012	0.996
4.2967031002	0.108	-0.312	2.044
4.29997897148	0.108	-0.312	2.044
4.3032541275	-0.068	-0.264	1.18
4.30653095245	-0.14	0.052	-1.256
4.30980801582	-0.14	0.052	-1.256
4.31308603287	0.04	0.028	0.504
4.31637406349	0.116	-0.284	2.044
4.31965494156	0.116	-0.284	2.044
4.32293200493	-0.032	-0.3	1.664
4.32621407509	-0.136	0.02	-1.132
4.32949209213	-0.136	0.02	-1.132
4.33277010918	0.008	0.076	0.036
4.33604812622	0.12	-0.256	2.044
4.3393239975	0.12	-0.256	2.044
4.34259915352	-0.028	-0.332	2.044
4.34595012665	-0.148	-0.016	-0.904
4.34923315048	-0.148	-0.016	-0.904
4.3525121212	-0.024	0.096	-0.384
4.35579514503	-0.024	0.096	-0.384
4.35907196999	0.108	-0.216	2.044
4.36234807968	0.016	-0.356	2.044
4.36563301086	0.016	-0.356	2.044
4.36891007423	-0.128	-0.056	-0.584
4.37218904495	-0.048	0.112	-0.756
4.375467062	-0.048	0.112	-0.756
4.37874412537	0.132	-0.172	2.044
4.38201999664	0.04	-0.344	2.044
4.38529515266	0.04	-0.344	2.044
4.38857197762	-0.12	-0.124	-0.184
4.39184904099	-0.088	0.12	-1.024
4.39513301849	-0.088	0.12	-1.024
4.39841008186	0.08	-0.104	1.892
4.40168499947	0.08	-0.104	1.892
4.40496611595	0.068	-0.348	2.044
4.40825200081	-0.112	-0.176	0.272
4.41153001785	-0.112	-0.176	0.272
4.41481304169	-0.112	0.096	-1.216
4.41809296608	0.072	-0.06	1.408
4.42136907578	0.072	-0.06	1.408
4.42464494705	0.088	-0.332	2.044
4.42792201042	-0.088	-0.228	0.772
4.43119907379	-0.088	-0.228	0.772
4.43448209763	-0.128	0.076	-1.284
4.43776011467	0.052	-0.008	0.916
4.44103503227	0.052	-0.008	0.916
4.44431614876	0.116	-0.308	2.044
4.44759202003	0.116	-0.308	2.044
4.45086693764	-0.06	-0.296	1.272
4.45414996147	-0.128	0.044	-1.248
4.45742797852	-0.128	0.044	-1.248
4.46070504189	0.028	0.044	0.428
4.46397900581	0.124	-0.276	2.044
4.46725893021	0.124	-0.276	2.044
4.4705350399	-0.024	-0.316	1.768
4.47381901741	-0.148	0.016	-1.1
4.47709703445	-0.148	0.016	-1.1
4.48037409782	0.004	0.084	-0.04
4.48365592957	0.116	-0.224	2.044
4.48693203926	0.116	-0.224	2.044
4.49020814896	-0.024	-0.348	2.044
4.49348497391	-0.024	-0.348	2.044
4.49676799774	-0.148	-0.028	-0.86
4.50005602837	-0.036	0.092	-0.464
4.50333309174	-0.036	0.092	-0.464
4.50661206245	0.112	-0.208	2.044
4.50988698006	0.02	-0.364	2.044
4.51316308975	0.02	-0.364	2.044
4.51644515991	-0.124	-0.068	-0.516
4.51972603798	-0.036	0.108	-0.788
4.52300405502	-0.036	0.108	-0.788
4.52628207207	0.116	-0.152	2.044
4.52956104279	0.044	-0.352	2.044
4.53283715248	0.044	-0.352	2.044
4.53611397743	-0.112	-0.108	-0.1
4.53939199448	-0.088	0.112	-1.068
4.54266905785	-0.088	0.112	-1.068
4.54595303535	0.084	-0.108	1.804
4.54922914505	0.084	-0.108	1.804
4.55250501633	0.064	-0.336	2.044
4.55578708649	-0.112	-0.164	0.336
4.55906510353	-0.112	-0.164	0.336
4.56234097481	-0.116	0.084	-1.224
4.56562399864	0.072	-0.064	1.324
4.56890296936	0.072	-0.064	1.324
4.57218003273	0.104	-0.328	2.044
4.57546114922	-0.084	-0.248	0.848
4.57873892784	-0.084	-0.248	0.848
4.58201503754	-0.132	0.064	-1.284
4.58529210091	0.052	0.0	0.828
4.5885579586	0.052	0.0	0.828
4.59183311462	0.084	-0.296	2.044
4.59511613846	0.084	-0.296	2.044
4.59839200974	-0.068	-0.276	1.352
4.6016690731	-0.152	0.044	-1.228
4.60495305061	-0.152	0.044	-1.228
4.60823106766	0.028	0.068	0.344
4.61150407791	0.112	-0.272	2.044
4.61478495598	0.112	-0.272	2.044
4.61806201935	-0.032	-0.316	1.848
4.62134194374	-0.144	0.02	-1.072
4.62462115288	-0.144	0.02	-1.072
4.62789797783	0.0	0.076	-0.112
4.63116598129	0.112	-0.244	2.044
4.63444900513	0.112	-0.244	2.044
4.63772511482	-0.02	-0.344	2.044
4.64100193977	-0.02	-0.344	2.044
4.6442861557	-0.148	-0.028	-0.812
4.64756298065	-0.04	0.104	-0.536
4.65084004402	-0.04	0.104	-0.536
4.65412306786	0.112	-0.2	2.044
4.65739798546	0.012	-0.36	2.044
4.66067409515	0.012	-0.36	2.044
4.66395115852	-0.132	-0.068	-0.464
4.66722893715	-0.052	0.092	-0.844
4.67051005363	-0.052	0.092	-0.844
4.67379403114	0.112	-0.144	2.044
4.67707014084	0.064	-0.352	2.044
4.68034505844	0.064	-0.352	2.044
4.68363809586	-0.12	-0.132	-0.044
4.68691706657	-0.12	-0.132	-0.044
4.69019508362	-0.084	0.104	-1.096
4.6934709549	0.096	-0.084	1.74
4.69675302505	0.096	-0.084	1.74
4.70007801056	0.06	-0.336	2.044
4.70335698128	-0.104	-0.188	0.428
4.706635952	-0.104	-0.188	0.428
4.70991206169	-0.128	0.092	-1.24
4.71318912506	0.064	-0.04	1.252
4.7164709568	0.064	-0.04	1.252
4.71974802017	0.112	-0.32	2.044
4.72302699089	-0.084	-0.244	0.928
4.72630500793	-0.084	-0.244	0.928
4.72958612442	-0.14	0.064	-1.276
4.73286414146	-0.14	0.064	-1.276
4.73614597321	0.044	0.008	0.748
4.73941993713	0.116	-0.308	2.044
4.74269509315	0.116	-0.308	2.044
4.74597716331	-0.056	-0.296	1.444
4.74925494194	-0.152	0.04	-1.208
4.75253295898	-0.152	0.04	-1.208
4.75581908226	-0.008	0.068	0.276
4.75909495354	0.128	-0.272	2.044
4.76237106323	0.128	-0.272	2.044
4.76565313339	-0.02	-0.32	1.924
4.76893115044	-0.136	0.012	-1.028
4.7722120285	-0.136	0.012	-1.028
4.77550792694	-0.008	0.096	-0.18
4.77878713608	0.124	-0.232	2.044
4.78206801414	0.124	-0.232	2.044
4.78534412384	-0.004	-0.34	2.044
4.78862214088	-0.004	-0.34	2.044
4.79189896584	-0.132	-0.052	-0.76
4.79518294334	-0.048	0.104	-0.576
4.79846096039	-0.048	0.104	-0.576
4.80173802376	0.108	-0.18	2.044
4.80501413345	0.012	-0.356	2.044
4.8082909584	0.012	-0.356	2.044
4.8115670681	-0.132	-0.096	-0.388
4.81485104561	-0.072	0.1	-0.9
4.81812810898	-0.072	0.1	-0.9
4.82140493393	0.108	-0.136	2.044
4.82468509674	0.06	-0.34	2.044
4.82796216011	0.06	-0.34	2.044
4.83123803139	-0.1	-0.14	0.044
4.83452105522	-0.1	-0.14	0.044
4.83779811859	-0.092	0.112	-1.136
4.84107494354	0.08	-0.084	1.652
4.8443570137	0.08	-0.084	1.652
4.8476331234	0.076	-0.324	2.044
4.85090899467	-0.104	-0.188	0.516
4.85419201851	-0.104	-0.188	0.516
4.85746908188	-0.124	0.104	-1.26
4.86074614525	0.06	-0.032	1.16
4.8640229702	0.06	-0.032	1.16
4.86730909348	0.1	-0.32	2.044
4.87058496475	-0.08	-0.244	1.016
4.8738720417	-0.08	-0.244	1.016
4.87715005875	-0.136	0.056	-1.276
4.88042593002	-0.136	0.056	-1.276
4.88371014595	0.048	0.02	0.68
4.88698410988	0.116	-0.296	2.044
4.89025902748	0.116	-0.296	2.044
4.89353513718	-0.052	-0.304	1.52
4.89681816101	-0.148	0.032	-1.184
4.90009403229	-0.148	0.032	-1.184
4.90337109566	0.016	0.06	0.188
4.90665102005	0.12	-0.264	2.044
4.90992712975	0.12	-0.264	2.044
4.91320300102	-0.016	-0.324	1.992
4.91648507118	-0.136	0.008	-0.996
4.91976094246	-0.136	0.008	-0.996
4.92303609848	-0.004	0.084	-0.256
4.92631697655	-0.004	0.084	-0.256
4.92959809303	0.128	-0.216	2.044
4.93287396431	0.004	-0.344	2.044
4.93615412712	0.004	-0.344	2.044
4.93943095207	-0.132	-0.04	-0.696
4.94270896912	-0.04	0.116	-0.636
4.9459900856	-0.04	0.116	-0.636
4.94926714897	0.092	-0.176	2.044
4.95254302025	0.024	-0.368	2.044
4.95582509041	0.024	-0.368	2.044
4.95911097527	-0.136	-0.084	-0.32
4.96238899231	-0.076	0.096	-0.948
4.96567201614	-0.076	0.096	-0.948
4.96894192696	0.108	-0.136	2.036
4.97220993042	0.108	-0.136	2.036
4.97548699379	0.052	-0.352	2.044
4.97876811028	-0.1	-0.152	0.124
4.98204612732	-0.1	-0.152	0.124
4.98532414436	-0.1	0.092	-1.156
4.98860096931	0.084	-0.088	1.548
4.99187707901	0.084	-0.088	1.548
4.99516010284	0.088	-0.336	2.044
4.99843597412	-0.096	-0.2	0.612
