Timestamp 	 X-Axis 	 Y-Axis 	 Z-Axis
0.000308990478516	0.056	-0.208	-0.66
0.00254678726196	0.056	-0.208	-0.66
0.00459480285645	-0.012	-0.192	-0.62
0.00663900375366	-0.012	-0.192	-0.62
0.00867986679077	-0.012	-0.192	-0.62
0.0107388496399	-0.06	-0.224	-0.572
0.0127828121185	-0.06	-0.224	-0.572
0.0148220062256	-0.124	-0.236	-0.52
0.0168619155884	-0.124	-0.236	-0.52
0.0189127922058	-0.124	-0.236	-0.52
0.0209529399872	-0.192	-0.268	-0.436
0.0229959487915	-0.192	-0.268	-0.436
0.0250358581543	-0.244	-0.256	-0.368
0.0270748138428	-0.244	-0.256	-0.368
0.0291309356689	-0.244	-0.256	-0.368
0.0311698913574	-0.304	-0.264	-0.28
0.0332109928131	-0.304	-0.264	-0.28
0.0352568626404	-0.356	-0.268	-0.176
0.0372958183289	-0.356	-0.268	-0.176
0.0393350124359	-0.356	-0.268	-0.176
0.0413749217987	-0.404	-0.296	-0.072
0.0434138774872	-0.404	-0.296	-0.072
0.04545378685	-0.46	-0.284	0.04
0.0474908351898	-0.46	-0.284	0.04
0.049528837204	-0.46	-0.284	0.04
0.0516049861908	-0.508	-0.284	0.156
0.0536639690399	-0.508	-0.284	0.156
0.0557107925415	-0.552	-0.284	0.292
0.0577728748322	-0.552	-0.284	0.292
0.0598239898682	-0.552	-0.284	0.292
0.0618770122528	-0.58	-0.3	0.416
0.0639238357544	-0.58	-0.3	0.416
0.0659699440002	-0.608	-0.304	0.556
0.0680158138275	-0.608	-0.304	0.556
0.0700619220734	-0.608	-0.304	0.556
0.072114944458	-0.648	-0.304	0.724
0.0741658210754	-0.648	-0.304	0.724
0.0762128829956	-0.668	-0.292	0.848
0.0782589912415	-0.668	-0.292	0.848
0.0803048610687	-0.688	-0.296	0.98
0.0823588371277	-0.688	-0.296	0.98
0.0844058990479	-0.688	-0.296	0.98
0.086452960968	-0.696	-0.292	1.12
0.0884997844696	-0.696	-0.292	1.12
0.0905528068542	-0.712	-0.312	1.264
0.0926167964935	-0.712	-0.312	1.264
0.094664812088	-0.712	-0.312	1.264
0.09672498703	-0.724	-0.276	1.416
0.0987718105316	-0.724	-0.276	1.416
0.100825786591	-0.712	-0.272	1.54
0.102872848511	-0.712	-0.272	1.54
0.104918956757	-0.712	-0.272	1.54
0.10696387291	-0.688	-0.248	1.668
0.10901093483	-0.688	-0.248	1.668
0.111063957214	-0.692	-0.268	1.812
0.113110780716	-0.692	-0.268	1.812
0.115167856216	-0.692	-0.268	1.812
0.117214918137	-0.672	-0.256	1.928
0.119260787964	-0.672	-0.256	1.928
0.12132692337	-0.656	-0.248	2.032
0.123384952545	-0.656	-0.248	2.032
0.12543296814	-0.656	-0.248	2.032
0.127479791641	-0.636	-0.232	2.044
0.129526853561	-0.636	-0.232	2.044
0.131661891937	-0.616	-0.216	2.044
0.133736848831	-0.616	-0.216	2.044
0.135792016983	-0.616	-0.216	2.044
0.137841939926	-0.588	-0.224	2.044
0.139889001846	-0.588	-0.224	2.044
0.14194393158	-0.564	-0.208	2.044
0.143994808197	-0.564	-0.208	2.044
0.146041870117	-0.564	-0.208	2.044
0.148087978363	-0.504	-0.18	2.044
0.150148868561	-0.504	-0.18	2.044
0.152204990387	-0.46	-0.168	2.044
0.154258012772	-0.46	-0.168	2.044
0.156308889389	-0.46	-0.168	2.044
0.158355951309	-0.424	-0.164	2.044
0.160417795181	-0.424	-0.164	2.044
0.162467956543	-0.376	-0.148	2.044
0.164514780045	-0.376	-0.148	2.044
0.16656088829	-0.376	-0.148	2.044
0.168618917465	-0.3	-0.124	2.044
0.17067193985	-0.3	-0.124	2.044
0.172729969025	-0.256	-0.116	2.044
0.174776792526	-0.256	-0.116	2.044
0.176823854446	-0.256	-0.116	2.044
0.178870916367	-0.204	-0.096	2.044
0.180922985077	-0.204	-0.096	2.044
0.182981967926	-0.148	-0.084	2.044
0.185031890869	-0.148	-0.084	2.044
0.187088012695	-0.148	-0.084	2.044
0.189134836197	-0.096	-0.064	2.044
0.191188812256	-0.096	-0.064	2.044
0.193235874176	-0.024	-0.044	2.044
0.195282936096	-0.024	-0.044	2.044
0.197332859039	-0.024	-0.044	2.044
0.199378967285	0.044	-0.016	2.044
0.201432943344	0.044	-0.016	2.044
0.203477859497	0.096	-0.016	2.044
0.205523014069	0.096	-0.016	2.044
0.207567930222	0.096	-0.016	2.044
0.209613800049	0.16	-0.016	2.044
0.211668968201	0.16	-0.016	2.044
0.213715791702	0.22	0.004	2.044
0.215760946274	0.22	0.004	2.044
0.217804908752	0.22	0.004	2.044
0.219856977463	0.284	0.02	2.044
0.221906900406	0.284	0.02	2.044
0.223948955536	0.328	0.04	2.044
0.225992918015	0.328	0.04	2.044
0.228036880493	0.368	0.04	2.016
0.230088949203	0.368	0.04	2.016
0.232141017914	0.368	0.04	2.016
0.234186887741	0.432	0.024	1.916
0.236229896545	0.432	0.024	1.916
0.238273859024	0.468	0.044	1.78
0.240317821503	0.468	0.044	1.78
0.242363929749	0.468	0.044	1.78
0.244407892227	0.52	0.064	1.648
0.246450901031	0.52	0.064	1.648
0.248505830765	0.552	0.048	1.52
0.250558853149	0.552	0.048	1.52
0.252602815628	0.552	0.048	1.52
0.254647016525	0.576	0.06	1.388
0.256690979004	0.576	0.06	1.388
0.258733987808	0.628	0.056	1.248
0.2607858181	0.628	0.056	1.248
0.262830972672	0.628	0.056	1.248
0.264875888824	0.66	0.064	1.108
0.266918897629	0.66	0.064	1.108
0.268963813782	0.684	0.052	0.94
0.271012783051	0.684	0.052	0.94
0.273056983948	0.684	0.052	0.94
0.275098800659	0.704	0.06	0.836
0.277141809464	0.704	0.06	0.836
0.279186010361	0.68	0.052	0.684
0.281236886978	0.68	0.052	0.684
0.283283948898	0.68	0.052	0.684
0.285326004028	0.708	0.04	0.556
0.287375926971	0.708	0.04	0.556
0.28941988945	0.692	0.036	0.396
0.291467905045	0.692	0.036	0.396
0.293510913849	0.692	0.036	0.396
0.295553922653	0.684	0.048	0.284
0.297598838806	0.684	0.048	0.284
0.299640893936	0.668	0.008	0.16
0.301688909531	0.668	0.008	0.16
0.303731918335	0.668	0.008	0.16
0.305777788162	0.648	0.024	0.056
0.307820796967	0.648	0.024	0.056
0.309862852097	0.636	0.012	-0.068
0.311914920807	0.636	0.012	-0.068
0.31396985054	0.636	0.012	-0.068
0.316013813019	0.628	-0.004	-0.168
0.31805896759	0.628	-0.004	-0.168
0.320104837418	0.592	-0.028	-0.276
0.322154998779	0.592	-0.028	-0.276
0.324193954468	0.592	-0.028	-0.276
0.326231956482	0.552	-0.032	-0.356
0.328269958496	0.552	-0.032	-0.356
0.33030796051	0.512	-0.044	-0.44
0.332359790802	0.512	-0.044	-0.44
0.334406852722	0.512	-0.044	-0.44
0.336468935013	0.484	-0.052	-0.512
0.338515996933	0.484	-0.052	-0.512
0.34056687355	0.448	-0.072	-0.576
0.342611789703	0.448	-0.072	-0.576
0.344671010971	0.448	-0.072	-0.576
0.346721887589	0.396	-0.092	-0.612
0.348767995834	0.396	-0.092	-0.612
0.3508207798	0.356	-0.104	-0.656
0.352867841721	0.356	-0.104	-0.656
0.354913949966	0.356	-0.104	-0.656
0.356961965561	0.296	-0.112	-0.684
0.359006881714	0.296	-0.112	-0.684
0.361061811447	0.244	-0.128	-0.692
0.363107919693	0.244	-0.128	-0.692
0.36515378952	0.244	-0.128	-0.692
0.367198944092	0.192	-0.164	-0.7
0.369246006012	0.192	-0.164	-0.7
0.371298789978	0.124	-0.18	-0.676
0.37334394455	0.124	-0.18	-0.676
0.375392913818	0.124	-0.18	-0.676
0.377444982529	0.052	-0.18	-0.66
0.37949180603	0.052	-0.18	-0.66
0.38157582283	0.008	-0.192	-0.632
0.383623838425	0.008	-0.192	-0.632
0.385669946671	0.008	-0.192	-0.632
0.387715816498	-0.06	-0.216	-0.58
0.389761924744	-0.06	-0.216	-0.58
0.391815900803	-0.124	-0.24	-0.544
0.393864870071	-0.124	-0.24	-0.544
0.395910978317	-0.124	-0.24	-0.544
0.397957801819	-0.192	-0.236	-0.464
0.400004863739	-0.192	-0.236	-0.464
0.402068853378	-0.232	-0.256	-0.396
0.404115915298	-0.232	-0.256	-0.396
0.406161785126	-0.232	-0.256	-0.396
0.408208847046	-0.292	-0.256	-0.3
0.410260915756	-0.292	-0.256	-0.3
0.412314891815	-0.344	-0.28	-0.22
0.4143679142	-0.344	-0.28	-0.22
0.416415929794	-0.344	-0.28	-0.22
0.418462991714	-0.4	-0.284	-0.096
0.420514822006	-0.4	-0.284	-0.096
0.422562837601	-0.452	-0.276	0.008
0.424623966217	-0.452	-0.276	0.008
0.426669836044	-0.496	-0.284	0.132
0.42871594429	-0.496	-0.284	0.132
0.430768013	-0.496	-0.284	0.132
0.432814836502	-0.532	-0.288	0.244
0.434860944748	-0.532	-0.288	0.244
0.436906814575	-0.58	-0.296	0.384
0.438952922821	-0.58	-0.296	0.384
0.441018819809	-0.58	-0.296	0.384
0.443067789078	-0.604	-0.292	0.516
0.445113897324	-0.604	-0.292	0.516
0.447160005569	-0.636	-0.292	0.656
0.449206829071	-0.636	-0.292	0.656
0.451259851456	-0.636	-0.292	0.656
0.453305959702	-0.656	-0.292	0.804
0.455370903015	-0.656	-0.292	0.804
0.457419872284	-0.672	-0.292	0.944
0.45947599411	-0.672	-0.292	0.944
0.461587905884	-0.672	-0.292	0.944
0.463636875153	-0.692	-0.3	1.084
0.465685844421	-0.692	-0.3	1.084
0.467732906342	-0.708	-0.292	1.244
0.469777822495	-0.708	-0.292	1.244
0.471832990646	-0.708	-0.292	1.244
0.473884820938	-0.704	-0.284	1.368
0.475931882858	-0.704	-0.284	1.368
0.477978944778	-0.72	-0.276	1.504
0.480027914047	-0.72	-0.276	1.504
0.48207783699	-0.72	-0.276	1.504
0.484118938446	-0.712	-0.272	1.652
0.48615694046	-0.712	-0.272	1.652
0.488195896149	-0.704	-0.264	1.76
0.490235805511	-0.704	-0.264	1.76
0.492286920547	-0.704	-0.264	1.76
0.494339942932	-0.692	-0.268	1.896
0.496385812759	-0.692	-0.268	1.896
0.49843287468	-0.668	-0.244	2.008
0.500485897064	-0.668	-0.244	2.008
0.502532958984	-0.668	-0.244	2.008
0.504603862762	-0.632	-0.244	2.044
0.506650924683	-0.632	-0.244	2.044
0.508697986603	-0.608	-0.228	2.044
0.510751008987	-0.608	-0.228	2.044
0.512798786163	-0.608	-0.228	2.044
0.514845848083	-0.576	-0.216	2.044
0.516901016235	-0.576	-0.216	2.044
0.518946886063	-0.548	-0.208	2.044
0.521001815796	-0.548	-0.208	2.044
0.523041009903	-0.548	-0.208	2.044
0.525079011917	-0.508	-0.184	2.044
0.527117013931	-0.508	-0.184	2.044
0.529156923294	-0.476	-0.176	2.044
0.531200885773	-0.476	-0.176	2.044
0.533249855042	-0.476	-0.176	2.044
0.535297870636	-0.432	-0.16	2.044
0.537349939346	-0.432	-0.16	2.044
0.539397954941	-0.388	-0.144	2.044
0.541450977325	-0.388	-0.144	2.044
0.5435090065	-0.388	-0.144	2.044
0.545555830002	-0.332	-0.128	2.044
0.547602891922	-0.332	-0.128	2.044
0.549647808075	-0.272	-0.112	2.044
0.551701784134	-0.272	-0.112	2.044
0.553764820099	-0.272	-0.112	2.044
0.555812835693	-0.224	-0.088	2.044
0.557857990265	-0.224	-0.088	2.044
0.559903860092	-0.152	-0.08	2.044
0.561956882477	-0.152	-0.08	2.044
0.564003944397	-0.152	-0.08	2.044
0.56604886055	-0.096	-0.064	2.044
0.568098783493	-0.096	-0.064	2.044
0.570146799088	-0.024	-0.052	2.044
0.572199821472	-0.024	-0.052	2.044
0.574254989624	-0.024	-0.052	2.044
0.576300859451	0.04	-0.044	2.044
0.578346967697	0.04	-0.044	2.044
0.580390930176	0.072	-0.016	2.044
0.582442998886	0.072	-0.016	2.044
0.584506988525	0.14	-0.02	2.044
0.586552858353	0.14	-0.02	2.044
0.588598012924	0.14	-0.02	2.044
0.590648889542	0.196	-0.016	2.044
0.592695951462	0.196	-0.016	2.044
0.594740867615	0.26	0.008	2.044
0.596784830093	0.26	0.008	2.044
0.598827838898	0.26	0.008	2.044
0.60088300705	0.316	0.016	2.044
0.602926015854	0.316	0.016	2.044
0.604967832565	0.36	0.028	2.04
0.60701084137	0.36	0.028	2.04
0.609054803848	0.36	0.028	2.04
0.611104011536	0.412	0.06	1.912
0.613147974014	0.412	0.06	1.912
0.615189790726	0.456	0.04	1.812
0.617234945297	0.456	0.04	1.812
0.619277954102	0.456	0.04	1.812
0.621327877045	0.504	0.052	1.692
0.623384952545	0.504	0.052	1.692
0.625429868698	0.544	0.052	1.556
0.627473831177	0.544	0.052	1.556
0.629517793655	0.544	0.052	1.556
0.631675958633	0.568	0.06	1.416
0.633724927902	0.568	0.06	1.416
0.635779857635	0.604	0.044	1.284
0.637823820114	0.604	0.044	1.284
0.639866828918	0.604	0.044	1.284
0.641917943954	0.632	0.044	1.148
0.643962860107	0.632	0.044	1.148
0.646005868912	0.66	0.048	1.008
0.648048877716	0.66	0.048	1.008
0.650093793869	0.66	0.048	1.008
0.652143955231	0.68	0.056	0.86
0.654186964035	0.68	0.056	0.86
0.656229972839	0.684	0.04	0.736
0.658273935318	0.684	0.04	0.736
0.660316944122	0.684	0.04	0.736
0.662366867065	0.696	0.044	0.576
0.664413928986	0.696	0.044	0.576
0.66645693779	0.696	0.036	0.46
0.668500900269	0.696	0.036	0.46
0.670548915863	0.696	0.036	0.46
0.672605991364	0.696	0.04	0.304
0.674647808075	0.696	0.04	0.304
0.676690816879	0.684	0.016	0.196
0.678732872009	0.684	0.016	0.196
0.6807949543	0.684	0.016	0.196
0.68283700943	0.656	0.02	0.072
0.684879779816	0.656	0.02	0.072
0.686921834946	0.636	0.016	-0.036
0.688975811005	0.636	0.016	-0.036
0.691026926041	0.636	0.016	-0.036
0.693070888519	0.62	0.008	-0.152
0.695117950439	0.62	0.008	-0.152
0.697165966034	0.592	-0.012	-0.236
0.699211835861	0.592	-0.012	-0.236
0.701263904572	0.592	-0.012	-0.236
0.703310966492	0.568	-0.012	-0.34
0.705358982086	0.568	-0.012	-0.34
0.707404851913	0.532	-0.036	-0.42
0.709450960159	0.532	-0.036	-0.42
0.711497783661	0.532	-0.036	-0.42
0.713557958603	0.488	-0.056	-0.488
0.715602874756	0.488	-0.056	-0.488
0.717647790909	0.456	-0.068	-0.564
0.71969294548	0.456	-0.068	-0.564
0.721742868423	0.456	-0.068	-0.564
0.723785877228	0.4	-0.096	-0.612
0.725822925568	0.4	-0.096	-0.612
0.727888822556	0.356	-0.096	-0.648
0.729928970337	0.356	-0.096	-0.648
0.731979846954	0.356	-0.096	-0.648
0.734031915665	0.308	-0.116	-0.672
0.736078977585	0.308	-0.116	-0.672
0.738124847412	0.256	-0.136	-0.684
0.740170001984	0.256	-0.136	-0.684
0.742216825485	0.256	-0.136	-0.684
0.744262933731	0.192	-0.152	-0.708
0.746318817139	0.192	-0.152	-0.708
0.748365879059	0.136	-0.164	-0.688
0.750410795212	0.136	-0.164	-0.688
0.752460002899	0.136	-0.164	-0.688
0.754506826401	0.084	-0.176	-0.656
0.756552934647	0.084	-0.176	-0.656
0.758601903915	0.032	-0.188	-0.636
0.760669946671	0.032	-0.188	-0.636
0.762717962265	0.032	-0.188	-0.636
0.765281915665	-0.036	-0.2	-0.6
0.767340898514	-0.036	-0.2	-0.6
0.769389867783	-0.108	-0.22	-0.548
0.771449804306	-0.108	-0.22	-0.548
0.773496866226	-0.156	-0.232	-0.492
0.77555680275	-0.156	-0.232	-0.492
0.777604818344	-0.156	-0.232	-0.492
0.779652833939	-0.228	-0.244	-0.404
0.781706809998	-0.228	-0.244	-0.404
0.783753871918	-0.284	-0.26	-0.324
0.785801887512	-0.284	-0.26	-0.324
0.787847995758	-0.284	-0.26	-0.324
0.789893865585	-0.34	-0.252	-0.232
0.791952848434	-0.34	-0.252	-0.232
0.794001817703	-0.388	-0.284	-0.136
0.796048879623	-0.388	-0.284	-0.136
0.798094987869	-0.388	-0.284	-0.136
0.800141811371	-0.436	-0.292	-0.028
0.802196979523	-0.436	-0.292	-0.028
0.804255962372	-0.484	-0.288	0.108
0.806301832199	-0.484	-0.288	0.108
0.808347940445	-0.484	-0.288	0.108
0.810395956039	-0.524	-0.304	0.24
0.812449932098	-0.524	-0.304	0.24
0.814495801926	-0.552	-0.3	0.356
0.816554784775	-0.552	-0.3	0.356
0.818601846695	-0.552	-0.3	0.356
0.820652961731	-0.58	-0.308	0.492
0.822703838348	-0.58	-0.308	0.492
0.824765920639	-0.616	-0.292	0.628
0.826812982559	-0.616	-0.292	0.628
0.828858852386	-0.616	-0.292	0.628
0.830910921097	-0.66	-0.28	0.772
0.832976818085	-0.66	-0.28	0.772
0.835023880005	-0.668	-0.296	0.908
0.837069988251	-0.668	-0.296	0.908
0.839114904404	-0.668	-0.296	0.908
0.841170787811	-0.688	-0.292	1.052
0.843217849731	-0.688	-0.292	1.052
0.845264911652	-0.704	-0.288	1.176
0.847310781479	-0.704	-0.288	1.176
0.849362850189	-0.712	-0.284	1.34
0.851415872574	-0.712	-0.284	1.34
0.85346198082	-0.712	-0.284	1.34
0.855511903763	-0.712	-0.272	1.472
0.857560873032	-0.712	-0.272	1.472
0.859605789185	-0.708	-0.268	1.608
0.86166882515	-0.708	-0.268	1.608
0.86371588707	-0.708	-0.268	1.608
0.86576294899	-0.688	-0.276	1.736
0.867808818817	-0.688	-0.276	1.736
0.869853973389	-0.696	-0.264	1.864
0.871907949448	-0.696	-0.264	1.864
0.873953819275	-0.696	-0.264	1.864
0.876000881195	-0.692	-0.248	1.988
0.878046989441	-0.692	-0.248	1.988
0.880092859268	-0.664	-0.232	2.044
0.882145881653	-0.664	-0.232	2.044
0.884192943573	-0.664	-0.232	2.044
0.886242866516	-0.624	-0.236	2.044
0.888289928436	-0.624	-0.236	2.044
0.890336990356	-0.588	-0.228	2.044
0.892390966415	-0.588	-0.228	2.044
0.894437789917	-0.588	-0.228	2.044
0.896484851837	-0.564	-0.216	2.044
0.898531913757	-0.564	-0.216	2.044
0.900583982468	-0.524	-0.196	2.044
0.902630805969	-0.524	-0.196	2.044
0.904688835144	-0.524	-0.196	2.044
0.906735897064	-0.472	-0.172	2.044
0.90878200531	-0.472	-0.172	2.044
0.910834789276	-0.428	-0.172	2.044
0.912882804871	-0.428	-0.172	2.044
0.914929866791	-0.428	-0.172	2.044
0.916976928711	-0.364	-0.184	2.044
0.91903591156	-0.364	-0.184	2.044
0.921091794968	-0.336	-0.136	2.044
0.923129796982	-0.336	-0.136	2.044
0.925168991089	-0.336	-0.136	2.044
0.92720580101	-0.276	-0.12	2.044
0.929245948792	-0.276	-0.12	2.044
0.931290864944	-0.228	-0.088	2.044
0.933339834213	-0.228	-0.088	2.044
0.935386896133	-0.228	-0.088	2.044
0.937436819077	-0.184	-0.096	2.044
0.939482927322	-0.184	-0.096	2.044
0.941564798355	-0.128	-0.08	2.044
0.943611860275	-0.128	-0.08	2.044
0.94567990303	-0.128	-0.08	2.044
0.947731018066	-0.06	-0.056	2.044
0.949793815613	-0.06	-0.056	2.044
0.951842784882	0.008	-0.036	2.044
0.953890800476	0.008	-0.036	2.044
0.955935955048	0.008	-0.036	2.044
0.957981824875	0.068	-0.02	2.044
0.960027933121	0.068	-0.02	2.044
0.962075948715	0.124	-0.012	2.044
0.964121818542	0.124	-0.012	2.044
0.966166973114	0.124	-0.012	2.044
0.968213796616	0.204	-0.008	2.044
0.970259904861	0.204	-0.008	2.044
0.972311973572	0.248	0.02	2.044
0.974354982376	0.248	0.02	2.044
0.976409912109	0.248	0.02	2.044
0.97845697403	0.304	0.028	2.044
0.980506896973	0.304	0.028	2.044
0.982553005219	0.352	0.04	2.044
0.984596967697	0.352	0.04	2.044
0.98664188385	0.352	0.04	2.044
0.988684892654	0.408	0.032	1.948
0.990729808807	0.408	0.032	1.948
0.992774009705	0.46	0.032	1.832
0.99481678009	0.46	0.032	1.832
0.99685883522	0.46	0.032	1.832
0.998901844025	0.488	0.052	1.716
1.00095295906	0.488	0.052	1.716
1.00299692154	0.548	0.056	1.576
1.00504088402	0.548	0.056	1.576
1.00708198547	0.548	0.056	1.576
1.00912594795	0.58	0.032	1.468
1.01117491722	0.58	0.032	1.468
1.01322197914	0.6	0.052	1.308
1.01526784897	0.6	0.052	1.308
1.01731300354	0.6	0.052	1.308
1.01935482025	0.628	0.048	1.172
1.02140498161	0.628	0.048	1.172
1.0234618187	0.656	0.06	1.032
1.02550697327	0.656	0.06	1.032
1.02754998207	0.656	0.06	1.032
1.02959299088	0.656	0.052	0.892
1.03164386749	0.656	0.052	0.892
1.03369879723	0.676	0.04	0.744
1.03574299812	0.676	0.04	0.744
1.03778481483	0.688	0.036	0.6
1.03982686996	0.688	0.036	0.6
1.04187679291	0.688	0.036	0.6
1.04391884804	0.692	0.056	0.444
1.04597401619	0.692	0.056	0.444
1.04801893234	0.696	0.028	0.328
1.0500638485	0.696	0.028	0.328
1.05211281776	0.696	0.028	0.328
1.05415487289	0.688	0.024	0.216
1.0561978817	0.688	0.024	0.216
1.0582408905	0.672	0.012	0.088
1.06028389931	0.672	0.012	0.088
1.0623319149	0.672	0.012	0.088
1.06437587738	0.664	0.008	-0.028
1.06642198563	0.664	0.008	-0.028
1.0684659481	0.632	0.0	-0.148
1.07050991058	0.632	0.0	-0.148
1.0725607872	0.632	0.0	-0.148
1.07459878922	0.612	-0.012	-0.248
1.0766479969	0.612	-0.012	-0.248
1.0786948204	0.568	-0.032	-0.308
1.08076095581	0.568	-0.032	-0.308
1.08280897141	0.568	-0.032	-0.308
1.08485484123	0.52	-0.04	-0.4
1.08690094948	0.52	-0.04	-0.4
1.0889480114	0.488	-0.048	-0.484
1.09100985527	0.488	-0.048	-0.484
1.09305596352	0.488	-0.048	-0.484
1.09510278702	0.448	-0.068	-0.536
1.09715199471	0.448	-0.068	-0.536
1.09919786453	0.396	-0.088	-0.596
1.10124993324	0.396	-0.088	-0.596
1.10329580307	0.396	-0.088	-0.596
1.10534286499	0.36	-0.1	-0.648
1.10738992691	0.36	-0.1	-0.648
1.10943889618	0.316	-0.116	-0.668
1.11149096489	0.316	-0.116	-0.668
1.11353898048	0.316	-0.116	-0.668
1.11558485031	0.276	-0.112	-0.692
1.11763000488	0.276	-0.112	-0.692
1.11967587471	0.196	-0.136	-0.696
1.12172579765	0.196	-0.136	-0.696
1.12376499176	0.196	-0.136	-0.696
1.12580299377	0.144	-0.18	-0.688
1.12784099579	0.144	-0.18	-0.688
1.12987995148	0.076	-0.188	-0.676
1.13193178177	0.076	-0.188	-0.676
1.1339828968	0.076	-0.188	-0.676
1.13602995872	0.032	-0.192	-0.636
1.13807678223	0.032	-0.192	-0.636
1.14012598991	-0.04	-0.204	-0.592
1.14217996597	-0.04	-0.204	-0.592
1.14422798157	-0.04	-0.204	-0.592
1.14627599716	-0.104	-0.224	-0.548
1.14833188057	-0.104	-0.224	-0.548
1.15037798882	-0.176	-0.236	-0.476
1.15243196487	-0.176	-0.236	-0.476
1.15447878838	-0.176	-0.236	-0.476
1.1565258503	-0.22	-0.248	-0.416
1.15857291222	-0.22	-0.248	-0.416
1.16062879562	-0.28	-0.252	-0.332
1.16268086433	-0.28	-0.252	-0.332
1.16472792625	-0.28	-0.252	-0.332
1.16677379608	-0.332	-0.26	-0.236
1.16882300377	-0.332	-0.26	-0.236
1.17087578773	-0.396	-0.272	-0.124
1.172935009	-0.396	-0.272	-0.124
1.1749818325	-0.396	-0.272	-0.124
1.17703080177	-0.436	-0.296	-0.02
1.17907691002	-0.436	-0.296	-0.02
1.1811299324	-0.492	-0.276	0.1
1.18317580223	-0.492	-0.276	0.1
1.18522191048	-0.492	-0.276	0.1
1.1872677803	-0.536	-0.304	0.212
1.18931293488	-0.536	-0.304	0.212
1.19136500359	-0.564	-0.296	0.352
1.19341397285	-0.564	-0.296	0.352
1.19545984268	-0.564	-0.296	0.352
1.19750499725	-0.596	-0.3	0.48
1.19954991341	-0.596	-0.3	0.48
1.20160388947	-0.632	-0.296	0.624
1.20365285873	-0.632	-0.296	0.624
1.20570898056	-0.632	-0.296	0.624
1.20775580406	-0.644	-0.3	0.764
1.20980286598	-0.644	-0.3	0.764
1.21185779572	-0.672	-0.284	0.896
1.2139070034	-0.672	-0.284	0.896
1.21595191956	-0.672	-0.284	0.896
1.21799898148	-0.68	-0.292	1.04
1.2200448513	-0.68	-0.292	1.04
1.22209787369	-0.688	-0.288	1.18
1.22414398193	-0.688	-0.288	1.18
1.22619080544	-0.708	-0.284	1.328
1.22825789452	-0.708	-0.284	1.328
1.23030495644	-0.708	-0.284	1.328
1.2323589325	-0.716	-0.272	1.464
1.23440599442	-0.716	-0.272	1.464
1.23645496368	-0.72	-0.272	1.604
1.23849987984	-0.72	-0.272	1.604
1.24056792259	-0.72	-0.272	1.604
1.24261498451	-0.712	-0.272	1.752
1.24466085434	-0.712	-0.272	1.752
1.24670696259	-0.692	-0.264	1.864
1.24875283241	-0.692	-0.264	1.864
1.25080180168	-0.692	-0.264	1.864
1.25284790993	-0.688	-0.252	1.972
1.25489377975	-0.688	-0.252	1.972
1.25694179535	-0.66	-0.248	2.044
1.25898790359	-0.66	-0.248	2.044
1.26103878021	-0.66	-0.248	2.044
1.26309490204	-0.628	-0.216	2.044
1.26514601707	-0.628	-0.216	2.044
1.26719498634	-0.584	-0.228	2.044
1.26924085617	-0.584	-0.228	2.044
1.27129292488	-0.584	-0.228	2.044
1.27334189415	-0.544	-0.22	2.044
1.2753880024	-0.544	-0.22	2.044
1.27743387222	-0.52	-0.216	2.044
1.27949380875	-0.52	-0.216	2.044
1.28157997131	-0.52	-0.216	2.044
1.28362798691	-0.476	-0.172	2.044
1.28567385674	-0.476	-0.172	2.044
1.28773283958	-0.444	-0.168	2.044
1.28978180885	-0.444	-0.168	2.044
1.29183578491	-0.444	-0.168	2.044
1.29388189316	-0.392	-0.156	2.044
1.2959280014	-0.392	-0.156	2.044
1.29797482491	-0.34	-0.144	2.044
1.30002379417	-0.34	-0.144	2.044
1.302079916	-0.34	-0.144	2.044
1.30412697792	-0.28	-0.12	2.044
1.30617380142	-0.28	-0.12	2.044
1.30821990967	-0.22	-0.092	2.044
1.31026601791	-0.22	-0.092	2.044
1.31231880188	-0.22	-0.092	2.044
1.3143658638	-0.2	-0.076	2.044
1.31641197205	-0.2	-0.076	2.044
1.31845784187	-0.124	-0.076	2.044
1.32058191299	-0.124	-0.076	2.044
1.32262396812	-0.124	-0.076	2.044
1.32466292381	-0.064	-0.044	2.044
1.3267018795	-0.064	-0.044	2.044
1.32875084877	-0.004	-0.036	2.044
1.33079791069	-0.004	-0.036	2.044
1.33284783363	-0.004	-0.036	2.044
1.33489394188	0.06	-0.02	2.044
1.3369410038	0.06	-0.02	2.044
1.33898687363	0.112	-0.012	2.044
1.34103798866	0.112	-0.012	2.044
1.34308290482	0.112	-0.012	2.044
1.34512901306	0.172	-0.008	2.044
1.34717488289	0.172	-0.008	2.044
1.34921979904	0.252	-0.02	2.044
1.35127091408	0.252	-0.02	2.044
1.353317976	0.252	-0.02	2.044
1.35536289215	0.296	0.032	2.044
1.35740590096	0.296	0.032	2.044
1.35944890976	0.36	0.036	2.044
1.3615128994	0.36	0.036	2.044
1.36356091499	0.36	0.036	2.044
1.36560297012	0.408	0.024	1.964
1.3676469326	0.408	0.024	1.964
1.36969280243	0.464	0.036	1.856
1.37174201012	0.464	0.036	1.856
1.3737859726	0.464	0.036	1.856
1.3758289814	0.5	0.056	1.72
1.37787985802	0.5	0.056	1.72
1.37991881371	0.536	0.064	1.592
1.38196778297	0.536	0.064	1.592
1.38401293755	0.536	0.064	1.592
1.38605594635	0.584	0.064	1.424
1.38809990883	0.584	0.064	1.424
1.39014196396	0.596	0.064	1.32
1.3921918869	0.596	0.064	1.32
1.39428281784	0.62	0.048	1.172
1.39632797241	0.62	0.048	1.172
1.39836978912	0.62	0.048	1.172
1.40041399002	0.64	0.052	1.04
1.40246200562	0.64	0.052	1.04
1.40450596809	0.668	0.056	0.888
1.40654778481	0.668	0.056	0.888
1.40860700607	0.668	0.056	0.888
1.41065597534	0.672	0.048	0.752
1.41269779205	0.672	0.048	0.752
1.41474080086	0.688	0.036	0.62
1.41678500175	0.688	0.036	0.62
1.41882681847	0.688	0.036	0.62
1.42087483406	0.684	0.04	0.508
1.42291784286	0.684	0.04	0.508
1.42496085167	0.696	0.044	0.352
1.42700791359	0.696	0.044	0.352
1.42904901505	0.696	0.044	0.352
1.43109178543	0.68	0.032	0.236
1.43313598633	0.68	0.032	0.236
1.43518590927	0.656	0.016	0.092
1.43722891808	0.656	0.016	0.092
1.43927097321	0.656	0.016	0.092
1.44131994247	0.644	0.004	-0.016
1.44336485863	0.644	0.004	-0.016
1.4454100132	0.628	0.012	-0.128
1.44745278358	0.628	0.012	-0.128
1.4494998455	0.628	0.012	-0.128
1.45158100128	0.6	-0.008	-0.228
1.45362591743	0.6	-0.008	-0.228
1.45566987991	0.576	-0.044	-0.312
1.45771980286	0.576	-0.044	-0.312
1.45976495743	0.576	-0.044	-0.312
1.46181178093	0.536	-0.032	-0.416
1.4638569355	0.536	-0.032	-0.416
1.46590280533	0.5	-0.032	-0.476
1.46794581413	0.5	-0.032	-0.476
1.46998596191	0.5	-0.032	-0.476
1.47203493118	0.46	-0.052	-0.54
1.47408080101	0.46	-0.052	-0.54
1.47612690926	0.432	-0.076	-0.6
1.47817087173	0.432	-0.076	-0.6
1.48021697998	0.432	-0.076	-0.6
1.48226594925	0.364	-0.1	-0.644
1.48430395126	0.364	-0.1	-0.644
1.4863409996	0.304	-0.104	-0.66
1.48837900162	0.304	-0.104	-0.66
1.49042081833	0.304	-0.104	-0.66
1.49248099327	0.256	-0.124	-0.676
1.49452781677	0.256	-0.124	-0.676
1.49659490585	0.204	-0.144	-0.696
1.49864196777	0.204	-0.144	-0.696
1.50069379807	0.204	-0.144	-0.696
1.50273990631	0.152	-0.168	-0.7
1.50478792191	0.152	-0.168	-0.7
1.50683689117	0.092	-0.184	-0.684
1.50888180733	0.092	-0.184	-0.684
1.51093387604	0.092	-0.184	-0.684
1.51298284531	0.032	-0.184	-0.636
1.51502799988	0.032	-0.184	-0.636
1.51707386971	-0.02	-0.196	-0.616
1.51911878586	-0.02	-0.196	-0.616
1.52117490768	-0.02	-0.196	-0.616
1.52321481705	-0.08	-0.216	-0.568
1.52525186539	-0.08	-0.216	-0.568
1.5272898674	-0.152	-0.244	-0.5
1.52932691574	-0.152	-0.244	-0.5
1.5313668251	-0.152	-0.244	-0.5
1.53341293335	-0.212	-0.248	-0.424
1.53545999527	-0.212	-0.248	-0.424
1.53750801086	-0.28	-0.248	-0.336
1.53955388069	-0.28	-0.248	-0.336
1.54160690308	-0.28	-0.248	-0.336
1.54365682602	-0.324	-0.26	-0.256
1.54570579529	-0.324	-0.26	-0.256
1.54775190353	-0.364	-0.288	-0.18
1.54980683327	-0.364	-0.288	-0.18
1.55186080933	-0.364	-0.288	-0.18
1.55391192436	-0.428	-0.276	-0.044
1.55595779419	-0.428	-0.276	-0.044
1.55800294876	-0.472	-0.292	0.076
1.56005001068	-0.472	-0.292	0.076
1.56210494041	-0.472	-0.292	0.076
1.56414985657	-0.516	-0.3	0.208
1.56619501114	-0.516	-0.3	0.208
1.56823992729	-0.552	-0.296	0.328
1.57028579712	-0.552	-0.296	0.328
1.57233786583	-0.552	-0.296	0.328
1.57438397408	-0.588	-0.304	0.464
1.57642889023	-0.588	-0.304	0.464
1.57847595215	-0.62	-0.304	0.596
1.58052778244	-0.62	-0.304	0.596
1.5826048851	-0.62	-0.304	0.596
1.58466696739	-0.676	-0.288	0.752
1.58671283722	-0.676	-0.288	0.752
1.58875894547	-0.672	-0.284	0.884
1.59080982208	-0.672	-0.284	0.884
1.59287381172	-0.672	-0.284	0.884
1.59492087364	-0.684	-0.3	1.016
1.59696578979	-0.684	-0.3	1.016
1.59900999069	-0.696	-0.296	1.168
1.60106396675	-0.696	-0.296	1.168
1.60311079025	-0.716	-0.28	1.3
1.60515594482	-0.716	-0.28	1.3
1.60720992088	-0.716	-0.28	1.3
1.60925793648	-0.692	-0.28	1.436
1.61131000519	-0.692	-0.28	1.436
1.61335587502	-0.708	-0.264	1.58
1.61540198326	-0.708	-0.264	1.58
1.6174519062	-0.708	-0.264	1.58
1.61949896812	-0.692	-0.276	1.7
1.62162280083	-0.692	-0.276	1.7
1.62367200851	-0.692	-0.272	1.844
1.62572097778	-0.692	-0.272	1.844
1.62776589394	-0.692	-0.272	1.844
1.62981081009	-0.684	-0.256	1.956
1.63186478615	-0.684	-0.256	1.956
1.63391089439	-0.652	-0.244	2.044
1.63595581055	-0.652	-0.244	2.044
1.63800191879	-0.652	-0.244	2.044
1.64004778862	-0.632	-0.22	2.044
1.6421020031	-0.632	-0.22	2.044
1.64414787292	-0.604	-0.224	2.044
1.64619278908	-0.604	-0.224	2.044
1.64824199677	-0.604	-0.224	2.044
1.65028882027	-0.572	-0.224	2.044
1.65234184265	-0.572	-0.224	2.044
1.65438580513	-0.536	-0.192	2.044
1.65643286705	-0.536	-0.192	2.044
1.65847992897	-0.536	-0.192	2.044
1.66053199768	-0.476	-0.172	2.044
1.66257882118	-0.476	-0.172	2.044
1.66464686394	-0.44	-0.172	2.044
1.66669487953	-0.44	-0.172	2.044
1.66874194145	-0.44	-0.172	2.044
1.67079401016	-0.396	-0.16	2.044
1.67285490036	-0.396	-0.16	2.044
1.67490196228	-0.344	-0.136	2.044
1.67694783211	-0.344	-0.136	2.044
1.67899179459	-0.344	-0.136	2.044
1.68104887009	-0.292	-0.104	2.044
1.68309593201	-0.292	-0.104	2.044
1.68514084816	-0.24	-0.108	2.044
1.68718600273	-0.24	-0.108	2.044
1.68923377991	-0.24	-0.108	2.044
1.69128584862	-0.172	-0.092	2.044
1.69333291054	-0.172	-0.092	2.044
1.69537878036	-0.144	-0.072	2.044
1.69742584229	-0.144	-0.072	2.044
1.69947195053	-0.144	-0.072	2.044
1.70151901245	-0.076	-0.072	2.044
1.70356893539	-0.076	-0.072	2.044
1.70561790466	-0.012	-0.044	2.044
1.70766401291	-0.012	-0.044	2.044
1.70970892906	-0.012	-0.044	2.044
1.71176481247	0.048	-0.02	2.044
1.71380996704	0.048	-0.02	2.044
1.71585392952	0.1	-0.02	2.044
1.717897892	0.1	-0.02	2.044
1.71994280815	0.1	-0.02	2.044
1.72200083733	0.172	-0.016	2.044
1.72403788567	0.172	-0.016	2.044
1.72607493401	0.232	0.016	2.044
1.72810983658	0.232	0.016	2.044
1.73014593124	0.232	0.016	2.044
1.73219180107	0.276	0.028	2.044
1.73423790932	0.276	0.028	2.044
1.73627996445	0.332	0.036	2.044
1.73832178116	0.332	0.036	2.044
1.74036383629	0.332	0.036	2.044
1.74240589142	0.392	0.028	1.992
1.7444498539	0.392	0.028	1.992
1.74649190903	0.428	0.052	1.86
1.74853396416	0.428	0.052	1.86
1.75057983398	0.428	0.052	1.86
1.75264191628	0.492	0.044	1.74
1.75468397141	0.492	0.044	1.74
1.75672292709	0.54	0.056	1.624
1.75876188278	0.54	0.056	1.624
1.76108288765	0.564	0.064	1.5
1.7631289959	0.564	0.064	1.5
1.76516199112	0.564	0.064	1.5
1.7671918869	0.608	0.056	1.348
1.76922988892	0.608	0.056	1.348
1.77126693726	0.632	0.056	1.224
1.7733039856	0.632	0.056	1.224
1.7753469944	0.632	0.056	1.224
1.77738380432	0.652	0.068	1.072
1.77943086624	0.652	0.068	1.072
1.78147387505	0.676	0.048	0.94
1.78353881836	0.676	0.048	0.94
1.78558397293	0.676	0.048	0.94
1.78762888908	0.664	0.048	0.784
1.78967094421	0.664	0.048	0.784
1.79172682762	0.684	0.04	0.644
1.79380583763	0.684	0.04	0.644
1.7958548069	0.684	0.04	0.644
1.79789686203	0.668	0.044	0.512
1.79993987083	0.668	0.044	0.512
1.80199098587	0.688	0.036	0.372
1.80403399467	0.688	0.036	0.372
1.80607581139	0.688	0.036	0.372
1.80812191963	0.68	0.032	0.224
1.81016492844	0.68	0.032	0.224
1.81221485138	0.668	0.016	0.124
1.81425690651	0.668	0.016	0.124
1.81630086899	0.668	0.016	0.124
1.81834387779	0.656	0.028	-0.004
1.82038879395	0.656	0.028	-0.004
1.82243990898	0.644	0.008	-0.1
1.82448387146	0.644	0.008	-0.1
1.82652878761	0.644	0.008	-0.1
1.82857179642	0.62	-0.008	-0.192
1.83062386513	0.62	-0.008	-0.192
1.83268880844	0.588	-0.016	-0.3
1.83473491669	0.588	-0.016	-0.3
1.83679080009	0.588	-0.016	-0.3
1.83884000778	0.536	-0.016	-0.38
1.84089398384	0.536	-0.016	-0.38
1.84293889999	0.512	-0.048	-0.456
1.84498500824	0.512	-0.048	-0.456
1.84703087807	0.512	-0.048	-0.456
1.84907889366	0.468	-0.056	-0.532
1.85113191605	0.468	-0.056	-0.532
1.85317778587	0.412	-0.064	-0.588
1.85522198677	0.412	-0.064	-0.588
1.85726881027	0.412	-0.064	-0.588
1.85931491852	0.38	-0.1	-0.632
1.86136698723	0.38	-0.1	-0.632
1.86341190338	0.332	-0.112	-0.672
1.86546087265	0.332	-0.112	-0.672
1.8675057888	0.332	-0.112	-0.672
1.86955094337	0.272	-0.116	-0.688
1.87160587311	0.272	-0.116	-0.688
1.87365293503	0.228	-0.136	-0.708
1.87569785118	0.228	-0.136	-0.708
1.87774300575	0.228	-0.136	-0.708
1.87979984283	0.164	-0.172	-0.696
1.88185286522	0.164	-0.172	-0.696
1.88389897346	0.1	-0.18	-0.676
1.88594293594	0.1	-0.18	-0.676
1.88798999786	0.1	-0.18	-0.676
1.89003491402	0.04	-0.18	-0.66
1.89208698273	0.04	-0.18	-0.66
1.89414191246	-0.02	-0.196	-0.62
1.89618992805	-0.02	-0.196	-0.62
1.89823698997	-0.02	-0.196	-0.62
1.9002828598	-0.076	-0.224	-0.572
1.90233898163	-0.076	-0.224	-0.572
1.90438580513	-0.136	-0.24	-0.512
1.90643382072	-0.136	-0.24	-0.512
1.90847992897	-0.136	-0.24	-0.512
1.91053199768	-0.192	-0.24	-0.448
1.91257882118	-0.192	-0.24	-0.448
1.91462683678	-0.252	-0.244	-0.352
1.9166738987	-0.252	-0.244	-0.352
1.91872000694	-0.252	-0.244	-0.352
1.92078781128	-0.304	-0.264	-0.292
1.92282700539	-0.304	-0.264	-0.292
1.9248688221	-0.364	-0.276	-0.164
1.9269080162	-0.364	-0.276	-0.164
1.92895793915	-0.364	-0.276	-0.164
1.93100595474	-0.408	-0.292	-0.068
1.93305778503	-0.408	-0.292	-0.068
1.93510890007	-0.456	-0.284	0.048
1.93715786934	-0.456	-0.284	0.048
1.93920278549	-0.512	-0.28	0.176
1.94124889374	-0.512	-0.28	0.176
1.94329380989	-0.512	-0.28	0.176
1.94534301758	-0.564	-0.292	0.28
1.94738793373	-0.564	-0.292	0.28
1.94943380356	-0.588	-0.304	0.428
1.95149588585	-0.588	-0.304	0.428
1.95354390144	-0.588	-0.304	0.428
1.95559000969	-0.608	-0.296	0.56
1.95763492584	-0.608	-0.296	0.56
1.95969295502	-0.64	-0.284	0.696
1.96174693108	-0.64	-0.284	0.696
1.9637928009	-0.64	-0.284	0.696
1.96584200859	-0.668	-0.284	0.86
1.96788883209	-0.668	-0.284	0.86
1.96993684769	-0.68	-0.292	0.984
1.97198987007	-0.68	-0.292	0.984
1.97403478622	-0.68	-0.292	0.984
1.97608184814	-0.688	-0.288	1.124
1.97812891006	-0.688	-0.288	1.124
1.98017477989	-0.708	-0.296	1.264
1.9822268486	-0.708	-0.296	1.264
1.98427295685	-0.708	-0.296	1.264
1.98631882668	-0.716	-0.284	1.4
1.98836398125	-0.716	-0.284	1.4
1.99040985107	-0.712	-0.268	1.54
1.99245882034	-0.712	-0.268	1.54
1.99450683594	-0.712	-0.268	1.54
1.99655294418	-0.712	-0.26	1.684
1.99860286713	-0.712	-0.26	1.684
2.00067186356	-0.692	-0.268	1.8
2.0027217865	-0.692	-0.268	1.8
2.00476694107	-0.692	-0.268	1.8
2.00681185722	-0.68	-0.26	1.924
2.0088698864	-0.68	-0.26	1.924
2.01092481613	-0.668	-0.24	2.036
2.01297187805	-0.668	-0.24	2.036
2.0150179863	-0.668	-0.24	2.036
2.01706600189	-0.64	-0.22	2.044
2.01911187172	-0.64	-0.22	2.044
2.0211648941	-0.612	-0.212	2.044
2.02321100235	-0.612	-0.212	2.044
2.02525901794	-0.612	-0.212	2.044
2.02730488777	-0.58	-0.224	2.044
2.02936387062	-0.58	-0.224	2.044
2.03144598007	-0.536	-0.212	2.044
2.03349494934	-0.536	-0.212	2.044
2.03554201126	-0.536	-0.212	2.044
2.03758788109	-0.512	-0.184	2.044
2.03969097137	-0.512	-0.184	2.044
2.04174900055	-0.456	-0.18	2.044
2.04379987717	-0.456	-0.18	2.044
2.04584598541	-0.456	-0.18	2.044
2.04789090157	-0.412	-0.164	2.044
2.04993796349	-0.412	-0.164	2.044
2.05198979378	-0.352	-0.152	2.044
2.0540368557	-0.352	-0.152	2.044
2.05608391762	-0.352	-0.152	2.044
2.05813097954	-0.316	-0.132	2.044
2.06017684937	-0.316	-0.132	2.044
2.06223297119	-0.256	-0.1	2.044
2.06427884102	-0.256	-0.1	2.044
2.06633496284	-0.256	-0.1	2.044
2.06838178635	-0.184	-0.08	2.044
2.07042694092	-0.184	-0.08	2.044
2.07251191139	-0.144	-0.084	2.044
2.07455897331	-0.144	-0.084	2.044
2.07660484314	-0.144	-0.084	2.044
2.07865095139	-0.088	-0.064	2.044
2.08071494102	-0.088	-0.064	2.044
2.08276200294	-0.02	-0.048	2.044
2.08480787277	-0.02	-0.048	2.044
2.08685398102	-0.02	-0.048	2.044
2.08891701698	0.016	-0.016	2.044
2.09096884727	0.016	-0.016	2.044
2.09301686287	0.1	-0.028	2.044
2.09506297112	0.1	-0.028	2.044
2.09710979462	0.152	-0.012	2.044
2.09915494919	0.152	-0.012	2.044
2.10120582581	0.152	-0.012	2.044
2.10325098038	0.204	0.012	2.044
2.1052968502	0.204	0.012	2.044
2.10733985901	0.268	0.016	2.044
2.10938286781	0.268	0.016	2.044
2.11143183708	0.268	0.016	2.044
2.11347699165	0.32	0.04	2.044
2.11552000046	0.32	0.04	2.044
2.11756300926	0.376	0.036	2.008
2.11960887909	0.376	0.036	2.008
2.12165689468	0.376	0.036	2.008
2.12370181084	0.464	0.024	1.896
2.12573981285	0.464	0.024	1.896
2.12777590752	0.476	0.04	1.772
2.12981081009	0.476	0.04	1.772
2.13186001778	0.476	0.04	1.772
2.13390779495	0.524	0.056	1.652
2.13595199585	0.524	0.056	1.652
2.13799595833	0.552	0.06	1.52
2.14003896713	0.552	0.06	1.52
2.1420879364	0.552	0.06	1.52
2.14412999153	0.584	0.044	1.388
2.14617395401	0.584	0.044	1.388
2.14821696281	0.616	0.048	1.248
2.15025901794	0.616	0.048	1.248
2.15230894089	0.616	0.048	1.248
2.15435290337	0.64	0.06	1.116
2.15639901161	0.64	0.06	1.116
2.15844297409	0.656	0.052	0.972
2.16049289703	0.656	0.052	0.972
2.16253685951	0.656	0.052	0.972
2.16457986832	0.668	0.064	0.828
2.16662192345	0.668	0.064	0.828
2.16868495941	0.684	0.052	0.688
2.17073392868	0.684	0.052	0.688
2.17277789116	0.684	0.052	0.688
2.17481994629	0.704	0.036	0.572
2.17686390877	0.704	0.036	0.572
2.17891192436	0.692	0.04	0.42
2.18096899986	0.692	0.04	0.42
2.18301200867	0.692	0.04	0.42
2.18505692482	0.688	0.036	0.272
2.18709993362	0.688	0.036	0.272
2.18914580345	0.664	0.02	0.152
2.19119501114	0.664	0.02	0.152
2.19323897362	0.664	0.02	0.152
2.19528079033	0.652	0.016	0.06
2.19732284546	0.652	0.016	0.06
2.19936394691	0.636	0.004	-0.072
2.20142793655	0.636	0.004	-0.072
2.20347380638	0.636	0.004	-0.072
2.20551800728	0.62	0.008	-0.18
2.20756292343	0.62	0.008	-0.18
2.20962095261	0.592	-0.02	-0.28
2.21167588234	0.592	-0.02	-0.28
2.21372389793	0.592	-0.02	-0.28
2.21576881409	0.568	-0.04	-0.352
2.21781682968	0.568	-0.04	-0.352
2.21986579895	0.516	-0.04	-0.424
2.22191882133	0.516	-0.04	-0.424
2.22396397591	0.516	-0.04	-0.424
2.22600984573	0.492	-0.048	-0.508
2.22805595398	0.492	-0.048	-0.508
2.23010087013	0.452	-0.064	-0.584
2.23215389252	0.452	-0.064	-0.584
2.23420000076	0.452	-0.064	-0.584
2.23624491692	0.392	-0.096	-0.616
2.23831701279	0.392	-0.096	-0.616
2.24037384987	0.352	-0.104	-0.66
2.24242281914	0.352	-0.104	-0.66
2.24446988106	0.352	-0.104	-0.66
2.24651694298	0.288	-0.116	-0.688
2.2485640049	0.288	-0.116	-0.688
2.25062394142	0.228	-0.132	-0.7
2.25267386436	0.228	-0.132	-0.7
2.25471997261	0.228	-0.132	-0.7
2.25676679611	0.168	-0.164	-0.692
2.25881290436	0.168	-0.164	-0.692
2.26086592674	0.124	-0.172	-0.684
2.26291179657	0.124	-0.172	-0.684
2.26497197151	0.124	-0.172	-0.684
2.26701784134	0.072	-0.188	-0.672
2.26906490326	0.072	-0.188	-0.672
2.27116894722	0.012	-0.184	-0.644
2.27321791649	0.012	-0.184	-0.644
2.27526378632	0.012	-0.184	-0.644
2.27730894089	-0.052	-0.208	-0.592
2.27935600281	-0.052	-0.208	-0.592
2.28140592575	-0.112	-0.228	-0.528
2.28345894814	-0.112	-0.228	-0.528
2.28550601006	-0.112	-0.228	-0.528
2.28755283356	-0.168	-0.268	-0.456
2.28960084915	-0.168	-0.268	-0.456
2.29165387154	-0.232	-0.252	-0.38
2.29370093346	-0.232	-0.252	-0.38
2.29576778412	-0.296	-0.26	-0.304
2.29785585403	-0.296	-0.26	-0.304
2.2999048233	-0.296	-0.26	-0.304
2.30195879936	-0.344	-0.276	-0.216
2.30400586128	-0.344	-0.276	-0.216
2.30605387688	-0.392	-0.284	-0.096
2.30809998512	-0.392	-0.284	-0.096
2.31014585495	-0.392	-0.284	-0.096
2.31220078468	-0.436	-0.28	-0.004
2.31425285339	-0.436	-0.28	-0.004
2.31630086899	-0.484	-0.28	0.12
2.31834697723	-0.484	-0.28	0.12
2.32039189339	-0.484	-0.28	0.12
2.32244181633	-0.532	-0.272	0.264
2.32447981834	-0.532	-0.272	0.264
2.32651782036	-0.568	-0.296	0.376
2.32855796814	-0.568	-0.296	0.376
2.33060193062	-0.568	-0.296	0.376
2.33265280724	-0.6	-0.304	0.516
2.33469891548	-0.6	-0.304	0.516
2.33675694466	-0.636	-0.296	0.652
2.33880281448	-0.636	-0.296	0.652
2.34085583687	-0.636	-0.296	0.652
2.34290194511	-0.668	-0.292	0.8
2.34496688843	-0.668	-0.292	0.8
2.34701681137	-0.684	-0.284	0.94
2.34906196594	-0.684	-0.284	0.94
2.35111379623	-0.684	-0.284	0.94
2.35316896439	-0.704	-0.288	1.088
2.35521578789	-0.704	-0.288	1.088
2.35726094246	-0.7	-0.332	1.22
2.35930800438	-0.7	-0.332	1.22
2.36136293411	-0.7	-0.332	1.22
2.36340880394	-0.716	-0.284	1.368
2.36545586586	-0.716	-0.284	1.368
2.36749982834	-0.708	-0.276	1.496
2.36955285072	-0.708	-0.276	1.496
2.37160587311	-0.708	-0.276	1.496
2.37365198135	-0.708	-0.264	1.636
2.37569785118	-0.708	-0.264	1.636
2.37774586678	-0.696	-0.268	1.76
2.37979578972	-0.696	-0.268	1.76
2.38185095787	-0.696	-0.268	1.76
2.38389778137	-0.676	-0.26	1.888
2.38594388962	-0.676	-0.26	1.888
2.38798999786	-0.676	-0.244	1.988
2.39003491402	-0.676	-0.244	1.988
2.3920879364	-0.676	-0.244	1.988
2.39413380623	-0.636	-0.228	2.044
2.39617991447	-0.636	-0.228	2.044
2.3982257843	-0.624	-0.228	2.044
2.40027189255	-0.624	-0.228	2.044
2.40232396126	-0.624	-0.228	2.044
2.40437078476	-0.592	-0.22	2.044
2.40641689301	-0.592	-0.22	2.044
2.40846395493	-0.56	-0.212	2.044
2.4105257988	-0.56	-0.212	2.044
2.41257286072	-0.56	-0.212	2.044
2.41461992264	-0.512	-0.188	2.044
2.41666698456	-0.512	-0.188	2.044
2.41871380806	-0.472	-0.176	2.044
2.42076683044	-0.472	-0.176	2.044
2.42281293869	-0.472	-0.176	2.044
2.42487287521	-0.424	-0.168	2.044
2.42691993713	-0.424	-0.168	2.044
2.42896485329	-0.396	-0.152	2.044
2.431016922	-0.396	-0.152	2.044
2.43306493759	-0.396	-0.152	2.044
2.43511080742	-0.324	-0.14	2.044
2.43715596199	-0.324	-0.14	2.044
2.43920183182	-0.268	-0.108	2.044
2.44125580788	-0.268	-0.108	2.044
2.44330692291	-0.268	-0.108	2.044
2.44535398483	-0.228	-0.092	2.044
2.44739890099	-0.228	-0.092	2.044
2.44944691658	-0.164	-0.092	2.044
2.45149898529	-0.164	-0.092	2.044
2.45354485512	-0.164	-0.092	2.044
2.45559096336	-0.112	-0.072	2.044
2.45765686035	-0.112	-0.072	2.044
2.4597029686	-0.044	-0.048	2.044
2.46174883842	-0.044	-0.048	2.044
2.46379494667	0.024	-0.028	2.044
2.46583986282	0.024	-0.028	2.044
2.46789383888	0.024	-0.028	2.044
2.46993994713	0.076	-0.016	2.044
2.47199201584	0.076	-0.016	2.044
2.47404098511	0.136	-0.012	2.044
2.47608590126	0.136	-0.012	2.044
2.47812986374	0.136	-0.012	2.044
2.48017477989	0.204	0.0	2.044
2.482213974	0.204	0.0	2.044
2.48424196243	0.264	0.024	2.044
2.48627495766	0.264	0.024	2.044
2.48830986023	0.264	0.024	2.044
2.4903459549	0.292	0.044	2.044
2.49239301682	0.292	0.044	2.044
2.49443697929	0.344	0.036	2.044
2.49647879601	0.344	0.036	2.044
2.49852180481	0.344	0.036	2.044
2.5005710125	0.4	0.036	1.952
2.50261378288	0.4	0.036	1.952
2.50465798378	0.452	0.032	1.816
2.50670385361	0.452	0.032	1.816
2.50874686241	0.452	0.032	1.816
2.51079583168	0.516	0.056	1.692
2.51285481453	0.516	0.056	1.692
2.51489782333	0.544	0.056	1.56
2.51694083214	0.544	0.056	1.56
2.51898384094	0.544	0.056	1.56
2.52104091644	0.564	0.048	1.432
2.52307486534	0.564	0.048	1.432
2.52511882782	0.616	0.048	1.288
2.52715492249	0.616	0.048	1.288
2.52919197083	0.616	0.048	1.288
2.53123188019	0.636	0.06	1.16
2.53327679634	0.636	0.06	1.16
2.53531980515	0.664	0.048	1.0
2.53736591339	0.664	0.048	1.0
2.53940582275	0.664	0.048	1.0
2.54145097733	0.672	0.052	0.86
2.54349398613	0.672	0.052	0.86
2.54553794861	0.672	0.056	0.728
2.54758000374	0.672	0.056	0.728
2.54962182045	0.672	0.056	0.728
2.55167078972	0.688	0.044	0.588
2.55371594429	0.688	0.044	0.588
2.55575799942	0.708	0.036	0.444
2.55779886246	0.708	0.036	0.444
2.55984091759	0.708	0.036	0.444
2.56189084053	0.696	0.04	0.312
2.56393289566	0.696	0.04	0.312
2.56597495079	0.684	0.012	0.192
2.56801891327	0.684	0.012	0.192
2.5700647831	0.684	0.012	0.192
2.57211494446	0.668	0.004	0.056
2.57415795326	0.668	0.004	0.056
2.57620000839	0.648	0.0	-0.032
2.57823801041	0.648	0.0	-0.032
2.58027482033	0.648	0.0	-0.032
2.58232688904	0.632	0.004	-0.136
2.58437180519	0.632	0.004	-0.136
2.58641600609	0.592	-0.024	-0.244
2.58846187592	0.592	-0.024	-0.244
2.59051394463	0.592	-0.024	-0.244
2.59255981445	0.556	-0.024	-0.32
2.59460687637	0.556	-0.024	-0.32
2.59665489197	0.512	-0.036	-0.416
2.59873986244	0.512	-0.036	-0.416
2.60081100464	0.512	-0.036	-0.416
2.60286283493	0.484	-0.064	-0.496
2.6049079895	0.484	-0.064	-0.496
2.60695385933	0.448	-0.072	-0.552
2.60900092125	0.448	-0.072	-0.552
2.61105179787	0.448	-0.072	-0.552
2.61309695244	0.404	-0.092	-0.604
2.61514186859	0.404	-0.092	-0.604
2.61718988419	0.36	-0.1	-0.64
2.61923599243	0.36	-0.1	-0.64
2.62128782272	0.36	-0.1	-0.64
2.62333297729	0.312	-0.116	-0.68
2.6253798008	0.312	-0.116	-0.68
2.62742495537	0.268	-0.124	-0.704
2.62946987152	0.268	-0.124	-0.704
2.63151693344	0.268	-0.124	-0.704
2.6335709095	0.2	-0.152	-0.696
2.63561701775	0.2	-0.152	-0.696
2.63766288757	0.144	-0.172	-0.688
2.63971686363	0.144	-0.172	-0.688
2.64177083969	0.144	-0.172	-0.688
2.64381694794	0.08	-0.18	-0.68
2.64586186409	0.08	-0.18	-0.68
2.64791893959	0.008	-0.192	-0.64
2.64996600151	0.008	-0.192	-0.64
2.65201878548	0.008	-0.192	-0.64
2.65406394005	-0.06	-0.204	-0.604
2.65610980988	-0.06	-0.204	-0.604
2.6581568718	-0.1	-0.232	-0.552
2.66020298004	-0.1	-0.232	-0.552
2.66225600243	-0.1	-0.232	-0.552
2.66430687904	-0.188	-0.252	-0.472
2.66635584831	-0.188	-0.252	-0.472
2.66840481758	-0.216	-0.256	-0.416
2.67048096657	-0.216	-0.256	-0.416
2.67252779007	-0.216	-0.256	-0.416
2.67457580566	-0.276	-0.26	-0.32
2.67662191391	-0.276	-0.26	-0.32
2.67866778374	-0.332	-0.268	-0.232
2.68073987961	-0.332	-0.268	-0.232
2.68278884888	-0.392	-0.272	-0.132
2.68483495712	-0.392	-0.272	-0.132
2.68688178062	-0.392	-0.272	-0.132
2.68893098831	-0.428	-0.284	-0.032
2.69098687172	-0.428	-0.284	-0.032
2.69303297997	-0.484	-0.284	0.1
2.69507694244	-0.484	-0.284	0.1
2.69713687897	-0.484	-0.284	0.1
2.69918298721	-0.532	-0.292	0.228
2.7012348175	-0.532	-0.292	0.228
2.70327997208	-0.564	-0.296	0.352
2.70532798767	-0.564	-0.296	0.352
2.70737290382	-0.564	-0.296	0.352
2.70941901207	-0.596	-0.296	0.48
2.71147084236	-0.596	-0.296	0.48
2.71352100372	-0.628	-0.3	0.616
2.71556687355	-0.628	-0.3	0.616
2.7176117897	-0.628	-0.3	0.616
2.71967196465	-0.648	-0.284	0.772
2.72172188759	-0.648	-0.284	0.772
2.7237598896	-0.672	-0.292	0.904
2.72579884529	-0.672	-0.292	0.904
2.72783994675	-0.672	-0.292	0.904
2.72987985611	-0.688	-0.288	1.048
2.73193192482	-0.688	-0.288	1.048
2.73398399353	-0.7	-0.28	1.164
2.73603200912	-0.7	-0.28	1.164
2.73807787895	-0.7	-0.28	1.164
2.74012494087	-0.72	-0.288	1.348
2.74217295647	-0.72	-0.288	1.348
2.74421882629	-0.72	-0.272	1.456
2.74626588821	-0.72	-0.272	1.456
2.74831199646	-0.72	-0.272	1.456
2.75035786629	-0.712	-0.272	1.604
2.75241088867	-0.712	-0.272	1.604
2.75447583199	-0.708	-0.26	1.732
2.75652289391	-0.708	-0.26	1.732
2.75856781006	-0.708	-0.26	1.732
2.76062488556	-0.692	-0.264	1.868
2.76267385483	-0.692	-0.264	1.868
2.76472091675	-0.672	-0.256	1.972
2.76676797867	-0.672	-0.256	1.972
2.76881599426	-0.672	-0.256	1.972
2.77087378502	-0.644	-0.236	2.044
2.77292084694	-0.644	-0.236	2.044
2.77496790886	-0.616	-0.224	2.044
2.77702999115	-0.616	-0.224	2.044
2.77907586098	-0.616	-0.224	2.044
2.7811319828	-0.592	-0.212	2.044
2.78317785263	-0.592	-0.212	2.044
2.78522801399	-0.552	-0.216	2.044
2.78727293015	-0.552	-0.216	2.044
2.78931879997	-0.552	-0.216	2.044
2.79136896133	-0.528	-0.2	2.044
2.7934179306	-0.528	-0.2	2.044
2.79546499252	-0.492	-0.164	2.044
2.79751181602	-0.492	-0.164	2.044
2.7995569706	-0.492	-0.164	2.044
2.80165195465	-0.448	-0.172	2.044
2.80369997025	-0.448	-0.172	2.044
2.80574584007	-0.388	-0.164	2.044
2.80780386925	-0.388	-0.164	2.044
2.80985283852	-0.388	-0.164	2.044
2.81191682816	-0.344	-0.144	2.044
2.81396389008	-0.344	-0.144	2.044
2.81600999832	-0.28	-0.116	2.044
2.81805682182	-0.28	-0.116	2.044
2.82010293007	-0.28	-0.116	2.044
2.82215595245	-0.228	-0.108	2.044
2.82420492172	-0.228	-0.108	2.044
2.82625389099	-0.184	-0.076	2.044
2.82829999924	-0.184	-0.076	2.044
2.83034586906	-0.184	-0.076	2.044
2.83239889145	-0.116	-0.084	2.044
2.83444595337	-0.116	-0.084	2.044
2.8364918232	-0.06	-0.064	2.044
2.83853793144	-0.06	-0.064	2.044
2.84059286118	-0.06	-0.064	2.044
2.84264087677	-0.008	-0.032	2.044
2.84468579292	-0.008	-0.032	2.044
2.84673190117	0.048	-0.016	2.044
2.84878993034	0.048	-0.016	2.044
2.85084199905	0.112	-0.02	2.044
2.85288691521	0.112	-0.02	2.044
2.85493397713	0.112	-0.02	2.044
2.85698080063	0.188	-0.008	2.044
2.85902690887	0.188	-0.008	2.044
2.86107778549	0.248	0.008	2.044
2.86311984062	0.248	0.008	2.044
2.86516499519	0.248	0.008	2.044
2.867208004	0.304	0.032	2.044
2.86925983429	0.304	0.032	2.044
2.87130880356	0.356	0.024	2.044
2.87335395813	0.356	0.024	2.044
2.87540078163	0.356	0.024	2.044
2.87744283676	0.4	0.036	1.98
2.87948489189	0.4	0.036	1.98
2.88156795502	0.448	0.032	1.856
2.8836119175	0.448	0.032	1.856
2.88565587997	0.448	0.032	1.856
2.88770389557	0.492	0.06	1.728
2.88974881172	0.492	0.06	1.728
2.89179897308	0.532	0.052	1.604
2.89384198189	0.532	0.052	1.604
2.89588499069	0.532	0.052	1.604
2.8979279995	0.556	0.06	1.452
2.89996981621	0.556	0.06	1.452
2.90201878548	0.592	0.044	1.336
2.90406179428	0.592	0.044	1.336
2.90610694885	0.592	0.044	1.336
2.90814995766	0.624	0.06	1.204
2.91019296646	0.624	0.06	1.204
2.91224384308	0.648	0.056	1.048
2.91428780556	0.648	0.056	1.048
2.91632986069	0.648	0.056	1.048
2.91837692261	0.68	0.036	0.896
2.92041993141	0.68	0.036	0.896
2.92246079445	0.68	0.044	0.764
2.92449688911	0.68	0.044	0.764
2.92654180527	0.68	0.044	0.764
2.92857789993	0.696	0.044	0.632
2.93061685562	0.696	0.044	0.632
2.93266201019	0.704	0.036	0.492
2.93470478058	0.704	0.036	0.492
2.93681192398	0.704	0.036	0.492
2.93885684013	0.688	0.052	0.36
2.94090080261	0.688	0.052	0.36
2.94294285774	0.676	0.024	0.232
2.94498682022	0.676	0.024	0.232
2.94702982903	0.676	0.024	0.232
2.94906997681	0.664	0.02	0.116
2.95111489296	0.664	0.02	0.116
2.95315980911	0.648	0.008	0.004
2.95520186424	0.648	0.008	0.004
2.9572429657	0.648	0.008	0.004
2.95928287506	0.628	0.008	-0.128
2.9613339901	0.628	0.008	-0.128
2.96337795258	0.616	-0.02	-0.22
2.96542286873	0.616	-0.02	-0.22
2.96746778488	0.616	-0.02	-0.22
2.96951580048	0.58	-0.028	-0.32
2.97159600258	0.58	-0.028	-0.32
2.97364187241	0.54	-0.032	-0.404
2.97570300102	0.54	-0.032	-0.404
2.97774887085	0.54	-0.032	-0.404
2.979793787	0.52	-0.052	-0.456
2.98184895515	0.52	-0.052	-0.456
2.98390388489	0.464	-0.048	-0.536
2.98596382141	0.464	-0.048	-0.536
2.98800992966	0.464	-0.048	-0.536
2.99005484581	0.42	-0.072	-0.6
2.99210095406	0.42	-0.072	-0.6
2.99414682388	0.364	-0.096	-0.624
2.99619078636	0.364	-0.096	-0.624
2.99823498726	0.364	-0.096	-0.624
3.00027990341	0.32	-0.112	-0.672
3.0023329258	0.32	-0.112	-0.672
3.00437688828	0.26	-0.116	-0.676
3.00642180443	0.26	-0.116	-0.676
3.00846600533	0.26	-0.116	-0.676
3.01051688194	0.224	-0.148	-0.696
3.0125617981	0.224	-0.148	-0.696
3.01460981369	0.164	-0.172	-0.688
3.01665496826	0.164	-0.172	-0.688
3.01869988441	0.164	-0.172	-0.688
3.02074980736	0.104	-0.184	-0.668
3.02279186249	0.104	-0.184	-0.668
3.02488684654	0.04	-0.196	-0.66
3.02693891525	0.04	-0.196	-0.66
3.02898597717	0.04	-0.196	-0.66
3.03103780746	-0.016	-0.196	-0.62
3.03309679031	-0.016	-0.196	-0.62
3.03514385223	-0.072	-0.212	-0.576
3.03718996048	-0.072	-0.212	-0.576
3.03923583031	-0.072	-0.212	-0.576
3.04129886627	-0.132	-0.244	-0.512
3.04334497452	-0.132	-0.244	-0.512
3.04539394379	-0.208	-0.248	-0.432
3.04743981361	-0.208	-0.248	-0.432
3.04948997498	-0.264	-0.252	-0.36
3.05157399178	-0.264	-0.252	-0.36
3.05362081528	-0.264	-0.252	-0.36
3.0556678772	-0.32	-0.252	-0.264
3.05772781372	-0.32	-0.252	-0.264
3.05977392197	-0.368	-0.28	-0.18
3.06182694435	-0.368	-0.28	-0.18
3.06387400627	-0.368	-0.28	-0.18
3.06592297554	-0.42	-0.288	-0.044
3.06796979904	-0.42	-0.288	-0.044
3.07001781464	-0.468	-0.292	0.056
3.07206988335	-0.468	-0.292	0.056
3.07411694527	-0.468	-0.292	0.056
3.07616400719	-0.508	-0.28	0.184
3.07821178436	-0.508	-0.28	0.184
3.08025884628	-0.54	-0.288	0.304
3.08231282234	-0.54	-0.288	0.304
3.08435797691	-0.54	-0.288	0.304
3.08640289307	-0.58	-0.304	0.448
3.08844900131	-0.58	-0.304	0.448
3.0905008316	-0.612	-0.304	0.568
3.09254598618	-0.612	-0.304	0.568
3.094591856	-0.612	-0.304	0.568
3.09663891792	-0.652	-0.304	0.736
3.09869480133	-0.652	-0.304	0.736
3.10074782372	-0.676	-0.296	0.852
3.10279393196	-0.676	-0.296	0.852
3.10485196114	-0.676	-0.296	0.852
3.10689783096	-0.684	-0.296	1.008
3.10894799232	-0.684	-0.296	1.008
3.11100101471	-0.696	-0.292	1.14
3.11306381226	-0.696	-0.292	1.14
3.1151099205	-0.696	-0.292	1.14
3.11715579033	-0.708	-0.296	1.276
3.11920380592	-0.708	-0.296	1.276
3.12125778198	-0.72	-0.28	1.416
3.12329697609	-0.72	-0.28	1.416
3.1253349781	-0.72	-0.28	1.416
3.12737298012	-0.712	-0.268	1.568
3.12941384315	-0.712	-0.268	1.568
3.13145780563	-0.684	-0.264	1.676
3.13350892067	-0.684	-0.264	1.676
3.1355547905	-0.684	-0.264	1.676
3.13760280609	-0.688	-0.256	1.812
3.13964891434	-0.688	-0.256	1.812
3.14170384407	-0.676	-0.26	1.936
3.14375090599	-0.676	-0.26	1.936
3.14579796791	-0.676	-0.26	1.936
3.14784479141	-0.66	-0.228	2.044
3.14989089966	-0.66	-0.228	2.044
3.15194392204	-0.648	-0.236	2.044
3.15399098396	-0.648	-0.236	2.044
3.15604686737	-0.648	-0.236	2.044
3.15809297562	-0.608	-0.224	2.044
3.16013979912	-0.608	-0.224	2.044
3.1621928215	-0.58	-0.224	2.044
3.1642408371	-0.58	-0.224	2.044
3.16628694534	-0.58	-0.224	2.044
3.16833090782	-0.544	-0.208	2.044
3.17037796974	-0.544	-0.208	2.044
3.17243480682	-0.496	-0.188	2.044
3.17448091507	-0.496	-0.188	2.044
3.17652893066	-0.496	-0.188	2.044
3.17857599258	-0.444	-0.172	2.044
3.18062782288	-0.444	-0.172	2.044
3.18267393112	-0.408	-0.16	2.044
3.18471980095	-0.408	-0.16	2.044
3.18676686287	-0.408	-0.16	2.044
3.18881392479	-0.368	-0.136	2.044
3.19086694717	-0.368	-0.136	2.044
3.19292879105	-0.312	-0.108	2.044
3.19497680664	-0.312	-0.108	2.044
3.19702196121	-0.312	-0.108	2.044
3.19906783104	-0.268	-0.1	2.044
3.2011218071	-0.268	-0.1	2.044
3.20316696167	-0.204	-0.08	2.044
3.20521497726	-0.204	-0.08	2.044
3.20726084709	-0.204	-0.08	2.044
3.20930886269	-0.152	-0.076	2.044
3.21136498451	-0.152	-0.076	2.044
3.21342182159	-0.092	-0.064	2.044
3.21546792984	-0.092	-0.064	2.044
3.21751594543	-0.016	-0.048	2.044
3.21956181526	-0.016	-0.048	2.044
3.22161388397	-0.016	-0.048	2.044
3.22365999222	0.048	-0.032	2.044
3.22570681572	0.048	-0.032	2.044
3.22775292397	0.096	-0.02	2.044
3.22979784012	0.096	-0.02	2.044
3.23186182976	0.096	-0.02	2.044
3.23390698433	0.16	-0.012	2.044
3.23595499992	0.16	-0.012	2.044
3.23799991608	0.224	0.004	2.044
3.24004483223	0.224	0.004	2.044
3.24209094048	0.224	0.004	2.044
3.24413394928	0.28	0.028	2.044
3.24617695808	0.28	0.028	2.044
3.24822092056	0.328	0.028	2.044
3.25026392937	0.328	0.028	2.044
3.25230884552	0.328	0.028	2.044
3.25434994698	0.38	0.032	2.012
3.25639390945	0.38	0.032	2.012
3.25843787193	0.424	0.024	1.888
3.26048779488	0.424	0.024	1.888
3.26253080368	0.424	0.024	1.888
3.26457500458	0.48	0.044	1.776
3.26661896706	0.48	0.044	1.776
3.26866483688	0.52	0.06	1.636
3.27072286606	0.52	0.06	1.636
3.27276778221	0.52	0.06	1.636
3.27481198311	0.584	0.044	1.516
3.27685499191	0.584	0.044	1.516
3.27889800072	0.588	0.056	1.364
3.28096079826	0.588	0.056	1.364
3.28300499916	0.588	0.056	1.364
3.28504800797	0.62	0.048	1.236
3.28709101677	0.62	0.048	1.236
3.28913593292	0.64	0.056	1.096
3.29118585587	0.64	0.056	1.096
3.29322886467	0.64	0.056	1.096
3.29527187347	0.652	0.04	0.96
3.29731583595	0.652	0.04	0.96
3.29936289787	0.676	0.044	0.82
3.30141282082	0.676	0.044	0.82
3.30345582962	0.676	0.044	0.82
3.30550193787	0.688	0.036	0.672
3.307543993	0.688	0.036	0.672
3.30958580971	0.688	0.048	0.532
3.3116350174	0.688	0.048	0.532
3.31367897987	0.688	0.048	0.532
3.31572198868	0.692	0.044	0.408
3.31782388687	0.692	0.044	0.408
3.31987690926	0.688	0.036	0.272
3.32192587852	0.688	0.036	0.272
3.32395982742	0.688	0.036	0.272
3.32599496841	0.692	0.02	0.16
3.32803893089	0.692	0.02	0.16
3.33007383347	0.648	0.028	0.044
3.33212590218	0.648	0.028	0.044
3.33417391777	0.648	0.028	0.044
3.33621692657	0.644	0.016	-0.076
3.3382627964	0.644	0.016	-0.076
3.34030795097	0.62	0.008	-0.188
3.34235882759	0.62	0.008	-0.188
3.34440279007	0.62	0.008	-0.188
3.34644794464	0.58	-0.024	-0.296
3.34849286079	0.58	-0.024	-0.296
3.3505449295	0.548	-0.028	-0.376
3.35259199142	0.548	-0.028	-0.376
3.35463881493	0.548	-0.028	-0.376
3.35668587685	0.504	-0.048	-0.436
3.358730793	0.504	-0.048	-0.436
3.36078381538	0.468	-0.056	-0.516
3.36283397675	0.468	-0.056	-0.516
3.3648788929	0.468	-0.056	-0.516
3.36692500114	0.436	-0.08	-0.584
3.36898398399	0.436	-0.08	-0.584
3.37103700638	0.38	-0.096	-0.62
3.37308382988	0.38	-0.096	-0.62
3.37512993813	0.38	-0.096	-0.62
3.37717700005	0.34	-0.1	-0.652
3.3792219162	0.34	-0.1	-0.652
3.38127398491	0.3	-0.116	-0.688
3.38331985474	0.3	-0.116	-0.688
3.38537788391	0.3	-0.116	-0.688
3.38742399216	0.236	-0.14	-0.692
3.38946890831	0.236	-0.14	-0.692
3.39151501656	0.172	-0.16	-0.692
3.3935649395	0.172	-0.16	-0.692
3.39561486244	0.172	-0.16	-0.692
3.39766097069	0.116	-0.184	-0.68
3.39970588684	0.116	-0.184	-0.68
3.40177893639	0.056	-0.18	-0.656
3.40382480621	0.056	-0.18	-0.656
3.4058740139	0.056	-0.18	-0.656
3.40791893005	-0.004	-0.196	-0.62
3.40996599197	-0.004	-0.196	-0.62
3.41201782227	-0.056	-0.208	-0.58
3.41406393051	-0.056	-0.208	-0.58
3.41611194611	-0.124	-0.24	-0.52
3.41815900803	-0.124	-0.24	-0.52
3.42020392418	-0.124	-0.24	-0.52
3.42225694656	-0.18	-0.24	-0.46
3.42430186272	-0.18	-0.24	-0.46
3.42635178566	-0.244	-0.244	-0.388
3.42839884758	-0.244	-0.244	-0.388
3.43047595024	-0.244	-0.244	-0.388
3.43252396584	-0.292	-0.256	-0.284
3.43457198143	-0.292	-0.256	-0.284
3.43661785126	-0.356	-0.304	-0.18
3.43866491318	-0.356	-0.304	-0.18
3.44071888924	-0.356	-0.304	-0.18
3.44277596474	-0.404	-0.284	-0.088
3.44482278824	-0.404	-0.284	-0.088
3.44686889648	-0.46	-0.284	0.008
3.4489159584	-0.46	-0.284	0.008
3.4509677887	-0.46	-0.284	0.008
3.45301389694	-0.508	-0.296	0.148
3.45506095886	-0.508	-0.296	0.148
3.45710778236	-0.552	-0.296	0.28
3.45915699005	-0.552	-0.296	0.28
3.46121191978	-0.552	-0.296	0.28
3.4632768631	-0.58	-0.292	0.392
3.46532583237	-0.58	-0.292	0.392
3.46737289429	-0.608	-0.304	0.536
3.46941900253	-0.608	-0.304	0.536
3.47146582603	-0.608	-0.304	0.536
3.47351288795	-0.624	-0.304	0.668
3.4755589962	-0.624	-0.304	0.668
3.47764992714	-0.66	-0.292	0.82
3.47969698906	-0.66	-0.292	0.82
3.48174285889	-0.66	-0.292	0.82
3.48378181458	-0.68	-0.276	0.972
3.48581981659	-0.68	-0.276	0.972
3.48787093163	-0.692	-0.296	1.108
3.4899148941	-0.692	-0.296	1.108
3.49196887016	-0.692	-0.296	1.108
3.49402189255	-0.696	-0.288	1.244
3.49607181549	-0.696	-0.288	1.244
3.49812078476	-0.72	-0.276	1.38
3.50018000603	-0.72	-0.276	1.38
3.50222682953	-0.72	-0.276	1.38
3.50427293777	-0.72	-0.276	1.52
3.5063188076	-0.72	-0.276	1.52
3.50836491585	-0.728	-0.276	1.684
3.51041078568	-0.728	-0.276	1.684
3.51245999336	-0.728	-0.276	1.684
3.51450896263	-0.708	-0.28	1.784
3.51655483246	-0.708	-0.28	1.784
3.5186009407	-0.696	-0.264	1.912
3.52065396309	-0.696	-0.264	1.912
3.52269697189	-0.696	-0.264	1.912
3.52473497391	-0.672	-0.248	2.024
3.52677297592	-0.672	-0.248	2.024
3.5288310051	-0.64	-0.24	2.044
3.53087592125	-0.64	-0.24	2.044
3.53292584419	-0.64	-0.24	2.044
3.53497290611	-0.612	-0.224	2.044
3.53703093529	-0.612	-0.224	2.044
3.53907680511	-0.584	-0.224	2.044
3.54112887383	-0.584	-0.224	2.044
3.54317593575	-0.584	-0.224	2.044
3.54522490501	-0.556	-0.196	2.044
3.54727196693	-0.556	-0.196	2.044
3.54931688309	-0.504	-0.184	2.044
3.5513689518	-0.504	-0.184	2.044
3.55342078209	-0.504	-0.184	2.044
3.55546689034	-0.464	-0.172	2.044
3.55752301216	-0.464	-0.172	2.044
3.55956983566	-0.42	-0.168	2.044
3.56162500381	-0.42	-0.168	2.044
3.56367087364	-0.42	-0.168	2.044
3.56571698189	-0.376	-0.14	2.044
3.56777691841	-0.376	-0.14	2.044
3.56982493401	-0.32	-0.116	2.044
3.57187891006	-0.32	-0.116	2.044
3.57392477989	-0.32	-0.116	2.044
3.57597088814	-0.26	-0.096	2.044
3.57801795006	-0.26	-0.096	2.044
3.58006501198	-0.212	-0.092	2.044
3.58211779594	-0.212	-0.092	2.044
3.58416390419	-0.212	-0.092	2.044
3.58621478081	-0.156	-0.088	2.044
3.58826184273	-0.156	-0.088	2.044
3.59030795097	-0.104	-0.068	2.044
3.59236192703	-0.104	-0.068	2.044
3.59440779686	-0.04	-0.052	2.044
3.59645390511	-0.04	-0.052	2.044
3.59849882126	-0.04	-0.052	2.044
3.60055184364	0.008	-0.032	2.044
3.60259699821	0.008	-0.032	2.044
3.60464096069	0.076	-0.02	2.044
3.60668492317	0.076	-0.02	2.044
3.608730793	0.076	-0.02	2.044
3.61078286171	0.14	-0.016	2.044
3.61282896996	0.14	-0.016	2.044
3.61488294601	0.212	-0.008	2.044
3.61693286896	0.212	-0.008	2.044
3.61897778511	0.212	-0.008	2.044
3.62102890015	0.268	0.024	2.044
3.62307286263	0.268	0.024	2.044
3.62513184547	0.324	0.036	2.044
3.6271739006	0.324	0.036	2.044
3.62921595573	0.324	0.036	2.044
3.63126587868	0.376	0.04	2.028
3.6333129406	0.376	0.04	2.028
3.63535499573	0.432	0.04	1.908
3.64467096329	0.468	0.044	1.788
3.64679384232	0.504	0.052	1.664
3.64887785912	0.504	0.052	1.664
3.65093898773	0.552	0.056	1.528
3.65298485756	0.552	0.056	1.528
3.65502786636	0.552	0.056	1.528
3.6570827961	0.572	0.06	1.388
3.65912699699	0.572	0.06	1.388
3.66117691994	0.608	0.048	1.26
3.66322088242	0.608	0.048	1.26
3.66526484489	0.608	0.048	1.26
3.66730880737	0.64	0.052	1.128
3.66935181618	0.64	0.052	1.128
3.67140078545	0.632	0.072	0.988
3.67344689369	0.632	0.072	0.988
3.67549586296	0.632	0.072	0.988
3.67753982544	0.672	0.04	0.832
3.67961382866	0.672	0.04	0.832
3.68166589737	0.688	0.044	0.696
3.68371295929	0.688	0.044	0.696
3.68575501442	0.688	0.044	0.696
3.68780684471	0.692	0.04	0.568
3.68985199928	0.692	0.04	0.568
3.69190096855	0.7	0.036	0.44
3.69394278526	0.7	0.036	0.44
3.69598388672	0.7	0.036	0.44
3.69802594185	0.692	0.032	0.304
3.70006680489	0.692	0.032	0.304
3.70211482048	0.672	0.016	0.176
3.70415687561	0.672	0.016	0.176
3.70619988441	0.672	0.016	0.176
3.70824193954	0.676	0.012	0.056
3.71028399467	0.676	0.012	0.056
3.71233487129	0.644	0.02	-0.064
3.71438193321	0.644	0.02	-0.064
3.71642684937	0.644	0.02	-0.064
3.71846985817	0.62	0.0	-0.176
3.72051787376	0.62	0.0	-0.176
3.72254991531	0.596	-0.02	-0.268
3.724588871	0.596	-0.02	-0.268
3.72662687302	0.596	-0.02	-0.268
3.72866487503	0.56	-0.04	-0.348
3.73070883751	0.56	-0.04	-0.348
3.73275995255	0.532	-0.04	-0.436
3.73480582237	0.532	-0.04	-0.436
3.73687982559	0.532	-0.04	-0.436
3.73892784119	0.48	-0.048	-0.504
3.74097490311	0.48	-0.048	-0.504
3.74301981926	0.432	-0.044	-0.572
3.74506783485	0.432	-0.044	-0.572
3.74711680412	0.432	-0.044	-0.572
3.74916195869	0.388	-0.092	-0.604
3.75121879578	0.388	-0.092	-0.604
3.75333285332	0.336	-0.1	-0.644
3.75538301468	0.336	-0.1	-0.644
3.75742888451	0.292	-0.124	-0.68
3.75947594643	0.292	-0.124	-0.68
3.7615609169	0.292	-0.124	-0.68
3.7636089325	0.228	-0.12	-0.692
3.76565480232	0.228	-0.12	-0.692
3.76769995689	0.184	-0.152	-0.696
3.76974797249	0.184	-0.152	-0.696
3.77180099487	0.184	-0.152	-0.696
3.7738468647	0.132	-0.184	-0.684
3.7759039402	0.132	-0.184	-0.684
3.77795100212	0.064	-0.192	-0.656
3.7799949646	0.064	-0.192	-0.656
3.78204798698	0.064	-0.192	-0.656
3.78409695625	0.016	-0.18	-0.636
3.78614377975	0.016	-0.18	-0.636
3.78818893433	-0.04	-0.208	-0.592
3.79023694992	-0.04	-0.208	-0.592
3.79228997231	-0.04	-0.208	-0.592
3.79434895515	-0.112	-0.244	-0.52
3.79639482498	-0.112	-0.244	-0.52
3.7984418869	-0.172	-0.256	-0.456
3.80049490929	-0.172	-0.256	-0.456
3.80254292488	-0.172	-0.256	-0.456
3.80459094048	-0.24	-0.24	-0.392
3.8066368103	-0.24	-0.24	-0.392
3.80868291855	-0.296	-0.252	-0.3
3.81073689461	-0.296	-0.252	-0.3
3.81278395653	-0.296	-0.252	-0.3
3.8148329258	-0.352	-0.26	-0.216
3.81690192223	-0.352	-0.26	-0.216
3.81895184517	-0.392	-0.292	-0.108
3.8210477829	-0.392	-0.292	-0.108
3.82310080528	-0.392	-0.292	-0.108
3.82515001297	-0.444	-0.276	-0.004
3.82719683647	-0.444	-0.276	-0.004
3.82924199104	-0.492	-0.284	0.128
3.83128786087	-0.492	-0.284	0.128
3.83333683014	-0.492	-0.284	0.128
3.83538293839	-0.54	-0.276	0.252
3.83742785454	-0.54	-0.276	0.252
3.83951997757	-0.564	-0.3	0.384
3.84160685539	-0.564	-0.3	0.384
3.84368181229	-0.564	-0.3	0.384
3.84572792053	-0.608	-0.308	0.52
3.84779691696	-0.608	-0.308	0.52
3.84989786148	-0.644	-0.296	0.66
3.851957798	-0.644	-0.296	0.66
3.85400390625	-0.644	-0.296	0.66
3.8560500145	-0.664	-0.284	0.792
3.85809588432	-0.664	-0.284	0.792
3.86014199257	-0.68	-0.292	0.944
3.86219000816	-0.68	-0.292	0.944
3.86423778534	-0.68	-0.292	0.944
3.86628484726	-0.692	-0.3	1.088
3.86833095551	-0.692	-0.3	1.088
3.8703789711	-0.696	-0.3	1.224
3.87243294716	-0.696	-0.3	1.224
3.87448000908	-0.708	-0.28	1.364
3.87652683258	-0.708	-0.28	1.364
3.87857699394	-0.708	-0.28	1.364
3.88063001633	-0.708	-0.268	1.5
3.88267397881	-0.708	-0.268	1.5
3.88471579552	-0.708	-0.268	1.64
3.88676190376	-0.708	-0.268	1.64
3.88880801201	-0.708	-0.268	1.64
3.89086079597	-0.696	-0.26	1.772
3.89290785789	-0.696	-0.26	1.772
3.89495396614	-0.696	-0.256	1.888
3.89701581001	-0.696	-0.256	1.888
3.89906287193	-0.696	-0.256	1.888
3.90111494064	-0.672	-0.252	2.008
3.9031598568	-0.672	-0.252	2.008
3.90520787239	-0.652	-0.228	2.044
3.90725493431	-0.652	-0.228	2.044
3.90930986404	-0.652	-0.228	2.044
3.91136598587	-0.612	-0.212	2.044
3.91341590881	-0.612	-0.212	2.044
3.91546201706	-0.588	-0.228	2.044
3.91750788689	-0.588	-0.228	2.044
3.91955399513	-0.588	-0.228	2.044
3.92160391808	-0.556	-0.216	2.044
3.92364192009	-0.556	-0.216	2.044
3.9256799221	-0.504	-0.192	2.044
3.92771887779	-0.504	-0.192	2.044
3.92975878716	-0.504	-0.192	2.044
3.93181085587	-0.468	-0.172	2.044
3.93386292458	-0.468	-0.172	2.044
3.93592095375	-0.428	-0.164	2.044
3.93796801567	-0.428	-0.164	2.044
3.9400138855	-0.428	-0.164	2.044
3.942070961	-0.38	-0.156	2.044
3.94412279129	-0.38	-0.156	2.044
3.94617080688	-0.332	-0.124	2.044
3.9482178688	-0.332	-0.124	2.044
3.95026278496	-0.332	-0.124	2.044
3.95231699944	-0.284	-0.108	2.044
3.95436382294	-0.284	-0.108	2.044
3.95640993118	-0.224	-0.096	2.044
3.95845580101	-0.224	-0.096	2.044
3.96050882339	-0.224	-0.096	2.044
3.96255779266	-0.172	-0.076	2.044
3.96460390091	-0.172	-0.076	2.044
3.96665883064	-0.108	-0.08	2.044
3.96870493889	-0.108	-0.08	2.044
3.97075796127	-0.108	-0.08	2.044
3.9728038311	-0.052	-0.044	2.044
3.97485399246	-0.052	-0.044	2.044
3.9769217968	0.024	-0.012	2.044
3.97896790504	0.024	-0.012	2.044
3.98101878166	0.024	-0.012	2.044
3.98306298256	0.084	-0.02	2.044
3.98510980606	0.084	-0.02	2.044
3.98715400696	0.136	-0.008	2.044
3.98919796944	0.136	-0.008	2.044
3.99124193192	0.136	-0.008	2.044
3.99328899384	0.2	0.004	2.044
3.99533081055	0.2	0.004	2.044
3.997371912	0.256	0.02	2.044
3.99941396713	0.256	0.02	2.044
4.00146484375	0.256	0.02	2.044
4.00350689888	0.296	0.036	2.044
4.0055539608	0.296	0.036	2.044
4.00759792328	0.356	0.032	2.044
4.00964379311	0.356	0.032	2.044
4.01169395447	0.356	0.032	2.044
4.0137360096	0.4	0.036	1.956
4.01577782631	0.4	0.036	1.956
4.01782178879	0.46	0.04	1.816
4.01986479759	0.46	0.04	1.816
4.02191400528	0.46	0.04	1.816
4.02396583557	0.512	0.056	1.688
4.02601194382	0.512	0.056	1.688
4.02805495262	0.536	0.06	1.548
4.03009700775	0.536	0.06	1.548
4.03214693069	0.536	0.06	1.548
4.03418898582	0.58	0.064	1.432
4.03623199463	0.58	0.064	1.432
4.03827786446	0.608	0.052	1.292
4.04032182693	0.608	0.052	1.292
4.04237294197	0.608	0.052	1.292
4.04441595078	0.644	0.048	1.144
4.04645800591	0.644	0.048	1.144
4.04850196838	0.664	0.056	1.004
4.050552845	0.664	0.056	1.004
4.05259585381	0.664	0.056	1.004
4.05463886261	0.66	0.06	0.868
4.05668282509	0.66	0.06	0.868
4.05872488022	0.668	0.044	0.732
4.06077384949	0.668	0.044	0.732
4.06281781197	0.668	0.044	0.732
4.06486082077	0.68	0.04	0.584
4.06690382957	0.68	0.04	0.584
4.06895089149	0.7	0.048	0.456
4.07099986076	0.7	0.048	0.456
4.07305693626	0.7	0.048	0.456
4.07510089874	0.696	0.02	0.32
4.0771420002	0.696	0.02	0.32
4.07918381691	0.688	0.012	0.196
4.08124399185	0.688	0.012	0.196
4.08328580856	0.668	0.012	0.072
4.08532786369	0.668	0.012	0.072
4.08736991882	0.668	0.012	0.072
4.08941483498	0.652	0.016	-0.048
4.09146499634	0.652	0.016	-0.048
4.09351086617	0.64	-0.004	-0.144
4.09555482864	0.64	-0.004	-0.144
4.09760284424	0.64	-0.004	-0.144
4.09964799881	0.604	-0.016	-0.244
4.10170292854	0.604	-0.016	-0.244
4.10374879837	0.548	-0.024	-0.332
4.10579681396	0.548	-0.024	-0.332
4.10784292221	0.548	-0.024	-0.332
4.10988783836	0.524	-0.032	-0.416
4.11195087433	0.524	-0.032	-0.416
4.11399698257	0.484	-0.052	-0.5
4.11603784561	0.484	-0.052	-0.5
4.11807799339	0.484	-0.052	-0.5
4.1201198101	0.452	-0.052	-0.556
4.12216997147	0.452	-0.052	-0.556
4.12420678139	0.408	-0.084	-0.612
4.12624382973	0.408	-0.084	-0.612
4.12828183174	0.408	-0.084	-0.612
4.13031983376	0.352	-0.092	-0.648
4.13237380981	0.352	-0.092	-0.648
4.13442182541	0.308	-0.112	-0.672
4.13646793365	0.308	-0.112	-0.672
4.13852381706	0.308	-0.112	-0.672
4.14057779312	0.26	-0.124	-0.7
4.14262390137	0.26	-0.124	-0.7
4.14466881752	0.2	-0.152	-0.704
4.14671587944	0.2	-0.152	-0.704
4.14876079559	0.2	-0.152	-0.704
4.15081381798	0.136	-0.176	-0.684
4.15285992622	0.136	-0.176	-0.684
4.15490698814	0.068	-0.168	-0.672
4.15695500374	0.068	-0.168	-0.672
4.15899991989	0.068	-0.168	-0.672
4.16106796265	0.016	-0.192	-0.636
4.16311383247	0.016	-0.192	-0.636
4.16516280174	-0.036	-0.212	-0.608
4.16720890999	-0.036	-0.212	-0.608
4.16925787926	-0.036	-0.212	-0.608
4.17131090164	-0.096	-0.232	-0.544
4.17335796356	-0.096	-0.232	-0.544
4.17540383339	-0.172	-0.236	-0.488
4.17745184898	-0.172	-0.236	-0.488
4.17949795723	-0.172	-0.236	-0.488
4.18158197403	-0.22	-0.252	-0.408
4.18362879753	-0.22	-0.252	-0.408
4.18567895889	-0.272	-0.256	-0.332
4.18772578239	-0.272	-0.256	-0.332
4.18977189064	-0.272	-0.256	-0.332
4.19183683395	-0.32	-0.272	-0.232
4.19388484955	-0.32	-0.272	-0.232
4.19594478607	-0.376	-0.28	-0.132
4.19799280167	-0.376	-0.28	-0.132
4.20003890991	-0.376	-0.28	-0.132
4.20208787918	-0.428	-0.28	-0.024
4.2041349411	-0.428	-0.28	-0.024
4.20618200302	-0.484	-0.28	0.096
4.20822787285	-0.484	-0.28	0.096
4.210272789	-0.484	-0.28	0.096
4.2123298645	-0.528	-0.288	0.212
4.21437597275	-0.528	-0.288	0.212
4.21642279625	-0.572	-0.296	0.34
4.21847081184	-0.572	-0.296	0.34
4.22052383423	-0.572	-0.296	0.34
4.22256994247	-0.6	-0.304	0.472
4.22461485863	-0.6	-0.304	0.472
4.22666096687	-0.616	-0.296	0.62
4.22872185707	-0.616	-0.296	0.62
4.23077487946	-0.616	-0.296	0.62
4.23282194138	-0.648	-0.296	0.748
4.23493385315	-0.648	-0.296	0.748
4.23698282242	-0.672	-0.292	0.908
4.23902893066	-0.672	-0.292	0.908
4.24108982086	-0.672	-0.292	0.908
4.24313998222	-0.684	-0.296	1.044
4.24518489838	-0.684	-0.296	1.044
4.24722981453	-0.7	-0.292	1.172
4.24927783012	-0.7	-0.292	1.172
4.25132584572	-0.7	-0.292	1.172
4.25339078903	-0.716	-0.292	1.328
4.25543785095	-0.716	-0.292	1.328
4.25748586655	-0.716	-0.276	1.468
4.25953578949	-0.716	-0.276	1.468
4.26161789894	-0.712	-0.268	1.592
4.26366496086	-0.712	-0.268	1.592
4.2657148838	-0.712	-0.268	1.592
4.26775979996	-0.704	-0.252	1.72
4.26980686188	-0.704	-0.252	1.72
4.27186989784	-0.692	-0.276	1.856
4.27391695976	-0.692	-0.276	1.856
4.27596282959	-0.692	-0.276	1.856
4.27800893784	-0.676	-0.244	1.98
4.28005385399	-0.676	-0.244	1.98
4.28210997581	-0.632	-0.244	2.044
4.28415679932	-0.632	-0.244	2.044
4.28620290756	-0.632	-0.244	2.044
4.28824996948	-0.62	-0.228	2.044
4.29029679298	-0.62	-0.228	2.044
4.29235291481	-0.6	-0.224	2.044
4.29439997673	-0.6	-0.224	2.044
4.29644680023	-0.6	-0.224	2.044
4.29849386215	-0.572	-0.208	2.044
4.30054688454	-0.572	-0.208	2.044
4.30259394646	-0.536	-0.204	2.044
4.30464100838	-0.536	-0.204	2.044
4.30668783188	-0.536	-0.204	2.044
4.30873394012	-0.484	-0.184	2.044
4.31079483032	-0.484	-0.184	2.044
4.31284189224	-0.436	-0.164	2.044
4.31488895416	-0.436	-0.164	2.044
4.31693482399	-0.436	-0.164	2.044
4.31898093224	-0.4	-0.16	2.044
4.32103395462	-0.4	-0.16	2.044
4.32307600975	-0.344	-0.152	2.044
4.32511401176	-0.344	-0.152	2.044
4.32715201378	-0.344	-0.152	2.044
4.32920598984	-0.284	-0.108	2.044
4.33124899864	-0.284	-0.108	2.044
4.33329987526	-0.228	-0.1	2.044
4.33534693718	-0.228	-0.1	2.044
4.33739495277	-0.228	-0.1	2.044
4.33943986893	-0.184	-0.072	2.044
4.34149193764	-0.184	-0.072	2.044
4.34353899956	-0.12	-0.068	2.044
4.3455889225	-0.12	-0.068	2.044
4.34763383865	-0.12	-0.068	2.044
4.3496799469	-0.04	-0.056	2.044
4.35173201561	-0.04	-0.056	2.044
4.35377979279	-0.008	-0.04	2.044
4.35582900047	-0.008	-0.04	2.044
4.35787391663	-0.008	-0.04	2.044
4.35991883278	0.056	-0.024	2.044
4.36197400093	0.056	-0.024	2.044
4.36401891708	0.112	-0.012	2.044
4.36606383324	0.112	-0.012	2.044
4.36811900139	0.112	-0.012	2.044
4.37016487122	0.18	-0.016	2.044
4.37221693993	0.18	-0.016	2.044
4.37426280975	0.232	-0.004	2.044
4.37630796432	0.232	-0.004	2.044
4.37835383415	0.232	-0.004	2.044
4.38039898872	0.292	0.032	2.044
4.38244891167	0.292	0.032	2.044
4.38449192047	0.352	0.032	2.044
4.38653898239	0.352	0.032	2.044
4.38858294487	0.352	0.032	2.044
4.39063286781	0.396	0.044	1.968
4.39267683029	0.396	0.044	1.968
4.39472079277	0.448	0.044	1.852
4.39676499367	0.448	0.044	1.852
4.39880681038	0.448	0.044	1.852
4.40085601807	0.496	0.04	1.72
4.40289998055	0.496	0.04	1.72
4.40494298935	0.532	0.072	1.596
4.40698480606	0.532	0.072	1.596
4.40902996063	0.532	0.072	1.596
4.41107988358	0.548	0.064	1.46
4.41312289238	0.548	0.064	1.46
4.41516590118	0.592	0.052	1.324
4.41721081734	0.592	0.052	1.324
4.41925692558	0.592	0.052	1.324
4.42130684853	0.628	0.048	1.192
4.42334985733	0.628	0.048	1.192
4.42540478706	0.652	0.068	1.06
4.42744898796	0.652	0.068	1.06
4.42949199677	0.652	0.068	1.06
4.43160891533	0.676	0.048	0.904
4.43365693092	0.676	0.048	0.904
4.4357008934	0.676	0.068	0.772
4.43774294853	0.676	0.068	0.772
4.43978595734	0.688	0.048	0.636
4.44183683395	0.688	0.048	0.636
4.4438829422	0.688	0.048	0.636
4.445925951	0.696	0.028	0.516
4.44796800613	0.696	0.028	0.516
4.45002698898	0.696	0.04	0.364
4.45207691193	0.696	0.04	0.364
4.45411896706	0.696	0.04	0.364
4.45616078377	0.684	0.024	0.236
4.45820498466	0.684	0.024	0.236
4.46024799347	0.656	0.02	0.112
4.46229696274	0.656	0.02	0.112
4.46433901787	0.656	0.02	0.112
4.46638178825	0.652	0.008	0.008
4.46842384338	0.652	0.008	0.008
4.47047185898	0.632	0.012	-0.12
4.47251796722	0.632	0.012	-0.12
4.47456383705	0.632	0.012	-0.12
4.47660779953	0.608	-0.012	-0.204
4.4786529541	0.608	-0.012	-0.204
4.48070192337	0.592	-0.02	-0.328
4.48275399208	0.592	-0.02	-0.328
4.48479294777	0.592	-0.02	-0.328
4.48682999611	0.548	-0.04	-0.392
4.4888689518	0.548	-0.04	-0.392
4.49091482162	0.508	-0.048	-0.468
4.49296379089	0.508	-0.048	-0.468
4.49500989914	0.508	-0.048	-0.468
4.49705696106	0.46	-0.052	-0.54
4.49910187721	0.46	-0.052	-0.54
4.50115394592	0.412	-0.088	-0.596
4.50319981575	0.412	-0.088	-0.596
4.5052587986	0.412	-0.088	-0.596
4.50730586052	0.368	-0.096	-0.612
4.50935196877	0.368	-0.096	-0.612
4.51140379906	0.312	-0.112	-0.672
4.51345491409	0.312	-0.112	-0.672
4.51550078392	0.312	-0.112	-0.672
4.51754689217	0.268	-0.112	-0.664
4.51959180832	0.268	-0.112	-0.664
4.52164387703	0.216	-0.14	-0.684
4.52368497849	0.216	-0.14	-0.684
4.52572178841	0.216	-0.14	-0.684
4.52775883675	0.148	-0.164	-0.696
4.52979779243	0.148	-0.164	-0.696
4.53184890747	0.1	-0.184	-0.676
4.53389883041	0.1	-0.184	-0.676
4.53594589233	0.1	-0.184	-0.676
4.53799390793	0.02	-0.176	-0.652
4.54004883766	0.02	-0.176	-0.652
4.54210186005	-0.02	-0.2	-0.608
4.54414987564	-0.02	-0.2	-0.608
4.54619979858	-0.02	-0.2	-0.608
4.54824590683	-0.08	-0.224	-0.552
4.55029201508	-0.08	-0.224	-0.552
4.55234599113	-0.152	-0.244	-0.508
4.55439400673	-0.152	-0.244	-0.508
4.55644083023	-0.152	-0.244	-0.508
4.55848693848	-0.2	-0.24	-0.424
4.56053996086	-0.2	-0.24	-0.424
4.56258678436	-0.272	-0.248	-0.36
4.56463384628	-0.272	-0.248	-0.36
4.5666809082	-0.272	-0.248	-0.36
4.5687289238	-0.316	-0.264	-0.272
4.57078289986	-0.316	-0.264	-0.272
4.5728290081	-0.36	-0.28	-0.172
4.5748758316	-0.36	-0.28	-0.172
4.57692599297	-0.36	-0.28	-0.172
4.57897281647	-0.416	-0.288	-0.076
4.58102583885	-0.416	-0.288	-0.076
4.58307290077	-0.448	-0.288	0.052
4.5851328373	-0.448	-0.288	0.052
4.58717989922	-0.448	-0.288	0.052
4.58922600746	-0.524	-0.28	0.2
4.59127688408	-0.524	-0.28	0.2
4.593323946	-0.548	-0.3	0.32
4.59536981583	-0.548	-0.3	0.32
4.59742498398	-0.548	-0.3	0.32
4.59946990013	-0.584	-0.3	0.448
4.60151982307	-0.584	-0.3	0.448
4.60356998444	-0.624	-0.288	0.572
4.60561585426	-0.624	-0.288	0.572
4.60766100883	-0.624	-0.288	0.572
4.60971188545	-0.652	-0.304	0.732
4.61176490784	-0.652	-0.304	0.732
4.61380982399	-0.672	-0.288	0.856
4.61585378647	-0.672	-0.288	0.856
4.61792087555	-0.672	-0.288	0.856
4.6199669838	-0.684	-0.296	1.0
4.62201595306	-0.684	-0.296	1.0
4.62405896187	-0.684	-0.316	1.136
4.6261048317	-0.684	-0.316	1.136
4.62815093994	-0.684	-0.316	1.136
4.63019800186	-0.708	-0.296	1.292
4.63225293159	-0.708	-0.296	1.292
4.63430094719	-0.708	-0.268	1.42
4.63634681702	-0.708	-0.268	1.42
4.63839292526	-0.708	-0.268	1.56
4.64047598839	-0.708	-0.268	1.56
4.64252495766	-0.708	-0.268	1.56
4.64457178116	-0.684	-0.264	1.676
4.64661884308	-0.684	-0.264	1.676
4.64866685867	-0.696	-0.268	1.816
4.65072083473	-0.696	-0.268	1.816
4.65276789665	-0.696	-0.268	1.816
4.65482282639	-0.692	-0.252	1.94
4.65686893463	-0.692	-0.252	1.94
4.65891981125	-0.664	-0.252	2.044
4.66097187996	-0.664	-0.252	2.044
4.6630179882	-0.664	-0.252	2.044
4.66506481171	-0.644	-0.232	2.044
4.66711187363	-0.644	-0.232	2.044
4.66915678978	-0.616	-0.22	2.044
4.67120981216	-0.616	-0.22	2.044
4.6732609272	-0.616	-0.22	2.044
4.67530798912	-0.576	-0.22	2.044
4.67735385895	-0.576	-0.22	2.044
4.67939901352	-0.552	-0.2	2.044
4.68145394325	-0.552	-0.2	2.044
4.68350100517	-0.552	-0.2	2.044
4.685546875	-0.496	-0.18	2.044
4.68759298325	-0.496	-0.18	2.044
4.68964099884	-0.444	-0.164	2.044
4.69169378281	-0.444	-0.164	2.044
4.69373989105	-0.444	-0.164	2.044
4.69578886032	-0.412	-0.156	2.044
4.69784188271	-0.412	-0.156	2.044
4.69988894463	-0.356	-0.144	2.044
4.70194196701	-0.356	-0.144	2.044
4.70399188995	-0.356	-0.144	2.044
4.70605182648	-0.308	-0.124	2.044
4.7080988884	-0.308	-0.124	2.044
4.71014499664	-0.252	-0.104	2.044
4.71220588684	-0.252	-0.104	2.044
4.71425294876	-0.252	-0.104	2.044
4.71630001068	-0.192	-0.084	2.044
4.71834492683	-0.192	-0.084	2.044
4.72039079666	-0.148	-0.08	2.044
4.72244000435	-0.148	-0.08	2.044
4.72447800636	-0.148	-0.08	2.044
4.72651481628	-0.072	-0.064	2.044
4.72855401039	-0.072	-0.064	2.044
4.73060083389	-0.012	-0.044	2.044
4.73265194893	-0.012	-0.044	2.044
4.73469901085	-0.012	-0.044	2.044
4.73674798012	0.048	-0.028	2.044
4.73879480362	0.048	-0.028	2.044
4.74084091187	0.1	-0.032	2.044
4.74288487434	0.1	-0.032	2.044
4.74493098259	0.1	-0.032	2.044
4.74697589874	0.156	-0.004	2.044
4.74901986122	0.156	-0.004	2.044
4.75106978416	0.212	0.016	2.044
4.75312900543	0.212	0.016	2.044
4.75517082214	0.212	0.016	2.044
4.75721287727	0.28	0.02	2.044
4.75925588608	0.28	0.02	2.044
4.76131701469	0.316	0.04	2.044
4.76335978508	0.316	0.04	2.044
4.76540184021	0.316	0.04	2.044
4.76745080948	0.38	0.036	2.0
4.76950192451	0.38	0.036	2.0
4.77157878876	0.444	0.036	1.888
4.77362298965	0.444	0.036	1.888
4.77575492859	0.444	0.036	1.888
4.77780199051	0.48	0.048	1.764
4.77984690666	0.48	0.048	1.764
4.78189682961	0.52	0.064	1.636
4.78393888474	0.52	0.064	1.636
4.78598284721	0.52	0.064	1.636
4.78802490234	0.56	0.032	1.508
4.79006695747	0.56	0.032	1.508
4.79211688042	0.596	0.056	1.36
4.79416179657	0.596	0.056	1.36
4.7962038517	0.596	0.056	1.36
4.7982468605	0.624	0.048	1.224
4.80029201508	0.624	0.048	1.224
4.80234289169	0.648	0.056	1.092
4.8043859005	0.648	0.056	1.092
4.8064289093	0.648	0.056	1.092
4.80847191811	0.672	0.04	0.952
4.81052279472	0.672	0.04	0.952
4.81256580353	0.672	0.068	0.82
4.81460785866	0.672	0.068	0.82
4.81665086746	0.684	0.036	0.664
4.81869292259	0.684	0.036	0.664
4.82074189186	0.684	0.036	0.664
4.82278490067	0.684	0.06	0.5
4.82482290268	0.684	0.06	0.5
4.82687187195	0.688	0.044	0.392
4.82891583443	0.688	0.044	0.392
4.83096885681	0.688	0.044	0.392
4.83302497864	0.696	0.024	0.256
4.83506679535	0.696	0.024	0.256
4.83710885048	0.664	0.02	0.148
4.83915185928	0.664	0.02	0.148
4.84120178223	0.664	0.02	0.148
4.84324598312	0.644	0.024	0.004
4.84528779984	0.644	0.024	0.004
4.84732985497	0.644	0.0	-0.092
4.84936785698	0.644	0.0	-0.092
4.85141181946	0.644	0.0	-0.092
4.85344982147	0.624	-0.004	-0.18
4.85549497604	0.624	-0.004	-0.18
4.85754299164	0.572	-0.024	-0.288
4.85958886147	0.572	-0.024	-0.288
4.8616399765	0.572	-0.024	-0.288
4.86368989944	0.54	-0.04	-0.372
4.86573600769	0.54	-0.04	-0.372
4.86778187752	0.504	-0.048	-0.448
4.86982679367	0.504	-0.048	-0.448
4.87187790871	0.504	-0.048	-0.448
4.8739259243	0.48	-0.048	-0.52
4.87597179413	0.48	-0.048	-0.52
4.8780169487	0.436	-0.088	-0.564
4.88006997108	0.436	-0.088	-0.564
4.88212299347	0.436	-0.088	-0.564
4.88417696953	0.388	-0.1	-0.624
4.88622283936	0.388	-0.1	-0.624
4.88827180862	0.336	-0.104	-0.664
4.89031887054	0.336	-0.104	-0.664
4.89237093925	0.336	-0.104	-0.664
4.8944208622	0.276	-0.112	-0.688
4.89646697044	0.276	-0.112	-0.688
4.89851379395	0.232	-0.136	-0.692
4.90056586266	0.232	-0.136	-0.692
4.90261101723	0.232	-0.136	-0.692
4.90465593338	0.164	-0.16	-0.692
4.9067029953	0.164	-0.16	-0.692
4.90874791145	0.108	-0.184	-0.676
4.91080093384	0.108	-0.184	-0.676
4.91284680367	0.108	-0.184	-0.676
4.91489195824	0.056	-0.172	-0.676
4.91693687439	0.056	-0.172	-0.676
4.91898179054	-0.008	-0.196	-0.624
4.92105484009	-0.008	-0.196	-0.624
4.92309498787	-0.008	-0.196	-0.624
4.92513179779	-0.072	-0.216	-0.572
4.92717289925	-0.072	-0.216	-0.572
4.9292140007	-0.132	-0.24	-0.516
4.93125796318	-0.132	-0.24	-0.516
4.93330788612	-0.132	-0.24	-0.516
4.93535494804	-0.184	-0.252	-0.444
4.93740391731	-0.184	-0.252	-0.444
4.93945193291	-0.236	-0.248	-0.372
4.9415140152	-0.236	-0.248	-0.372
4.9435608387	-0.236	-0.248	-0.372
4.94561195374	-0.312	-0.26	-0.28
4.94765901566	-0.312	-0.26	-0.28
4.94970583916	-0.368	-0.288	-0.164
4.95175981522	-0.368	-0.288	-0.164
4.95380878448	-0.368	-0.288	-0.164
4.95585584641	-0.408	-0.28	-0.064
4.95790696144	-0.408	-0.28	-0.064
4.95995497704	-0.46	-0.288	0.048
4.96200895309	-0.46	-0.288	0.048
4.96405482292	-0.46	-0.288	0.048
4.96610093117	-0.512	-0.284	0.164
4.96814680099	-0.512	-0.284	0.164
4.97019386292	-0.556	-0.28	0.288
4.97224593163	-0.556	-0.28	0.288
4.97429084778	-0.556	-0.28	0.288
4.97633600235	-0.576	-0.3	0.416
4.97838282585	-0.576	-0.3	0.416
4.98042678833	-0.608	-0.296	0.552
4.98250985146	-0.608	-0.296	0.552
4.98455691338	-0.608	-0.296	0.552
4.9866039753	-0.624	-0.292	0.672
4.98864984512	-0.624	-0.292	0.672
4.99069881439	-0.66	-0.284	0.832
4.99274492264	-0.66	-0.284	0.832
4.99479198456	-0.66	-0.284	0.832
4.99683785439	-0.68	-0.3	0.976
4.9989168644	-0.68	-0.3	0.976
