Timestamp 	 X-Axis 	 Y-Axis 	 Z-Axis
0.000314950942993	-0.012	-0.004	0.32
0.00215792655945	-0.012	-0.004	0.32
0.00381398200989	0.152	-0.26	2.044
0.00546383857727	0.152	-0.26	2.044
0.00710988044739	0.152	-0.26	2.044
0.00877380371094	0.096	-0.38	2.044
0.0104219913483	0.096	-0.38	2.044
0.0120809078217	0.096	-0.38	2.044
0.0137288570404	-0.032	-0.236	1.5
0.0153849124908	-0.032	-0.236	1.5
0.0170269012451	-0.032	-0.236	1.5
0.018670797348	-0.032	-0.236	1.5
0.0203127861023	-0.172	0.016	-0.54
0.0219597816467	-0.172	0.016	-0.54
0.0236268043518	-0.172	0.016	-0.54
0.0252749919891	-0.116	0.132	-0.996
0.0269229412079	-0.116	0.132	-0.996
0.0285758972168	-0.116	0.132	-0.996
0.0302209854126	0.016	-0.028	0.564
0.0318648815155	0.016	-0.028	0.564
0.0335159301758	0.016	-0.028	0.564
0.0351669788361	0.16	-0.288	2.044
0.0368127822876	0.16	-0.288	2.044
0.0384578704834	0.16	-0.288	2.044
0.0401029586792	0.088	-0.372	2.044
0.0417487621307	0.088	-0.372	2.044
0.0434079170227	0.088	-0.372	2.044
0.0450577735901	-0.056	-0.188	1.248
0.0467209815979	-0.056	-0.188	1.248
0.0483717918396	-0.056	-0.188	1.248
0.0500259399414	-0.18	0.064	-0.704
0.0516729354858	-0.18	0.064	-0.704
0.0533218383789	-0.18	0.064	-0.704
0.0549728870392	-0.116	0.132	-0.912
0.0566208362579	-0.116	0.132	-0.912
0.0582668781281	-0.116	0.132	-0.912
0.059919834137	0.036	-0.06	0.808
0.0615649223328	0.036	-0.06	0.808
0.0632128715515	0.036	-0.06	0.808
0.0648639202118	0.148	-0.312	2.044
0.0665099620819	0.148	-0.312	2.044
0.0681548118591	0.148	-0.312	2.044
0.0697999000549	0.08	-0.36	2.044
0.0714449882507	0.08	-0.36	2.044
0.0731019973755	0.08	-0.36	2.044
0.074777841568	-0.064	-0.176	1.004
0.0764338970184	-0.064	-0.176	1.004
0.0781009197235	-0.064	-0.176	1.004
0.0797557830811	-0.064	-0.176	1.004
0.0814118385315	-0.192	0.064	-0.828
0.0830678939819	-0.192	0.064	-0.828
0.0847277641296	-0.192	0.064	-0.828
0.0863819122314	-0.084	0.116	-0.78
0.088036775589	-0.084	0.116	-0.78
0.0896909236908	-0.084	0.116	-0.78
0.091344833374	0.068	-0.088	1.068
0.0930137634277	0.068	-0.088	1.068
0.0946679115295	0.068	-0.088	1.068
0.0963208675385	0.16	-0.324	2.044
0.0979859828949	0.16	-0.324	2.044
0.0996479988098	0.16	-0.324	2.044
0.101303815842	0.072	-0.348	2.044
0.102958917618	0.072	-0.348	2.044
0.104612827301	0.072	-0.348	2.044
0.10626578331	-0.092	-0.14	0.752
0.107919931412	-0.092	-0.14	0.752
0.109573841095	-0.092	-0.14	0.752
0.111226797104	-0.184	0.08	-0.944
0.112887859344	-0.184	0.08	-0.944
0.114540815353	-0.184	0.08	-0.944
0.11619591713	-0.08	0.108	-0.656
0.117849826813	-0.08	0.108	-0.656
0.119503974915	-0.08	0.108	-0.656
0.12117099762	0.08	-0.12	1.312
0.122829914093	0.08	-0.12	1.312
0.124484777451	0.08	-0.12	1.312
0.126141786575	0.16	-0.336	2.044
0.127795934677	0.16	-0.336	2.044
0.129447937012	0.16	-0.336	2.044
0.131100893021	0.04	-0.344	2.044
0.132835865021	0.04	-0.344	2.044
0.134489774704	0.04	-0.344	2.044
0.136142969131	-0.092	-0.092	0.488
0.137796878815	-0.092	-0.092	0.488
0.139460802078	-0.092	-0.092	0.488
0.141115903854	-0.168	0.112	-1.016
0.14280295372	-0.168	0.112	-1.016
0.144456863403	-0.168	0.112	-1.016
0.146110773087	-0.064	0.084	-0.48
0.147777795792	-0.064	0.084	-0.48
0.149431943893	-0.064	0.084	-0.48
0.151095867157	0.092	-0.152	1.556
0.152784824371	0.092	-0.152	1.556
0.15443778038	0.092	-0.152	1.556
0.156090974808	0.092	-0.152	1.556
0.157743930817	0.14	-0.352	2.044
0.159395933151	0.14	-0.352	2.044
0.161047935486	0.14	-0.352	2.044
0.162706851959	0.028	-0.316	2.044
0.164361000061	0.028	-0.316	2.044
0.166012763977	0.028	-0.316	2.044
0.167665958405	-0.116	-0.084	0.252
0.169318914413	-0.116	-0.084	0.252
0.170972824097	-0.116	-0.084	0.252
0.172631978989	-0.164	0.124	-1.072
0.174286842346	-0.164	0.124	-1.072
0.175941944122	-0.164	0.124	-1.072
0.177602767944	-0.052	0.06	-0.292
0.17925786972	-0.052	0.06	-0.292
0.180911779404	-0.052	0.06	-0.292
0.18257188797	0.112	-0.18	1.8
0.184225797653	0.112	-0.18	1.8
0.185887813568	0.112	-0.18	1.8
0.187540769577	0.14	-0.364	2.044
0.189193964005	0.14	-0.364	2.044
0.190846920013	0.14	-0.364	2.044
0.192504882812	0.02	-0.296	2.044
0.194157838821	0.02	-0.296	2.044
0.19581079483	0.02	-0.296	2.044
0.197463989258	-0.148	-0.044	0.028
0.199117898941	-0.148	-0.044	0.028
0.200771808624	-0.148	-0.044	0.028
0.202434778214	-0.172	0.128	-1.096
0.204090833664	-0.172	0.128	-1.096
0.205744981766	-0.172	0.128	-1.096
0.207398891449	-0.032	0.044	-0.076
0.209050893784	-0.032	0.044	-0.076
0.210708856583	-0.032	0.044	-0.076
0.212368965149	0.12	-0.208	2.024
0.214022874832	0.12	-0.208	2.024
0.215675830841	0.12	-0.208	2.024
0.21732878685	0.128	-0.372	2.044
0.218980789185	0.128	-0.372	2.044
0.220633983612	0.128	-0.372	2.044
0.222291946411	0.128	-0.372	2.044
0.223943948746	-0.012	-0.272	1.944
0.225598812103	-0.012	-0.272	1.944
0.227252960205	-0.012	-0.272	1.944
0.228912830353	-0.156	-0.024	-0.196
0.230568885803	-0.156	-0.024	-0.196
0.232234954834	-0.156	-0.024	-0.196
0.233890771866	-0.144	0.132	-1.096
0.235544919968	-0.144	0.132	-1.096
0.237198829651	-0.144	0.132	-1.096
0.238852977753	-0.016	0.016	0.136
0.240504980087	-0.016	0.016	0.136
0.242157936096	-0.016	0.016	0.136
0.243808984756	0.14	-0.236	2.044
0.245461940765	0.14	-0.236	2.044
0.247116804123	0.14	-0.236	2.044
0.248770952225	0.104	-0.38	2.044
0.250423908234	0.104	-0.38	2.044
0.252080917358	0.104	-0.38	2.044
0.253745794296	-0.02	-0.248	1.704
0.255400896072	-0.02	-0.248	1.704
0.257055997849	-0.02	-0.248	1.704
0.258708953857	-0.168	0.008	-0.38
0.260363817215	-0.168	0.008	-0.38
0.262017965317	-0.168	0.008	-0.38
0.263700962067	-0.132	0.148	-1.052
0.265356779099	-0.132	0.148	-1.052
0.267009973526	-0.132	0.148	-1.052
0.268663883209	0.004	-0.012	0.372
0.270317792892	0.004	-0.012	0.372
0.271969795227	0.004	-0.012	0.372
0.273627996445	0.152	-0.26	2.044
0.275278806686	0.152	-0.26	2.044
0.276931762695	0.152	-0.26	2.044
0.27859377861	0.1	-0.38	2.044
0.280251979828	0.1	-0.38	2.044
0.281904935837	0.1	-0.38	2.044
0.283557891846	-0.032	-0.212	1.444
0.285211801529	-0.032	-0.212	1.444
0.286865949631	-0.032	-0.212	1.444
0.288522958755	-0.032	-0.212	1.444
0.290176868439	-0.184	0.032	-0.572
0.291830778122	-0.184	0.032	-0.572
0.293490886688	-0.184	0.032	-0.572
0.295142889023	-0.116	0.144	-0.98
0.296796798706	-0.116	0.144	-0.98
0.298448801041	-0.116	0.144	-0.98
0.300103902817	0.02	-0.036	0.628
0.301754951477	0.02	-0.036	0.628
0.303412914276	0.02	-0.036	0.628
0.305070877075	0.156	-0.284	2.044
0.306723833084	0.156	-0.284	2.044
0.308376789093	0.156	-0.284	2.044
0.310029983521	0.092	-0.376	2.044
0.311682939529	0.092	-0.376	2.044
0.313340902328	0.092	-0.376	2.044
0.314993858337	-0.064	-0.184	1.204
0.316648960114	-0.064	-0.184	1.204
0.318301916122	-0.064	-0.184	1.204
0.319955825806	-0.18	0.052	-0.744
0.321609973907	-0.18	0.052	-0.744
0.323268890381	-0.18	0.052	-0.744
0.324934959412	-0.1	0.124	-0.888
0.326588869095	-0.1	0.124	-0.888
0.328242778778	-0.1	0.124	-0.888
0.32989692688	0.04	-0.072	0.864
0.331551790237	0.04	-0.072	0.864
0.333208799362	0.04	-0.072	0.864
0.334868907928	0.16	-0.292	2.044
0.336521863937	0.16	-0.292	2.044
0.338173866272	0.16	-0.292	2.044
0.339826822281	0.068	-0.368	2.044
0.341478824615	0.068	-0.368	2.044
0.343136787415	0.068	-0.368	2.044
0.344790935516	-0.08	-0.156	0.944
0.346443891525	-0.08	-0.156	0.944
0.348096847534	-0.08	-0.156	0.944
0.349747896194	-0.188	0.072	-0.86
0.351402997971	-0.188	0.072	-0.86
0.35306096077	-0.188	0.072	-0.86
0.354714870453	-0.188	0.072	-0.86
0.356377840042	-0.096	0.112	-0.772
0.358032941818	-0.096	0.112	-0.772
0.359686851501	-0.096	0.112	-0.772
0.36133980751	0.06	-0.104	1.116
0.362997770309	0.06	-0.104	1.116
0.364649772644	0.06	-0.104	1.116
0.366302967072	0.152	-0.328	2.044
0.367954969406	0.152	-0.328	2.044
0.369606971741	0.152	-0.328	2.044
0.371268987656	0.052	-0.344	2.044
0.372926950455	0.052	-0.344	2.044
0.374580860138	0.052	-0.344	2.044
0.376232862473	-0.088	-0.136	0.68
0.377885818481	-0.088	-0.136	0.68
0.37953877449	-0.088	-0.136	0.68
0.381191968918	-0.168	0.092	-0.96
0.382853984833	-0.168	0.092	-0.96
0.384509801865	-0.168	0.092	-0.96
0.386162996292	-0.076	0.104	-0.612
0.38781785965	-0.076	0.104	-0.612
0.389471769333	-0.076	0.104	-0.612
0.391125917435	0.084	-0.116	1.376
0.392856836319	0.084	-0.116	1.376
0.394512891769	0.084	-0.116	1.376
0.396165847778	0.152	-0.336	2.044
0.397818803787	0.152	-0.336	2.044
0.399470806122	0.152	-0.336	2.044
0.401123762131	0.04	-0.34	2.044
0.402808904648	0.04	-0.34	2.044
0.404461860657	0.04	-0.34	2.044
0.40611577034	-0.104	-0.104	0.448
0.407778978348	-0.104	-0.104	0.448
0.409432888031	-0.104	-0.104	0.448
0.411086797714	-0.176	0.104	-1.032
0.412774801254	-0.176	0.104	-1.032
0.414430856705	-0.176	0.104	-1.032
0.416085958481	-0.056	0.08	-0.44
0.41774892807	-0.056	0.08	-0.44
0.419403791428	-0.056	0.08	-0.44
0.421054840088	0.088	-0.156	1.6
0.42271399498	0.088	-0.156	1.6
0.424367904663	0.088	-0.156	1.6
0.426020860672	0.088	-0.156	1.6
0.427672863007	0.148	-0.36	2.044
0.429325819016	0.148	-0.36	2.044
0.430978775024	0.148	-0.36	2.044
0.432637929916	0.036	-0.328	2.044
0.434294939041	0.036	-0.328	2.044
0.43594789505	0.036	-0.328	2.044
0.437599897385	-0.124	-0.072	0.224
0.439251899719	-0.124	-0.072	0.224
0.440905809402	-0.124	-0.072	0.224
0.442561864853	-0.168	0.124	-1.072
0.444216966629	-0.168	0.124	-1.072
0.445872783661	-0.168	0.124	-1.072
0.447542905807	-0.052	0.072	-0.256
0.449198961258	-0.052	0.072	-0.256
0.450850963593	-0.052	0.072	-0.256
0.452504873276	0.108	-0.18	1.852
0.454157829285	0.108	-0.18	1.852
0.455808877945	0.108	-0.18	1.852
0.457461833954	0.14	-0.36	2.044
0.459117889404	0.14	-0.36	2.044
0.460771799088	0.14	-0.36	2.044
0.462425947189	-0.004	-0.284	2.044
0.464090824127	-0.004	-0.284	2.044
0.465744972229	-0.004	-0.284	2.044
0.467397928238	-0.144	-0.044	-0.012
0.469052791595	-0.144	-0.044	-0.012
0.470705986023	-0.144	-0.044	-0.012
0.472366809845	-0.156	0.132	-1.088
0.474022865295	-0.156	0.132	-1.088
0.475675821304	-0.156	0.132	-1.088
0.477328777313	-0.024	0.04	-0.06
0.478981971741	-0.024	0.04	-0.06
0.48063492775	-0.024	0.04	-0.06
0.482293844223	0.136	-0.216	2.044
0.483946800232	0.136	-0.216	2.044
0.485602855682	0.136	-0.216	2.044
0.487254858017	0.128	-0.372	2.044
0.488907814026	0.128	-0.372	2.044
0.490558862686	0.128	-0.372	2.044
0.49221777916	0.128	-0.372	2.044
0.493870973587	0.004	-0.264	1.908
0.495522975922	0.004	-0.264	1.908
0.497175931931	0.004	-0.264	1.908
0.498826980591	-0.144	-0.012	-0.232
0.500480890274	-0.144	-0.012	-0.232
0.50214099884	-0.144	-0.012	-0.232
0.503795862198	-0.14	0.124	-1.084
0.505450963974	-0.14	0.124	-1.084
0.507104873657	-0.14	0.124	-1.084
0.508757829666	-0.02	0.012	0.168
0.510428905487	-0.02	0.012	0.168
0.512088775635	-0.02	0.012	0.168
0.513751983643	0.132	-0.232	2.044
0.515404939651	0.132	-0.232	2.044
0.51705789566	0.132	-0.232	2.044
0.518708944321	0.108	-0.388	2.044
0.520360946655	0.108	-0.388	2.044
0.52201294899	0.108	-0.388	2.044
0.523668766022	-0.024	-0.26	1.684
0.525322914124	-0.024	-0.26	1.684
0.526976823807	-0.024	-0.26	1.684
0.528630971909	-0.168	0.012	-0.432
0.530283927917	-0.168	0.012	-0.432
0.531938791275	-0.168	0.012	-0.432
0.533592939377	-0.124	0.144	-1.048
0.535245895386	-0.124	0.144	-1.048
0.536904811859	-0.124	0.144	-1.048
0.538558959961	0.0	-0.016	0.4
0.540203809738	0.0	-0.016	0.4
0.541846990585	0.0	-0.016	0.4
0.543497800827	0.156	-0.268	2.044
0.545150995255	0.156	-0.268	2.044
0.546803951263	0.156	-0.268	2.044
0.548456907272	0.108	-0.38	2.044
0.550109863281	0.108	-0.38	2.044
0.55176281929	0.108	-0.38	2.044
0.553419828415	-0.036	-0.212	1.416
0.555074930191	-0.036	-0.212	1.416
0.55673789978	-0.036	-0.212	1.416
0.558391809464	-0.036	-0.212	1.416
0.560045957565	-0.176	0.028	-0.592
0.561704874039	-0.176	0.028	-0.592
0.563362836838	-0.176	0.028	-0.592
0.565017938614	-0.116	0.128	-0.968
0.566669940948	-0.116	0.128	-0.968
0.568323850632	-0.116	0.128	-0.968
0.569975852966	0.036	-0.056	0.636
0.571627855301	0.036	-0.056	0.636
0.573283910751	0.036	-0.056	0.636
0.57493686676	0.164	-0.284	2.044
0.576588869095	0.164	-0.284	2.044
0.578241825104	0.164	-0.284	2.044
0.579892873764	0.084	-0.368	2.044
0.581545829773	0.084	-0.368	2.044
0.583202838898	0.084	-0.368	2.044
0.584856987	-0.052	-0.18	1.18
0.586509943008	-0.052	-0.18	1.18
0.588190793991	-0.052	-0.18	1.18
0.589845895767	-0.18	0.06	-0.74
0.591498851776	-0.18	0.06	-0.74
0.59315776825	-0.18	0.06	-0.74
0.594812870026	-0.1	0.12	-0.868
0.596463918686	-0.1	0.12	-0.868
0.598117828369	-0.1	0.12	-0.868
0.599770784378	0.048	-0.072	0.892
0.601422786713	0.048	-0.072	0.892
0.603089809418	0.048	-0.072	0.892
0.604742765427	0.16	-0.292	2.044
0.606395959854	0.16	-0.292	2.044
0.608047962189	0.16	-0.292	2.044
0.609702825546	0.072	-0.368	2.044
0.611356973648	0.072	-0.368	2.044
0.613013982773	0.072	-0.368	2.044
0.614667892456	-0.076	-0.152	0.928
0.616320848465	-0.076	-0.152	0.928
0.61848783493	-0.076	-0.152	0.928
0.620152950287	-0.188	0.076	-0.88
0.621807813644	-0.188	0.076	-0.88
0.623463869095	-0.188	0.076	-0.88
0.625116825104	-0.084	0.112	-0.748
0.626769781113	-0.084	0.112	-0.748
0.628423929214	-0.084	0.112	-0.748
0.630076885223	0.06	-0.1	1.136
0.631729841232	0.06	-0.1	1.136
0.633387804031	0.06	-0.1	1.136
0.635040998459	0.164	-0.328	2.044
0.636692762375	0.164	-0.328	2.044
0.638344764709	0.164	-0.328	2.044
0.640001773834	0.048	-0.352	2.044
0.641653776169	0.048	-0.352	2.044
0.643308877945	0.048	-0.352	2.044
0.644961833954	0.048	-0.352	2.044
0.646613836288	-0.1	-0.124	0.68
0.648268938065	-0.1	-0.124	0.68
0.649937868118	-0.1	-0.124	0.68
0.651592969894	-0.172	0.092	-0.98
0.653248786926	-0.172	0.092	-0.98
0.654902935028	-0.172	0.092	-0.98
0.656556844711	-0.08	0.096	-0.608
0.658211946487	-0.08	0.096	-0.608
0.659864902496	-0.08	0.096	-0.608
0.661516904831	0.092	-0.152	1.392
0.663172960281	0.092	-0.152	1.392
0.664834976196	0.092	-0.152	1.392
0.66648888588	0.148	-0.336	2.044
0.668140888214	0.148	-0.336	2.044
0.669793844223	0.148	-0.336	2.044
0.671445846558	0.044	-0.34	2.044
0.673124790192	0.044	-0.34	2.044
0.674779891968	0.044	-0.34	2.044
0.676433801651	-0.108	-0.096	0.42
0.678087949753	-0.108	-0.096	0.42
0.679740905762	-0.108	-0.096	0.42
0.681395769119	-0.172	0.108	-1.036
0.683055877686	-0.172	0.108	-1.036
0.684710979462	-0.172	0.108	-1.036
0.686364889145	-0.056	0.08	-0.424
0.688017845154	-0.056	0.08	-0.424
0.689671993256	-0.056	0.08	-0.424
0.691328763962	0.096	-0.156	1.632
0.692985773087	0.096	-0.156	1.632
0.694640874863	0.096	-0.156	1.632
0.696313858032	0.128	-0.348	2.044
0.697967767715	0.128	-0.348	2.044
0.69961977005	0.128	-0.348	2.044
0.701272964478	0.02	-0.324	2.044
0.702929973602	0.02	-0.324	2.044
0.704581975937	0.02	-0.324	2.044
0.706233978271	-0.128	-0.072	0.184
0.707887887955	-0.128	-0.072	0.184
0.709541797638	-0.128	-0.072	0.184
0.711193799973	-0.128	-0.072	0.184
0.712852954865	-0.164	0.108	-1.076
0.714507818222	-0.164	0.108	-1.076
0.716164827347	-0.164	0.108	-1.076
0.717819929123	-0.044	0.06	-0.232
0.719473838806	-0.044	0.06	-0.232
0.721126794815	-0.044	0.06	-0.232
0.722821950912	0.104	-0.18	1.864
0.724474906921	0.104	-0.18	1.864
0.72612786293	0.104	-0.18	1.864
0.727779865265	0.148	-0.372	2.044
0.729433774948	0.148	-0.372	2.044
0.731085777283	0.148	-0.372	2.044
0.73281288147	0.024	-0.312	2.044
0.734469890594	0.024	-0.312	2.044
0.736122846603	0.024	-0.312	2.044
0.737775802612	-0.14	-0.04	-0.036
0.739430904388	-0.14	-0.04	-0.036
0.741085767746	-0.14	-0.04	-0.036
0.742787837982	-0.144	0.144	-1.092
0.744443893433	-0.144	0.144	-1.092
0.746098995209	-0.144	0.144	-1.092
0.747751951218	-0.024	0.032	-0.016
0.749404907227	-0.024	0.032	-0.016
0.751057863235	-0.024	0.032	-0.016
0.75271987915	0.12	-0.228	2.044
0.754374980927	0.12	-0.228	2.044
0.756025791168	0.12	-0.228	2.044
0.757678985596	0.112	-0.372	2.044
0.75933098793	0.112	-0.372	2.044
0.760983943939	0.112	-0.372	2.044
0.762642860413	-0.012	-0.272	1.856
0.764296770096	-0.012	-0.272	1.856
0.765950918198	-0.012	-0.272	1.856
0.767619848251	-0.148	-0.008	-0.28
0.769276857376	-0.148	-0.008	-0.28
0.770931959152	-0.148	-0.008	-0.28
0.7725918293	-0.14	0.128	-1.084
0.774246931076	-0.14	0.128	-1.084
0.775900840759	-0.14	0.128	-1.084
0.777554988861	-0.008	0.004	0.196
0.779205799103	-0.008	0.004	0.196
0.780857801437	-0.008	0.004	0.196
0.782508850098	-0.008	0.004	0.196
0.784159898758	0.144	-0.24	2.044
0.785812854767	0.144	-0.24	2.044
0.787464857101	0.144	-0.24	2.044
0.789126873016	0.108	-0.376	2.044
0.790778875351	0.108	-0.376	2.044
0.792438983917	0.108	-0.376	2.044
0.794094800949	-0.024	-0.24	1.628
0.795749902725	-0.024	-0.24	1.628
0.79740190506	-0.024	-0.24	1.628
0.799055814743	-0.176	0.012	-0.436
0.800709962845	-0.176	0.012	-0.436
0.802368879318	-0.176	0.012	-0.436
0.804022789001	-0.156	0.14	-1.012
0.805676937103	-0.156	0.14	-1.012
0.807330846786	-0.156	0.14	-1.012
0.808984994888	0.004	-0.016	0.444
0.810634851456	0.004	-0.016	0.444
0.812292814255	0.004	-0.016	0.444
0.813944816589	0.152	-0.268	2.044
0.815597772598	0.152	-0.268	2.044
0.817249774933	0.152	-0.268	2.044
0.818904876709	0.108	-0.38	2.044
0.820558786392	0.108	-0.38	2.044
0.822215795517	0.108	-0.38	2.044
0.823868989944	-0.044	-0.212	1.392
0.825521945953	-0.044	-0.212	1.392
0.827174901962	-0.044	-0.212	1.392
0.828828811646	-0.168	0.036	-0.616
0.830481767654	-0.168	0.036	-0.616
0.832141876221	-0.168	0.036	-0.616
0.83379483223	-0.104	0.136	-0.96
0.835458993912	-0.104	0.136	-0.96
0.837112903595	-0.104	0.136	-0.96
0.838766813278	0.052	-0.056	0.688
0.840418815613	0.052	-0.056	0.688
0.842076778412	0.052	-0.056	0.688
0.843728780746	0.156	-0.296	2.044
0.845392942429	0.156	-0.296	2.044
0.847046852112	0.156	-0.296	2.044
0.848698854446	0.156	-0.296	2.044
0.850349903107	0.084	-0.36	2.044
0.852002859116	0.084	-0.36	2.044
0.853660821915	0.084	-0.36	2.044
0.855314970016	-0.06	-0.172	1.132
0.8569688797	-0.06	-0.172	1.132
0.858621835709	-0.06	-0.172	1.132
0.860274791718	-0.176	0.04	-0.756
0.861928939819	-0.176	0.04	-0.756
0.863583803177	-0.176	0.04	-0.756
0.865237951279	-0.108	0.12	-0.852
0.866891860962	-0.108	0.12	-0.852
0.868543863297	-0.108	0.12	-0.852
0.870200872421	0.048	-0.084	0.924
0.871852874756	0.048	-0.084	0.924
0.873522996902	0.048	-0.084	0.924
0.875176906586	0.16	-0.32	2.044
0.87682890892	0.16	-0.32	2.044
0.878480911255	0.16	-0.32	2.044
0.880131959915	0.06	-0.368	2.044
0.881794929504	0.06	-0.368	2.044
0.883452892303	0.06	-0.368	2.044
0.885105848312	-0.076	-0.14	0.888
0.886759996414	-0.076	-0.14	0.888
0.888411998749	-0.076	-0.14	0.888
0.890065908432	-0.188	0.08	-0.884
0.891717910767	-0.188	0.08	-0.884
0.893377780914	-0.188	0.08	-0.884
0.895031929016	-0.096	0.116	-0.728
0.896687984467	-0.096	0.116	-0.728
0.89834189415	-0.096	0.116	-0.728
0.899995803833	0.072	-0.096	1.176
0.90164899826	0.072	-0.096	1.176
0.90330696106	0.072	-0.096	1.176
0.904959917068	0.152	-0.328	2.044
0.906611919403	0.152	-0.328	2.044
0.908262968063	0.152	-0.328	2.044
0.909915924072	0.152	-0.328	2.044
0.911567926407	0.072	-0.376	2.044
0.913225889206	0.072	-0.376	2.044
0.914878845215	0.072	-0.376	2.044
0.916530847549	-0.104	-0.112	0.628
0.918184995651	-0.104	-0.112	0.628
0.919836997986	-0.104	-0.112	0.628
0.921493768692	-0.18	0.096	-0.988
0.923153877258	-0.18	0.096	-0.988
0.924808979034	-0.18	0.096	-0.988
0.926461935043	-0.068	0.092	-0.576
0.928123950958	-0.068	0.092	-0.576
0.929777860641	-0.068	0.092	-0.576
0.93143081665	0.096	-0.136	1.424
0.933088779449	0.096	-0.136	1.424
0.934740781784	0.096	-0.136	1.424
0.936399936676	0.156	-0.34	2.044
0.938056945801	0.156	-0.34	2.044
0.939708948135	0.156	-0.34	2.044
0.941361904144	0.044	-0.336	2.044
0.943016767502	0.044	-0.336	2.044
0.944669961929	0.044	-0.336	2.044
0.946321964264	-0.108	-0.068	0.368
0.947988986969	-0.108	-0.068	0.368
0.949642896652	-0.108	-0.068	0.368
0.951295852661	-0.164	0.108	-1.044
0.952956914902	-0.164	0.108	-1.044
0.954610824585	-0.164	0.108	-1.044
0.956264972687	-0.064	0.08	-0.396
0.95791888237	-0.064	0.08	-0.396
0.959572792053	-0.064	0.08	-0.396
0.961225986481	0.104	-0.168	1.668
0.962880849838	0.104	-0.168	1.668
0.964527845383	0.104	-0.168	1.668
0.966172933578	0.136	-0.364	2.044
0.967817783356	0.136	-0.364	2.044
0.969461917877	0.136	-0.364	2.044
0.971106767654	0.02	-0.316	2.044
0.9728307724	0.02	-0.316	2.044
0.974496841431	0.02	-0.316	2.044
0.976151943207	-0.136	-0.056	0.14
0.97780585289	-0.136	-0.056	0.14
0.979459762573	-0.136	-0.056	0.14
0.981113910675	-0.136	-0.056	0.14
0.982798814774	-0.164	0.124	-1.088
0.984454870224	-0.164	0.124	-1.088
0.986108779907	-0.164	0.124	-1.088
0.987763881683	-0.044	0.056	-0.196
0.989417791367	-0.044	0.056	-0.196
0.991070985794	-0.044	0.056	-0.196
0.992781877518	0.116	-0.192	1.908
0.994435787201	0.116	-0.192	1.908
0.996089935303	0.116	-0.192	1.908
0.997741937637	0.128	-0.364	2.044
0.999397993088	0.128	-0.364	2.044
1.00105285645	0.128	-0.364	2.044
1.00270581245	0.008	-0.304	2.044
1.00435876846	0.008	-0.304	2.044
1.0060107708	0.008	-0.304	2.044
1.00766396523	-0.152	-0.032	-0.076
1.00931882858	-0.152	-0.032	-0.076
1.01097393036	-0.152	-0.032	-0.076
1.01263380051	-0.144	0.124	-1.088
1.01428699493	-0.144	0.124	-1.088
1.01594090462	-0.144	0.124	-1.088
1.01759576797	-0.024	0.024	0.012
1.01924777031	-0.024	0.024	0.012
1.02090883255	-0.024	0.024	0.012
1.02256679535	0.14	-0.232	2.044
1.02422380447	0.14	-0.232	2.044
1.0258769989	0.14	-0.232	2.044
1.02753090858	0.128	-0.36	2.044
1.02918195724	0.128	-0.36	2.044
1.03083491325	0.128	-0.36	2.044
1.03248882294	-0.012	-0.26	1.836
1.03414297104	-0.012	-0.26	1.836
1.03579688072	-0.012	-0.26	1.836
1.03744983673	-0.164	0.012	-0.292
1.03910398483	-0.164	0.012	-0.292
1.04075694084	-0.164	0.012	-0.292
1.04241681099	-0.132	0.132	-1.072
1.04407095909	-0.132	0.132	-1.072
1.0457239151	-0.132	0.132	-1.072
1.04737687111	-0.132	0.132	-1.072
1.04903078079	-0.012	0.004	0.248
1.05068683624	-0.012	0.004	0.248
1.05234384537	-0.012	0.004	0.248
1.05399680138	0.148	-0.248	2.044
1.05565094948	0.148	-0.248	2.044
1.05730199814	0.148	-0.248	2.044
1.05895590782	0.104	-0.376	2.044
1.06060791016	0.104	-0.376	2.044
1.06226086617	0.104	-0.376	2.044
1.06391382217	-0.024	-0.224	1.588
1.06556797028	-0.024	-0.224	1.588
1.06726288795	-0.024	-0.224	1.588
1.06891584396	-0.192	0.016	-0.476
1.07056999207	-0.192	0.016	-0.476
1.07222390175	-0.192	0.016	-0.476
1.07387781143	-0.128	0.116	-1.016
1.07553482056	-0.128	0.116	-1.016
1.07718992233	-0.128	0.116	-1.016
1.07884287834	0.012	-0.024	0.484
1.08049488068	0.012	-0.024	0.484
1.08215284348	0.012	-0.024	0.484
1.08380484581	0.168	-0.26	2.044
1.08545684814	0.168	-0.26	2.044
1.08710885048	0.168	-0.26	2.044
1.08876085281	0.104	-0.376	2.044
1.09041380882	0.104	-0.376	2.044
1.09207177162	0.104	-0.376	2.044
1.09372496605	-0.044	-0.196	1.344
1.09537887573	-0.044	-0.196	1.344
1.09703183174	-0.044	-0.196	1.344
1.09868597984	-0.192	0.04	-0.644
1.10033798218	-0.192	0.04	-0.644
1.1019949913	-0.192	0.04	-0.644
1.10365486145	-0.116	0.132	-0.936
1.10530877113	-0.116	0.132	-0.936
1.10696077347	-0.116	0.132	-0.936
1.1086139679	0.032	-0.052	0.712
1.11026597023	0.032	-0.052	0.712
1.1119158268	0.032	-0.052	0.712
1.11358499527	0.032	-0.052	0.712
1.1152369976	0.148	-0.3	2.044
1.11688899994	0.148	-0.3	2.044
1.11854076385	0.148	-0.3	2.044
1.12019276619	0.08	-0.372	2.044
1.12184596062	0.08	-0.372	2.044
1.12350487709	0.08	-0.372	2.044
1.12515687943	-0.06	-0.176	1.092
1.12685894966	-0.06	-0.176	1.092
1.12851595879	-0.06	-0.176	1.092
1.13016986847	-0.172	0.068	-0.792
1.13182282448	-0.172	0.068	-0.792
1.13348197937	-0.172	0.068	-0.792
1.13513493538	-0.096	0.112	-0.828
1.13678979874	-0.096	0.112	-0.828
1.13844299316	-0.096	0.112	-0.828
1.14009594917	0.044	-0.084	0.988
1.14174795151	0.044	-0.084	0.988
1.14340376854	0.044	-0.084	0.988
1.14505696297	0.16	-0.316	2.044
1.1467089653	0.16	-0.316	2.044
1.14836096764	0.16	-0.316	2.044
1.15001296997	0.072	-0.356	2.044
1.15166497231	0.072	-0.356	2.044
1.15332579613	0.072	-0.356	2.044
1.15497779846	-0.096	-0.136	0.824
1.15663099289	-0.096	-0.136	0.824
1.1582839489	-0.096	-0.136	0.824
1.15995383263	-0.184	0.08	-0.912
1.1616089344	-0.184	0.08	-0.912
1.16326785088	-0.184	0.08	-0.912
1.16492199898	-0.088	0.104	-0.688
1.16657495499	-0.088	0.104	-0.688
1.16822886467	-0.088	0.104	-0.688
1.16988182068	0.064	-0.104	1.228
1.17153477669	0.064	-0.104	1.228
1.17319178581	0.064	-0.104	1.228
1.17484498024	0.156	-0.336	2.044
1.17649888992	0.156	-0.336	2.044
1.1781539917	0.156	-0.336	2.044
1.17980694771	0.156	-0.336	2.044
1.18145799637	0.056	-0.348	2.044
1.18311476707	0.056	-0.348	2.044
1.1847679615	0.056	-0.348	2.044
1.18641996384	-0.096	-0.108	0.576
1.18807291985	-0.096	-0.108	0.576
1.18972492218	-0.096	-0.108	0.576
1.19137883186	-0.172	0.1	-0.992
1.19303679466	-0.172	0.1	-0.992
1.19469094276	-0.172	0.1	-0.992
1.19634389877	-0.068	0.08	-0.528
1.19799494743	-0.068	0.08	-0.528
1.19964885712	-0.068	0.08	-0.528
1.20130085945	0.088	-0.136	1.456
1.20295977592	0.088	-0.136	1.456
1.20461678505	0.088	-0.136	1.456
1.20627880096	0.136	-0.34	2.044
1.20793199539	0.136	-0.34	2.044
1.2095849514	0.136	-0.34	2.044
1.21123886108	0.028	-0.328	2.044
1.21289587021	0.028	-0.328	2.044
1.21454882622	0.028	-0.328	2.044
1.21620178223	-0.124	-0.076	0.344
1.21785497665	-0.124	-0.076	0.344
1.21950888634	-0.124	-0.076	0.344
1.22116184235	-0.156	0.108	-1.064
1.22282195091	-0.156	0.108	-1.064
1.2244758606	-0.156	0.108	-1.064
1.22613096237	-0.052	0.072	-0.364
1.22778487206	-0.052	0.072	-0.364
1.22944092751	-0.052	0.072	-0.364
1.23109483719	0.108	-0.176	1.72
1.23282790184	0.108	-0.176	1.72
1.23448491096	0.108	-0.176	1.72
1.23613977432	0.136	-0.376	2.044
1.23779296875	0.136	-0.376	2.044
1.23944592476	0.136	-0.376	2.044
1.24109792709	0.024	-0.312	2.044
1.24278593063	0.024	-0.312	2.044
1.24443888664	0.024	-0.312	2.044
1.24609184265	-0.148	-0.056	0.084
1.24774599075	-0.148	-0.056	0.084
1.24939894676	-0.148	-0.056	0.084
1.25105285645	-0.148	-0.056	0.084
1.25275683403	-0.164	0.128	-1.088
1.25441193581	-0.164	0.128	-1.088
1.25606894493	-0.164	0.128	-1.088
1.25772285461	-0.044	0.044	-0.144
1.2593767643	-0.044	0.044	-0.144
1.26102995872	-0.044	0.044	-0.144
1.26268386841	0.124	-0.2	1.94
1.26433587074	0.124	-0.2	1.94
1.26598787308	0.124	-0.2	1.94
1.26763987541	0.132	-0.376	2.044
1.26929187775	0.132	-0.376	2.044
1.27094388008	0.132	-0.376	2.044
1.27260279655	0.02	-0.252	1.996
1.27425599098	0.02	-0.252	1.996
1.27590799332	0.02	-0.252	1.996
1.27755999565	-0.144	-0.016	-0.128
1.27924585342	-0.144	-0.016	-0.128
1.28090286255	-0.144	-0.016	-0.128
1.282558918	-0.148	0.136	-1.096
1.28421187401	-0.148	0.136	-1.096
1.28586578369	-0.148	0.136	-1.096
1.28751897812	-0.016	0.028	0.06
1.28917098045	-0.016	0.028	0.06
1.2908217907	-0.016	0.028	0.06
1.29247879982	0.144	-0.232	2.044
1.29413199425	0.144	-0.232	2.044
1.29578399658	0.144	-0.232	2.044
1.29743599892	0.116	-0.38	2.044
1.29909682274	0.116	-0.38	2.044
1.30074882507	0.116	-0.38	2.044
1.30240678787	-0.016	-0.26	1.784
1.30406093597	-0.016	-0.26	1.784
1.30571389198	-0.016	-0.26	1.784
1.30736994743	-0.164	0.008	-0.324
1.30902385712	-0.164	0.008	-0.324
1.3106777668	-0.164	0.008	-0.324
1.31233692169	-0.144	0.132	-1.072
1.31399178505	-0.144	0.132	-1.072
1.31564497948	-0.144	0.132	-1.072
1.31729793549	-0.144	0.132	-1.072
1.31895089149	-0.008	0.0	0.292
1.3205947876	-0.008	0.0	0.292
1.32224583626	-0.008	0.0	0.292
1.32388997078	0.14	-0.248	2.044
1.32554292679	0.14	-0.248	2.044
1.32719492912	0.14	-0.248	2.044
1.32884788513	0.1	-0.376	2.044
1.33049988747	0.1	-0.376	2.044
1.33216285706	0.1	-0.376	2.044
1.33381581306	-0.024	-0.24	1.54
1.33546876907	-0.024	-0.24	1.54
1.33712387085	-0.024	-0.24	1.54
1.33877587318	-0.18	0.028	-0.504
1.34042978287	-0.18	0.028	-0.504
1.34208893776	-0.18	0.028	-0.504
1.34374189377	-0.108	0.136	-1.012
1.34540581703	-0.108	0.136	-1.012
1.34705877304	-0.108	0.136	-1.012
1.34871292114	0.024	-0.024	0.516
1.3503639698	0.024	-0.024	0.516
1.35201597214	0.024	-0.024	0.516
1.35367178917	0.156	-0.264	2.044
1.35532689095	0.156	-0.264	2.044
1.35697889328	0.156	-0.264	2.044
1.35863280296	0.1	-0.384	2.044
1.36028599739	0.1	-0.384	2.044
1.36193799973	0.1	-0.384	2.044
1.3635969162	-0.048	-0.192	1.3
1.36524987221	-0.048	-0.192	1.3
1.36690378189	-0.048	-0.192	1.3
1.36855792999	-0.18	0.04	-0.668
1.37020993233	-0.18	0.04	-0.668
1.37186384201	-0.18	0.04	-0.668
1.3735229969	-0.104	0.128	-0.936
1.37517690659	-0.104	0.128	-0.936
1.37683081627	-0.104	0.128	-0.936
1.37848377228	0.024	-0.06	0.776
1.38013482094	0.024	-0.06	0.776
1.38178682327	0.024	-0.06	0.776
1.38344788551	0.024	-0.06	0.776
1.38510084152	0.156	-0.3	2.044
1.38675379753	0.156	-0.3	2.044
1.38840579987	0.156	-0.3	2.044
1.3900578022	0.076	-0.356	2.044
1.39171981812	0.076	-0.356	2.044
1.39337897301	0.076	-0.356	2.044
1.39503192902	-0.06	-0.164	1.04
1.39668393135	-0.06	-0.164	1.04
1.39833593369	-0.06	-0.164	1.04
1.39998984337	-0.196	0.076	-0.816
1.4016418457	-0.196	0.076	-0.816
1.40330195427	-0.196	0.076	-0.816
1.40495491028	-0.108	0.12	-0.812
1.40660691261	-0.108	0.12	-0.812
1.40825986862	-0.108	0.12	-0.812
1.40991592407	0.048	-0.092	1.012
1.41156792641	0.048	-0.092	1.012
1.41322493553	0.048	-0.092	1.012
1.41487789154	0.168	-0.324	2.044
1.41652989388	0.168	-0.324	2.044
1.41818284988	0.168	-0.324	2.044
1.41983580589	0.076	-0.364	2.044
1.42148780823	0.076	-0.364	2.044
1.42314696312	0.076	-0.364	2.044
1.42479991913	-0.076	-0.148	0.792
1.42645382881	-0.076	-0.148	0.792
1.42810583115	-0.076	-0.148	0.792
1.42975997925	-0.188	0.092	-0.936
1.43141388893	-0.188	0.092	-0.936
1.4330728054	-0.188	0.092	-0.936
1.43473291397	-0.072	0.116	-0.672
1.43638586998	-0.072	0.116	-0.672
1.43804883957	-0.072	0.116	-0.672
1.43970179558	0.08	-0.12	1.264
1.44135499001	0.08	-0.12	1.264
1.44301199913	0.08	-0.12	1.264
1.44466376305	0.156	-0.34	2.044
1.44631791115	0.156	-0.34	2.044
1.44796991348	0.156	-0.34	2.044
1.44965291023	0.156	-0.34	2.044
1.45130681992	0.048	-0.34	2.044
1.45296597481	0.048	-0.34	2.044
1.45461988449	0.048	-0.34	2.044
1.45627093315	-0.112	-0.112	0.54
1.45792579651	-0.112	-0.112	0.54
1.45957779884	-0.112	-0.112	0.54
1.46123600006	-0.172	0.096	-1.008
1.46289277077	-0.172	0.096	-1.008
1.46454977989	-0.172	0.096	-1.008
1.46620392799	-0.072	0.092	-0.496
1.467856884	-0.072	0.092	-0.496
1.46950984001	-0.072	0.092	-0.496
1.47116184235	0.092	-0.144	1.496
1.47282290459	0.092	-0.144	1.496
1.47447490692	0.092	-0.144	1.496
1.47612595558	0.148	-0.352	2.044
1.47777986526	0.148	-0.352	2.044
1.47943091393	0.148	-0.352	2.044
1.48108386993	0.036	-0.316	2.044
1.48277282715	0.036	-0.316	2.044
1.48443579674	0.036	-0.316	2.044
1.48609185219	-0.116	-0.072	0.292
1.4877448082	-0.116	-0.072	0.292
1.4893989563	-0.116	-0.072	0.292
1.49105191231	-0.16	0.12	-1.072
1.49271297455	-0.16	0.12	-1.072
1.49436593056	-0.16	0.12	-1.072
1.49601888657	-0.064	0.068	-0.328
1.49767398834	-0.064	0.068	-0.328
1.49932599068	-0.064	0.068	-0.328
1.50097990036	0.108	-0.176	1.756
1.50263977051	0.108	-0.176	1.756
1.50429391861	0.108	-0.176	1.756
1.50594687462	0.136	-0.372	2.044
1.50759887695	0.136	-0.372	2.044
1.50925278664	0.136	-0.372	2.044
1.51090598106	0.024	-0.316	2.044
1.51256895065	0.024	-0.316	2.044
1.51422190666	0.024	-0.316	2.044
1.515873909	0.024	-0.316	2.044
1.51752686501	-0.136	-0.056	0.068
1.51917982101	-0.136	-0.056	0.068
1.52083396912	-0.136	-0.056	0.068
1.52249288559	-0.156	0.132	-1.1
1.52414894104	-0.156	0.132	-1.1
1.52580189705	-0.156	0.132	-1.1
1.52745580673	-0.02	0.04	-0.112
1.52910995483	-0.02	0.04	-0.112
1.53077197075	-0.02	0.04	-0.112
1.53242683411	0.132	-0.208	2.0
1.53407692909	0.132	-0.208	2.0
1.53572487831	0.132	-0.208	2.0
1.53737688065	0.144	-0.368	2.044
1.53903079033	0.144	-0.368	2.044
1.54068398476	0.144	-0.368	2.044
1.54234099388	-0.012	-0.256	1.988
1.54399585724	-0.012	-0.256	1.988
1.54564881325	-0.012	-0.256	1.988
1.54730296135	-0.164	-0.02	-0.164
1.54895687103	-0.164	-0.02	-0.164
1.55061078072	-0.164	-0.02	-0.164
1.55227184296	-0.144	0.128	-1.1
1.55392599106	-0.144	0.128	-1.1
1.55557894707	-0.144	0.128	-1.1
1.5572309494	-0.02	0.012	0.112
1.55888390541	-0.02	0.012	0.112
1.56053686142	-0.02	0.012	0.112
1.56219482422	0.132	-0.228	2.044
1.56384992599	0.132	-0.228	2.044
1.565502882	0.132	-0.228	2.044
1.56715583801	0.112	-0.38	2.044
1.56880784035	0.112	-0.38	2.044
1.57046079636	0.112	-0.38	2.044
1.57211995125	-0.024	-0.244	1.732
1.57377290726	-0.024	-0.244	1.732
1.57542681694	-0.024	-0.244	1.732
1.57708883286	-0.148	-0.012	-0.38
1.57874393463	-0.148	-0.012	-0.38
1.58039879799	-0.148	-0.012	-0.38
1.58205986023	-0.148	-0.012	-0.38
1.58371376991	-0.128	0.14	-1.064
1.58536577225	-0.128	0.14	-1.064
1.58701992035	-0.128	0.14	-1.064
1.5886759758	0.0	-0.008	0.348
1.5903198719	0.0	-0.008	0.348
1.59196376801	0.0	-0.008	0.348
1.59361386299	0.152	-0.256	2.044
1.59526586533	0.152	-0.256	2.044
1.59691691399	0.152	-0.256	2.044
1.59856987	0.112	-0.392	2.044
1.60022187233	0.112	-0.392	2.044
1.60187387466	0.112	-0.392	2.044
1.60353088379	-0.036	-0.228	1.496
1.60518479347	-0.036	-0.228	1.496
1.60683894157	-0.036	-0.228	1.496
1.60849285126	-0.172	0.028	-0.556
1.61014699936	-0.172	0.028	-0.556
1.61179995537	-0.172	0.028	-0.556
1.61345887184	-0.14	0.148	-0.984
1.61511588097	-0.14	0.148	-0.984
1.61676979065	-0.14	0.148	-0.984
1.61842298508	0.028	-0.044	0.592
1.62007498741	0.028	-0.044	0.592
1.62172794342	0.028	-0.044	0.592
1.62340092659	0.156	-0.288	2.044
1.62505578995	0.156	-0.288	2.044
1.62670898438	0.156	-0.288	2.044
1.62835979462	0.1	-0.376	2.044
1.63001298904	0.1	-0.376	2.044
1.63166499138	0.1	-0.376	2.044
1.63332295418	-0.048	-0.18	1.228
1.63497686386	-0.048	-0.18	1.228
1.63663196564	-0.048	-0.18	1.228
1.63828587532	-0.176	0.048	-0.712
1.63994979858	-0.176	0.048	-0.712
1.64163398743	-0.176	0.048	-0.712
1.64329576492	-0.104	0.124	-0.888
1.6449508667	-0.104	0.124	-0.888
1.64660477638	-0.104	0.124	-0.888
1.64825797081	-0.104	0.124	-0.888
1.64991188049	0.044	-0.076	0.844
1.65156292915	0.044	-0.076	0.844
1.65322089195	0.044	-0.076	0.844
1.65487384796	0.148	-0.3	2.044
1.65652680397	0.148	-0.3	2.044
1.6581799984	0.148	-0.3	2.044
1.65983080864	0.076	-0.36	2.044
1.66148281097	0.076	-0.36	2.044
1.66313695908	0.076	-0.36	2.044
1.6647939682	-0.068	-0.16	0.972
1.66644978523	-0.068	-0.16	0.972
1.66810393333	-0.068	-0.16	0.972
1.66976690292	-0.18	0.064	-0.852
1.67142081261	-0.18	0.064	-0.852
1.67308092117	-0.18	0.064	-0.852
1.67473387718	-0.108	0.124	-0.768
1.67638778687	-0.108	0.124	-0.768
1.67804193497	-0.108	0.124	-0.768
1.67969584465	0.06	-0.092	1.1
1.68134999275	0.06	-0.092	1.1
1.68300580978	0.06	-0.092	1.1
1.68465995789	0.164	-0.316	2.044
1.68631291389	0.164	-0.316	2.044
1.68796491623	0.164	-0.316	2.044
1.68961691856	0.076	-0.364	2.044
1.69127297401	0.076	-0.364	2.044
1.69293189049	0.076	-0.364	2.044
1.69458389282	-0.088	-0.132	0.708
1.69623780251	-0.088	-0.132	0.708
1.69789099693	-0.088	-0.132	0.708
1.69954395294	-0.172	0.092	-0.948
1.70119690895	-0.172	0.092	-0.948
1.70285582542	-0.172	0.092	-0.948
1.7045109272	-0.092	0.108	-0.636
1.70616483688	-0.092	0.108	-0.636
1.70781898499	-0.092	0.108	-0.636
1.70947098732	0.08	-0.128	1.348
1.71112298965	0.08	-0.128	1.348
1.71281695366	0.08	-0.128	1.348
1.71446990967	0.08	-0.128	1.348
1.71613192558	0.16	-0.332	2.044
1.71778798103	0.16	-0.332	2.044
1.71944093704	0.16	-0.332	2.044
1.72109389305	0.052	-0.332	2.044
1.72277998924	0.052	-0.332	2.044
1.72443389893	0.052	-0.332	2.044
1.72608590126	-0.108	-0.092	0.464
1.72773981094	-0.108	-0.092	0.464
1.72939276695	-0.108	-0.092	0.464
1.73104691505	-0.168	0.112	-1.028
1.73270797729	-0.168	0.112	-1.028
1.73436284065	-0.168	0.112	-1.028
1.73601698875	-0.06	0.08	-0.44
1.73766994476	-0.06	0.08	-0.44
1.73932290077	-0.06	0.08	-0.44
1.74097490311	0.108	-0.156	1.588
1.7426378727	0.108	-0.156	1.588
1.74429178238	0.108	-0.156	1.588
1.74594378471	0.148	-0.36	2.044
1.74759697914	0.148	-0.36	2.044
1.74924898148	0.148	-0.36	2.044
1.75090193748	0.024	-0.32	2.044
1.7525639534	0.024	-0.32	2.044
1.75421786308	0.024	-0.32	2.044
1.75587081909	-0.132	-0.072	0.22
1.75752496719	-0.132	-0.072	0.22
1.75917696953	-0.132	-0.072	0.22
1.76082992554	-0.172	0.112	-1.084
1.76249980927	-0.172	0.112	-1.084
1.76415491104	-0.172	0.112	-1.084
1.76580882072	-0.056	0.06	-0.268
1.76746296883	-0.056	0.06	-0.268
1.76911878586	-0.056	0.06	-0.268
1.77077293396	0.116	-0.18	1.84
1.77243185043	0.116	-0.18	1.84
1.77408599854	0.116	-0.18	1.84
1.77573776245	0.132	-0.372	2.044
1.77739095688	0.132	-0.372	2.044
1.77905488014	0.132	-0.372	2.044
1.78070688248	0.132	-0.372	2.044
1.78236198425	0.024	-0.308	2.044
1.78401494026	0.024	-0.308	2.044
1.78566789627	0.024	-0.308	2.044
1.78731989861	-0.14	-0.036	-0.02
1.78897285461	-0.14	-0.036	-0.02
1.79062795639	-0.14	-0.036	-0.02
1.79228782654	-0.152	0.124	-1.096
1.79394698143	-0.152	0.124	-1.096
1.79560089111	-0.152	0.124	-1.096
1.7972548008	-0.028	0.06	-0.036
1.79890799522	-0.028	0.06	-0.036
1.80055999756	-0.028	0.06	-0.036
1.80222177505	0.132	-0.212	2.044
1.80387282372	0.132	-0.212	2.044
1.80552577972	0.132	-0.212	2.044
1.80717682838	0.124	-0.356	2.044
1.8088388443	0.124	-0.356	2.044
1.81049180031	0.124	-0.356	2.044
1.81214880943	0.008	-0.26	1.864
1.81380295753	0.008	-0.26	1.864
1.81545495987	0.008	-0.26	1.864
1.81710791588	-0.16	-0.008	-0.24
1.81876087189	-0.16	-0.008	-0.24
1.82041788101	-0.16	-0.008	-0.24
1.82207894325	-0.136	0.136	-1.08
1.82373189926	-0.136	0.136	-1.08
1.82538580894	-0.136	0.136	-1.08
1.82703781128	-0.012	0.008	0.196
1.82868981361	-0.012	0.008	0.196
1.83034181595	-0.012	0.008	0.196
1.83199381828	0.144	-0.256	2.044
1.83365178108	0.144	-0.256	2.044
1.83530378342	0.144	-0.256	2.044
1.83695697784	0.116	-0.38	2.044
1.83860778809	0.116	-0.38	2.044
1.84026098251	0.116	-0.38	2.044
1.84191393852	-0.028	-0.244	1.644
1.84357380867	-0.028	-0.244	1.644
1.84523177147	-0.028	-0.244	1.644
1.84688591957	-0.028	-0.244	1.644
1.84853982925	-0.2	0.016	-0.432
1.85019397736	-0.2	0.016	-0.432
1.85184788704	-0.2	0.016	-0.432
1.85350680351	-0.132	0.14	-1.032
1.85516881943	-0.132	0.14	-1.032
1.85686087608	-0.132	0.14	-1.032
1.85851597786	0.0	-0.016	0.42
1.86016082764	0.0	-0.016	0.42
1.86180496216	0.0	-0.016	0.42
1.8634519577	0.156	-0.26	2.044
1.8651099205	0.156	-0.26	2.044
1.86676192284	0.156	-0.26	2.044
1.86841487885	0.096	-0.388	2.044
1.87006783485	0.096	-0.388	2.044
1.87172293663	0.096	-0.388	2.044
1.87338280678	-0.036	-0.216	1.392
1.87503695488	-0.036	-0.216	1.392
1.87669086456	-0.036	-0.216	1.392
1.87834382057	-0.18	0.048	-0.624
1.87999796867	-0.18	0.048	-0.624
1.88165187836	-0.18	0.048	-0.624
1.88331079483	-0.1	0.128	-0.96
1.88496589661	-0.1	0.128	-0.96
1.88661789894	-0.1	0.128	-0.96
1.88827180862	0.02	-0.048	0.696
1.88992381096	0.02	-0.048	0.696
1.89157581329	0.02	-0.048	0.696
1.89323282242	0.16	-0.288	2.044
1.89488792419	0.16	-0.288	2.044
1.89654397964	0.16	-0.288	2.044
1.89819693565	0.072	-0.364	2.044
1.89984989166	0.072	-0.364	2.044
1.9015109539	0.072	-0.364	2.044
1.90317082405	-0.044	-0.188	1.132
1.90482497215	-0.044	-0.188	1.132
1.90647888184	-0.044	-0.188	1.132
1.90813279152	-0.188	0.06	-0.776
1.90978479385	-0.188	0.06	-0.776
1.91143798828	-0.188	0.06	-0.776
1.91309595108	-0.188	0.06	-0.776
1.91475081444	-0.108	0.124	-0.852
1.91640377045	-0.108	0.124	-0.852
1.91805696487	-0.108	0.124	-0.852
1.91971087456	0.044	-0.076	0.94
1.92136287689	0.044	-0.076	0.94
1.92302298546	0.044	-0.076	0.94
1.92467498779	0.156	-0.328	2.044
1.9263279438	0.156	-0.328	2.044
1.92797994614	0.156	-0.328	2.044
1.92963194847	0.064	-0.348	2.044
1.93128395081	0.064	-0.348	2.044
1.93294095993	0.064	-0.348	2.044
1.93459486961	-0.064	-0.16	0.876
1.93624782562	-0.064	-0.16	0.876
1.93790078163	-0.064	-0.16	0.876
1.93955397606	-0.184	0.076	-0.9
1.94120693207	-0.184	0.076	-0.9
1.94286298752	-0.184	0.076	-0.9
1.94451594353	-0.08	0.12	-0.716
1.94616985321	-0.08	0.12	-0.716
1.94783496857	-0.08	0.12	-0.716
1.94948983192	0.064	-0.104	1.212
1.95114398003	0.064	-0.104	1.212
1.9528028965	0.064	-0.104	1.212
1.95445680618	0.164	-0.344	2.044
1.95610880852	0.164	-0.344	2.044
1.95776176453	0.164	-0.344	2.044
1.95941281319	0.04	-0.356	2.044
1.96106791496	0.04	-0.356	2.044
1.96271777153	0.04	-0.356	2.044
1.9643638134	-0.092	-0.116	0.604
1.96601080894	-0.092	-0.116	0.604
1.96765685081	-0.092	-0.116	0.604
1.96930289268	-0.176	0.1	-0.992
1.97094798088	-0.176	0.1	-0.992
1.97259783745	-0.176	0.1	-0.992
1.97425794601	-0.176	0.1	-0.992
1.9759118557	-0.056	0.096	-0.564
1.97756576538	-0.056	0.096	-0.564
1.97921895981	-0.056	0.096	-0.564
1.98087286949	0.092	-0.144	1.452
1.98253083229	0.092	-0.144	1.452
1.98418498039	0.092	-0.144	1.452
1.9858379364	0.152	-0.348	2.044
1.98748993874	0.152	-0.348	2.044
1.98914289474	0.152	-0.348	2.044
1.99079585075	0.036	-0.316	2.044
1.99245476723	0.036	-0.316	2.044
1.99412488937	0.036	-0.316	2.044
1.99577784538	-0.108	-0.084	0.352
1.99743199348	-0.108	-0.084	0.352
1.99908781052	-0.108	-0.084	0.352
2.00074291229	-0.168	0.12	-1.056
2.00239777565	-0.168	0.12	-1.056
2.00405192375	-0.168	0.12	-1.056
2.00570678711	-0.06	0.072	-0.368
2.00735878944	-0.06	0.072	-0.368
2.00901293755	-0.06	0.072	-0.368
2.01066493988	0.112	-0.192	1.716
2.01232385635	0.112	-0.192	1.716
2.01397681236	0.112	-0.192	1.716
2.01562976837	0.14	-0.352	2.044
2.01728177071	0.14	-0.352	2.044
2.01893496513	0.14	-0.352	2.044
2.02058696747	0.016	-0.312	2.044
2.02224397659	0.016	-0.312	2.044
2.02389597893	0.016	-0.312	2.044
2.02555084229	-0.14	-0.052	0.112
2.02720499039	-0.14	-0.052	0.112
2.0288579464	-0.14	-0.052	0.112
2.03050994873	-0.168	0.136	-1.104
2.03216385841	-0.168	0.136	-1.104
2.0338177681	-0.168	0.136	-1.104
2.03547286987	-0.032	0.052	-0.16
2.03712487221	-0.032	0.052	-0.16
2.03877878189	-0.032	0.052	-0.16
2.04044079781	-0.032	0.052	-0.16
2.0420999527	0.128	-0.208	1.952
2.04375386238	0.128	-0.208	1.952
2.04540586472	0.128	-0.208	1.952
2.0470597744	0.144	-0.384	2.044
2.04871177673	0.144	-0.384	2.044
2.05036783218	0.144	-0.384	2.044
2.05202078819	0.016	-0.292	2.012
2.05370783806	0.016	-0.292	2.012
2.05536079407	0.016	-0.292	2.012
2.0570127964	-0.156	-0.028	-0.116
2.05866789818	-0.156	-0.028	-0.116
2.06032180786	-0.156	-0.028	-0.116
2.06197595596	-0.148	0.124	-1.096
2.06363177299	-0.148	0.124	-1.096
2.06528496742	-0.148	0.124	-1.096
2.06693887711	-0.016	0.016	0.056
2.06858992577	-0.016	0.016	0.056
2.0702419281	-0.016	0.016	0.056
2.07189178467	0.144	-0.228	2.044
2.0735449791	0.144	-0.228	2.044
2.0751979351	0.144	-0.228	2.044
2.07685184479	0.12	-0.364	2.044
2.0785048008	0.12	-0.364	2.044
2.08015680313	0.12	-0.364	2.044
2.08180880547	0.0	-0.276	1.796
2.08345985413	0.0	-0.276	1.796
2.08510398865	0.0	-0.276	1.796
2.08675789833	-0.168	0.0	-0.324
2.08841490746	-0.168	0.0	-0.324
2.09006094933	-0.168	0.0	-0.324
2.0917057991	-0.132	0.132	-1.072
2.09336590767	-0.132	0.132	-1.072
2.09501981735	-0.132	0.132	-1.072
2.09667277336	-0.012	-0.008	0.304
2.09832596779	-0.012	-0.008	0.304
2.10002589226	-0.012	-0.008	0.304
2.10168480873	0.14	-0.26	2.044
2.10334396362	0.14	-0.26	2.044
2.10499787331	0.14	-0.26	2.044
2.10664987564	0.14	-0.26	2.044
2.10830187798	0.092	-0.376	2.044
2.10995483398	0.092	-0.376	2.044
2.11160588264	0.092	-0.376	2.044
2.11326384544	-0.024	-0.224	1.52
2.11491990089	-0.024	-0.224	1.52
2.1165728569	-0.024	-0.224	1.52
2.11822581291	-0.18	0.024	-0.532
2.11987876892	-0.18	0.024	-0.532
2.12153196335	-0.18	0.024	-0.532
2.12318992615	-0.128	0.148	-1.004
2.12484478951	-0.128	0.148	-1.004
2.12649893761	-0.128	0.148	-1.004
2.12815380096	0.024	-0.024	0.548
2.12980794907	0.024	-0.024	0.548
2.13145899773	0.024	-0.024	0.548
2.13312578201	0.148	-0.276	2.044
2.13477993011	0.148	-0.276	2.044
2.13643288612	0.148	-0.276	2.044
2.13808488846	0.092	-0.36	2.044
2.13973593712	0.092	-0.36	2.044
2.14138889313	0.092	-0.36	2.044
2.14304494858	-0.044	-0.184	1.276
2.14469981194	-0.044	-0.184	1.276
2.14635396004	-0.044	-0.184	1.276
2.14800596237	-0.188	0.052	-0.7
2.14965987206	-0.188	0.052	-0.7
2.15131282806	-0.188	0.052	-0.7
2.15297484398	-0.12	0.116	-0.9
2.15462899208	-0.12	0.116	-0.9
2.15628194809	-0.12	0.116	-0.9
2.1579349041	0.032	-0.064	0.8
2.15958499908	0.032	-0.064	0.8
2.16123795509	0.032	-0.064	0.8
2.16289377213	0.156	-0.316	2.044
2.16454792023	0.156	-0.316	2.044
2.16619992256	0.156	-0.316	2.044
2.16785287857	0.072	-0.368	2.044
2.16950583458	0.072	-0.368	2.044
2.17115783691	0.072	-0.368	2.044
2.17281484604	0.072	-0.368	2.044
2.17446780205	-0.064	-0.172	1.008
2.17612195015	-0.064	-0.172	1.008
2.17777395248	-0.064	-0.172	1.008
2.17944097519	-0.176	0.064	-0.832
2.18109488487	-0.176	0.064	-0.832
2.18282580376	-0.176	0.064	-0.832
2.18448185921	-0.088	0.128	-0.8
2.18613481522	-0.088	0.128	-0.8
2.18778991699	-0.088	0.128	-0.8
2.189442873	0.048	-0.088	1.04
2.19109392166	0.048	-0.088	1.04
2.19278097153	0.048	-0.088	1.04
2.19443297386	0.16	-0.328	2.044
2.19608592987	0.16	-0.328	2.044
2.19773793221	0.16	-0.328	2.044
2.19938993454	0.06	-0.364	2.044
2.20104384422	0.06	-0.364	2.044
2.20270085335	0.06	-0.364	2.044
2.2043569088	-0.096	-0.132	0.752
2.20600986481	-0.096	-0.132	0.752
2.20766282082	-0.096	-0.132	0.752
2.20931696892	-0.196	0.088	-0.956
2.21096992493	-0.196	0.088	-0.956
2.21262979507	-0.196	0.088	-0.956
2.2142829895	-0.084	0.108	-0.652
2.21593689919	-0.084	0.108	-0.652
2.21759080887	-0.084	0.108	-0.652
2.2192428112	0.076	-0.124	1.304
2.22089576721	0.076	-0.124	1.304
2.22255396843	0.076	-0.124	1.304
2.22420787811	0.16	-0.344	2.044
2.22586894035	0.16	-0.344	2.044
2.22752189636	0.16	-0.344	2.044
2.22917485237	0.06	-0.328	2.044
2.23082995415	0.06	-0.328	2.044
2.2324898243	0.06	-0.328	2.044
2.2341427803	-0.1	-0.096	0.496
2.23579478264	-0.1	-0.096	0.496
2.23744678497	-0.1	-0.096	0.496
2.2390999794	-0.172	0.104	-1.028
2.24075388908	-0.172	0.104	-1.028
2.24241495132	-0.172	0.104	-1.028
2.24406886101	-0.172	0.104	-1.028
2.24572086334	-0.056	0.088	-0.472
2.24737381935	-0.056	0.088	-0.472
2.24902796745	-0.056	0.088	-0.472
2.25068092346	0.096	-0.16	1.556
2.25233888626	0.096	-0.16	1.556
2.25399184227	0.096	-0.16	1.556
2.25564789772	0.136	-0.352	2.044
2.25730085373	0.136	-0.352	2.044
2.25895380974	0.136	-0.352	2.044
2.26060581207	0.024	-0.32	2.044
2.26225876808	0.024	-0.32	2.044
2.26391196251	0.024	-0.32	2.044
2.26556396484	-0.132	-0.068	0.256
2.26721692085	-0.132	-0.068	0.256
2.26887083054	-0.132	-0.068	0.256
2.27052378654	-0.168	0.124	-1.076
2.27219390869	-0.168	0.124	-1.076
2.27384877205	-0.168	0.124	-1.076
2.27550292015	-0.048	0.052	-0.284
2.27715587616	-0.048	0.052	-0.284
2.27880883217	-0.048	0.052	-0.284
2.28046298027	0.104	-0.188	1.804
2.2821199894	0.104	-0.188	1.804
2.28377079964	0.104	-0.188	1.804
2.28542280197	0.136	-0.36	2.044
2.2870759964	0.136	-0.36	2.044
2.28872680664	0.136	-0.36	2.044
2.29037880898	0.024	-0.304	2.044
2.29207086563	0.024	-0.304	2.044
2.29372692108	0.024	-0.304	2.044
2.29537987709	-0.152	-0.048	0.008
2.2970328331	-0.152	-0.048	0.008
2.2986869812	-0.152	-0.048	0.008
2.30033898354	-0.168	0.136	-1.1
2.30199289322	-0.168	0.136	-1.1
2.30365180969	-0.168	0.136	-1.1
2.30530691147	-0.048	0.044	-0.068
2.30696296692	-0.048	0.044	-0.068
2.30861592293	-0.048	0.044	-0.068
2.31026983261	-0.048	0.044	-0.068
2.31192278862	0.128	-0.22	2.04
2.31358194351	0.128	-0.22	2.04
2.31523394585	0.128	-0.22	2.04
2.31688594818	0.14	-0.368	2.044
2.31854891777	0.14	-0.368	2.044
2.3202009201	0.14	-0.368	2.044
2.32185292244	-0.008	-0.272	1.924
2.32351279259	-0.008	-0.272	1.924
2.32516598701	-0.008	-0.272	1.924
2.32681894302	-0.14	-0.012	-0.208
2.32847285271	-0.14	-0.012	-0.208
2.33012676239	-0.14	-0.012	-0.208
2.33178091049	-0.14	0.136	-1.072
2.33344388008	-0.14	0.136	-1.072
2.33509778976	-0.14	0.136	-1.072
2.33675193787	-0.004	0.008	0.16
2.33840298653	-0.004	0.008	0.16
2.34005379677	-0.004	0.008	0.16
2.34170484543	0.14	-0.252	2.044
2.34336185455	0.14	-0.252	2.044
2.34501481056	0.14	-0.252	2.044
2.34666776657	0.108	-0.372	2.044
2.34831976891	0.108	-0.372	2.044
2.34997177124	0.108	-0.372	2.044
2.3516228199	-0.04	-0.24	1.692
2.35328292847	-0.04	-0.24	1.692
2.35493588448	-0.04	-0.24	1.692
2.35658979416	-0.176	0.012	-0.416
2.35824680328	-0.176	0.012	-0.416
2.35990190506	-0.176	0.012	-0.416
2.36155581474	-0.144	0.136	-1.044
2.36321496964	-0.144	0.136	-1.044
2.36487793922	-0.144	0.136	-1.044
2.36653089523	0.0	-0.016	0.396
2.36817598343	0.0	-0.016	0.396
2.36981892586	0.0	-0.016	0.396
2.37146377563	0.148	-0.26	2.044
2.37316799164	0.148	-0.26	2.044
2.37482190132	0.148	-0.26	2.044
2.376475811	0.148	-0.26	2.044
2.37812995911	0.1	-0.376	2.044
2.37978291512	0.1	-0.376	2.044
2.38143491745	0.1	-0.376	2.044
2.3830947876	-0.032	-0.224	1.412
2.38475298882	-0.032	-0.224	1.412
2.38640594482	-0.032	-0.224	1.412
2.38805890083	-0.176	0.02	-0.604
2.38971281052	-0.176	0.02	-0.604
2.39136695862	-0.176	0.02	-0.604
2.39302492142	-0.116	0.144	-0.968
2.39467787743	-0.116	0.144	-0.968
2.39633178711	-0.116	0.144	-0.968
2.39798498154	0.024	-0.044	0.652
2.39963698387	0.024	-0.044	0.652
2.40128898621	0.024	-0.044	0.652
2.40294599533	0.152	-0.288	2.044
2.40459990501	0.152	-0.288	2.044
2.40625190735	0.152	-0.288	2.044
2.40790486336	0.084	-0.36	2.044
2.40956091881	0.084	-0.36	2.044
2.4112238884	0.084	-0.36	2.044
2.4128818512	-0.068	-0.176	1.168
2.41453695297	-0.068	-0.176	1.168
2.41619086266	-0.068	-0.176	1.168
2.41784477234	-0.176	0.04	-0.748
2.41949892044	-0.176	0.04	-0.748
2.42115187645	-0.176	0.04	-0.748
2.42281079292	-0.1	0.128	-0.856
2.42446279526	-0.1	0.128	-0.856
2.42611789703	-0.1	0.128	-0.856
2.42777180672	0.052	-0.076	0.904
2.4294219017	0.052	-0.076	0.904
2.43107390404	0.052	-0.076	0.904
2.43279886246	0.156	-0.308	2.044
2.43449783325	0.156	-0.308	2.044
2.43616294861	0.156	-0.308	2.044
2.43781781197	0.068	-0.364	2.044
2.43947196007	0.068	-0.364	2.044
2.44113397598	0.068	-0.364	2.044
2.44282388687	-0.076	-0.14	0.9
2.44447994232	-0.076	-0.14	0.9
2.44613385201	-0.076	-0.14	0.9
2.44778680801	-0.076	-0.14	0.9
2.44944095612	-0.188	0.076	-0.884
2.4510948658	-0.188	0.076	-0.884
2.4527797699	-0.188	0.076	-0.884
2.45442795753	-0.096	0.108	-0.744
2.45607590675	-0.096	0.108	-0.744
2.45773386955	-0.096	0.108	-0.744
2.4593808651	0.064	-0.108	1.168
2.46102976799	0.064	-0.108	1.168
2.46268081665	0.064	-0.108	1.168
2.4643368721	0.156	-0.324	2.044
2.46599292755	0.156	-0.324	2.044
2.46764588356	0.156	-0.324	2.044
2.46929883957	0.064	-0.356	2.044
2.47095179558	0.064	-0.356	2.044
2.47261285782	0.064	-0.356	2.044
2.47426795959	-0.096	-0.12	0.656
2.47592186928	-0.096	-0.12	0.656
2.47757577896	-0.096	-0.12	0.656
2.47922992706	-0.168	0.096	-0.976
2.48088598251	-0.168	0.096	-0.976
2.48254585266	-0.168	0.096	-0.976
2.48419976234	-0.06	0.096	-0.592
2.48585486412	-0.06	0.096	-0.592
2.48751282692	-0.06	0.096	-0.592
2.48916888237	0.088	-0.132	1.416
2.49082279205	0.088	-0.132	1.416
2.49248194695	0.088	-0.132	1.416
2.49413585663	0.156	-0.344	2.044
2.49578881264	0.156	-0.344	2.044
2.49744391441	0.156	-0.344	2.044
2.49909687042	0.032	-0.332	2.044
2.50074982643	0.032	-0.332	2.044
2.50240778923	0.032	-0.332	2.044
2.50407099724	-0.116	-0.088	0.396
2.50572681427	-0.116	-0.088	0.396
2.50738096237	-0.116	-0.088	0.396
2.50903391838	-0.172	0.104	-1.028
2.51068782806	-0.172	0.104	-1.028
2.51235198975	-0.172	0.104	-1.028
2.5140068531	-0.172	0.104	-1.028
2.51566076279	-0.076	0.068	-0.388
2.51731491089	-0.076	0.068	-0.388
2.51896882057	-0.076	0.068	-0.388
2.52062487602	0.1	-0.172	1.656
2.52228498459	0.1	-0.172	1.656
2.5239379406	0.1	-0.172	1.656
2.52559089661	0.144	-0.364	2.044
2.52724385262	0.144	-0.364	2.044
2.52889895439	0.144	-0.364	2.044
2.5305519104	0.036	-0.328	2.044
2.53220582008	0.036	-0.328	2.044
2.53385877609	0.036	-0.328	2.044
2.53551197052	-0.132	-0.056	0.16
2.53716778755	-0.132	-0.056	0.16
2.53882479668	-0.132	-0.056	0.16
2.54047989845	-0.164	0.128	-1.096
2.54214096069	-0.164	0.128	-1.096
2.54379487038	-0.164	0.128	-1.096
2.54544997215	-0.032	0.052	-0.188
2.54710292816	-0.032	0.052	-0.188
2.54875779152	-0.032	0.052	-0.188
2.55042099953	0.128	-0.184	1.9
2.55208086967	0.128	-0.184	1.9
2.55373692513	0.128	-0.184	1.9
2.55538988113	0.128	-0.368	2.044
2.55704283714	0.128	-0.368	2.044
2.55869579315	0.128	-0.368	2.044
2.56034898758	0.008	-0.3	2.044
2.56200098991	0.008	-0.3	2.044
2.56366276741	0.008	-0.3	2.044
2.56531476974	-0.148	-0.036	-0.084
2.56696987152	-0.148	-0.036	-0.084
2.56862688065	-0.148	-0.036	-0.084
2.57028079033	-0.148	0.132	-1.096
2.57193493843	-0.148	0.132	-1.096
2.57359576225	-0.148	0.132	-1.096
2.57524991035	-0.024	0.028	0.02
2.57690382004	-0.024	0.028	0.02
2.57855582237	-0.024	0.028	0.02
2.58020782471	-0.024	0.028	0.02
2.58185982704	0.136	-0.232	2.044
2.58351778984	0.136	-0.232	2.044
2.58517289162	0.136	-0.232	2.044
2.5868268013	0.116	-0.368	2.044
2.58847999573	0.116	-0.368	2.044
2.59013676643	0.116	-0.368	2.044
2.59178996086	-0.012	-0.26	1.82
2.59345197678	-0.012	-0.26	1.82
2.59510588646	-0.012	-0.26	1.82
2.59676980972	-0.164	-0.004	-0.296
2.5984249115	-0.164	-0.004	-0.296
2.60007882118	-0.164	-0.004	-0.296
2.60173487663	-0.14	0.132	-1.072
2.60339593887	-0.14	0.132	-1.072
2.60504984856	-0.14	0.132	-1.072
2.60670399666	-0.024	0.008	0.268
2.60835695267	-0.024	0.008	0.268
2.61000990868	-0.024	0.008	0.268
2.61166191101	0.14	-0.252	2.044
2.61332082748	0.14	-0.252	2.044
2.61497783661	0.14	-0.252	2.044
2.61663293839	0.112	-0.38	2.044
2.61828780174	0.112	-0.38	2.044
2.61994099617	0.112	-0.38	2.044
2.62159395218	-0.016	-0.216	1.556
2.623254776	-0.016	-0.216	1.556
2.62491083145	-0.016	-0.216	1.556
2.62656497955	-0.172	0.016	-0.492
2.62821793556	-0.172	0.016	-0.492
2.62987184525	-0.172	0.016	-0.492
2.63152599335	-0.128	0.136	-1.02
2.63318777084	-0.128	0.136	-1.02
2.63484287262	-0.128	0.136	-1.02
2.6364967823	0.02	-0.016	0.5
2.63814496994	0.02	-0.016	0.5
2.63979291916	0.02	-0.016	0.5
2.64144587517	0.156	-0.276	2.044
2.64311599731	0.156	-0.276	2.044
2.644769907	0.156	-0.276	2.044
2.64642381668	0.156	-0.276	2.044
2.64807677269	0.096	-0.368	2.044
2.64973282814	0.096	-0.368	2.044
2.65138697624	0.096	-0.368	2.044
2.65304398537	-0.04	-0.192	1.324
2.65469098091	-0.04	-0.192	1.324
2.65633797646	-0.04	-0.192	1.324
2.657984972	-0.208	0.048	-0.648
2.65963077545	-0.208	0.048	-0.648
2.661277771	-0.208	0.048	-0.648
2.66293787956	-0.12	0.14	-0.928
2.66461086273	-0.12	0.14	-0.928
2.6662709713	-0.12	0.14	-0.928
2.66792583466	0.036	-0.056	0.748
2.66957998276	0.036	-0.056	0.748
2.671230793	0.036	-0.056	0.748
2.67289185524	0.156	-0.296	2.044
2.67454576492	0.156	-0.296	2.044
2.67619895935	0.156	-0.296	2.044
2.67786288261	0.08	-0.36	2.044
2.6795167923	0.08	-0.36	2.044
2.68122196198	0.08	-0.36	2.044
2.68288493156	-0.052	-0.168	1.068
2.68453979492	-0.052	-0.168	1.068
2.68619394302	-0.052	-0.168	1.068
2.68785881996	-0.172	0.056	-0.796
2.68952393532	-0.172	0.056	-0.796
2.691177845	-0.172	0.056	-0.796
2.69284176826	-0.096	0.124	-0.832
2.69449591637	-0.096	0.124	-0.832
2.69614982605	-0.096	0.124	-0.832
2.6978058815	0.048	-0.08	0.996
2.69945788383	0.048	-0.08	0.996
2.70111083984	0.048	-0.08	0.996
2.70279788971	0.16	-0.328	2.044
2.70446681976	0.16	-0.328	2.044
2.70612096786	0.16	-0.328	2.044
2.70777392387	0.06	-0.364	2.044
2.70942687988	0.06	-0.364	2.044
2.71107983589	0.06	-0.364	2.044
2.71277999878	-0.088	-0.136	0.804
2.71443486214	-0.088	-0.136	0.804
2.71608877182	-0.088	-0.136	0.804
2.71774482727	-0.184	0.076	-0.912
2.71939992905	-0.184	0.076	-0.912
2.7210547924	-0.184	0.076	-0.912
2.72271585464	-0.184	0.076	-0.912
2.72436976433	-0.084	0.104	-0.68
2.72602391243	-0.084	0.104	-0.68
2.72767686844	-0.084	0.104	-0.68
2.72933292389	0.06	-0.108	1.276
2.73098492622	0.06	-0.108	1.276
2.73264479637	0.06	-0.108	1.276
2.7342979908	0.164	-0.332	2.044
2.73596096039	0.164	-0.332	2.044
2.73761487007	0.164	-0.332	2.044
2.73926782608	0.06	-0.36	2.044
2.74092078209	0.06	-0.36	2.044
2.74257993698	0.06	-0.36	2.044
2.74423789978	-0.1	-0.092	0.544
2.74589395523	-0.1	-0.092	0.544
2.74754786491	-0.1	-0.092	0.544
2.74920082092	-0.184	0.1	-1.008
2.75085282326	-0.184	0.1	-1.008
2.75251793861	-0.184	0.1	-1.008
2.75417780876	-0.06	0.076	-0.5
2.75582885742	-0.06	0.076	-0.5
2.75747799873	-0.06	0.076	-0.5
2.75912690163	0.088	-0.144	1.512
2.76078176498	0.088	-0.144	1.512
2.76244187355	0.088	-0.144	1.512
2.76409482956	0.148	-0.344	2.044
2.76574897766	0.148	-0.344	2.044
2.76740193367	0.148	-0.344	2.044
2.76905989647	0.04	-0.312	2.044
2.77071285248	0.04	-0.312	2.044
2.77237176895	0.04	-0.312	2.044
2.77402496338	-0.12	-0.08	0.284
2.77567791939	-0.12	-0.08	0.284
2.77733492851	-0.12	-0.08	0.284
2.77898979187	-0.156	0.112	-1.064
2.7806429863	-0.156	0.112	-1.064
2.78230786324	-0.156	0.112	-1.064
2.78396296501	-0.04	0.08	-0.324
2.78561687469	-0.04	0.08	-0.324
2.7872698307	-0.04	0.08	-0.324
2.78892397881	-0.04	0.08	-0.324
2.79057693481	0.108	-0.176	1.764
2.79223680496	0.108	-0.176	1.764
2.79389190674	0.108	-0.176	1.764
2.79554891586	0.136	-0.36	2.044
2.79720187187	0.136	-0.36	2.044
2.79885482788	0.136	-0.36	2.044
2.80050897598	0.024	-0.308	2.044
2.80216884613	0.024	-0.308	2.044
2.80382299423	0.024	-0.308	2.044
2.80547595024	-0.14	-0.048	0.06
2.80712985992	-0.14	-0.048	0.06
2.80878591537	-0.14	-0.048	0.06
2.81043887138	-0.164	0.132	-1.108
2.81209993362	-0.164	0.132	-1.108
2.81375384331	-0.164	0.132	-1.108
2.81540894508	-0.028	0.048	-0.116
2.81706380844	-0.028	0.048	-0.116
2.81871891022	-0.028	0.048	-0.116
2.82037687302	0.136	-0.216	2.008
2.82202887535	0.136	-0.216	2.008
2.82371497154	0.136	-0.216	2.008
2.82539081573	0.144	-0.368	2.044
2.82704591751	0.144	-0.368	2.044
2.8287088871	0.144	-0.368	2.044
2.83036279678	0.0	-0.276	1.96
2.83200883865	0.0	-0.276	1.96
2.83365797997	0.0	-0.276	1.96
2.83530497551	-0.14	-0.008	-0.168
2.83695983887	-0.14	-0.008	-0.168
2.83861589432	-0.14	-0.008	-0.168
2.84027099609	-0.148	0.132	-1.092
2.8419277668	-0.148	0.132	-1.092
2.84358882904	-0.148	0.132	-1.092
2.84524297714	-0.012	0.016	0.104
2.84689879417	-0.012	0.016	0.104
2.84856581688	-0.012	0.016	0.104
2.85021877289	0.136	-0.228	2.044
2.85187196732	0.136	-0.228	2.044
2.85352683067	0.136	-0.228	2.044
2.85517287254	0.136	-0.228	2.044
2.85681891441	0.104	-0.36	2.044
2.85846590996	0.104	-0.36	2.044
2.86011099815	0.104	-0.36	2.044
2.86175489426	-0.016	-0.252	1.72
2.86341381073	-0.016	-0.252	1.72
2.86507582664	-0.016	-0.252	1.72
2.86672997475	-0.16	0.0	-0.368
2.8683757782	-0.16	0.0	-0.368
2.87002277374	-0.16	0.0	-0.368
2.87167286873	-0.136	0.144	-1.06
2.87333583832	-0.136	0.144	-1.06
2.875	-0.136	0.144	-1.06
2.87665390968	0.008	-0.008	0.34
2.87830591202	0.008	-0.008	0.34
2.87995886803	0.008	-0.008	0.34
2.88161182404	0.14	-0.244	2.044
2.8832719326	0.14	-0.244	2.044
2.88492488861	0.14	-0.244	2.044
2.88657784462	0.104	-0.376	2.044
2.88823080063	0.104	-0.376	2.044
2.8898859024	0.104	-0.376	2.044
2.89153885841	-0.016	-0.244	1.512
2.89320087433	-0.016	-0.244	1.512
2.89485478401	-0.016	-0.244	1.512
2.89651989937	-0.184	0.024	-0.548
2.89817786217	-0.184	0.024	-0.548
2.89983177185	-0.184	0.024	-0.548
2.90148591995	-0.124	0.144	-0.992
2.9031457901	-0.124	0.144	-0.992
2.90480279922	-0.124	0.144	-0.992
2.90645599365	0.008	-0.028	0.592
2.90810894966	0.008	-0.028	0.592
2.909760952	0.008	-0.028	0.592
2.91141176224	0.148	-0.288	2.044
2.91307377815	0.148	-0.288	2.044
2.91472697258	0.148	-0.288	2.044
2.91637992859	0.088	-0.384	2.044
2.91803193092	0.088	-0.384	2.044
2.91968488693	0.088	-0.384	2.044
2.92135882378	0.088	-0.384	2.044
2.92302298546	-0.048	-0.188	1.216
2.92467999458	-0.048	-0.188	1.216
2.92633390427	-0.048	-0.188	1.216
2.92798686028	-0.164	0.052	-0.74
2.92964196205	-0.164	0.052	-0.74
2.93129587173	-0.164	0.052	-0.74
2.93295884132	-0.104	0.12	-0.904
2.93462991714	-0.104	0.12	-0.904
2.9362847805	-0.104	0.12	-0.904
2.93793988228	0.044	-0.064	0.852
2.94687199593	0.068	-0.368	2.044
2.94860196114	0.068	-0.368	2.044
2.95025992393	0.068	-0.368	2.044
2.95191884041	0.068	-0.368	2.044
2.95359277725	-0.076	-0.16	0.968
2.95524978638	-0.076	-0.16	0.968
2.95691180229	-0.076	-0.16	0.968
2.95856499672	-0.192	0.068	-0.836
2.96021986008	-0.192	0.068	-0.836
2.96187496185	-0.192	0.068	-0.836
2.96353697777	-0.108	0.12	-0.76
2.96519184113	-0.108	0.12	-0.76
2.9668469429	-0.108	0.12	-0.76
2.96852087975	0.048	-0.104	1.112
2.97017478943	0.048	-0.104	1.112
2.97182893753	0.048	-0.104	1.112
2.97348284721	0.16	-0.328	2.044
2.97516489029	0.16	-0.328	2.044
2.97681999207	0.16	-0.328	2.044
2.97847294807	0.06	-0.36	2.044
2.98012590408	0.06	-0.36	2.044
2.98178386688	0.06	-0.36	2.044
2.98344492912	-0.08	-0.132	0.704
2.98510193825	-0.08	-0.132	0.704
2.98675584793	-0.08	-0.132	0.704
2.98840880394	-0.18	0.088	-0.964
2.99006199837	-0.18	0.088	-0.964
2.99171495438	-0.18	0.088	-0.964
2.99337697029	-0.068	0.1	-0.628
2.9950299263	-0.068	0.1	-0.628
2.99668383598	-0.068	0.1	-0.628
2.99833679199	0.076	-0.12	1.356
2.99998998642	0.076	-0.12	1.356
3.00165677071	0.076	-0.12	1.356
3.00331783295	0.152	-0.348	2.044
3.00496983528	0.152	-0.348	2.044
3.00662279129	0.152	-0.348	2.044
3.00828194618	0.036	-0.336	2.044
3.00993680954	0.036	-0.336	2.044
3.01159095764	0.036	-0.336	2.044
3.01325082779	-0.116	-0.092	0.436
3.01490592957	-0.116	-0.092	0.436
3.01656079292	-0.116	-0.092	0.436
3.0182158947	-0.18	0.108	-1.044
3.01987099648	-0.18	0.108	-1.044
3.02153491974	-0.18	0.108	-1.044
3.02319288254	-0.18	0.108	-1.044
3.02484178543	-0.068	0.08	-0.444
3.02648997307	-0.068	0.08	-0.444
3.02813482285	-0.068	0.08	-0.444
3.02977991104	0.112	-0.164	1.604
3.03142595291	0.112	-0.164	1.604
3.03308677673	0.112	-0.164	1.604
3.03479886055	0.144	-0.36	2.044
3.03645277023	0.144	-0.36	2.044
3.03810477257	0.144	-0.36	2.044
3.03981876373	0.024	-0.316	2.044
3.04147577286	0.024	-0.316	2.044
3.0431368351	0.024	-0.316	2.044
3.0447909832	-0.124	-0.064	0.208
3.04644489288	-0.124	-0.064	0.208
3.04809784889	-0.124	-0.064	0.208
3.04975295067	-0.168	0.128	-1.088
3.05140781403	-0.168	0.128	-1.088
3.05306482315	-0.168	0.128	-1.088
3.0547118187	-0.036	0.06	-0.232
3.05635976791	-0.036	0.06	-0.232
3.05800676346	-0.036	0.06	-0.232
3.05965590477	0.112	-0.188	1.848
3.06130099297	0.112	-0.188	1.848
3.06295895576	0.112	-0.188	1.848
3.06463098526	0.14	-0.368	2.044
3.06628489494	0.14	-0.368	2.044
3.06794786453	0.14	-0.368	2.044
3.06960082054	0.012	-0.292	2.044
3.07125377655	0.012	-0.292	2.044
3.07291197777	0.012	-0.292	2.044
3.0745677948	-0.156	-0.04	-0.024
3.07622289658	-0.156	-0.04	-0.024
3.07787680626	-0.156	-0.04	-0.024
3.07952976227	-0.16	0.132	-1.092
3.08118796349	-0.16	0.132	-1.092
3.08284878731	-0.16	0.132	-1.092
3.08450579643	-0.02	0.036	-0.04
3.08615994453	-0.02	0.036	-0.04
3.08781290054	-0.02	0.036	-0.04
3.08946681023	-0.02	0.036	-0.04
3.09112095833	0.116	-0.216	2.044
3.09281086922	0.116	-0.216	2.044
3.09446382523	0.116	-0.216	2.044
3.09611797333	0.124	-0.368	2.044
3.09777283669	0.124	-0.368	2.044
3.09942579269	0.124	-0.368	2.044
3.10107779503	-0.004	-0.268	1.88
3.10276293755	-0.004	-0.268	1.88
3.10441684723	-0.004	-0.268	1.88
3.10607290268	-0.164	-0.008	-0.252
3.10772681236	-0.164	-0.008	-0.252
3.10938096046	-0.164	-0.008	-0.252
3.11103892326	-0.144	0.128	-1.068
3.11270189285	-0.144	0.128	-1.068
3.11436676979	-0.144	0.128	-1.068
3.11601996422	-0.016	0.004	0.196
3.11767196655	-0.016	0.004	0.196
3.11932396889	-0.016	0.004	0.196
3.12097787857	0.14	-0.252	2.044
3.12263584137	0.14	-0.252	2.044
3.12428879738	0.14	-0.252	2.044
3.12594294548	0.112	-0.384	2.044
3.12759494781	0.112	-0.384	2.044
3.12924981117	0.112	-0.384	2.044
3.13090276718	-0.016	-0.248	1.632
3.13256192207	-0.016	-0.248	1.632
3.13421583176	-0.016	-0.248	1.632
3.13587379456	-0.168	0.0	-0.444
3.1375207901	-0.168	0.0	-0.444
3.1391658783	-0.168	0.0	-0.444
3.14081287384	-0.132	0.136	-1.032
3.14247083664	-0.132	0.136	-1.032
3.14412593842	-0.132	0.136	-1.032
3.1457798481	0.008	-0.02	0.44
3.14743185043	0.008	-0.02	0.44
3.14908289909	0.008	-0.02	0.44
3.15073394775	0.164	-0.276	2.044
3.1523938179	0.164	-0.276	2.044
3.15404677391	0.164	-0.276	2.044
3.15569996834	0.092	-0.38	2.044
3.15735197067	0.092	-0.38	2.044
3.15900397301	0.092	-0.38	2.044
3.16068077087	0.092	-0.38	2.044
3.16234397888	-0.056	-0.196	1.38
3.16399884224	-0.056	-0.196	1.38
3.16565179825	-0.056	-0.196	1.38
3.16730594635	-0.176	0.044	-0.628
3.16896080971	-0.176	0.044	-0.628
3.17061495781	-0.176	0.044	-0.628
3.17227482796	-0.116	0.128	-0.944
3.17392897606	-0.116	0.128	-0.944
3.17558288574	-0.116	0.128	-0.944
3.17723989487	0.04	-0.048	0.7
3.17889380455	0.04	-0.048	0.7
3.18054580688	0.04	-0.048	0.7
3.18220281601	0.16	-0.288	2.044
3.18385577202	0.16	-0.288	2.044
3.18550992012	0.16	-0.288	2.044
3.18716788292	0.088	-0.36	2.044
3.18882083893	0.088	-0.36	2.044
3.19048976898	0.088	-0.36	2.044
3.19215083122	-0.048	-0.176	1.128
3.193805933	-0.048	-0.176	1.128
3.19545984268	-0.048	-0.176	1.128
3.19711279869	-0.176	0.04	-0.776
3.19876694679	-0.176	0.04	-0.776
3.20042181015	-0.176	0.04	-0.776
3.20208287239	-0.1	0.124	-0.84
3.20373678207	-0.1	0.124	-0.84
3.20539093018	-0.1	0.124	-0.84
3.20705389977	0.036	-0.084	0.948
3.20870876312	0.036	-0.084	0.948
3.21036195755	0.036	-0.084	0.948
3.21201491356	0.148	-0.328	2.044
3.2136759758	0.148	-0.328	2.044
3.21532988548	0.148	-0.328	2.044
3.21698498726	0.068	-0.368	2.044
3.21863794327	0.068	-0.368	2.044
3.22029089928	0.068	-0.368	2.044
3.22194290161	-0.08	-0.148	0.856
3.22360396385	-0.08	-0.148	0.856
3.22525978088	-0.08	-0.148	0.856
3.22691392899	-0.08	-0.148	0.856
3.22856688499	-0.184	0.08	-0.908
3.23022079468	-0.184	0.08	-0.908
3.23187398911	-0.184	0.08	-0.908
3.2335357666	-0.08	0.116	-0.724
3.23519086838	-0.08	0.116	-0.724
3.23684382439	-0.08	0.116	-0.724
3.23850083351	0.064	-0.104	1.216
3.24015378952	0.064	-0.104	1.216
3.2418088913	0.064	-0.104	1.216
3.24346780777	0.16	-0.328	2.044
3.24512076378	0.16	-0.328	2.044
3.24677276611	0.16	-0.328	2.044
3.24842381477	0.064	-0.348	2.044
3.25007796288	0.064	-0.348	2.044
3.25173091888	0.064	-0.348	2.044
3.25339579582	-0.104	-0.112	0.6
3.25504279137	-0.104	-0.112	0.6
3.256690979	-0.104	-0.112	0.6
3.25833582878	-0.18	0.116	-0.992
3.25998187065	-0.18	0.116	-0.992
3.26162791252	-0.18	0.116	-0.992
3.26328587532	-0.08	0.096	-0.548
3.26495099068	-0.08	0.096	-0.548
3.26660585403	-0.08	0.096	-0.548
3.26825976372	0.092	-0.156	1.46
3.26991176605	0.092	-0.156	1.46
3.27156496048	0.092	-0.156	1.46
3.27322077751	0.16	-0.348	2.044
3.27487182617	0.16	-0.348	2.044
3.27652382851	0.16	-0.348	2.044
3.27817678452	0.04	-0.328	2.044
3.27983093262	0.04	-0.328	2.044
3.28148388863	0.04	-0.328	2.044
3.28313779831	-0.108	-0.068	0.344
3.28479194641	-0.108	-0.068	0.344
3.28644490242	-0.108	-0.068	0.344
3.2880988121	-0.168	0.116	-1.068
3.289757967	-0.168	0.116	-1.068
3.29141187668	-0.168	0.116	-1.068
3.29307198524	-0.168	0.116	-1.068
3.29472589493	-0.056	0.072	-0.372
3.29637980461	-0.056	0.072	-0.372
3.29803395271	-0.056	0.072	-0.372
3.29969787598	0.108	-0.172	1.704
3.30135083199	0.108	-0.172	1.704
3.30300998688	0.108	-0.172	1.704
3.30467677116	0.132	-0.36	2.044
3.30632996559	0.132	-0.36	2.044
3.30798196793	0.132	-0.36	2.044
3.30963397026	0.02	-0.32	2.044
3.31128692627	0.02	-0.32	2.044
3.31294798851	0.02	-0.32	2.044
3.31459999084	-0.136	-0.052	0.108
3.31625795364	-0.136	-0.052	0.108
3.31791090965	-0.136	-0.052	0.108
3.31956481934	-0.164	0.116	-1.088
3.32122087479	-0.164	0.116	-1.088
3.3228828907	-0.164	0.116	-1.088
3.32453584671	-0.036	0.04	-0.132
3.32618880272	-0.036	0.04	-0.132
3.32784295082	-0.036	0.04	-0.132
3.32949781418	0.128	-0.2	1.924
3.33115077019	0.128	-0.2	1.924
3.33281087875	0.128	-0.2	1.924
3.33446383476	0.144	-0.372	2.044
3.33611679077	0.144	-0.372	2.044
3.3377699852	0.144	-0.372	2.044
3.33942294121	0.012	-0.292	2.004
3.34107899666	0.012	-0.292	2.004
3.34280180931	0.012	-0.292	2.004
3.34445786476	-0.156	-0.024	-0.128
3.34612298012	-0.156	-0.024	-0.128
3.34777998924	-0.156	-0.024	-0.128
3.3494348526	-0.148	0.14	-1.096
3.35108780861	-0.148	0.14	-1.096
3.35279178619	-0.148	0.14	-1.096
3.35444688797	-0.028	0.02	0.064
3.35609984398	-0.028	0.02	0.064
3.35775279999	-0.028	0.02	0.064
3.35940480232	0.14	-0.224	2.044
3.36105895042	0.14	-0.224	2.044
3.36271882057	0.14	-0.224	2.044
3.36436986923	0.14	-0.224	2.044
3.36602187157	0.112	-0.356	2.044
3.36767983437	0.112	-0.356	2.044
3.36933493614	0.112	-0.356	2.044
3.37098884583	-0.004	-0.256	1.76
3.37264990807	-0.004	-0.256	1.76
3.37430381775	-0.004	-0.256	1.76
3.37596487999	-0.164	0.0	-0.34
3.37761187553	-0.164	0.0	-0.34
3.37925696373	-0.164	0.0	-0.34
3.38090181351	-0.132	0.132	-1.068
3.3825609684	-0.132	0.132	-1.068
3.38421583176	-0.132	0.132	-1.068
3.38587093353	-0.004	-0.012	0.304
3.38752388954	-0.004	-0.012	0.304
3.38917589188	-0.004	-0.012	0.304
3.39082789421	0.152	-0.252	2.044
3.39252591133	0.152	-0.252	2.044
3.39417982101	0.152	-0.252	2.044
3.39583182335	0.108	-0.376	2.044
3.39748382568	0.108	-0.376	2.044
3.39913582802	0.108	-0.376	2.044
3.4008038044	-0.016	-0.236	1.512
3.40246486664	-0.016	-0.236	1.512
3.40411877632	-0.016	-0.236	1.512
3.40577197075	-0.176	0.02	-0.532
3.40742397308	-0.176	0.02	-0.532
3.40907979012	-0.176	0.02	-0.532
3.41073298454	-0.128	0.14	-0.992
3.41239285469	-0.128	0.14	-0.992
3.41404676437	-0.128	0.14	-0.992
3.41570091248	0.012	-0.028	0.56
3.41735577583	0.012	-0.028	0.56
3.41902184486	0.012	-0.028	0.56
3.42067480087	0.16	-0.276	2.044
3.42233395576	0.16	-0.276	2.044
3.4240398407	0.16	-0.276	2.044
3.42569589615	0.096	-0.376	2.044
3.42734980583	0.096	-0.376	2.044
3.42900085449	0.096	-0.376	2.044
3.4306538105	-0.048	-0.188	1.252
3.43230986595	-0.048	-0.188	1.252
3.4339659214	-0.048	-0.188	1.252
3.43562078476	-0.048	-0.188	1.252
3.43727397919	-0.172	0.044	-0.692
3.43893790245	-0.172	0.044	-0.692
3.44059276581	-0.172	0.044	-0.692
3.44225692749	-0.104	0.132	-0.92
3.44391489029	-0.104	0.132	-0.92
3.44556879997	-0.104	0.132	-0.92
3.44722485542	0.032	-0.06	0.8
3.44887876511	0.032	-0.06	0.8
3.45053076744	0.032	-0.06	0.8
3.45218777657	0.168	-0.308	2.044
3.45383286476	0.168	-0.308	2.044
3.45547795296	0.168	-0.308	2.044
3.4571249485	0.064	-0.364	2.044
3.45876979828	0.064	-0.364	2.044
3.46041488647	0.064	-0.364	2.044
3.46212697029	-0.064	-0.168	0.996
3.46378588676	-0.064	-0.168	0.996
3.46544194221	-0.064	-0.168	0.996
3.4670958519	-0.208	0.072	-0.824
3.46875	-0.208	0.072	-0.824
3.47040677071	-0.208	0.072	-0.824
3.4720659256	-0.088	0.12	-0.796
3.47372078896	-0.088	0.12	-0.796
3.47537589073	-0.088	0.12	-0.796
3.47702884674	0.068	-0.1	1.072
3.47868180275	0.068	-0.1	1.072
3.48033499718	0.068	-0.1	1.072
3.48198890686	0.16	-0.324	2.044
3.48364877701	0.16	-0.324	2.044
3.48531198502	0.16	-0.324	2.044
3.48696494102	0.064	-0.36	2.044
3.48861885071	0.064	-0.36	2.044
3.49027180672	0.064	-0.36	2.044
3.49192476273	-0.084	-0.14	0.756
3.49358487129	-0.084	-0.14	0.756
3.49524092674	-0.084	-0.14	0.756
3.49689698219	-0.188	0.084	-0.948
3.49855089188	-0.188	0.084	-0.948
3.50020384789	-0.188	0.084	-0.948
3.50185799599	-0.188	0.084	-0.948
3.50351786613	-0.072	0.104	-0.648
3.50517392159	-0.072	0.104	-0.648
3.50682687759	-0.072	0.104	-0.648
3.5084798336	0.076	-0.116	1.312
3.5101339817	0.076	-0.116	1.312
3.51178598404	0.076	-0.116	1.312
3.51344299316	0.16	-0.348	2.044
3.51509594917	0.16	-0.348	2.044
3.51674890518	0.16	-0.348	2.044
3.51840090752	0.036	-0.344	2.044
3.52005290985	0.036	-0.344	2.044
3.52171087265	0.036	-0.344	2.044
3.52337098122	-0.104	-0.096	0.492
3.52502393723	-0.104	-0.096	0.492
3.52667593956	-0.104	-0.096	0.492
3.52833080292	-0.176	0.104	-1.028
3.52998495102	-0.176	0.104	-1.028
3.53164887428	-0.176	0.104	-1.028
3.53330492973	-0.06	0.084	-0.472
3.53495883942	-0.06	0.084	-0.472
3.53661298752	-0.06	0.084	-0.472
3.5382668972	0.088	-0.156	1.58
3.53991985321	0.088	-0.156	1.58
3.54157185555	0.088	-0.156	1.58
3.54323196411	0.14	-0.348	2.044
3.54488682747	0.14	-0.348	2.044
3.54654383659	0.14	-0.348	2.044
3.5481967926	0.02	-0.316	2.044
3.54984879494	0.02	-0.316	2.044
3.55150198936	0.02	-0.316	2.044
3.55316281319	-0.128	-0.076	0.252
3.5548157692	-0.128	-0.076	0.252
3.5564699173	-0.128	-0.076	0.252
3.55812191963	-0.172	0.104	-1.06
3.55977487564	-0.172	0.104	-1.06
3.56143188477	-0.172	0.104	-1.06
3.56309294701	-0.056	0.064	-0.296
3.56474781036	-0.056	0.064	-0.296
3.56640076637	-0.056	0.064	-0.296
3.5680539608	-0.056	0.064	-0.296
3.56970787048	0.104	-0.188	1.8
3.57136082649	0.104	-0.188	1.8
3.57302284241	0.104	-0.188	1.8
3.57467484474	0.136	-0.368	2.044
3.57632899284	0.136	-0.368	2.044
3.57799196243	0.136	-0.368	2.044
3.57964491844	0.02	-0.304	2.044
3.58129882812	0.02	-0.304	2.044
3.58295893669	0.02	-0.304	2.044
3.58461284637	-0.144	-0.04	0.024
3.58626699448	-0.144	-0.04	0.024
3.58792090416	-0.144	-0.04	0.024
3.58957290649	-0.156	0.132	-1.092
3.59122776985	-0.156	0.132	-1.092
3.59288477898	-0.156	0.132	-1.092
3.59453988075	-0.028	0.056	-0.084
3.59619283676	-0.028	0.056	-0.084
3.59784984589	-0.028	0.056	-0.084
3.5995028019	0.12	-0.212	2.036
3.60115695	0.12	-0.212	2.036
3.60281682014	0.12	-0.212	2.036
3.60447382927	0.12	-0.376	2.044
3.60612678528	0.12	-0.376	2.044
3.60777878761	0.12	-0.376	2.044
3.60943388939	0.004	-0.272	1.924
3.6110868454	0.004	-0.272	1.924
3.61277699471	0.004	-0.272	1.924
3.61443090439	-0.156	-0.016	-0.208
3.61608576775	-0.156	-0.016	-0.208
3.61774086952	-0.156	-0.016	-0.208
3.61939477921	-0.14	0.132	-1.088
3.62104797363	-0.14	0.132	-1.088
3.62270784378	-0.14	0.132	-1.088
3.62437486649	-0.012	0.004	0.16
3.62602877617	-0.012	0.004	0.16
3.6276819706	-0.012	0.004	0.16
3.62933397293	0.148	-0.256	2.044
3.63098597527	0.148	-0.256	2.044
3.63264584541	0.148	-0.256	2.044
3.63429880142	0.148	-0.256	2.044
3.63595080376	0.116	-0.364	2.044
3.63760399818	0.116	-0.364	2.044
3.6392557621	0.116	-0.364	2.044
3.64091181755	-0.024	-0.248	1.688
3.64257287979	-0.024	-0.248	1.688
3.64422678947	-0.024	-0.248	1.688
3.64588093758	-0.176	0.004	-0.416
3.64753580093	-0.176	0.004	-0.416
3.64919495583	-0.176	0.004	-0.416
3.65084981918	-0.14	0.144	-1.036
3.65250992775	-0.14	0.144	-1.036
3.65415692329	-0.14	0.144	-1.036
3.65580391884	-0.008	-0.008	0.4
3.65745091438	-0.008	-0.008	0.4
3.65909695625	-0.008	-0.008	0.4
3.66074085236	0.14	-0.256	2.044
3.66239094734	0.14	-0.256	2.044
3.66404891014	0.14	-0.256	2.044
3.66570281982	0.104	-0.368	2.044
3.66735577583	0.104	-0.368	2.044
3.66900897026	0.104	-0.368	2.044
3.67066979408	-0.04	-0.212	1.428
3.67232584953	-0.04	-0.212	1.428
3.67398190498	-0.04	-0.212	1.428
3.67563986778	-0.172	0.028	-0.584
3.67729282379	-0.172	0.028	-0.584
3.67894697189	-0.172	0.028	-0.584
3.68061184883	-0.112	0.14	-0.976
3.6822719574	-0.112	0.14	-0.976
3.68392586708	-0.112	0.14	-0.976
3.68557977676	0.028	-0.04	0.632
3.68723082542	0.028	-0.04	0.632
3.6888859272	0.028	-0.04	0.632
3.69053578377	0.164	-0.292	2.044
3.69219493866	0.164	-0.292	2.044
3.69384789467	0.164	-0.292	2.044
3.69549894333	0.088	-0.372	2.044
3.69715380669	0.088	-0.372	2.044
3.69880580902	0.088	-0.372	2.044
3.70046281815	0.088	-0.372	2.044
3.70212292671	-0.052	-0.176	1.2
3.70377779007	-0.052	-0.176	1.2
3.70543384552	-0.052	-0.176	1.2
3.70708799362	-0.192	0.064	-0.748
3.70874190331	-0.192	0.064	-0.748
3.71039390564	-0.192	0.064	-0.748
3.71207880974	-0.1	0.116	-0.872
3.71373486519	-0.1	0.116	-0.872
3.71538877487	-0.1	0.116	-0.872
3.71705198288	0.036	-0.064	0.888
3.71870493889	0.036	-0.064	0.888
3.7203578949	0.036	-0.064	0.888
3.72201180458	0.152	-0.308	2.044
3.72366690636	0.152	-0.308	2.044
3.72531986237	0.152	-0.308	2.044
3.72697687149	0.06	-0.368	2.044
3.72863078117	0.06	-0.368	2.044
3.73028492928	0.06	-0.368	2.044
3.73193788528	-0.068	-0.14	0.916
3.73359799385	-0.068	-0.14	0.916
3.73525094986	-0.068	-0.14	0.916
3.73690795898	-0.18	0.072	-0.868
3.73856186867	-0.18	0.072	-0.868
3.74021577835	-0.18	0.072	-0.868
3.74186897278	-0.096	0.112	-0.744
3.74352884293	-0.096	0.112	-0.744
3.7451839447	-0.096	0.112	-0.744
3.74683785439	0.064	-0.104	1.14
3.74848985672	0.064	-0.104	1.14
3.75014185905	0.064	-0.104	1.14
3.75179791451	0.16	-0.328	2.044
3.75345492363	0.16	-0.328	2.044
3.75510787964	0.16	-0.328	2.044
3.75675988197	0.064	-0.352	2.044
3.75841283798	0.064	-0.352	2.044
3.76006579399	0.064	-0.352	2.044
3.76171898842	-0.096	-0.116	0.66
3.76338887215	-0.096	-0.116	0.66
3.76504182816	-0.096	-0.116	0.66
3.76669597626	-0.096	-0.116	0.66
3.76834988594	-0.192	0.092	-0.968
3.77000498772	-0.192	0.092	-0.968
3.7716588974	-0.192	0.092	-0.968
3.77331781387	-0.076	0.104	-0.564
3.77497196198	-0.076	0.104	-0.564
3.7766289711	-0.076	0.104	-0.564
3.77828788757	0.092	-0.132	1.396
3.77994084358	0.092	-0.132	1.396
3.78159284592	0.092	-0.132	1.396
3.78324699402	0.152	-0.34	2.044
3.78490185738	0.152	-0.34	2.044
3.78655481339	0.152	-0.34	2.044
3.78820776939	0.04	-0.332	2.044
3.78986096382	0.04	-0.332	2.044
3.79151296616	0.04	-0.332	2.044
3.79317498207	-0.1	-0.088	0.412
3.79482793808	-0.1	-0.088	0.412
3.79648089409	-0.1	-0.088	0.412
3.79813480377	-0.168	0.108	-1.052
3.79978895187	-0.168	0.108	-1.052
3.80144476891	-0.168	0.108	-1.052
3.80311083794	-0.056	0.076	-0.412
3.80476593971	-0.056	0.076	-0.412
3.8064198494	-0.056	0.076	-0.412
3.8080739975	0.1	-0.16	1.644
3.80974793434	0.1	-0.16	1.644
3.81140089035	0.1	-0.16	1.644
3.81306195259	0.136	-0.352	2.044
3.81471395493	0.136	-0.352	2.044
3.81636691093	0.136	-0.352	2.044
3.81802082062	0.02	-0.332	2.044
3.81967377663	0.02	-0.332	2.044
3.82132577896	0.02	-0.332	2.044
3.82298493385	-0.136	-0.056	0.16
3.82463979721	-0.136	-0.056	0.16
3.82629394531	-0.136	-0.056	0.16
3.82794690132	-0.172	0.128	-1.112
3.82960391045	-0.172	0.128	-1.112
3.83125782013	-0.172	0.128	-1.112
3.83291578293	-0.172	0.128	-1.112
3.83456993103	-0.036	0.052	-0.216
3.83622384071	-0.036	0.052	-0.216
3.83787679672	-0.036	0.052	-0.216
3.83952999115	0.116	-0.188	1.88
3.84118485451	0.116	-0.188	1.88
3.84284377098	0.116	-0.188	1.88
3.84449696541	0.132	-0.36	2.044
3.84614896774	0.132	-0.36	2.044
3.84780097008	0.132	-0.36	2.044
3.84945583344	0.016	-0.3	2.044
3.85110878944	0.016	-0.3	2.044
3.85282993317	0.016	-0.3	2.044
3.8544819355	-0.144	-0.036	-0.064
3.85613894463	-0.144	-0.036	-0.064
3.85778689384	-0.144	-0.036	-0.064
3.85943293571	-0.156	0.14	-1.088
3.86116480827	-0.156	0.14	-1.088
3.86285996437	-0.156	0.14	-1.088
3.86451888084	-0.02	0.024	0.004
3.86617493629	-0.02	0.024	0.004
3.86782693863	-0.02	0.024	0.004
3.86947894096	0.132	-0.228	2.044
3.87113189697	0.132	-0.228	2.044
3.87281680107	0.132	-0.228	2.044
3.8744699955	0.112	-0.36	2.044
3.87612295151	0.112	-0.36	2.044
3.87777590752	0.112	-0.36	2.044
3.87942790985	0.0	-0.268	1.84
3.88107895851	0.0	-0.268	1.84
3.8827548027	0.0	-0.268	1.84
3.88440179825	-0.164	-0.012	-0.276
3.88605690002	-0.164	-0.012	-0.276
3.88771080971	-0.164	-0.012	-0.276
3.88936686516	-0.144	0.144	-1.072
3.89101982117	-0.144	0.144	-1.072
3.89267992973	-0.144	0.144	-1.072
3.89433193207	-0.012	0.004	0.24
3.8959839344	-0.012	0.004	0.24
3.89764881134	-0.012	0.004	0.24
3.89930081367	0.132	-0.24	2.044
3.90095376968	0.132	-0.24	2.044
3.90262079239	0.132	-0.24	2.044
3.90427398682	0.088	-0.372	2.044
3.90593194962	0.088	-0.372	2.044
3.90758490562	0.088	-0.372	2.044
3.90923786163	0.088	-0.372	2.044
3.91088986397	-0.028	-0.232	1.604
3.91254496574	-0.028	-0.232	1.604
3.9141998291	-0.028	-0.232	1.604
3.91585588455	-0.176	0.012	-0.472
3.91750884056	-0.176	0.012	-0.472
3.91916179657	-0.176	0.012	-0.472
3.92081689835	-0.12	0.148	-1.028
3.92247796059	-0.12	0.148	-1.028
3.92413187027	-0.12	0.148	-1.028
3.9257838726	0.008	-0.024	0.476
3.92743587494	0.008	-0.024	0.476
3.92909097672	0.008	-0.024	0.476
3.93074297905	0.156	-0.264	2.044
3.93240499496	0.156	-0.264	2.044
3.93405795097	0.156	-0.264	2.044
3.93570995331	0.116	-0.384	2.044
3.93736290932	0.116	-0.384	2.044
3.93901586533	0.116	-0.384	2.044
3.94066786766	-0.036	-0.192	1.34
3.94232296944	-0.036	-0.192	1.34
3.94397687912	-0.036	-0.192	1.34
3.9456307888	-0.184	0.036	-0.644
3.9472849369	-0.184	0.036	-0.644
3.94894886017	-0.184	0.036	-0.644
3.95060276985	-0.116	0.14	-0.944
3.95226383209	-0.116	0.14	-0.944
3.95391798019	-0.116	0.14	-0.944
3.95557188988	0.024	-0.052	0.724
3.95722699165	0.024	-0.052	0.724
3.95888280869	0.024	-0.052	0.724
3.96053576469	0.156	-0.304	2.044
3.96219587326	0.156	-0.304	2.044
3.96384978294	0.156	-0.304	2.044
3.9655008316	0.08	-0.372	2.044
3.96715497971	0.08	-0.372	2.044
3.96880793571	0.08	-0.372	2.044
3.97046089172	-0.052	-0.16	1.08
3.9721159935	-0.052	-0.16	1.08
3.97376894951	-0.052	-0.16	1.08
3.97542285919	-0.052	-0.16	1.08
3.97707891464	-0.172	0.06	-0.788
3.97873282433	-0.172	0.06	-0.788
3.98038482666	-0.172	0.06	-0.788
3.98206996918	-0.1	0.12	-0.836
3.98372888565	-0.1	0.12	-0.836
3.98538398743	-0.1	0.12	-0.836
3.98703789711	0.06	-0.08	0.976
3.98868894577	0.06	-0.08	0.976
3.99033999443	0.06	-0.08	0.976
3.99199199677	0.16	-0.308	2.044
3.99366092682	0.16	-0.308	2.044
3.99532389641	0.16	-0.308	2.044
3.99697589874	0.068	-0.368	2.044
3.99862885475	0.068	-0.368	2.044
4.00028181076	0.068	-0.368	2.044
4.00193595886	-0.08	-0.14	0.836
4.00359582901	-0.08	-0.14	0.836
4.00524783134	-0.08	-0.14	0.836
4.00690197945	-0.188	0.088	-0.9
4.00855898857	-0.188	0.088	-0.9
4.0102148056	-0.188	0.088	-0.9
4.01186800003	-0.084	0.104	-0.696
4.01352882385	-0.084	0.104	-0.696
4.01518177986	-0.084	0.104	-0.696
4.01683688164	0.084	-0.116	1.232
4.01848983765	0.084	-0.116	1.232
4.02014183998	0.084	-0.116	1.232
4.02179479599	0.152	-0.324	2.044
4.02344989777	0.152	-0.324	2.044
4.02509784698	0.152	-0.324	2.044
4.02674293518	0.048	-0.36	2.044
4.02838683128	0.048	-0.36	2.044
4.03003191948	0.048	-0.36	2.044
4.03167486191	-0.112	-0.108	0.58
4.03333497047	-0.112	-0.108	0.58
4.03499889374	-0.112	-0.108	0.58
4.03665280342	-0.18	0.1	-1.0
4.03830194473	-0.18	0.1	-1.0
4.0399518013	-0.18	0.1	-1.0
4.04163599014	-0.18	0.1	-1.0
4.04329395294	-0.072	0.088	-0.528
4.04495191574	-0.072	0.088	-0.528
4.04660582542	-0.072	0.088	-0.528
4.04825878143	0.084	-0.156	1.48
4.04991292953	0.084	-0.156	1.48
4.05156493187	0.084	-0.156	1.48
4.05322098732	0.14	-0.344	2.044
4.0548658371	0.14	-0.344	2.044
4.05651187897	0.14	-0.344	2.044
4.05815792084	0.028	-0.308	2.044
4.05980682373	0.028	-0.308	2.044
4.06145381927	0.028	-0.308	2.044
4.06310987473	-0.124	-0.072	0.336
4.06478285789	-0.124	-0.072	0.336
4.06643676758	-0.124	-0.072	0.336
4.06808876991	-0.168	0.116	-1.076
4.06974291801	-0.168	0.116	-1.076
4.07139587402	-0.168	0.116	-1.076
4.07305288315	-0.06	0.068	-0.356
4.07470679283	-0.06	0.068	-0.356
4.07635998726	-0.06	0.068	-0.356
4.07801294327	0.108	-0.168	1.728
4.07966589928	0.108	-0.168	1.728
4.08132982254	0.108	-0.168	1.728
4.08298993111	0.136	-0.36	2.044
4.08464193344	0.136	-0.36	2.044
4.0862967968	0.136	-0.36	2.044
4.08795881271	0.028	-0.316	2.044
4.08961486816	0.028	-0.316	2.044
4.09126877785	0.028	-0.316	2.044
4.09292984009	-0.128	-0.064	0.092
4.09458780289	-0.128	-0.064	0.092
4.09624099731	-0.128	-0.064	0.092
4.097894907	-0.16	0.112	-1.096
4.09954881668	-0.16	0.112	-1.096
4.10120177269	-0.16	0.112	-1.096
4.10286283493	-0.036	0.048	-0.14
4.10451698303	-0.036	0.048	-0.14
4.10617089272	-0.036	0.048	-0.14
4.10783576965	-0.036	0.048	-0.14
4.10948896408	0.124	-0.204	1.96
4.11114478111	0.124	-0.204	1.96
4.11280798912	0.124	-0.204	1.96
4.11446380615	0.12	-0.364	2.044
4.11611676216	0.12	-0.364	2.044
4.1177687645	0.12	-0.364	2.044
4.11942195892	0.0	-0.284	1.996
4.12106895447	0.0	-0.284	1.996
4.12271499634	0.0	-0.284	1.996
4.12436199188	-0.152	-0.012	-0.136
4.12601494789	-0.152	-0.012	-0.136
4.12766981125	-0.152	-0.012	-0.136
4.12932491302	-0.14	0.136	-1.088
4.13097882271	-0.14	0.136	-1.088
4.13263893127	-0.14	0.136	-1.088
4.13430190086	-0.024	0.04	0.08
4.1359539032	-0.024	0.04	0.08
4.13761091232	-0.024	0.04	0.08
4.13926386833	0.132	-0.228	2.044
4.14091587067	0.132	-0.228	2.044
4.14257383347	0.132	-0.228	2.044
4.14422678947	0.116	-0.368	2.044
4.14588093758	0.116	-0.368	2.044
4.14753293991	0.116	-0.368	2.044
4.14918589592	-0.02	-0.26	1.768
4.15083885193	-0.02	-0.26	1.768
4.1524939537	-0.02	-0.26	1.768
4.15414977074	-0.16	-0.004	-0.356
4.15580487251	-0.16	-0.004	-0.356
4.1574587822	-0.16	-0.004	-0.356
4.1591129303	-0.144	0.132	-1.068
4.16077780724	-0.144	0.132	-1.068
4.16244196892	-0.144	0.132	-1.068
4.16409683228	-0.008	-0.008	0.312
4.16575098038	-0.008	-0.008	0.312
4.16740489006	-0.008	-0.008	0.312
4.16905999184	0.164	-0.288	2.044
4.17071390152	0.164	-0.288	2.044
4.17237186432	0.164	-0.288	2.044
4.17402482033	0.164	-0.288	2.044
4.17567777634	0.108	-0.376	2.044
4.17734193802	0.108	-0.376	2.044
4.17899489403	0.108	-0.376	2.044
4.18065690994	-0.016	-0.224	1.516
4.18231797218	-0.016	-0.224	1.516
4.18397283554	-0.016	-0.224	1.516
4.18562889099	-0.172	0.028	-0.528
4.187281847	-0.172	0.028	-0.528
4.1889398098	-0.172	0.028	-0.528
4.19059491158	-0.132	0.14	-0.988
4.19225382805	-0.132	0.14	-0.988
4.19390892982	-0.132	0.14	-0.988
4.19556283951	0.016	-0.028	0.54
4.19721484184	0.016	-0.028	0.54
4.1988658905	0.016	-0.028	0.54
4.20051789284	0.152	-0.28	2.044
4.20217776299	0.152	-0.28	2.044
4.20382976532	0.152	-0.28	2.044
4.20548295975	0.088	-0.36	2.044
4.20713496208	0.088	-0.36	2.044
4.20879888535	0.088	-0.36	2.044
4.21045184135	-0.044	-0.188	1.264
4.21211099625	-0.044	-0.188	1.264
4.21376895905	-0.044	-0.188	1.264
4.2154238224	-0.18	0.044	-0.692
4.21707987785	-0.18	0.044	-0.692
4.21873378754	-0.18	0.044	-0.692
4.22038698196	-0.096	0.12	-0.916
4.22210478783	-0.096	0.12	-0.916
4.22376298904	-0.096	0.12	-0.916
4.22541880608	0.04	-0.064	0.804
4.22708797455	0.04	-0.064	0.804
4.22873997688	0.04	-0.064	0.804
4.23039293289	0.152	-0.3	2.044
4.23206591606	0.152	-0.3	2.044
4.23371982574	0.152	-0.3	2.044
4.23537278175	0.084	-0.368	2.044
4.23702597618	0.084	-0.368	2.044
4.23867893219	0.084	-0.368	2.044
4.24033379555	0.084	-0.368	2.044
4.24198794365	-0.064	-0.164	1.008
4.24364876747	-0.064	-0.164	1.008
4.24530386925	-0.064	-0.164	1.008
4.24695682526	-0.184	0.064	-0.832
4.2486307621	-0.184	0.064	-0.832
4.25028586388	-0.184	0.064	-0.832
4.25193881989	-0.1	0.116	-0.8
4.25359678268	-0.1	0.116	-0.8
4.25524187088	-0.1	0.116	-0.8
4.25688886642	0.06	-0.096	1.072
4.25853395462	0.06	-0.096	1.072
4.26017785072	0.06	-0.096	1.072
4.26182198524	0.156	-0.34	2.044
4.26348590851	0.156	-0.34	2.044
4.2651488781	0.156	-0.34	2.044
4.26680278778	0.064	-0.36	2.044
4.26845479012	0.064	-0.36	2.044
4.27010679245	0.064	-0.36	2.044
4.27175879478	-0.088	-0.132	0.76
4.27342486382	-0.088	-0.132	0.76
4.2750787735	-0.088	-0.132	0.76
4.27673196793	-0.18	0.1	-0.952
4.27838397026	-0.18	0.1	-0.952
4.28005099297	-0.18	0.1	-0.952
4.28170585632	-0.084	0.104	-0.648
4.28336191177	-0.084	0.104	-0.648
4.28501582146	-0.084	0.104	-0.648
4.28666782379	0.08	-0.12	1.312
4.2883207798	0.08	-0.12	1.312
4.28997397423	0.08	-0.12	1.312
4.29162979126	0.16	-0.332	2.044
4.29328989983	0.16	-0.332	2.044
4.29494285583	0.16	-0.332	2.044
4.29659485817	0.028	-0.336	2.044
4.29824876785	0.028	-0.336	2.044
4.29990196228	0.028	-0.336	2.044
4.30155491829	-0.104	-0.096	0.496
4.30321598053	-0.104	-0.096	0.496
4.30487084389	-0.104	-0.096	0.496
4.30652499199	-0.104	-0.096	0.496
4.30817699432	-0.176	0.1	-1.024
4.30982995033	-0.176	0.1	-1.024
4.31148386002	-0.176	0.1	-1.024
4.31314086914	-0.06	0.08	-0.48
4.31479477882	-0.06	0.08	-0.48
4.31645083427	-0.06	0.08	-0.48
4.31810379028	0.108	-0.156	1.568
4.31976485252	0.108	-0.156	1.568
4.32141876221	0.108	-0.156	1.568
4.32307887077	0.148	-0.344	2.044
4.32473087311	0.148	-0.344	2.044
4.32638287544	0.148	-0.344	2.044
4.32803487778	0.024	-0.324	2.044
4.32970094681	0.024	-0.324	2.044
4.33135485649	0.024	-0.324	2.044
4.33301377296	-0.116	-0.088	0.252
4.33466696739	-0.116	-0.088	0.252
4.33632183075	-0.116	-0.088	0.252
4.33797478676	-0.152	0.12	-1.068
4.33962893486	-0.152	0.12	-1.068
4.34128379822	-0.152	0.12	-1.068
4.34295797348	-0.032	0.064	-0.28
4.34462976456	-0.032	0.064	-0.28
4.34628486633	-0.032	0.064	-0.28
4.34793782234	0.108	-0.184	1.808
4.34958982468	0.108	-0.184	1.808
4.35124278069	0.108	-0.184	1.808
4.35296678543	0.14	-0.364	2.044
4.35462284088	0.14	-0.364	2.044
4.35627579689	0.14	-0.364	2.044
4.35792779922	0.024	-0.296	2.044
4.35957980156	0.024	-0.296	2.044
4.36123585701	0.024	-0.296	2.044
4.36289596558	-0.152	-0.048	0.012
4.36454987526	-0.152	-0.048	0.012
4.36621284485	-0.152	-0.048	0.012
4.36786985397	-0.168	0.144	-1.092
4.36952495575	-0.168	0.144	-1.092
4.37117981911	-0.168	0.144	-1.092
4.37283992767	-0.036	0.044	-0.076
4.37449383736	-0.036	0.044	-0.076
4.37614798546	-0.036	0.044	-0.076
4.37780284882	-0.036	0.044	-0.076
4.37945699692	0.14	-0.208	2.04
4.38110899925	0.14	-0.208	2.04
4.3828318119	0.14	-0.208	2.04
4.38448691368	0.14	-0.372	2.044
4.38614082336	0.14	-0.372	2.044
4.38779377937	0.14	-0.372	2.044
4.38944578171	0.004	-0.272	1.92
4.39109897614	0.004	-0.272	1.92
4.39279794693	0.004	-0.272	1.92
4.3944568634	-0.16	-0.012	-0.208
4.39611196518	-0.16	-0.012	-0.208
4.39776682854	-0.16	-0.012	-0.208
4.39942193031	-0.148	0.136	-1.088
4.40107798576	-0.148	0.136	-1.088
4.40276479721	-0.148	0.136	-1.088
4.40441989899	-0.012	-0.016	0.164
4.40607380867	-0.012	-0.016	0.164
4.40772676468	-0.012	-0.016	0.164
4.40938186646	0.128	-0.24	2.044
4.41103696823	0.128	-0.24	2.044
4.41270589828	0.128	-0.24	2.044
4.41435980797	0.116	-0.376	2.044
4.41601085663	0.116	-0.376	2.044
4.41766476631	0.116	-0.376	2.044
4.41932296753	-0.02	-0.244	1.704
4.42097592354	-0.02	-0.244	1.704
4.42263698578	-0.02	-0.244	1.704
4.42429184914	-0.164	0.008	-0.412
4.42594695091	-0.164	0.008	-0.412
4.42759895325	-0.164	0.008	-0.412
4.42925286293	-0.128	0.144	-1.052
4.43090677261	-0.128	0.144	-1.052
4.43256092072	-0.128	0.144	-1.052
4.43421697617	0.012	-0.012	0.396
4.4358689785	0.012	-0.012	0.396
4.43752098083	0.012	-0.012	0.396
4.43917298317	0.152	-0.248	2.044
4.44083690643	0.152	-0.248	2.044
4.44249892235	0.152	-0.248	2.044
4.44415187836	0.108	-0.384	2.044
4.44580698013	0.108	-0.384	2.044
4.44745898247	0.108	-0.384	2.044
4.44911289215	0.108	-0.384	2.044
4.45076584816	-0.036	-0.208	1.436
4.45242476463	-0.036	-0.208	1.436
4.4540719986	-0.036	-0.208	1.436
4.45571899414	-0.176	0.028	-0.592
4.45737791061	-0.176	0.028	-0.592
4.45903396606	-0.176	0.028	-0.592
4.46068096161	-0.124	0.136	-0.972
4.46233081818	-0.124	0.136	-0.972
4.46398878098	-0.124	0.136	-0.972
4.46564483643	0.02	-0.036	0.644
4.46729683876	0.02	-0.036	0.644
4.46894884109	0.02	-0.036	0.644
4.47060394287	0.148	-0.284	2.044
4.47225999832	0.148	-0.284	2.044
4.47391581535	0.148	-0.284	2.044
4.47556781769	0.104	-0.4	2.044
4.4772207737	0.104	-0.4	2.044
4.47887396812	0.104	-0.4	2.044
4.48052692413	-0.052	-0.176	1.18
4.48218894005	-0.052	-0.176	1.18
4.48384380341	-0.052	-0.176	1.18
4.48549795151	-0.176	0.056	-0.748
4.48715186119	-0.176	0.056	-0.748
4.48881983757	-0.176	0.056	-0.748
4.49047493935	-0.096	0.124	-0.872
4.49213480949	-0.096	0.124	-0.872
4.4937889576	-0.096	0.124	-0.872
4.4954419136	0.048	-0.08	0.9
4.4970998764	0.048	-0.08	0.9
4.49875187874	0.048	-0.08	0.9
4.50040388107	0.16	-0.312	2.044
4.50206279755	0.16	-0.312	2.044
4.50371694565	0.16	-0.312	2.044
4.50538086891	0.06	-0.368	2.044
4.50703477859	0.06	-0.368	2.044
4.50868678093	0.06	-0.368	2.044
4.51033878326	-0.076	-0.144	0.896
4.51199197769	-0.076	-0.144	0.896
4.51364898682	-0.076	-0.144	0.896
4.5153028965	-0.076	-0.144	0.896
4.51695585251	-0.2	0.072	-0.876
4.51860880852	-0.2	0.072	-0.876
4.52026391029	-0.2	0.072	-0.876
4.52192187309	-0.096	0.116	-0.728
4.52358293533	-0.096	0.116	-0.728
4.52523589134	-0.096	0.116	-0.728
4.52688884735	0.064	-0.108	1.16
4.52854084969	0.064	-0.108	1.16
4.53019380569	0.064	-0.108	1.16
4.53184580803	0.148	-0.312	2.044
4.53349995613	0.148	-0.312	2.044
4.53515291214	0.148	-0.312	2.044
4.53681993484	0.068	-0.368	2.044
4.53847384453	0.068	-0.368	2.044
4.54012680054	0.068	-0.368	2.044
4.54178094864	-0.088	-0.116	0.66
4.54344081879	-0.088	-0.116	0.66
4.54509687424	-0.088	-0.116	0.66
4.54675078392	-0.176	0.1	-0.952
4.54840683937	-0.176	0.1	-0.952
4.55006098747	-0.176	0.1	-0.952
4.55173182487	-0.072	0.104	-0.584
4.55339384079	-0.072	0.104	-0.584
4.55504798889	-0.072	0.104	-0.584
4.55670189857	0.068	-0.124	1.404
4.55835390091	0.068	-0.124	1.404
4.56000685692	0.068	-0.124	1.404
4.5616607666	0.152	-0.352	2.044
4.56332087517	0.152	-0.352	2.044
4.5649728775	0.152	-0.352	2.044
4.56662583351	0.048	-0.348	2.044
4.56827783585	0.048	-0.348	2.044
4.56993293762	0.048	-0.348	2.044
4.57158684731	-0.108	-0.088	0.396
4.57325077057	-0.108	-0.088	0.396
4.57490491867	-0.108	-0.088	0.396
4.57655882835	-0.168	0.096	-1.052
4.57821393013	-0.168	0.096	-1.052
4.57986688614	-0.168	0.096	-1.052
4.58152079582	-0.168	0.096	-1.052
4.58318185806	-0.06	0.072	-0.412
4.58484792709	-0.06	0.072	-0.412
4.5865008831	-0.06	0.072	-0.412
4.58815383911	0.104	-0.168	1.664
4.58980798721	0.104	-0.168	1.664
4.59145998955	0.104	-0.168	1.664
4.59311580658	0.144	-0.352	2.044
4.59476876259	0.144	-0.352	2.044
4.59642195702	0.144	-0.352	2.044
4.59808278084	0.02	-0.34	2.044
4.59973883629	0.02	-0.34	2.044
4.60139989853	0.02	-0.34	2.044
4.60305976868	-0.152	-0.052	0.176
4.60471487045	-0.152	-0.052	0.176
4.60636878014	-0.152	-0.052	0.176
4.60802197456	-0.18	0.136	-1.092
4.6096777916	-0.18	0.136	-1.092
4.6113319397	-0.18	0.136	-1.092
4.61299276352	-0.044	0.052	-0.204
4.6146478653	-0.044	0.052	-0.204
4.61630177498	-0.044	0.052	-0.204
4.61795592308	0.12	-0.2	1.904
4.61960792542	0.12	-0.2	1.904
4.62126088142	0.12	-0.2	1.904
4.62291789055	0.14	-0.368	2.044
4.624573946	0.14	-0.368	2.044
4.62622785568	0.14	-0.368	2.044
4.62787985802	0.024	-0.296	2.044
4.62953281403	0.024	-0.296	2.044
4.63118481636	0.024	-0.296	2.044
4.63285589218	-0.156	-0.036	-0.076
4.63451099396	-0.156	-0.036	-0.076
4.63616585732	-0.156	-0.036	-0.076
4.637819767	-0.14	0.136	-1.104
4.6394739151	-0.14	0.136	-1.104
4.64112877846	-0.14	0.136	-1.104
4.64285087585	-0.016	0.028	0.012
4.64451479912	-0.016	0.028	0.012
4.64616799355	-0.016	0.028	0.012
4.64781999588	0.136	-0.22	2.044
4.64947485924	0.136	-0.22	2.044
4.65113091469	0.136	-0.22	2.044
4.652810812	0.136	-0.22	2.044
4.65445685387	0.12	-0.364	2.044
4.65611290932	0.12	-0.364	2.044
4.65775895119	0.12	-0.364	2.044
4.65940284729	-0.004	-0.272	1.824
4.66104793549	-0.004	-0.272	1.824
4.66269898415	-0.004	-0.272	1.824
4.66435480118	-0.164	-0.012	-0.292
4.66601085663	-0.164	-0.012	-0.292
4.6676659584	-0.164	-0.012	-0.292
4.66932082176	-0.14	0.14	-1.076
4.67097377777	-0.14	0.14	-1.076
4.67262887955	-0.14	0.14	-1.076
4.67428398132	-0.04	0.004	0.256
4.67593979836	-0.04	0.004	0.256
4.67759299278	-0.04	0.004	0.256
4.67924380302	0.144	-0.24	2.044
4.68089795113	0.144	-0.24	2.044
4.68255782127	0.144	-0.24	2.044
4.68421077728	0.112	-0.376	2.044
4.68586277962	0.112	-0.376	2.044
4.68751597404	0.112	-0.376	2.044
4.68916988373	-0.024	-0.24	1.588
4.69083380699	-0.024	-0.24	1.588
4.69249391556	-0.024	-0.24	1.588
4.69414877892	-0.184	0.016	-0.476
4.69580292702	-0.184	0.016	-0.476
4.69745898247	-0.184	0.016	-0.476
4.69911384583	-0.124	0.144	-1.028
4.70076799393	-0.124	0.144	-1.028
4.70243191719	-0.124	0.144	-1.028
4.7040848732	0.02	-0.028	0.504
4.70574998856	0.02	-0.028	0.504
4.70740199089	0.02	-0.028	0.504
4.70905280113	0.168	-0.264	2.044
4.71070599556	0.168	-0.264	2.044
4.71235990524	0.168	-0.264	2.044
4.71401286125	0.092	-0.368	2.044
4.71566581726	0.092	-0.368	2.044
4.71731877327	0.092	-0.368	2.044
4.7189719677	0.092	-0.368	2.044
4.72062587738	-0.036	-0.204	1.316
4.72228693962	-0.036	-0.204	1.316
4.7239408493	-0.036	-0.204	1.316
4.72559380531	-0.168	0.036	-0.652
4.72725391388	-0.168	0.036	-0.652
4.72892284393	-0.168	0.036	-0.652
4.73057794571	-0.096	0.132	-0.932
4.73223781586	-0.096	0.132	-0.932
4.73389196396	-0.096	0.132	-0.932
4.73554491997	0.036	-0.044	0.74
4.73720693588	0.036	-0.044	0.74
4.73885989189	0.036	-0.044	0.74
4.74051189423	0.148	-0.292	2.044
4.74216985703	0.148	-0.292	2.044
4.74382376671	0.148	-0.292	2.044
4.74547886848	0.064	-0.356	2.044
4.74713182449	0.064	-0.356	2.044
4.74878382683	0.064	-0.356	2.044
4.75043797493	-0.072	-0.168	1.048
4.75211191177	-0.072	-0.168	1.048
4.75377082825	-0.072	-0.168	1.048
4.75542497635	-0.2	0.068	-0.812
4.75707793236	-0.2	0.068	-0.812
4.75872993469	-0.2	0.068	-0.812
4.76038384438	-0.104	0.116	-0.812
4.76210284233	-0.104	0.116	-0.812
4.76376080513	-0.104	0.116	-0.812
4.76541590691	0.048	-0.088	1.028
4.76706790924	0.048	-0.088	1.028
4.76873397827	0.048	-0.088	1.028
4.77038693428	0.16	-0.328	2.044
4.77206993103	0.16	-0.328	2.044
4.77372384071	0.16	-0.328	2.044
4.77537679672	0.064	-0.372	2.044
4.77703094482	0.064	-0.372	2.044
4.77868795395	0.064	-0.372	2.044
4.78034186363	-0.08	-0.128	0.792
4.78199481964	-0.08	-0.128	0.792
4.78365898132	-0.08	-0.128	0.792
4.78531599045	-0.176	0.084	-0.924
4.78696894646	-0.176	0.084	-0.924
4.78862190247	-0.176	0.084	-0.924
4.79027581215	-0.176	0.084	-0.924
4.79192996025	-0.072	0.1	-0.672
4.79358696938	-0.072	0.1	-0.672
4.79524183273	-0.072	0.1	-0.672
4.79689478874	0.084	-0.112	1.28
4.79854893684	0.084	-0.112	1.28
4.80020093918	0.084	-0.112	1.28
4.80185484886	0.156	-0.328	2.044
4.8035159111	0.156	-0.328	2.044
4.80517292023	0.156	-0.328	2.044
4.80682778358	0.044	-0.348	2.044
4.80848193169	0.044	-0.348	2.044
4.81013679504	0.044	-0.348	2.044
4.81178998947	-0.096	-0.1	0.532
4.8134458065	-0.096	-0.1	0.532
4.81509780884	-0.096	-0.1	0.532
4.81675887108	-0.176	0.1	-1.016
4.81841778755	-0.176	0.1	-1.016
4.82007098198	-0.176	0.1	-1.016
4.82172489166	-0.064	0.088	-0.5
4.823376894	-0.064	0.088	-0.5
4.82502985001	-0.064	0.088	-0.5
4.82667994499	0.096	-0.156	1.52
4.828332901	0.096	-0.156	1.52
4.83000087738	0.096	-0.156	1.52
4.83165478706	0.14	-0.348	2.044
4.83331298828	0.14	-0.348	2.044
4.83496594429	0.14	-0.348	2.044
4.8366189003	0.032	-0.336	2.044
4.83827185631	0.032	-0.336	2.044
4.83992290497	0.032	-0.336	2.044
4.84157776833	-0.116	-0.076	0.284
4.84323883057	-0.116	-0.076	0.284
4.84489297867	-0.116	-0.076	0.284
4.84654688835	-0.172	0.108	-1.072
4.84820079803	-0.172	0.108	-1.072
4.84985685349	-0.172	0.108	-1.072
4.85151076317	-0.064	0.064	-0.308
4.85316777229	-0.064	0.064	-0.308
4.85481286049	-0.064	0.064	-0.308
4.85646176338	-0.064	0.064	-0.308
4.85810995102	0.096	-0.188	1.78
4.8597548008	0.096	-0.188	1.78
4.86139988899	0.096	-0.188	1.78
4.86305785179	0.132	-0.356	2.044
4.86472988129	0.132	-0.356	2.044
4.86638379097	0.132	-0.356	2.044
4.8680357933	0.028	-0.312	2.044
4.86968779564	0.028	-0.312	2.044
4.87134099007	0.028	-0.312	2.044
4.87300992012	-0.136	-0.044	0.044
4.8746638298	-0.136	-0.044	0.044
4.87632799149	-0.136	-0.044	0.044
4.87798190117	-0.152	0.132	-1.1
4.87963581085	-0.152	0.132	-1.1
4.88129687309	-0.152	0.132	-1.1
4.88295793533	-0.032	0.044	-0.1
4.88461184502	-0.032	0.044	-0.1
4.88626480103	-0.032	0.044	-0.1
4.88791799545	0.136	-0.212	2.02
4.88957285881	0.136	-0.212	2.02
4.89122581482	0.136	-0.212	2.02
4.89288687706	0.132	-0.368	2.044
4.89453983307	0.132	-0.368	2.044
4.89619278908	0.132	-0.368	2.044
4.89784598351	-0.012	-0.268	1.952
4.89949989319	-0.012	-0.268	1.952
4.90115380287	-0.012	-0.268	1.952
4.90281391144	-0.156	-0.02	-0.188
4.90446996689	-0.156	-0.02	-0.188
4.90612483025	-0.156	-0.02	-0.188
4.90785598755	-0.136	0.116	-1.08
4.90951299667	-0.136	0.116	-1.08
4.91116786003	-0.136	0.116	-1.08
4.91284394264	-0.028	0.016	0.124
4.91449594498	-0.028	0.016	0.124
4.91614699364	-0.028	0.016	0.124
4.91779899597	0.14	-0.248	2.044
4.91945099831	0.14	-0.248	2.044
4.92110681534	0.14	-0.248	2.044
4.92281198502	0.112	-0.364	2.044
4.92446780205	0.112	-0.364	2.044
4.92612099648	0.112	-0.364	2.044
4.92777299881	0.112	-0.364	2.044
4.92943191528	-0.016	-0.26	1.704
4.93108582497	-0.016	-0.26	1.704
4.9328148365	-0.016	-0.26	1.704
4.93447089195	-0.164	0.0	-0.392
4.9361307621	-0.164	0.0	-0.392
4.93777990341	-0.164	0.0	-0.392
4.93942689896	-0.132	0.128	-1.052
4.94107985497	-0.132	0.128	-1.052
4.94276595116	-0.132	0.128	-1.052
4.94442176819	-0.008	0.004	0.36
4.94607496262	-0.008	0.004	0.36
4.94772696495	-0.008	0.004	0.36
4.94937896729	0.148	-0.264	2.044
4.95103192329	0.148	-0.264	2.044
4.95270490646	0.148	-0.264	2.044
4.95435976982	0.096	-0.38	2.044
4.95601296425	0.096	-0.38	2.044
4.95766592026	0.096	-0.38	2.044
4.95932292938	-0.036	-0.212	1.452
4.96097993851	-0.036	-0.212	1.452
4.96263980865	-0.036	-0.212	1.452
4.96429395676	-0.188	0.032	-0.576
4.96594691277	-0.188	0.032	-0.576
4.96760082245	-0.188	0.032	-0.576
4.96926689148	-0.124	0.128	-0.972
4.97092080116	-0.124	0.128	-0.972
4.97257995605	-0.124	0.128	-0.972
4.97423481941	0.028	-0.048	0.62
4.97588682175	0.028	-0.048	0.62
4.97753977776	0.028	-0.048	0.62
4.97919178009	0.184	-0.312	2.044
4.98084497452	0.184	-0.312	2.044
4.98249983788	0.184	-0.312	2.044
4.98416876793	0.084	-0.368	2.044
4.98582386971	0.084	-0.368	2.044
4.98747682571	0.084	-0.368	2.044
4.98912978172	-0.06	-0.192	1.192
4.99078297615	-0.06	-0.192	1.192
4.99243783951	-0.06	-0.192	1.192
4.99409294128	-0.18	0.056	-0.736
4.99574780464	-0.18	0.056	-0.736
4.99740195274	-0.18	0.056	-0.736
4.99905490875	-0.18	0.056	-0.736
