Timestamp 	 X-Axis 	 Y-Axis 	 Z-Axis
0.000312089920044	-0.06	0.016	-1.18
0.00311708450317	-0.032	-0.02	1.188
0.00573897361755	-0.032	-0.02	1.188
0.00834989547729	0.064	-0.38	2.044
0.0109610557556	-0.064	0.088	-1.516
0.0135929584503	-0.064	0.088	-1.516
0.0162060260773	-0.012	-0.128	2.044
0.0188150405884	-0.012	-0.128	2.044
0.0214219093323	0.056	-0.316	2.044
0.0240468978882	0.056	-0.316	2.044
0.0266599655151	-0.116	0.136	-1.504
0.0292689800262	-0.116	0.136	-1.504
0.031877040863	0.0	-0.232	2.044
0.0344789028168	0.0	-0.232	2.044
0.0370960235596	0.012	-0.256	1.204
0.0397040843964	0.012	-0.256	1.204
0.0423140525818	-0.096	0.12	-1.14
0.0449359416962	-0.096	0.12	-1.14
0.0475449562073	0.036	-0.312	2.044
0.0501530170441	0.036	-0.312	2.044
0.052759885788	0.016	-0.164	0.228
0.0553689002991	0.016	-0.164	0.228
0.0579750537872	-0.12	0.116	-0.488
0.0605840682983	-0.12	0.116	-0.488
0.0631968975067	0.052	-0.368	2.044
0.0658149719238	0.052	-0.368	2.044
0.0684409141541	-0.004	-0.06	-0.62
0.0710589885712	-0.004	-0.06	-0.62
0.0736970901489	-0.056	0.04	0.348
0.0763158798218	-0.056	0.04	0.348
0.0789380073547	0.052	-0.404	2.044
0.0815529823303	0.052	-0.404	2.044
0.0841739177704	-0.056	0.032	-1.22
0.0867910385132	-0.056	0.032	-1.22
0.0894069671631	-0.044	-0.012	1.28
0.0920300483704	-0.044	-0.012	1.28
0.0946528911591	0.068	-0.364	2.044
0.0972678661346	0.068	-0.364	2.044
0.0998830795288	-0.056	0.084	-1.516
0.102504968643	-0.028	-0.132	2.044
0.105120897293	-0.028	-0.132	2.044
0.107737064362	0.056	-0.324	2.012
0.11034989357	0.056	-0.324	2.012
0.112971067429	-0.1	0.128	-1.484
0.115586996078	-0.1	0.128	-1.484
0.118220090866	-0.004	-0.236	2.044
0.120835065842	-0.004	-0.236	2.044
0.123470067978	0.028	-0.244	1.076
0.126085996628	0.028	-0.244	1.076
0.128700017929	-0.104	0.112	-1.092
0.131314992905	-0.104	0.112	-1.092
0.133935928345	0.028	-0.316	2.044
0.13655090332	0.028	-0.316	2.044
0.139165878296	0.024	-0.164	0.128
0.141787052155	0.024	-0.164	0.128
0.144401073456	-0.104	0.108	-0.432
0.147026062012	-0.104	0.108	-0.432
0.149641036987	0.06	-0.372	2.044
0.152261018753	0.06	-0.372	2.044
0.154888868332	-0.004	-0.056	-0.68
0.157516002655	-0.004	-0.056	-0.68
0.160134077072	-0.068	0.04	0.432
0.162755012512	-0.068	0.04	0.432
0.165369033813	0.072	-0.392	2.044
0.167983055115	0.072	-0.392	2.044
0.17059803009	-0.032	0.044	-1.264
0.173219919205	-0.032	0.044	-1.264
0.17583489418	-0.056	-0.036	1.372
0.178451061249	-0.056	-0.036	1.372
0.181066036224	0.04	-0.36	2.044
0.18368601799	0.04	-0.36	2.044
0.186300992966	-0.052	0.104	-1.528
0.188915014267	-0.052	0.104	-1.528
0.191545009613	-0.036	-0.148	2.044
0.194166898727	-0.036	-0.148	2.044
0.196783065796	0.044	-0.324	1.924
0.199401855469	-0.096	0.128	-1.444
0.202023983002	-0.096	0.128	-1.444
0.204638957977	0.016	-0.24	2.044
0.207252979279	0.016	-0.24	2.044
0.209871053696	0.04	-0.24	1.0
0.21248793602	0.04	-0.24	1.0
0.215097904205	-0.08	0.14	-1.06
0.217712879181	-0.08	0.14	-1.06
0.220337867737	0.028	-0.316	2.044
0.222958087921	0.028	-0.316	2.044
0.225574016571	0.02	-0.156	0.056
0.228187084198	0.02	-0.156	0.056
0.230799913406	-0.06	0.104	-0.364
0.233433008194	-0.06	0.104	-0.364
0.236049890518	0.06	-0.364	2.044
0.2386739254	0.06	-0.364	2.044
0.24128985405	-0.032	-0.04	-0.74
0.243911027908	-0.032	-0.04	-0.74
0.246527910233	-0.064	0.044	0.5
0.249137878418	-0.064	0.044	0.5
0.251754045486	0.064	-0.392	2.044
0.254369020462	0.064	-0.392	2.044
0.256983041763	-0.028	0.036	-1.296
0.259598970413	-0.028	0.036	-1.296
0.262214899063	-0.052	-0.04	1.448
0.264829874039	-0.052	-0.04	1.448
0.267445087433	0.06	-0.364	2.044
0.270060062408	0.06	-0.364	2.044
0.272680044174	-0.076	0.108	-1.516
0.275295972824	-0.076	0.108	-1.516
0.277911901474	-0.032	-0.144	2.044
0.280534982681	-0.032	-0.144	2.044
0.283158063889	0.044	-0.32	1.852
0.285773038864	0.044	-0.32	1.852
0.288387060165	-0.084	0.132	-1.432
0.291002988815	0.016	-0.24	2.044
0.293627977371	0.016	-0.24	2.044
0.296241998672	0.048	-0.232	0.92
0.298856019974	0.048	-0.232	0.92
0.301469087601	-0.084	0.148	-1.0
0.304086923599	-0.084	0.148	-1.0
0.306696891785	0.056	-0.34	2.044
0.309310913086	0.056	-0.34	2.044
0.311925888062	0.016	-0.14	-0.004
0.314539909363	0.016	-0.14	-0.004
0.317154884338	-0.052	0.088	-0.292
0.31977391243	-0.052	0.088	-0.292
0.322390079498	0.056	-0.388	2.044
0.325003862381	0.056	-0.388	2.044
0.327617883682	-0.04	-0.032	-0.8
0.330232858658	-0.04	-0.032	-0.8
0.332858085632	-0.068	0.036	0.572
0.335471868515	-0.068	0.036	0.572
0.338084936142	0.048	-0.4	2.044
0.340699911118	0.048	-0.4	2.044
0.343319892883	-0.056	0.048	-1.34
0.345934867859	-0.056	0.048	-1.34
0.348550081253	-0.048	-0.06	1.516
0.351165056229	-0.048	-0.06	1.516
0.353785991669	0.044	-0.356	2.044
0.356400966644	0.044	-0.356	2.044
0.359014987946	-0.092	0.108	-1.536
0.361634969711	-0.092	0.108	-1.536
0.364256858826	-0.016	-0.144	2.044
0.366883039474	-0.016	-0.144	2.044
0.369498968124	0.036	-0.304	1.788
0.37211894989	0.036	-0.304	1.788
0.374732017517	-0.092	0.124	-1.412
0.377347946167	-0.092	0.124	-1.412
0.379961967468	0.012	-0.244	2.044
0.38258099556	0.012	-0.244	2.044
0.385195970535	0.028	-0.228	0.844
0.387809991837	-0.112	0.14	-0.968
0.390429019928	-0.112	0.14	-0.968
0.393049955368	0.044	-0.328	2.044
0.395664930344	0.044	-0.328	2.044
0.398278951645	0.024	-0.144	-0.084
0.400903940201	0.024	-0.144	-0.084
0.403526067734	-0.064	0.084	-0.236
0.406141996384	-0.064	0.084	-0.236
0.408756971359	0.056	-0.38	2.044
0.411370992661	0.056	-0.38	2.044
0.413990020752	-0.028	-0.024	-0.848
0.416606903076	-0.028	-0.024	-0.848
0.419223070145	-0.084	0.028	0.656
0.421841859818	-0.084	0.028	0.656
0.424455881119	0.048	-0.388	2.044
0.427070856094	0.048	-0.388	2.044
0.429684877396	-0.056	0.056	-1.348
0.432306051254	-0.056	0.056	-1.348
0.43492102623	-0.06	-0.064	1.58
0.437535047531	-0.06	-0.064	1.58
0.440159082413	0.04	-0.364	2.044
0.442785024643	0.04	-0.364	2.044
0.445399999619	-0.104	0.12	-1.552
0.448015928268	-0.104	0.12	-1.552
0.450631856918	0.0	-0.164	2.044
0.453243970871	0.0	-0.164	2.044
0.455852985382	0.06	-0.3	1.72
0.458467006683	0.06	-0.3	1.72
0.461081027985	-0.08	0.132	-1.396
0.463698863983	-0.08	0.132	-1.396
0.466319084167	0.028	-0.256	2.044
0.46893286705	0.028	-0.256	2.044
0.471546888351	0.04	-0.228	0.784
0.474166870117	0.04	-0.228	0.784
0.476780891418	-0.112	0.14	-0.916
0.479395866394	0.044	-0.332	2.044
0.482019901276	0.044	-0.332	2.044
0.484634876251	0.0	-0.128	-0.144
0.487242937088	0.0	-0.128	-0.144
0.489850997925	-0.072	0.064	-0.176
0.492472887039	-0.072	0.064	-0.176
0.495087862015	0.048	-0.388	2.044
0.497700929642	0.048	-0.388	2.044
0.500314950943	-0.012	-0.024	-0.892
0.502937078476	-0.012	-0.024	-0.892
0.505553007126	-0.06	0.048	0.704
0.508166074753	-0.06	0.048	0.704
0.510778903961	0.056	-0.384	2.044
0.513448953629	0.056	-0.384	2.044
0.516064882278	-0.04	0.064	-1.384
0.51867890358	-0.04	0.064	-1.384
0.521293878555	-0.036	-0.084	1.672
0.523917913437	-0.036	-0.084	1.672
0.526534080505	0.048	-0.36	2.044
0.529155015945	0.048	-0.36	2.044
0.531774997711	-0.084	0.104	-1.548
0.534390926361	-0.084	0.104	-1.548
0.537005901337	0.0	-0.156	2.044
0.539613008499	0.0	-0.156	2.044
0.542219877243	0.064	-0.304	1.656
0.544833898544	0.064	-0.304	1.656
0.547447919846	-0.068	0.12	-1.364
0.550062894821	-0.068	0.12	-1.364
0.552682876587	0.02	-0.26	2.044
0.555298089981	0.02	-0.26	2.044
0.557911872864	0.048	-0.216	0.688
0.560525894165	0.048	-0.216	0.688
0.563155889511	-0.1	0.116	-0.868
0.56577205658	-0.1	0.116	-0.868
0.568387985229	0.056	-0.348	2.044
0.571002960205	0.056	-0.348	2.044
0.573616981506	0.0	-0.1	-0.22
0.576224088669	-0.08	0.072	-0.104
0.578840017319	-0.08	0.072	-0.104
0.58145403862	0.036	-0.396	2.044
0.584074020386	0.036	-0.396	2.044
0.586696863174	-0.032	-0.008	-0.952
0.589313983917	-0.032	-0.008	-0.952
0.591934919357	-0.072	0.016	0.796
0.594547986984	-0.072	0.016	0.796
0.597162008286	0.056	-0.376	2.044
0.599776029587	0.056	-0.376	2.044
0.602396011353	-0.064	0.068	-1.404
0.605015993118	-0.064	0.068	-1.404
0.607631921768	-0.016	-0.088	1.748
0.610248088837	-0.016	-0.088	1.748
0.612870931625	0.056	-0.36	2.044
0.615485906601	0.056	-0.36	2.044
0.618099927902	-0.076	0.104	-1.536
0.620715856552	-0.076	0.104	-1.536
0.623332977295	0.004	-0.176	2.044
0.625947952271	0.004	-0.176	2.044
0.628562927246	0.04	-0.276	1.556
0.631177902222	0.04	-0.276	1.556
0.633807897568	-0.084	0.14	-1.336
0.636424064636	-0.084	0.14	-1.336
0.639039039612	0.012	-0.268	2.044
0.641653060913	0.012	-0.268	2.044
0.644280910492	0.016	-0.208	0.608
0.646895885468	0.016	-0.208	0.608
0.649509906769	-0.076	0.112	-0.792
0.652132034302	-0.076	0.112	-0.792
0.654747962952	0.036	-0.348	2.044
0.657362937927	0.036	-0.348	2.044
0.659986019135	-0.008	-0.096	-0.292
0.662602901459	-0.008	-0.096	-0.292
0.665220022202	-0.068	0.088	-0.032
0.667834043503	0.044	-0.38	2.044
0.670449018478	0.044	-0.38	2.044
0.673069000244	-0.032	0.0	-1.004
0.675675868988	-0.032	0.0	-1.004
0.678282976151	-0.052	0.0	0.88
0.68088889122	-0.052	0.0	0.88
0.683501005173	0.052	-0.384	2.044
0.68611907959	0.052	-0.384	2.044
0.688732862473	-0.088	0.076	-1.448
0.691346883774	-0.088	0.076	-1.448
0.693968057632	-0.032	-0.092	1.812
0.696583032608	-0.032	-0.092	1.812
0.699198007584	0.056	-0.352	2.044
0.701818943024	0.056	-0.352	2.044
0.704432964325	-0.068	0.092	-1.528
0.707063913345	-0.068	0.092	-1.528
0.709680080414	0.012	-0.18	2.044
0.712298870087	0.012	-0.18	2.044
0.714914083481	0.044	-0.28	1.484
0.717526912689	0.044	-0.28	1.484
0.720141887665	-0.108	0.152	-1.296
0.722763061523	-0.108	0.152	-1.296
0.725380897522	0.016	-0.284	2.044
0.727994918823	0.016	-0.284	2.044
0.730608940125	0.02	-0.196	0.532
0.733238935471	0.02	-0.196	0.532
0.735853910446	-0.088	0.104	-0.752
0.738468885422	-0.088	0.104	-0.752
0.741083860397	0.036	-0.336	2.044
0.743702888489	0.036	-0.336	2.044
0.746317863464	-0.004	-0.096	-0.356
0.748934030533	-0.004	-0.096	-0.356
0.751549005508	-0.092	0.092	0.044
0.754168987274	-0.092	0.092	0.044
0.756782054901	0.072	-0.388	2.044
0.759396076202	0.072	-0.388	2.044
0.762017965317	-0.016	-0.004	-1.052
0.764633893967	-0.036	0.0	0.96
0.767243862152	-0.036	0.0	0.96
0.76985001564	0.06	-0.392	2.044
0.772469997406	0.06	-0.392	2.044
0.775084018707	-0.076	0.072	-1.444
0.777698993683	-0.076	0.072	-1.444
0.780313968658	-0.032	-0.084	1.892
0.782934904099	-0.032	-0.084	1.892
0.785551071167	0.048	-0.34	2.044
0.788163900375	0.048	-0.34	2.044
0.790776968002	-0.084	0.116	-1.544
0.793463945389	-0.084	0.116	-1.544
0.796081066132	-0.008	-0.188	2.044
0.798696041107	-0.008	-0.188	2.044
0.801311969757	0.048	-0.268	1.416
0.803930997849	0.048	-0.268	1.416
0.806563854218	-0.104	0.148	-1.26
0.80918097496	-0.104	0.148	-1.26
0.811814069748	0.02	-0.284	2.044
0.814429998398	0.02	-0.284	2.044
0.817044019699	0.02	-0.188	0.456
0.819657087326	0.02	-0.188	0.456
0.822275876999	-0.084	0.096	-0.68
0.8248898983	-0.084	0.096	-0.68
0.827506065369	0.04	-0.356	2.044
0.83012008667	0.04	-0.356	2.044
0.832740068436	0.012	-0.092	-0.432
0.835355043411	0.012	-0.092	-0.432
0.837969064713	-0.1	0.072	0.116
0.840581893921	-0.1	0.072	0.116
0.843201875687	0.06	-0.38	2.044
0.845814943314	0.06	-0.38	2.044
0.848432064056	-0.04	0.016	-1.072
0.851047039032	-0.04	0.016	-1.072
0.853666067123	-0.048	-0.02	1.036
0.856281042099	0.068	-0.392	2.044
0.8588950634	0.068	-0.392	2.044
0.861509084702	-0.064	0.072	-1.472
0.864125967026	-0.064	0.072	-1.472
0.866745948792	-0.024	-0.1	1.98
0.869359970093	-0.024	-0.1	1.98
0.871981859207	0.04	-0.332	2.044
0.874595880508	0.04	-0.332	2.044
0.87720990181	-0.076	0.124	-1.528
0.879834890366	-0.076	0.124	-1.528
0.882457017899	-0.012	-0.224	2.044
0.885071992874	-0.012	-0.224	2.044
0.887690067291	0.028	-0.268	1.328
0.890305042267	0.028	-0.268	1.328
0.892925977707	-0.104	0.148	-1.236
0.895541906357	-0.104	0.148	-1.236
0.898158073425	0.024	-0.292	2.044
0.900771856308	0.024	-0.292	2.044
0.903424978256	0.024	-0.16	0.368
0.906040906906	0.024	-0.16	0.368
0.908653020859	-0.064	0.108	-0.64
0.91126704216	-0.064	0.108	-0.64
0.9138879776	0.044	-0.368	2.044
0.916502952576	0.044	-0.368	2.044
0.919116973877	0.004	-0.084	-0.48
0.921737909317	0.004	-0.084	-0.48
0.924354076385	-0.068	0.068	0.184
0.926966905594	-0.068	0.068	0.184
0.929605960846	0.06	-0.38	2.044
0.932228088379	0.06	-0.38	2.044
0.934841871262	-0.044	0.012	-1.132
0.93745803833	-0.044	0.012	-1.132
0.940073013306	-0.076	-0.032	1.132
0.942692995071	-0.076	-0.032	1.132
0.945308923721	0.056	-0.384	2.044
0.947927951813	-0.06	0.076	-1.492
0.950541973114	-0.06	0.076	-1.492
0.953167915344	-0.012	-0.112	2.028
0.955784082413	-0.012	-0.112	2.028
0.958399057388	0.044	-0.328	2.044
0.96101307869	0.044	-0.328	2.044
0.963633060455	-0.064	0.124	-1.512
0.966248035431	-0.064	0.124	-1.512
0.968865871429	-0.012	-0.216	2.044
0.971482038498	-0.012	-0.216	2.044
0.974099874496	0.048	-0.252	1.252
0.977204084396	0.048	-0.252	1.252
0.979819059372	-0.084	0.14	-1.192
0.982434034348	-0.084	0.14	-1.192
0.985053062439	0.032	-0.3	2.044
0.987668037415	0.032	-0.3	2.044
0.99028301239	0.012	-0.168	0.316
0.992904901505	0.012	-0.168	0.316
0.995518922806	-0.068	0.112	-0.568
0.998135089874	-0.068	0.112	-0.568
1.00074887276	0.056	-0.364	2.044
1.00340008736	0.056	-0.364	2.044
1.00601506233	0.008	-0.072	-0.536
1.00863003731	0.008	-0.072	-0.536
1.01124787331	-0.064	0.072	0.264
1.01386189461	-0.064	0.072	0.264
1.01647496223	0.068	-0.404	2.044
1.01908898354	0.068	-0.404	2.044
1.0217089653	-0.064	0.032	-1.176
1.0243229866	-0.052	-0.028	1.184
1.02694892883	-0.052	-0.028	1.184
1.02956390381	0.04	-0.384	2.044
1.03217887878	0.04	-0.384	2.044
1.03479290009	-0.08	0.08	-1.504
1.03740692139	-0.08	0.08	-1.504
1.04002308846	-0.032	-0.12	2.044
1.04263901711	-0.032	-0.12	2.044
1.04525303841	0.06	-0.36	2.044
1.04786801338	0.06	-0.36	2.044
1.0504860878	-0.084	0.136	-1.5
1.0531039238	-0.084	0.136	-1.5
1.05571603775	0.004	-0.216	2.044
1.05833005905	0.004	-0.216	2.044
1.06094193459	0.032	-0.268	1.18
1.0635778904	0.032	-0.268	1.18
1.06619596481	-0.076	0.116	-1.14
1.06881189346	-0.076	0.116	-1.14
1.07142686844	0.036	-0.3	2.044
1.07404708862	0.036	-0.3	2.044
1.07665991783	0.008	-0.168	0.24
1.07927393913	0.008	-0.168	0.24
1.08189487457	-0.104	0.124	-0.54
1.08450889587	-0.104	0.124	-0.54
1.08712387085	0.052	-0.368	2.044
1.08973908424	0.052	-0.368	2.044
1.09236192703	-0.008	-0.068	-0.608
1.09497785568	-0.008	-0.068	-0.608
1.09759497643	-0.036	0.04	0.336
1.10022997856	-0.036	0.04	0.336
1.10284996033	0.056	-0.38	2.044
1.1054649353	0.056	-0.38	2.044
1.1080789566	-0.056	0.032	-1.208
1.11069488525	-0.056	0.032	-1.208
1.11330986023	-0.028	-0.024	1.268
1.1159260273	-0.028	-0.024	1.268
1.1185400486	0.068	-0.38	2.044
1.1211540699	-0.072	0.096	-1.52
1.12377405167	-0.072	0.096	-1.52
1.12638902664	-0.032	-0.124	2.044
1.12900495529	-0.032	-0.124	2.044
1.13162398338	0.04	-0.332	2.04
1.13424301147	0.04	-0.332	2.04
1.13685703278	-0.108	0.14	-1.48
1.13947200775	-0.108	0.14	-1.48
1.14209294319	-0.004	-0.224	2.044
1.14470696449	-0.004	-0.224	2.044
1.14732289314	0.036	-0.256	1.096
1.14993596077	0.036	-0.256	1.096
1.15255498886	-0.084	0.12	-1.116
1.15517187119	-0.084	0.12	-1.116
1.15778589249	0.048	-0.312	2.044
1.16039991379	0.048	-0.312	2.044
1.16301989555	0.024	-0.152	0.16
1.16563391685	0.024	-0.152	0.16
1.16824698448	-0.096	0.124	-0.448
1.17086195946	-0.096	0.124	-0.448
1.17349386215	0.048	-0.356	2.044
1.17610907555	0.048	-0.356	2.044
1.17872405052	-0.016	-0.052	-0.664
1.18133997917	-0.016	-0.052	-0.664
1.18395996094	-0.044	0.048	0.4
1.18657398224	-0.044	0.048	0.4
1.18918704987	0.052	-0.396	2.044
1.19180202484	0.052	-0.396	2.044
1.19441604614	-0.056	0.032	-1.244
1.19703197479	-0.056	0.032	-1.244
1.19964694977	-0.052	-0.02	1.34
1.20226788521	-0.052	-0.02	1.34
1.20488190651	0.052	-0.376	2.044
1.20749592781	0.052	-0.376	2.044
1.21010994911	-0.056	0.076	-1.512
1.21274495125	-0.02	-0.144	2.044
1.21536207199	-0.02	-0.144	2.044
1.21797800064	0.048	-0.332	1.964
1.22059202194	0.048	-0.332	1.964
1.22321200371	-0.108	0.128	-1.468
1.22582888603	-0.108	0.128	-1.468
1.22844386101	0.004	-0.24	2.044
1.23105788231	0.004	-0.24	2.044
1.2336769104	0.032	-0.248	1.028
1.23629188538	0.032	-0.248	1.028
1.238904953	-0.092	0.116	-1.072
1.24152088165	-0.092	0.116	-1.072
1.24414205551	0.036	-0.3	2.044
1.24676394463	0.036	-0.3	2.044
1.24937796593	0.024	-0.16	0.088
1.25199699402	0.024	-0.16	0.088
1.25461387634	-0.112	0.112	-0.392
1.25722908974	-0.112	0.112	-0.392
1.25984406471	0.06	-0.372	2.044
1.26245903969	0.06	-0.372	2.044
1.26507401466	-0.004	-0.036	-0.7
1.26768803596	-0.004	-0.036	-0.7
1.27030301094	-0.06	0.032	0.472
1.27291607857	-0.06	0.032	0.472
1.27552986145	0.06	-0.4	2.044
1.27814292908	0.06	-0.4	2.044
1.2807559967	-0.032	0.036	-1.256
1.28341507912	-0.032	0.036	-1.256
1.28603100777	-0.04	-0.032	1.412
1.28864598274	-0.04	-0.032	1.412
1.29126095772	0.052	-0.376	2.044
1.29387998581	0.052	-0.376	2.044
1.29649400711	-0.064	0.116	-1.54
1.29910802841	-0.064	0.116	-1.54
1.30172991753	-0.028	-0.156	2.044
1.3043448925	-0.028	-0.156	2.044
1.30695986748	0.048	-0.324	1.896
1.30957388878	-0.092	0.128	-1.444
1.31219601631	-0.092	0.128	-1.444
1.31481194496	0.028	-0.224	2.044
1.31742501259	0.028	-0.224	2.044
1.32004785538	0.032	-0.232	0.964
1.32266807556	0.032	-0.232	0.964
1.32528185844	-0.088	0.124	-1.024
1.32789587975	-0.088	0.124	-1.024
1.33050990105	0.036	-0.316	2.044
1.33312988281	0.036	-0.316	2.044
1.33575487137	0.02	-0.144	0.024
1.33836889267	0.02	-0.144	0.024
1.3409819603	-0.104	0.096	-0.336
1.34360194206	-0.104	0.096	-0.336
1.34621787071	0.052	-0.376	2.044
1.34883189201	0.052	-0.376	2.044
1.35144495964	-0.036	-0.028	-0.756
1.35406208038	-0.036	-0.028	-0.756
1.35667705536	-0.06	0.02	0.544
1.35929107666	-0.06	0.02	0.544
1.36190986633	0.048	-0.392	2.044
1.36452388763	0.048	-0.392	2.044
1.36713695526	-0.044	0.048	-1.312
1.36975288391	-0.044	0.048	-1.312
1.37237286568	-0.044	-0.048	1.492
1.37499094009	-0.044	-0.048	1.492
1.37760591507	0.04	-0.356	2.044
1.38023090363	0.04	-0.356	2.044
1.38285303116	-0.064	0.112	-1.528
1.38546800613	-0.064	0.112	-1.528
1.38808298111	-0.024	-0.144	2.044
1.39069795609	-0.024	-0.144	2.044
1.39332890511	0.036	-0.312	1.828
1.39594388008	0.036	-0.312	1.828
1.39855790138	-0.084	0.124	-1.432
1.40117406845	0.02	-0.248	2.044
1.40379285812	0.02	-0.248	2.044
1.40640687943	0.044	-0.216	0.872
1.40901994705	0.044	-0.216	0.872
1.41163396835	-0.084	0.124	-0.984
1.41425490379	-0.084	0.124	-0.984
1.41687297821	0.044	-0.332	2.044
1.41948699951	0.044	-0.332	2.044
1.42210698128	0.02	-0.14	-0.036
1.42472100258	0.02	-0.14	-0.036
1.42733502388	-0.096	0.096	-0.264
1.42994999886	-0.096	0.096	-0.264
1.43256592751	0.052	-0.396	2.044
1.43517994881	0.052	-0.396	2.044
1.43779397011	-0.048	-0.024	-0.824
1.44040894508	-0.048	-0.024	-0.824
1.44303107262	-0.084	0.016	0.624
1.4456448555	-0.084	0.016	0.624
1.44825696945	0.044	-0.4	2.044
1.45087099075	0.044	-0.4	2.044
1.45349001884	-0.056	0.064	-1.352
1.45610904694	-0.056	0.064	-1.352
1.45872497559	-0.028	-0.068	1.56
1.46133899689	-0.028	-0.068	1.56
1.46395587921	0.06	-0.364	2.044
1.46658396721	0.06	-0.364	2.044
1.46919798851	-0.08	0.112	-1.548
1.47181987762	-0.08	0.112	-1.548
1.47443509102	-0.004	-0.156	2.044
1.47705101967	-0.004	-0.156	2.044
1.47966504097	0.048	-0.3	1.724
1.48228597641	0.048	-0.3	1.724
1.48489999771	-0.076	0.12	-1.4
1.48751497269	-0.076	0.12	-1.4
1.49012994766	0.012	-0.248	2.044
1.49274992943	0.012	-0.248	2.044
1.49536395073	0.02	-0.22	0.804
1.49799108505	-0.092	0.128	-0.952
1.50060606003	-0.092	0.128	-0.952
1.50322699547	0.04	-0.328	2.044
1.50584101677	0.04	-0.328	2.044
1.5084540844	0.008	-0.124	-0.108
1.51106905937	0.008	-0.124	-0.108
1.51368498802	-0.064	0.076	-0.2
1.516299963	-0.064	0.076	-0.2
1.51891493797	0.048	-0.388	2.044
1.52152895927	0.048	-0.388	2.044
1.52414894104	-0.028	-0.032	-0.868
1.52676391602	-0.028	-0.032	-0.868
1.52937889099	-0.068	0.028	0.688
1.53199887276	-0.068	0.028	0.688
1.53461194038	0.052	-0.388	2.044
1.53722786903	0.052	-0.388	2.044
1.53985190392	-0.052	0.06	-1.376
1.54246807098	-0.052	0.06	-1.376
1.54508399963	-0.044	-0.08	1.62
1.54769802094	-0.044	-0.08	1.62
1.55031299591	0.084	-0.372	2.044
1.55293393135	0.084	-0.372	2.044
1.55554890633	-0.092	0.116	-1.548
1.5581638813	-0.092	0.116	-1.548
1.56077885628	0.004	-0.164	2.044
1.56343388557	0.004	-0.164	2.044
1.56605100632	0.052	-0.292	1.672
1.56868600845	0.052	-0.292	1.672
1.57130002975	-0.084	0.12	-1.36
1.57391691208	-0.084	0.12	-1.36
1.57653307915	0.016	-0.26	2.044
1.57915091515	0.016	-0.26	2.044
1.581772089	0.024	-0.224	0.732
1.58438587189	0.024	-0.224	0.732
1.58699989319	-0.128	0.152	-0.892
1.58961486816	0.036	-0.34	2.044
1.59222888947	0.036	-0.34	2.044
1.59484386444	0.0	-0.116	-0.18
1.5974509716	0.0	-0.116	-0.18
1.60005807877	-0.06	0.068	-0.132
1.60267901421	-0.06	0.068	-0.132
1.60529398918	0.048	-0.388	2.044
1.60790801048	0.048	-0.388	2.044
1.61052203178	-0.02	-0.028	-0.908
1.61315393448	-0.02	-0.028	-0.908
1.61576986313	-0.056	0.028	0.764
1.61838698387	-0.056	0.028	0.764
1.62100195885	0.064	-0.388	2.044
1.62362098694	0.064	-0.388	2.044
1.62623596191	-0.048	0.056	-1.408
1.62885189056	-0.048	0.056	-1.408
1.63146686554	-0.028	-0.08	1.704
1.6340880394	-0.028	-0.08	1.704
1.63670301437	0.064	-0.356	2.044
1.63931798935	0.064	-0.356	2.044
1.64193797112	-0.088	0.104	-1.544
1.64455294609	-0.088	0.104	-1.544
1.64716792107	0.004	-0.168	2.044
1.64978194237	0.004	-0.168	2.044
1.65240192413	0.048	-0.284	1.616
1.65501689911	0.048	-0.284	1.616
1.65763092041	-0.072	0.12	-1.356
1.66024804115	-0.072	0.12	-1.356
1.6628639698	0.02	-0.264	2.044
1.6654779911	0.02	-0.264	2.044
1.66809201241	0.032	-0.216	0.664
1.67070508003	0.032	-0.216	0.664
1.67332005501	-0.108	0.132	-0.836
1.67593407631	-0.108	0.132	-0.836
1.67854785919	0.028	-0.344	2.044
1.68116188049	0.028	-0.344	2.044
1.68378186226	-0.008	-0.104	-0.24
1.68643903732	-0.068	0.068	-0.076
1.68905496597	-0.068	0.068	-0.076
1.69166898727	0.052	-0.392	2.044
1.69428491592	0.052	-0.392	2.044
1.69690108299	-0.016	-0.012	-0.976
1.69951987267	-0.016	-0.012	-0.976
1.70214295387	-0.064	0.016	0.836
1.70475697517	-0.064	0.016	0.836
1.70737195015	0.064	-0.388	2.044
1.70998597145	0.064	-0.388	2.044
1.71260499954	-0.028	0.064	-1.408
1.71521997452	-0.028	0.064	-1.408
1.71783399582	-0.016	-0.104	1.78
1.72044897079	-0.016	-0.104	1.78
1.72306990623	0.056	-0.356	2.044
1.72568392754	0.056	-0.356	2.044
1.72829699516	-0.092	0.108	-1.536
1.73091197014	-0.092	0.108	-1.536
1.7335319519	-0.004	-0.18	2.044
1.73614692688	-0.004	-0.18	2.044
1.73876094818	0.032	-0.284	1.528
1.74137806892	0.032	-0.284	1.528
1.7439968586	-0.096	0.14	-1.324
1.74661302567	-0.096	0.14	-1.324
1.74922704697	-0.008	-0.26	2.044
1.75184297562	-0.008	-0.26	2.044
1.75445795059	0.016	-0.208	0.592
1.75707101822	0.016	-0.208	0.592
1.75969386101	-0.08	0.132	-0.784
1.76232004166	-0.08	0.132	-0.784
1.76493406296	0.064	-0.352	2.044
1.76754903793	0.064	-0.352	2.044
1.77016305923	-0.012	-0.092	-0.324
1.77278590202	-0.012	-0.092	-0.324
1.77540206909	-0.064	0.08	-0.004
1.77801609039	0.056	-0.388	2.044
1.7806789875	0.056	-0.388	2.044
1.78330302238	-0.012	-0.032	-1.02
1.78591895103	-0.012	-0.032	-1.02
1.78853607178	-0.048	0.0	0.908
1.79114198685	-0.048	0.0	0.908
1.79374885559	0.06	-0.384	2.044
1.79636287689	0.06	-0.384	2.044
1.79897594452	-0.064	0.084	-1.444
1.80159091949	-0.064	0.084	-1.444
1.80421185493	-0.036	-0.092	1.848
1.806828022	-0.036	-0.092	1.848
1.8094420433	0.056	-0.348	2.044
1.81206202507	0.056	-0.348	2.044
1.81467604637	-0.068	0.108	-1.532
1.81729388237	-0.068	0.108	-1.532
1.81991100311	0.012	-0.192	2.044
1.82253408432	0.012	-0.192	2.044
1.8251490593	0.036	-0.284	1.46
1.8277630806	0.036	-0.284	1.46
1.83037686348	-0.088	0.14	-1.288
1.83301186562	-0.088	0.14	-1.288
1.83562803268	0.016	-0.284	2.044
1.83824086189	0.016	-0.284	2.044
1.84085488319	0.02	-0.196	0.504
1.84347391129	0.02	-0.196	0.504
1.84608793259	-0.076	0.1	-0.732
1.84870290756	-0.076	0.1	-0.732
1.85131788254	0.056	-0.36	2.044
1.85393595695	0.056	-0.36	2.044
1.85655093193	-0.012	-0.092	-0.364
1.85916686058	-0.012	-0.092	-0.364
1.86178708076	-0.068	0.088	0.064
1.86440086365	-0.068	0.088	0.064
1.86701488495	0.064	-0.384	2.044
1.86962890625	0.064	-0.384	2.044
1.87224888802	-0.028	0.004	-1.064
1.87486505508	-0.036	-0.008	0.988
1.87748003006	-0.036	-0.008	0.988
1.88009405136	0.052	-0.392	2.044
1.88271403313	0.052	-0.392	2.044
1.88532805443	-0.1	0.084	-1.468
1.88794398308	-0.1	0.084	-1.468
1.89055800438	-0.036	-0.096	1.912
1.89317893982	-0.036	-0.096	1.912
1.89579391479	0.04	-0.34	2.044
1.8984079361	0.04	-0.34	2.044
1.90102100372	-0.092	0.108	-1.532
1.90364408493	-0.092	0.108	-1.532
1.90626907349	0.008	-0.208	2.044
1.90888285637	0.008	-0.208	2.044
1.911495924	0.056	-0.284	1.372
1.91411089897	0.056	-0.284	1.372
1.9167239666	-0.116	0.144	-1.264
1.91933989525	-0.116	0.144	-1.264
1.92196202278	0.028	-0.292	2.044
1.92457604408	0.028	-0.292	2.044
1.92718887329	0.016	-0.192	0.452
1.92980289459	0.016	-0.192	0.452
1.93242287636	-0.084	0.092	-0.68
1.93503808975	-0.084	0.092	-0.68
1.93765306473	0.044	-0.356	2.044
1.94026708603	0.044	-0.356	2.044
1.94288492203	-0.004	-0.1	-0.428
1.9455010891	-0.004	-0.1	-0.428
1.94811701775	-0.096	0.064	0.148
1.95073008537	-0.096	0.064	0.148
1.95342302322	0.064	-0.392	2.044
1.9560790062	0.064	-0.392	2.044
1.95870494843	-0.016	0.024	-1.112
1.96132493019	-0.016	0.024	-1.112
1.96395397186	-0.044	-0.024	1.06
1.96657085419	0.052	-0.388	2.044
1.96918702126	0.052	-0.388	2.044
1.97180891037	-0.076	0.084	-1.48
1.97442698479	-0.076	0.084	-1.48
1.97704291344	-0.044	-0.092	1.984
1.97967004776	-0.044	-0.092	1.984
1.98228788376	0.044	-0.332	2.044
1.98490691185	0.044	-0.332	2.044
1.98752307892	-0.092	0.128	-1.52
1.99013900757	-0.092	0.128	-1.52
1.99275708199	-0.004	-0.212	2.044
1.99537396431	-0.004	-0.212	2.044
1.99799108505	0.04	-0.284	1.312
2.00060606003	0.04	-0.284	1.312
2.00322794914	-0.104	0.148	-1.216
2.00584506989	-0.104	0.148	-1.216
2.00846195221	0.036	-0.292	2.044
2.01107692719	0.036	-0.292	2.044
2.01369404793	0.032	-0.172	0.368
2.01630806923	0.032	-0.172	0.368
2.0189230442	-0.092	0.1	-0.608
2.02156996727	-0.092	0.1	-0.608
2.02419090271	0.056	-0.368	2.044
2.02680802345	0.056	-0.368	2.044
2.0294239521	-0.004	-0.08	-0.5
2.03203606606	-0.004	-0.08	-0.5
2.0346429348	-0.1	0.06	0.2
2.03724908829	-0.1	0.06	0.2
2.03986501694	0.056	-0.376	2.044
2.04247808456	0.056	-0.376	2.044
2.04509687424	-0.04	0.016	-1.148
2.04772400856	-0.04	0.016	-1.148
2.05034208298	-0.048	-0.032	1.128
2.052973032	-0.048	-0.032	1.128
2.05560088158	0.06	-0.384	2.044
2.05820989609	-0.06	0.08	-1.492
2.06081795692	-0.06	0.08	-1.492
2.06347203255	-0.008	-0.116	2.044
2.06609296799	-0.008	-0.116	2.044
2.06870889664	0.036	-0.332	2.044
2.07132387161	0.036	-0.332	2.044
2.0739428997	-0.06	0.128	-1.5
2.07655501366	-0.06	0.128	-1.5
2.07916593552	-0.004	-0.22	2.044
2.08178901672	-0.004	-0.22	2.044
2.08440589905	0.036	-0.272	1.224
2.08702087402	0.036	-0.272	1.224
2.08963799477	-0.108	0.132	-1.172
2.09225988388	-0.108	0.132	-1.172
2.09487605095	0.028	-0.296	2.044
2.09749293327	0.028	-0.296	2.044
2.10010886192	0.02	-0.156	0.288
2.10272908211	0.02	-0.156	0.288
2.10534906387	-0.068	0.112	-0.564
2.1079659462	-0.068	0.112	-0.564
2.11058187485	0.044	-0.356	2.044
2.11319708824	0.044	-0.356	2.044
2.11581301689	0.008	-0.068	-0.556
2.11842799187	0.008	-0.068	-0.556
2.12104296684	-0.076	0.064	0.288
2.12366604805	-0.076	0.064	0.288
2.12628889084	0.08	-0.408	2.044
2.12890386581	0.08	-0.408	2.044
2.13151907921	-0.052	0.032	-1.192
2.13414502144	-0.052	0.032	-1.192
2.13676095009	-0.06	-0.036	1.224
2.13937687874	-0.06	-0.036	1.224
2.14199995995	0.048	-0.392	2.044
2.14461398125	0.048	-0.392	2.044
2.14723300934	-0.068	0.076	-1.516
2.14984798431	-0.02	-0.116	2.044
2.15246486664	-0.02	-0.116	2.044
2.15508294106	0.052	-0.336	2.044
2.15769791603	0.052	-0.336	2.044
2.16031289101	-0.072	0.132	-1.508
2.16293597221	-0.072	0.132	-1.508
2.16555094719	0.016	-0.22	2.044
2.16816592216	0.016	-0.22	2.044
2.17078089714	0.04	-0.256	1.152
2.17346286774	0.04	-0.256	1.152
2.17608094215	-0.068	0.132	-1.144
2.1786980629	-0.068	0.132	-1.144
2.18131494522	0.032	-0.296	2.044
2.18393707275	0.032	-0.296	2.044
2.18655705452	0.004	-0.152	0.208
2.18917107582	0.004	-0.152	0.208
2.19178700447	-0.084	0.124	-0.5
2.1944000721	-0.084	0.124	-0.5
2.19701099396	0.052	-0.376	2.044
2.19964504242	0.052	-0.376	2.044
2.20226788521	-0.012	-0.048	-0.632
2.20488595963	-0.012	-0.048	-0.632
2.20750188828	-0.036	0.052	0.352
2.21011686325	-0.036	0.052	0.352
2.21273708344	0.06	-0.392	2.044
2.21535301208	0.06	-0.392	2.044
2.21796894073	-0.06	0.024	-1.248
2.22058606148	-0.06	0.024	-1.248
2.22320699692	-0.048	-0.024	1.296
2.22582387924	-0.048	-0.024	1.296
2.22844386101	0.052	-0.368	2.044
2.2310590744	0.052	-0.368	2.044
2.2336769104	-0.072	0.092	-1.524
2.23629307747	-0.072	0.092	-1.524
2.23890805244	-0.024	-0.132	2.044
2.24152588844	0.04	-0.328	2.012
2.24414801598	0.04	-0.328	2.012
2.24676203728	-0.108	0.132	-1.484
2.2493929863	-0.108	0.132	-1.484
2.2520160675	-0.02	-0.216	2.044
2.25462508202	-0.02	-0.216	2.044
2.25723385811	0.044	-0.252	1.068
2.25984096527	0.044	-0.252	1.068
2.26245307922	-0.08	0.12	-1.088
2.26507592201	-0.08	0.12	-1.088
2.26769804955	0.04	-0.32	2.044
2.27031302452	0.04	-0.32	2.044
2.27293992043	0.024	-0.16	0.132
2.27555608749	0.024	-0.16	0.132
2.27817106247	-0.1	0.116	-0.432
2.28078794479	-0.1	0.116	-0.432
2.28343296051	0.052	-0.372	2.044
2.28604793549	0.052	-0.372	2.044
2.28866386414	-0.004	-0.048	-0.684
2.29131197929	-0.004	-0.048	-0.684
2.29393196106	-0.052	0.048	0.42
2.29654693604	-0.052	0.048	0.42
2.29916191101	0.06	-0.4	2.044
2.30178308487	0.06	-0.4	2.044
2.30439901352	-0.048	0.032	-1.272
2.30701589584	-0.048	0.032	-1.272
2.30963492393	-0.024	-0.036	1.38
2.31225299835	-0.024	-0.036	1.38
2.31486988068	0.064	-0.376	2.044
2.31748485565	0.064	-0.376	2.044
2.32010102272	-0.064	0.108	-1.528
2.32272291183	-0.064	0.108	-1.528
2.3253390789	-0.028	-0.136	2.044
2.32795596123	-0.028	-0.136	2.044
2.33057308197	0.044	-0.32	1.924
2.33319497108	-0.108	0.128	-1.464
2.33581089973	-0.108	0.128	-1.464
2.33842802048	0.004	-0.24	2.044
2.34104299545	0.004	-0.24	2.044
2.34366297722	0.032	-0.228	0.98
2.34628987312	0.032	-0.228	0.98
2.34890890121	-0.096	0.112	-1.048
2.35152602196	-0.096	0.112	-1.048
2.35414600372	0.032	-0.328	2.044
2.35676193237	0.032	-0.328	2.044
2.35937690735	0.028	-0.168	0.056
2.36199998856	0.028	-0.168	0.056
2.36461496353	-0.1	0.116	-0.372
2.36723089218	-0.1	0.116	-0.372
2.36984801292	0.048	-0.376	2.044
2.37246990204	0.048	-0.376	2.044
2.37508606911	-0.02	-0.044	-0.74
2.37770390511	-0.02	-0.044	-0.74
2.38032102585	-0.06	0.024	0.516
2.38294291496	-0.06	0.024	0.516
2.38555788994	0.048	-0.396	2.044
2.38817286491	0.048	-0.396	2.044
2.39079189301	-0.044	0.036	-1.304
2.39342999458	-0.044	0.036	-1.304
2.39604687691	-0.04	-0.04	1.444
2.3986620903	-0.04	-0.04	1.444
2.40129089355	0.052	-0.364	2.044
2.40391302109	0.052	-0.364	2.044
2.40652894974	-0.044	0.104	-1.532
2.40914487839	-0.044	0.104	-1.532
2.41176795959	-0.032	-0.152	2.044
2.41438293457	-0.032	-0.152	2.044
2.41700005531	0.044	-0.316	1.852
2.41962504387	0.044	-0.316	1.852
2.42224597931	-0.088	0.132	-1.428
2.42486286163	0.016	-0.248	2.044
2.42747998238	0.016	-0.248	2.044
2.43009805679	0.036	-0.24	0.916
2.43271398544	0.036	-0.24	0.916
2.43533086777	-0.096	0.12	-1.004
2.43794703484	-0.096	0.12	-1.004
2.4405670166	0.032	-0.336	2.044
2.44318795204	0.032	-0.336	2.044
2.44580292702	0.016	-0.14	-0.02
2.44841790199	0.016	-0.14	-0.02
2.45103406906	-0.092	0.084	-0.284
2.45366597176	-0.092	0.084	-0.284
2.45627498627	0.052	-0.38	2.044
2.45888400078	0.052	-0.38	2.044
2.46148991585	-0.028	-0.036	-0.8
2.46412205696	-0.028	-0.036	-0.8
2.46674394608	-0.06	0.02	0.592
2.46935796738	-0.06	0.02	0.592
2.47197794914	0.06	-0.4	2.044
2.47459387779	0.06	-0.4	2.044
2.47720909119	-0.036	0.048	-1.336
2.47982501984	-0.036	0.048	-1.336
2.48244786263	-0.036	-0.06	1.536
2.48506402969	-0.036	-0.06	1.536
2.48768186569	0.04	-0.344	2.044
2.49029803276	0.04	-0.344	2.044
2.49292802811	-0.068	0.12	-1.536
2.49554491043	-0.068	0.12	-1.536
2.49816703796	-0.016	-0.156	2.044
2.50078296661	-0.016	-0.156	2.044
2.50343203545	0.044	-0.3	1.764
2.50604987144	0.044	-0.3	1.764
2.50866389275	-0.076	0.128	-1.42
2.51128387451	-0.076	0.128	-1.42
2.5139029026	0.016	-0.248	2.044
2.51651906967	0.036	-0.228	0.824
2.51913309097	0.036	-0.228	0.824
2.52175593376	-0.072	0.124	-0.952
2.5243730545	-0.072	0.124	-0.952
2.52698898315	0.028	-0.328	2.044
2.52960705757	0.028	-0.328	2.044
2.53222799301	0.008	-0.132	-0.1
2.53484296799	0.008	-0.132	-0.1
2.53747200966	-0.072	0.084	-0.232
2.54008793831	-0.072	0.084	-0.232
2.54270505905	0.052	-0.4	2.044
2.5453350544	0.052	-0.4	2.044
2.5479490757	-0.032	-0.032	-0.856
2.55056500435	-0.032	-0.032	-0.856
2.55318593979	-0.06	0.024	0.672
2.55580186844	-0.06	0.024	0.672
2.55841708183	0.064	-0.396	2.044
2.56103205681	0.064	-0.396	2.044
2.56365299225	-0.04	0.06	-1.372
2.56627893448	-0.04	0.06	-1.372
2.56889605522	-0.036	-0.072	1.612
2.57151198387	-0.036	-0.072	1.612
2.5741288662	0.06	-0.364	2.044
2.57674407959	0.06	-0.364	2.044
2.57936000824	-0.08	0.124	-1.552
2.58198189735	-0.08	0.124	-1.552
2.5845990181	-0.012	-0.16	2.044
2.58721590042	-0.012	-0.16	2.044
2.58983302116	0.032	-0.292	1.692
2.59245991707	0.032	-0.292	1.692
2.59511494637	-0.096	0.108	-1.376
2.59773397446	-0.096	0.108	-1.376
2.60035085678	0.028	-0.272	2.044
2.60297489166	0.028	-0.272	2.044
2.60559105873	0.028	-0.228	0.744
2.60820508003	-0.1	0.14	-0.896
2.61082291603	-0.1	0.14	-0.896
2.61344599724	0.056	-0.34	2.044
2.61606192589	0.056	-0.34	2.044
2.61867785454	0.008	-0.112	-0.172
2.62129402161	0.008	-0.112	-0.172
2.62391591072	-0.052	0.06	-0.152
2.62653207779	-0.052	0.06	-0.152
2.62914800644	0.056	-0.376	2.044
2.63176894188	0.056	-0.376	2.044
2.63440108299	-0.032	-0.024	-0.916
2.63701891899	-0.032	-0.024	-0.916
2.63964390755	-0.072	0.024	0.744
2.64227890968	-0.072	0.024	0.744
2.64489388466	0.068	-0.384	2.044
2.64751005173	0.068	-0.384	2.044
2.65012598038	-0.048	0.076	-1.408
2.65274906158	-0.048	0.076	-1.408
2.655356884	-0.032	-0.088	1.684
2.65796709061	-0.032	-0.088	1.684
2.66057491302	0.056	-0.36	2.044
2.66318702698	0.056	-0.36	2.044
2.66580796242	-0.084	0.108	-1.54
2.66842699051	-0.084	0.108	-1.54
2.67104196548	-0.012	-0.164	2.044
2.67366504669	-0.012	-0.164	2.044
2.67628097534	0.048	-0.288	1.616
2.67889595032	0.048	-0.288	1.616
2.68152189255	-0.096	0.136	-1.36
2.68414998055	-0.096	0.136	-1.36
2.68676590919	0.016	-0.28	2.044
2.68939089775	0.016	-0.28	2.044
2.69201302528	0.024	-0.22	0.656
2.69462895393	0.024	-0.22	0.656
2.69724297523	-0.112	0.132	-0.84
2.69985985756	0.048	-0.344	2.044
2.70248198509	0.048	-0.344	2.044
2.70509696007	0.016	-0.112	-0.236
2.70771288872	0.016	-0.112	-0.236
2.71032786369	-0.06	0.06	-0.08
2.71295499802	-0.06	0.06	-0.08
2.71557497978	0.06	-0.384	2.044
2.71818995476	0.06	-0.384	2.044
2.72080397606	-0.008	-0.004	-0.96
2.72342801094	-0.008	-0.004	-0.96
2.72604393959	-0.06	0.016	0.824
2.72865796089	-0.06	0.016	0.824
2.73127388954	0.048	-0.376	2.044
2.7338950634	0.048	-0.376	2.044
2.73651003838	-0.056	0.084	-1.412
2.73912596703	-0.056	0.084	-1.412
2.74174785614	-0.028	-0.104	1.756
2.74436593056	-0.028	-0.104	1.756
2.7469830513	0.048	-0.36	2.044
2.74959802628	0.048	-0.36	2.044
2.75221395493	-0.092	0.104	-1.54
2.75483489037	-0.092	0.104	-1.54
2.75745201111	0.004	-0.192	2.044
2.76006793976	0.004	-0.192	2.044
2.76269102097	0.028	-0.276	1.54
2.76530694962	0.028	-0.276	1.54
2.76792097092	-0.08	0.14	-1.332
2.77053689957	-0.08	0.14	-1.332
2.7731590271	0.028	-0.28	2.044
2.77577495575	0.028	-0.28	2.044
2.7783908844	0.024	-0.212	0.604
2.78100705147	0.024	-0.212	0.604
2.78362894058	-0.084	0.12	-0.788
2.78625607491	-0.084	0.12	-0.788
2.78887295723	0.036	-0.344	2.044
2.79148793221	-0.004	-0.088	-0.316
2.7941069603	-0.004	-0.088	-0.316
2.79672694206	-0.068	0.076	-0.016
2.79934191704	-0.068	0.076	-0.016
2.80196404457	0.056	-0.388	2.044
2.80457997322	0.056	-0.388	2.044
2.80719399452	-0.012	-0.008	-1.004
2.80981206894	-0.012	-0.008	-1.004
2.81244707108	-0.04	0.0	0.888
2.81505489349	-0.04	0.0	0.888
2.81766295433	0.06	-0.38	2.044
2.82027888298	0.06	-0.38	2.044
2.82290005684	-0.056	0.08	-1.44
2.82552886009	-0.056	0.08	-1.44
2.82814598083	-0.056	-0.088	1.836
2.83076095581	-0.056	-0.088	1.836
2.83342504501	0.048	-0.352	2.044
2.83604502678	0.048	-0.352	2.044
2.83866095543	-0.08	0.104	-1.548
2.84127807617	-0.08	0.104	-1.548
2.84390091896	-0.012	-0.188	2.044
2.8465180397	-0.012	-0.188	2.044
2.84913396835	0.032	-0.276	1.484
2.85175490379	0.032	-0.276	1.484
2.85436201096	-0.088	0.136	-1.292
2.85697102547	-0.088	0.136	-1.292
2.85958886147	0.036	-0.276	2.044
2.86220192909	0.036	-0.276	2.044
2.86482095718	0.044	-0.192	0.508
2.86743807793	0.044	-0.192	0.508
2.87005186081	-0.068	0.108	-0.752
2.87266993523	-0.068	0.108	-0.752
2.87529206276	0.048	-0.352	2.044
2.87790989876	0.048	-0.352	2.044
2.88052606583	-0.02	-0.092	-0.364
2.88314986229	-0.068	0.068	0.048
2.88576507568	-0.068	0.068	0.048
2.88837885857	0.048	-0.392	2.044
2.89099502563	0.048	-0.392	2.044
2.89361596107	-0.024	0.008	-1.048
2.89623188972	-0.024	0.008	-1.048
2.89884901047	-0.048	-0.004	0.98
2.90146398544	-0.048	-0.004	0.98
2.90408587456	0.052	-0.392	2.044
2.90670204163	0.052	-0.392	2.044
2.9093170166	-0.092	0.088	-1.464
2.91193389893	-0.092	0.088	-1.464
2.91455197334	-0.02	-0.096	1.896
2.91717100143	-0.02	-0.096	1.896
2.91978788376	0.044	-0.34	2.044
2.92241096497	0.044	-0.34	2.044
2.92502498627	-0.084	0.116	-1.532
2.92764091492	-0.084	0.116	-1.532
2.93025803566	-0.004	-0.196	2.044
2.93288993835	-0.004	-0.196	2.044
2.93554401398	0.044	-0.296	1.4
2.93816304207	0.044	-0.296	1.4
2.94077897072	-0.096	0.144	-1.26
2.94346404076	-0.096	0.144	-1.26
2.9460849762	0.02	-0.26	2.044
2.94869995117	0.02	-0.26	2.044
2.95131492615	0.028	-0.188	0.444
2.95393395424	0.028	-0.188	0.444
2.95654892921	-0.064	0.096	-0.676
2.95916795731	-0.064	0.096	-0.676
2.96179199219	0.048	-0.36	2.044
2.96440696716	0.048	-0.36	2.044
2.96702194214	0.004	-0.088	-0.42
2.96965289116	0.004	-0.088	-0.42
2.97227501869	-0.092	0.08	0.116
2.97488999367	0.072	-0.392	2.044
2.97751808167	0.072	-0.392	2.044
2.98013401031	-0.036	0.016	-1.104
2.98275089264	-0.036	0.016	-1.104
2.98538899422	-0.056	-0.012	1.044
2.98800587654	-0.056	-0.012	1.044
2.99062204361	0.036	-0.376	2.044
2.99323797226	0.036	-0.376	2.044
2.99585485458	-0.096	0.084	-1.476
2.99847388268	-0.096	0.084	-1.476
3.00109100342	-0.024	-0.096	1.964
3.0037150383	-0.024	-0.096	1.964
3.00634407997	0.056	-0.332	2.044
3.00895905495	0.056	-0.332	2.044
3.0115749836	-0.08	0.116	-1.528
3.0141980648	-0.08	0.116	-1.528
3.01681399345	0.008	-0.212	2.044
3.0194299221	0.008	-0.212	2.044
3.02205085754	0.048	-0.276	1.324
3.02466702461	0.048	-0.276	1.324
3.02728199959	-0.092	0.14	-1.228
3.02989792824	-0.092	0.14	-1.228
3.03251600266	0.032	-0.288	2.044
3.03512501717	0.032	-0.288	2.044
3.03773093224	0.016	-0.172	0.38
3.04034090042	0.016	-0.172	0.38
3.04299402237	-0.096	0.096	-0.628
3.04561591148	-0.096	0.096	-0.628
3.0482339859	0.044	-0.36	2.044
3.05085086823	0.044	-0.36	2.044
3.05346894264	0.004	-0.08	-0.472
3.05608201027	0.004	-0.08	-0.472
3.05868887901	-0.092	0.068	0.18
3.06129598618	-0.092	0.068	0.18
3.06391406059	0.052	-0.38	2.044
3.06653594971	-0.028	0.02	-1.136
3.06915092468	-0.028	0.02	-1.136
3.07176685333	-0.048	-0.024	1.112
3.07438397408	-0.048	-0.024	1.112
3.07699990273	0.052	-0.396	2.044
3.07962799072	0.052	-0.396	2.044
3.0822520256	-0.064	0.084	-1.496
3.08486890793	-0.064	0.084	-1.496
3.0874838829	-0.032	-0.108	2.032
3.09010195732	-0.032	-0.108	2.032
3.09272408485	0.04	-0.336	2.044
3.09533905983	0.04	-0.336	2.044
3.09795498848	-0.056	0.104	-1.512
3.10057091713	-0.056	0.104	-1.512
3.10319304466	-0.012	-0.208	2.044
3.10580992699	-0.012	-0.208	2.044
3.10842585564	0.044	-0.268	1.252
3.11103987694	0.044	-0.268	1.252
3.11367106438	-0.084	0.132	-1.18
3.11628699303	-0.084	0.132	-1.18
3.11890101433	0.04	-0.296	2.044
3.12153291702	0.04	-0.296	2.044
3.12415409088	0.016	-0.156	0.304
3.12676906586	0.016	-0.156	0.304
3.1294028759	-0.088	0.096	-0.568
3.13202595711	-0.088	0.096	-0.568
3.13464093208	0.056	-0.352	2.044
3.13725590706	0.056	-0.352	2.044
3.13987088203	-0.008	-0.068	-0.544
3.14249300957	-0.008	-0.068	-0.544
3.14510989189	-0.096	0.06	0.264
3.14772486687	-0.096	0.06	0.264
3.15033888817	0.06	-0.404	2.044
3.15296387672	0.06	-0.404	2.044
3.15558099747	-0.056	0.036	-1.176
3.15819692612	-0.036	-0.036	1.196
3.16081595421	-0.036	-0.036	1.196
3.16343998909	0.06	-0.388	2.044
3.16605496407	0.06	-0.388	2.044
3.16866898537	-0.068	0.072	-1.5
3.1712808609	-0.068	0.072	-1.5
3.17389702797	-0.012	-0.124	2.044
3.17651391029	-0.012	-0.124	2.044
3.17913198471	0.04	-0.324	2.044
3.18175506592	0.04	-0.324	2.044
3.18436908722	-0.076	0.132	-1.5
3.18698191643	-0.076	0.132	-1.5
3.18959307671	0.008	-0.24	2.044
3.19220900536	0.008	-0.24	2.044
3.19482588768	0.028	-0.26	1.164
3.19744086266	0.028	-0.26	1.164
3.20005488396	-0.072	0.124	-1.144
3.20268201828	-0.072	0.124	-1.144
3.20529794693	0.032	-0.288	2.044
3.20791196823	0.032	-0.288	2.044
3.21052908897	0.012	-0.152	0.216
3.21314907074	0.012	-0.152	0.216
3.21576786041	-0.06	0.116	-0.504
3.21838498116	-0.06	0.116	-0.504
3.22099995613	0.052	-0.356	2.044
3.22361803055	0.052	-0.356	2.044
3.22624397278	-0.012	-0.048	-0.62
3.2288608551	-0.012	-0.048	-0.62
3.23147702217	-0.06	0.064	0.344
3.23409986496	-0.06	0.064	0.344
3.23671388626	0.048	-0.4	2.044
3.23932886124	0.048	-0.4	2.044
3.24195504189	-0.084	0.028	-1.216
3.24457097054	-0.084	0.028	-1.216
3.24718594551	-0.052	-0.024	1.276
3.24980401993	-0.052	-0.024	1.276
3.25242495537	0.056	-0.38	2.044
3.25503206253	-0.064	0.088	-1.524
3.25765585899	-0.064	0.088	-1.524
3.26026391983	-0.004	-0.14	2.044
3.26287603378	-0.004	-0.14	2.044
3.26549601555	0.052	-0.324	2.02
3.26811599731	0.052	-0.324	2.02
3.27073001862	-0.084	0.132	-1.48
3.27337789536	-0.084	0.132	-1.48
3.2759950161	0.008	-0.228	2.044
3.27860999107	0.008	-0.228	2.044
3.28122401237	0.028	-0.24	1.084
3.28384995461	0.028	-0.24	1.084
3.28646492958	-0.092	0.12	-1.104
3.28907990456	-0.092	0.12	-1.104
3.29172301292	0.032	-0.324	2.044
3.29433894157	0.032	-0.324	2.044
3.29695391655	-0.004	-0.148	0.132
3.29958796501	-0.004	-0.148	0.132
3.30220985413	-0.096	0.124	-0.456
3.30482792854	-0.096	0.124	-0.456
3.30744504929	0.06	-0.384	2.044
3.31006002426	0.06	-0.384	2.044
3.31267786026	-0.012	-0.052	-0.676
3.315294981	-0.012	-0.052	-0.676
3.31791090965	-0.032	0.044	0.424
3.32056593895	-0.032	0.044	0.424
3.32319307327	0.068	-0.388	2.044
3.32580900192	0.068	-0.388	2.044
3.32842493057	-0.064	0.028	-1.26
3.33104085922	-0.064	0.028	-1.26
3.33366298676	-0.044	-0.04	1.372
3.33627986908	-0.044	-0.04	1.372
3.33889603615	0.056	-0.368	2.044
3.34151101112	-0.076	0.096	-1.532
3.34413385391	-0.076	0.096	-1.532
3.34675002098	-0.02	-0.144	2.044
3.34936499596	-0.02	-0.144	2.044
3.35198092461	0.052	-0.328	1.956
3.35460996628	0.052	-0.328	1.956
3.35722398758	-0.104	0.136	-1.452
3.35983800888	-0.104	0.136	-1.452
3.36246109009	0.008	-0.244	2.044
3.36507892609	0.008	-0.244	2.044
3.36769294739	0.04	-0.232	0.988
3.37031006813	0.04	-0.232	0.988
3.37294006348	-0.092	0.12	-1.064
3.37555599213	-0.092	0.12	-1.064
3.37817192078	0.024	-0.324	2.044
3.3807849884	0.024	-0.324	2.044
3.38346600533	0.016	-0.156	0.064
3.38608407974	0.016	-0.156	0.064
3.38870000839	-0.12	0.12	-0.388
3.39131498337	-0.12	0.12	-0.388
3.39393401146	0.048	-0.364	2.044
3.39654898643	0.048	-0.364	2.044
3.39916300774	-0.02	-0.044	-0.724
3.40178894997	-0.02	-0.044	-0.724
3.40440797806	-0.06	0.032	0.524
3.40702199936	-0.06	0.032	0.524
3.40963792801	0.064	-0.396	2.044
3.41225790977	0.064	-0.396	2.044
3.41487288475	-0.048	0.04	-1.288
3.41750001907	-0.048	0.04	-1.288
3.42012095451	-0.036	-0.048	1.44
3.42274188995	-0.036	-0.048	1.44
3.42535805702	0.056	-0.36	2.044
3.427973032	0.056	-0.36	2.044
3.4305870533	-0.068	0.108	-1.548
3.43320393562	-0.016	-0.156	2.044
3.43582105637	-0.016	-0.156	2.044
3.43843603134	0.044	-0.312	1.868
3.44105100632	0.044	-0.312	1.868
3.4436750412	-0.112	0.124	-1.444
3.44630289078	-0.112	0.124	-1.444
3.44892001152	0.012	-0.248	2.044
3.4515349865	0.012	-0.248	2.044
3.45415306091	0.032	-0.232	0.924
3.45675992966	0.032	-0.232	0.924
3.45936703682	-0.08	0.132	-1.02
3.46197891235	-0.08	0.132	-1.02
3.46459889412	0.048	-0.328	2.044
3.46721601486	0.048	-0.328	2.044
3.46983098984	0.016	-0.144	-0.004
3.47244787216	0.016	-0.144	-0.004
3.4750649929	-0.092	0.112	-0.288
3.47767996788	-0.092	0.112	-0.288
3.4802980423	0.056	-0.396	2.044
3.48292088509	0.056	-0.396	2.044
3.48553991318	-0.032	-0.028	-0.78
3.48815703392	-0.032	-0.028	-0.78
3.49077391624	-0.064	0.028	0.58
3.49344491959	-0.064	0.028	0.58
3.49606204033	0.048	-0.396	2.044
3.49867987633	0.048	-0.396	2.044
3.50129389763	-0.028	0.044	-1.336
3.50392889977	-0.028	0.044	-1.336
3.50654506683	-0.036	-0.052	1.516
3.50916099548	-0.036	-0.052	1.516
3.51180195808	0.064	-0.356	2.044
3.51441907883	0.064	-0.356	2.044
3.5170340538	-0.056	0.112	-1.54
3.51965904236	-0.056	0.112	-1.54
3.52228093147	-0.02	-0.148	2.044
3.52489686012	0.052	-0.312	1.78
3.52751398087	0.052	-0.312	1.78
3.53013086319	-0.08	0.136	-1.428
3.53275299072	-0.08	0.136	-1.428
3.53536891937	0.004	-0.252	2.044
3.53798389435	0.004	-0.252	2.044
3.54059886932	0.016	-0.228	0.844
3.54321408272	0.016	-0.228	0.844
3.54583001137	-0.092	0.136	-0.956
3.54844594002	-0.092	0.136	-0.956
3.55106186867	0.044	-0.332	2.044
3.55367898941	0.044	-0.332	2.044
3.55629301071	0.028	-0.14	-0.08
3.55890798569	0.028	-0.14	-0.08
3.56152486801	-0.072	0.088	-0.228
3.56414699554	-0.072	0.088	-0.228
3.56676602364	0.068	-0.396	2.044
3.56938099861	0.068	-0.396	2.044
3.57199692726	-0.028	-0.028	-0.852
3.57461690903	-0.028	-0.028	-0.852
3.5772330761	-0.052	0.024	0.656
3.57984805107	-0.052	0.024	0.656
3.58246898651	0.06	-0.396	2.044
3.58508396149	0.06	-0.396	2.044
3.58769893646	-0.052	0.064	-1.368
3.59031391144	-0.052	0.064	-1.368
3.59293985367	-0.048	-0.072	1.596
3.59555792809	-0.048	-0.072	1.596
3.59817385674	0.044	-0.352	2.044
3.60078787804	0.044	-0.352	2.044
3.60343599319	-0.088	0.136	-1.568
3.60605287552	-0.088	0.136	-1.568
3.60867190361	-0.016	-0.16	2.044
3.61128902435	-0.016	-0.16	2.044
3.61391091347	0.036	-0.3	1.712
3.61652493477	-0.084	0.132	-1.384
3.61914205551	-0.084	0.132	-1.384
3.62176299095	0.02	-0.268	2.044
3.62437796593	0.02	-0.268	2.044
3.6269929409	0.032	-0.224	0.76
3.6296069622	0.032	-0.224	0.76
3.63222193718	-0.108	0.144	-0.908
3.63483786583	-0.108	0.144	-0.908
3.6374540329	0.028	-0.328	2.044
3.64007306099	0.028	-0.328	2.044
3.64269590378	0.012	-0.124	-0.152
3.64531087875	0.012	-0.124	-0.152
3.64794301987	-0.06	0.06	-0.16
3.65055894852	-0.06	0.06	-0.16
3.65317988396	0.06	-0.392	2.044
3.65580606461	0.06	-0.392	2.044
3.65841507912	-0.032	-0.012	-0.904
3.66102385521	-0.032	-0.012	-0.904
3.66364598274	-0.056	0.028	0.74
3.66627597809	-0.056	0.028	0.74
3.66888999939	0.072	-0.38	2.044
3.67150497437	0.072	-0.38	2.044
3.67412805557	-0.044	0.076	-1.4
3.67674398422	-0.044	0.076	-1.4
3.67935991287	-0.044	-0.076	1.676
3.68198299408	-0.044	-0.076	1.676
3.68459892273	0.052	-0.36	2.044
3.68721294403	0.052	-0.36	2.044
3.6898329258	-0.116	0.108	-1.544
3.69245505333	-0.116	0.108	-1.544
3.69507002831	-0.008	-0.168	2.044
3.6976878643	-0.008	-0.168	2.044
3.70030403137	0.048	-0.308	1.632
3.70292401314	0.048	-0.308	1.632
3.70554089546	-0.1	0.132	-1.356
3.70815706253	0.02	-0.264	2.044
3.71077203751	0.02	-0.264	2.044
3.71341896057	0.044	-0.224	0.68
3.71603488922	0.044	-0.224	0.68
3.71864795685	-0.104	0.132	-0.852
3.72126507759	-0.104	0.132	-0.852
3.72388887405	0.048	-0.332	2.044
3.72650408745	0.048	-0.332	2.044
3.72912287712	0.012	-0.104	-0.216
3.73174595833	0.012	-0.104	-0.216
3.73436188698	-0.064	0.064	-0.104
3.73697900772	-0.064	0.064	-0.104
3.73960399628	0.052	-0.396	2.044
3.74222493172	0.052	-0.396	2.044
3.74483990669	-0.024	-0.008	-0.956
3.74745488167	-0.024	-0.008	-0.956
3.75007200241	-0.08	0.012	0.816
3.75272989273	-0.08	0.012	0.816
3.75534796715	0.068	-0.384	2.044
3.7579638958	0.068	-0.384	2.044
3.76057887077	-0.04	0.068	-1.412
3.76320290565	-0.04	0.068	-1.412
3.76581907272	-0.024	-0.088	1.736
3.76843500137	-0.024	-0.088	1.736
3.77105593681	0.06	-0.356	2.044
3.77367806435	0.06	-0.356	2.044
3.77629303932	-0.076	0.108	-1.548
3.77890896797	-0.076	0.108	-1.548
3.78152489662	0.0	-0.184	2.044
3.78413891792	0.0	-0.184	2.044
3.78674602509	0.028	-0.284	1.544
3.78936100006	0.028	-0.284	1.544
3.79197692871	-0.084	0.14	-1.312
3.79459190369	-0.084	0.14	-1.312
3.79720807076	0.016	-0.268	2.044
3.7998418808	0.024	-0.216	0.608
3.80246496201	0.024	-0.216	0.608
3.80507993698	-0.08	0.112	-0.788
3.80769395828	-0.08	0.112	-0.788
3.81031489372	0.052	-0.348	2.044
3.81294608116	0.052	-0.348	2.044
3.81556105614	-0.004	-0.092	-0.3
3.81818008423	-0.004	-0.092	-0.3
3.82079601288	-0.064	0.076	-0.028
3.82341790199	-0.064	0.076	-0.028
3.82603406906	0.072	-0.392	2.044
3.82864809036	0.072	-0.392	2.044
3.83126187325	-0.024	-0.008	-0.988
3.83388185501	-0.024	-0.008	-0.988
3.83649802208	-0.068	0.0	0.884
3.83910489082	-0.068	0.0	0.884
3.84171795845	0.056	-0.392	2.044
3.84433293343	0.056	-0.392	2.044
3.84694600105	-0.06	0.076	-1.436
3.84956407547	-0.06	0.076	-1.436
3.85218906403	-0.032	-0.1	1.836
3.85479807854	-0.032	-0.1	1.836
3.85740590096	0.052	-0.348	2.044
3.86001300812	0.052	-0.348	2.044
3.86262488365	-0.06	0.112	-1.532
3.86524605751	-0.06	0.112	-1.532
3.86786293983	0.02	-0.188	2.044
3.87047791481	0.02	-0.188	2.044
3.87309408188	0.012	-0.268	1.496
3.87570905685	0.012	-0.268	1.496
3.87832307816	-0.08	0.14	-1.296
3.88094091415	-0.08	0.14	-1.296
3.88356399536	0.028	-0.276	2.044
3.88619589806	0.028	-0.276	2.044
3.88881087303	0.02	-0.196	0.52
3.89142990112	0.02	-0.196	0.52
3.89405107498	-0.092	0.116	-0.744
3.89666795731	0.04	-0.364	2.044
3.89928293228	0.04	-0.364	2.044
3.90190386772	-0.008	-0.088	-0.36
3.90452003479	-0.008	-0.088	-0.36
3.90713691711	-0.064	0.068	0.028
3.90975093842	-0.064	0.068	0.028
3.91236591339	0.056	-0.396	2.044
3.91498208046	0.056	-0.396	2.044
3.91759705544	-0.028	0.008	-1.048
3.92021203041	-0.028	0.008	-1.048
3.92283296585	-0.052	-0.004	0.964
3.92544794083	-0.052	-0.004	0.964
3.92806386948	0.06	-0.388	2.044
3.93069291115	0.06	-0.388	2.044
3.93331599236	-0.092	0.072	-1.464
3.93593096733	-0.092	0.072	-1.464
3.93855905533	-0.04	-0.088	1.892
3.94117498398	-0.04	-0.088	1.892
3.94379687309	0.052	-0.344	2.044
3.94641208649	0.052	-0.344	2.044
3.94902706146	-0.08	0.116	-1.532
3.95164108276	-0.08	0.116	-1.532
3.95425891876	-0.008	-0.196	2.044
3.95687508583	-0.008	-0.196	2.044
3.95950102806	0.052	-0.284	1.412
3.96212506294	0.052	-0.284	1.412
3.96474003792	-0.092	0.144	-1.264
3.96735501289	-0.092	0.144	-1.264
3.96997094154	0.032	-0.28	2.044
3.97259497643	0.032	-0.28	2.044
3.9752099514	0.028	-0.188	0.452
3.97782588005	0.028	-0.188	0.452
3.98044085503	-0.064	0.1	-0.68
3.98306298256	-0.064	0.1	-0.68
3.98568797112	0.06	-0.356	2.044
3.98830294609	-0.004	-0.092	-0.416
3.99091887474	-0.004	-0.092	-0.416
3.99356102943	-0.104	0.08	0.12
3.99617695808	-0.104	0.08	0.12
3.99879097939	0.06	-0.4	2.044
4.00140500069	0.06	-0.4	2.044
4.00402593613	-0.04	0.012	-1.092
4.00664186478	-0.04	0.012	-1.092
4.00925803185	-0.048	-0.008	1.048
4.01187896729	-0.048	-0.008	1.048
4.01449799538	0.06	-0.384	2.044
4.01711297035	0.06	-0.384	2.044
4.01972794533	-0.08	0.084	-1.48
4.02235007286	-0.08	0.084	-1.48
4.02496504784	-0.024	-0.104	1.968
4.02758193016	-0.024	-0.104	1.968
4.03019690514	0.048	-0.324	2.044
4.03282308578	0.048	-0.324	2.044
4.0354309082	-0.092	0.12	-1.528
4.03803896904	-0.092	0.12	-1.528
4.0406460762	-0.004	-0.204	2.044
4.04325985909	-0.004	-0.204	2.044
4.04588007927	0.036	-0.276	1.328
4.04849386215	0.036	-0.276	1.328
4.05110907555	-0.112	0.144	-1.22
4.05373191833	-0.112	0.144	-1.22
4.05634093285	0.028	-0.288	2.044
4.05894899368	0.028	-0.288	2.044
4.06155490875	0.024	-0.168	0.372
4.06417298317	0.024	-0.168	0.372
4.06678795815	-0.084	0.096	-0.636
4.06940293312	-0.084	0.096	-0.636
4.07202005386	0.048	-0.392	2.044
4.07463693619	0.048	-0.392	2.044
4.07725191116	0.0	-0.088	-0.468
4.07987308502	0.0	-0.088	-0.468
4.08248901367	-0.1	0.068	0.18
4.08510303497	0.048	-0.392	2.044
4.08771705627	0.048	-0.392	2.044
4.0903339386	-0.048	0.004	-1.132
4.09295606613	-0.048	0.004	-1.132
4.09557390213	-0.048	-0.028	1.12
4.09819102287	-0.048	-0.028	1.12
4.10080695152	0.052	-0.396	2.044
4.10342788696	0.052	-0.396	2.044
4.10605406761	-0.064	0.088	-1.496
4.10866904259	-0.064	0.088	-1.496
4.11128306389	-0.024	-0.104	2.024
4.11390304565	-0.024	-0.104	2.024
4.11651706696	0.056	-0.336	2.044
4.11913108826	0.056	-0.336	2.044
4.12176609039	-0.072	0.128	-1.512
4.12438297272	-0.072	0.128	-1.512
4.12699890137	0.016	-0.208	2.044
4.12961292267	0.016	-0.208	2.044
4.13223290443	0.044	-0.268	1.256
4.13485097885	0.044	-0.268	1.256
4.13746595383	-0.108	0.144	-1.192
4.14008307457	-0.108	0.144	-1.192
4.14270591736	0.036	-0.32	2.044
4.14531993866	0.036	-0.32	2.044
4.14793491364	0.008	-0.156	0.312
4.15054798126	0.008	-0.156	0.312
4.15316295624	-0.084	0.108	-0.576
4.15578007698	-0.084	0.108	-0.576
4.15839505196	0.044	-0.364	2.044
4.16100907326	0.044	-0.364	2.044
4.16362500191	-0.004	-0.068	-0.532
4.16624188423	-0.004	-0.068	-0.532
4.1688580513	-0.088	0.068	0.256
4.17147302628	-0.088	0.068	0.256
4.17409300804	0.056	-0.392	2.044
4.17671108246	-0.04	0.028	-1.196
4.17933797836	-0.04	0.028	-1.196
4.18195986748	-0.04	-0.044	1.196
4.18457698822	-0.04	-0.044	1.196
4.18719387054	0.04	-0.384	2.044
4.18980908394	0.04	-0.384	2.044
4.19242501259	-0.064	0.08	-1.504
4.19504094124	-0.064	0.08	-1.504
4.19765686989	-0.008	-0.116	2.044
4.20027208328	-0.008	-0.116	2.044
4.20289492607	0.052	-0.332	2.044
4.20550894737	0.052	-0.332	2.044
4.20812296867	-0.06	0.128	-1.5
4.21073508263	-0.06	0.128	-1.5
4.21338105202	-0.004	-0.22	2.044
4.21601486206	-0.004	-0.22	2.044
4.2186319828	0.04	-0.268	1.184
4.22124695778	0.04	-0.268	1.184
4.22388100624	-0.076	0.136	-1.156
4.22649788857	-0.076	0.136	-1.156
4.22911405563	0.028	-0.3	2.044
4.23173594475	0.028	-0.3	2.044
4.2343518734	0.016	-0.16	0.24
4.2369658947	0.016	-0.16	0.24
4.2396299839	-0.084	0.128	-0.532
4.24225592613	-0.084	0.128	-0.532
4.24487185478	0.056	-0.372	2.044
4.24748706818	0.056	-0.372	2.044
4.25010490417	-0.016	-0.08	-0.596
4.25273799896	-0.016	-0.08	-0.596
4.25534796715	-0.064	0.048	0.304
4.2579600811	-0.064	0.048	0.304
4.26056599617	0.06	-0.4	2.044
4.2631778717	0.06	-0.4	2.044
4.26581001282	-0.048	0.028	-1.2
4.26842808723	-0.032	-0.032	1.244
4.27104401588	-0.032	-0.032	1.244
4.27367591858	0.06	-0.384	2.044
4.27629089355	0.06	-0.384	2.044
4.27890491486	-0.06	0.084	-1.512
4.28154087067	-0.06	0.084	-1.512
4.28416490555	-0.004	-0.128	2.044
4.28678107262	-0.004	-0.128	2.044
4.28939700127	0.048	-0.328	2.044
4.29201292992	0.048	-0.328	2.044
4.29462790489	-0.088	0.144	-1.484
4.29724788666	-0.088	0.144	-1.484
4.29986405373	0.008	-0.228	2.044
4.30248403549	0.008	-0.228	2.044
4.30509996414	0.032	-0.256	1.148
4.30771398544	0.032	-0.256	1.148
4.31032800674	-0.084	0.14	-1.116
4.31294488907	-0.084	0.14	-1.116
4.31556487083	0.044	-0.308	2.044
4.31817889214	0.044	-0.308	2.044
4.32079291344	0.008	-0.156	0.184
4.32341504097	0.008	-0.156	0.184
4.32603907585	-0.092	0.136	-0.472
4.3286550045	-0.092	0.136	-0.472
4.33127188683	0.048	-0.36	2.044
4.33389401436	0.048	-0.36	2.044
4.33650803566	-0.008	-0.056	-0.644
4.3391289711	-0.008	-0.056	-0.644
4.34175086021	-0.032	0.032	0.376
4.34436488152	-0.032	0.032	0.376
4.34697985649	0.06	-0.396	2.044
4.34959387779	0.06	-0.396	2.044
4.35221004486	-0.064	0.028	-1.256
4.35482692719	-0.064	0.028	-1.256
4.35744190216	-0.04	-0.024	1.328
4.36005687714	0.064	-0.38	2.044
4.36267995834	0.064	-0.38	2.044
4.36529397964	-0.064	0.088	-1.532
4.36791396141	-0.064	0.088	-1.532
4.37053108215	-0.02	-0.14	2.044
4.37315201759	-0.02	-0.14	2.044
4.37576794624	0.032	-0.312	2.0
4.37838506699	0.032	-0.312	2.0
4.38099694252	-0.108	0.132	-1.468
4.38361907005	-0.108	0.132	-1.468
4.38623690605	0.0	-0.232	2.044
4.38884305954	0.0	-0.232	2.044
4.39144802094	0.028	-0.248	1.036
4.39406585693	0.028	-0.248	1.036
4.39668107033	-0.096	0.124	-1.084
4.39930486679	-0.096	0.124	-1.084
4.40192890167	0.024	-0.312	2.044
4.40454387665	0.024	-0.312	2.044
4.40715789795	0.016	-0.168	0.108
4.40977406502	0.016	-0.168	0.108
4.41239500046	-0.104	0.084	-0.4
4.41501092911	-0.104	0.084	-0.4
4.41762685776	0.064	-0.364	2.044
4.4202439785	0.064	-0.364	2.044
4.42286586761	0.004	-0.04	-0.692
4.42548203468	0.004	-0.04	-0.692
4.42809796333	-0.044	0.012	0.456
4.43071198463	-0.044	0.012	0.456
4.43332695961	0.064	-0.408	2.044
4.43594288826	0.064	-0.408	2.044
4.43855690956	-0.044	0.032	-1.264
4.44117307663	-0.044	0.032	-1.264
4.44379687309	-0.044	-0.032	1.396
4.44641208649	-0.044	-0.032	1.396
4.44902801514	0.056	-0.356	2.044
4.45164203644	0.056	-0.356	2.044
4.45425987244	-0.06	0.108	-1.528
4.45686888695	-0.028	-0.144	2.044
4.45948004723	-0.028	-0.144	2.044
4.46209406853	0.048	-0.328	1.904
4.4647128582	0.048	-0.328	1.904
4.46732902527	-0.092	0.136	-1.452
4.46994495392	-0.092	0.136	-1.452
4.47257304192	0.012	-0.232	2.044
4.47518897057	0.012	-0.232	2.044
4.47780489922	0.028	-0.232	0.96
4.48041892052	0.028	-0.232	0.96
4.48303985596	-0.076	0.12	-1.032
4.48565506935	-0.076	0.12	-1.032
4.488270998	0.024	-0.32	2.044
4.49088788033	0.024	-0.32	2.044
4.49351000786	0.008	-0.156	0.028
4.49612402916	0.008	-0.156	0.028
4.49873900414	-0.08	0.104	-0.336
4.50135588646	-0.08	0.104	-0.336
4.50397491455	0.06	-0.372	2.044
4.50659298897	0.06	-0.372	2.044
4.50920796394	-0.028	-0.036	-0.76
4.51183104515	-0.028	-0.036	-0.76
4.51444792747	-0.052	0.02	0.536
4.51706290245	-0.052	0.02	0.536
4.51967692375	0.06	-0.364	2.044
4.52231001854	0.06	-0.364	2.044
4.52492403984	-0.028	0.044	-1.3
4.52753996849	-0.028	0.044	-1.3
4.53015708923	-0.044	-0.048	1.488
4.53277993202	-0.044	-0.048	1.488
4.53539586067	0.048	-0.356	2.044
4.53801393509	0.048	-0.356	2.044
4.54063105583	-0.068	0.124	-1.536
4.54324889183	-0.068	0.124	-1.536
4.54587602615	-0.024	-0.148	2.044
4.5484919548	0.04	-0.316	1.836
4.5511059761	0.04	-0.316	1.836
4.55373597145	-0.08	0.12	-1.428
4.55635285378	-0.08	0.12	-1.428
4.55896902084	0.028	-0.252	2.044
4.56159806252	0.028	-0.252	2.044
4.56421995163	0.028	-0.22	0.884
4.56683301926	0.028	-0.22	0.884
4.56944799423	-0.084	0.132	-0.98
4.57206606865	-0.084	0.132	-0.98
4.57468104362	0.048	-0.344	2.044
4.5772960186	0.048	-0.344	2.044
4.57991194725	0.012	-0.14	-0.032
4.58253598213	0.012	-0.14	-0.032
4.58515286446	-0.072	0.096	-0.272
4.58777093887	-0.072	0.096	-0.272
4.59038496017	0.052	-0.384	2.044
4.59300088882	0.052	-0.384	2.044
4.59561705589	-0.036	-0.032	-0.82
4.59823298454	-0.036	-0.032	-0.82
4.60084891319	-0.06	0.024	0.608
4.60347104073	-0.06	0.024	0.608
4.60608506203	0.06	-0.392	2.044
4.608700037	0.06	-0.392	2.044
4.61131501198	-0.044	0.072	-1.356
4.61393690109	-0.044	0.072	-1.356
4.61655402184	-0.036	-0.056	1.564
4.61918902397	-0.036	-0.056	1.564
4.62181806564	0.056	-0.364	2.044
4.62443399429	0.056	-0.364	2.044
4.62704896927	-0.096	0.116	-1.54
4.62966609001	-0.096	0.116	-1.54
4.63228392601	-0.016	-0.156	2.044
4.63490104675	-0.016	-0.156	2.044
4.6375169754	0.036	-0.316	1.772
4.64013195038	0.036	-0.316	1.772
4.64275288582	-0.088	0.116	-1.4
4.64536786079	0.012	-0.26	2.044
4.6553208828	0.024	-0.228	0.812
4.65800404549	-0.108	0.136	-0.944
4.66061687469	0.04	-0.328	2.044
4.663230896	0.04	-0.328	2.044
4.6658680439	0.012	-0.128	-0.108
4.6684858799	0.012	-0.128	-0.108
4.67110991478	-0.048	0.08	-0.216
4.67374300957	-0.048	0.08	-0.216
4.67635893822	0.064	-0.388	2.044
4.67897486687	0.064	-0.388	2.044
4.6816110611	-0.024	-0.004	-0.888
4.68424105644	-0.024	-0.004	-0.888
4.68685793877	-0.064	0.024	0.684
4.68947601318	-0.064	0.024	0.684
4.6920979023	0.048	-0.396	2.044
4.69471287727	0.048	-0.396	2.044
4.69732689857	-0.052	0.06	-1.36
4.69997286797	-0.052	0.06	-1.36
4.70259594917	-0.044	-0.068	1.616
4.70521402359	-0.044	-0.068	1.616
4.70783090591	0.048	-0.372	2.044
4.71044993401	0.048	-0.372	2.044
4.71306586266	-0.108	0.112	-1.544
4.71568489075	-0.108	0.112	-1.544
4.71830105782	-0.012	-0.168	2.044
4.72091698647	-0.012	-0.168	2.044
4.72354006767	0.04	-0.288	1.68
4.72615408897	0.04	-0.288	1.68
4.72876787186	-0.092	0.14	-1.38
4.7313849926	-0.092	0.14	-1.38
4.73400688171	0.036	-0.26	2.044
4.73662090302	0.036	-0.26	2.044
4.73923587799	0.016	-0.216	0.732
4.74185585976	0.016	-0.216	0.732
4.74447202682	-0.124	0.14	-0.896
4.74708795547	0.044	-0.336	2.044
4.74970388412	0.044	-0.336	2.044
4.75232505798	0.012	-0.124	-0.176
4.75494194031	0.012	-0.124	-0.176
4.75755786896	-0.06	0.068	-0.152
4.7601878643	-0.06	0.068	-0.152
4.76281499863	0.052	-0.392	2.044
4.76542901993	0.052	-0.392	2.044
4.76804304123	-0.016	-0.028	-0.916
4.77067303658	-0.016	-0.028	-0.916
4.77330493927	-0.052	0.028	0.748
4.77593994141	-0.052	0.028	0.748
4.77855706215	0.052	-0.38	2.044
4.78117203712	0.052	-0.38	2.044
4.78379487991	-0.044	0.068	-1.4
4.78641486168	-0.044	0.068	-1.4
4.78903102875	-0.036	-0.08	1.716
4.79165101051	-0.036	-0.08	1.716
4.7944149971	0.048	-0.36	2.044
4.79703187943	0.048	-0.36	2.044
4.7996468544	-0.08	0.1	-1.544
4.80227208138	-0.08	0.1	-1.544
4.80488801003	-0.004	-0.168	2.044
4.80750393867	-0.004	-0.168	2.044
4.81012201309	0.044	-0.284	1.616
4.81274294853	0.044	-0.284	1.616
4.81535696983	-0.072	0.116	-1.36
4.81797409058	-0.072	0.116	-1.36
4.82059001923	0.024	-0.272	2.044
4.82321000099	0.024	-0.272	2.044
4.82582688332	0.032	-0.208	0.66
4.82844090462	0.032	-0.208	0.66
4.83105492592	-0.112	0.136	-0.84
4.83368396759	0.044	-0.336	2.044
4.83630108833	0.044	-0.336	2.044
4.83891487122	-0.004	-0.104	-0.24
4.84153199196	-0.004	-0.104	-0.24
4.84415507317	-0.072	0.056	-0.092
4.8467810154	-0.072	0.056	-0.092
4.84939599037	0.036	-0.396	2.044
4.85201692581	0.036	-0.396	2.044
4.85462498665	-0.028	-0.012	-0.964
4.85723400116	-0.028	-0.012	-0.964
4.85984396935	-0.064	0.012	0.828
4.8624548912	-0.064	0.012	0.828
4.8650739193	0.064	-0.392	2.044
4.86769008636	0.064	-0.392	2.044
4.87030506134	-0.052	0.072	-1.416
4.87292599678	-0.052	0.072	-1.416
4.8755440712	-0.032	-0.088	1.764
4.87816095352	-0.032	-0.088	1.764
4.88077688217	0.044	-0.348	2.044
4.88342499733	0.044	-0.348	2.044
4.88604187965	-0.076	0.1	-1.548
4.88865804672	-0.076	0.1	-1.548
4.89127492905	0.004	-0.188	2.044
4.89389586449	0.004	-0.188	2.044
4.89651107788	0.04	-0.28	1.544
4.89912486076	0.04	-0.28	1.544
4.90174388885	-0.08	0.136	-1.324
4.90436005592	-0.08	0.136	-1.324
4.90697693825	0.016	-0.276	2.044
4.90959191322	0.016	-0.276	2.044
4.9122068882	0.024	-0.208	0.596
4.91482686996	0.024	-0.208	0.596
4.91743993759	-0.068	0.124	-0.792
4.92007708549	-0.068	0.124	-0.792
4.92270207405	0.044	-0.348	2.044
4.9253180027	0.044	-0.348	2.044
4.927932024	-0.004	-0.104	-0.304
4.93056201935	-0.068	0.084	-0.012
4.93318390846	-0.068	0.084	-0.012
4.93579888344	0.044	-0.388	2.044
4.93841600418	0.044	-0.388	2.044
4.94103193283	-0.036	-0.004	-1.016
4.94365406036	-0.036	-0.004	-1.016
4.94627189636	-0.064	0.008	0.904
4.94888591766	-0.064	0.008	0.904
4.95149898529	0.06	-0.372	2.044
4.95412492752	0.06	-0.372	2.044
4.9567399025	-0.072	0.076	-1.444
4.95935487747	-0.072	0.076	-1.444
4.96197795868	-0.04	-0.092	1.832
4.96459388733	-0.04	-0.092	1.832
4.9672088623	0.06	-0.344	2.044
4.96982502937	0.06	-0.344	2.044
4.97244596481	-0.076	0.108	-1.548
4.97506093979	-0.076	0.108	-1.548
4.97768998146	0.012	-0.188	2.044
4.98030400276	0.012	-0.188	2.044
4.98292398453	0.04	-0.276	1.472
4.98553991318	0.04	-0.276	1.472
4.98815608025	-0.088	0.116	-1.292
4.9907720089	-0.088	0.116	-1.292
4.99346494675	0.02	-0.284	2.044
4.99608492851	0.02	-0.284	2.044
4.99869990349	0.024	-0.204	0.528
