Timestamp 	 X-Axis 	 Y-Axis 	 Z-Axis
0.00031590461731	-0.32	0.084	-0.944
0.00230383872986	-0.32	0.084	-0.944
0.00406980514526	-0.32	0.084	-0.944
0.00582981109619	-0.168	-0.02	-0.188
0.00758790969849	-0.168	-0.02	-0.188
0.0093629360199	-0.168	-0.02	-0.188
0.0111207962036	0.128	-0.164	1.172
0.0128779411316	0.128	-0.164	1.172
0.014634847641	0.128	-0.164	1.172
0.0164017677307	0.276	-0.3	2.044
0.0181579589844	0.276	-0.3	2.044
0.0199120044708	0.276	-0.3	2.044
0.0216658115387	0.304	-0.352	2.044
0.0234258174896	0.304	-0.352	2.044
0.0252058506012	0.304	-0.352	2.044
0.0269618034363	0.176	-0.252	2.044
0.0287189483643	0.176	-0.252	2.044
0.0304808616638	0.176	-0.252	2.044
0.0322368144989	-0.108	-0.108	1.056
0.0339968204498	-0.108	-0.108	1.056
0.0357539653778	-0.108	-0.108	1.056
0.0375099182129	-0.284	0.032	-0.296
0.0392649173737	-0.284	0.032	-0.296
0.0410208702087	-0.328	0.092	-0.972
0.0427758693695	-0.328	0.092	-0.972
0.0445327758789	-0.328	0.092	-0.972
0.0462999343872	-0.256	0.036	-0.608
0.0480558872223	-0.256	0.036	-0.608
0.0498249530792	-0.256	0.036	-0.608
0.0515868663788	0.02	-0.112	0.58
0.0533499717712	0.02	-0.112	0.58
0.055104970932	0.02	-0.112	0.58
0.0568599700928	0.24	-0.248	1.996
0.0586149692535	0.24	-0.248	1.996
0.0603699684143	0.24	-0.248	1.996
0.0621228218079	0.32	-0.336	2.044
0.0638959407806	0.32	-0.336	2.044
0.0656599998474	0.32	-0.336	2.044
0.0674228668213	0.26	-0.3	2.044
0.0691847801208	0.26	-0.3	2.044
0.0709478855133	0.26	-0.3	2.044
0.0727128982544	0.02	-0.164	1.64
0.0744769573212	0.02	-0.164	1.64
0.076239824295	0.02	-0.164	1.64
0.0780029296875	-0.216	-0.016	0.2
0.0797839164734	-0.216	-0.016	0.2
0.0815489292145	-0.216	-0.016	0.2
0.0833299160004	-0.336	0.108	-0.82
0.0850949287415	-0.336	0.108	-0.82
0.0868589878082	-0.32	0.068	-0.888
0.0886228084564	-0.32	0.068	-0.888
0.0903868675232	-0.32	0.068	-0.888
0.0921499729156	-0.096	-0.06	0.044
0.0939199924469	-0.096	-0.06	0.044
0.0956838130951	-0.096	-0.06	0.044
0.0974469184875	0.152	-0.2	1.444
0.0992197990417	0.152	-0.2	1.444
0.100982904434	0.152	-0.2	1.444
0.102751970291	0.3	-0.328	2.044
0.104528903961	0.3	-0.328	2.044
0.106301784515	0.3	-0.328	2.044
0.108065843582	0.296	-0.328	2.044
0.109828948975	0.296	-0.328	2.044
0.111592769623	0.296	-0.328	2.044
0.113360881805	0.14	-0.216	2.044
0.115123987198	0.14	-0.216	2.044
0.116886854172	0.14	-0.216	2.044
0.118649959564	-0.136	-0.08	0.788
0.120414972305	-0.136	-0.08	0.788
0.122178792953	-0.136	-0.08	0.788
0.123948812485	-0.312	0.068	-0.496
0.125713825226	-0.312	0.068	-0.496
0.127477884293	-0.344	0.104	-0.972
0.129254817963	-0.344	0.104	-0.972
0.131018877029	-0.344	0.104	-0.972
0.132789850235	-0.216	0.0	-0.416
0.134549856186	-0.216	0.0	-0.416
0.136305809021	-0.216	0.0	-0.416
0.138062000275	0.072	-0.144	0.864
0.139823913574	0.072	-0.144	0.864
0.141585826874	0.072	-0.144	0.864
0.143354892731	0.256	-0.28	2.044
0.145118951797	0.256	-0.28	2.044
0.146880865097	0.256	-0.28	2.044
0.148652791977	0.312	-0.348	2.044
0.150416851044	0.312	-0.348	2.044
0.152179956436	0.312	-0.348	2.044
0.153948783875	0.232	-0.272	2.044
0.155712842941	0.232	-0.272	2.044
0.157488822937	0.232	-0.272	2.044
0.159252882004	-0.04	-0.14	1.384
0.161030769348	-0.04	-0.14	1.384
0.162804841995	-0.04	-0.14	1.384
0.164569854736	-0.26	0.008	-0.048
0.166333913803	-0.26	0.008	-0.048
0.168096780777	-0.26	0.008	-0.048
0.169859886169	-0.344	0.116	-0.888
0.171623945236	-0.344	0.116	-0.888
0.173392772675	-0.28	0.06	-0.776
0.175156831741	-0.28	0.06	-0.776
0.176920890808	-0.28	0.06	-0.776
0.178685903549	-0.044	-0.08	0.288
0.180448770523	-0.044	-0.08	0.288
0.18221282959	-0.044	-0.08	0.288
0.183982849121	0.2	-0.22	1.72
0.185745000839	0.2	-0.22	1.72
0.187506914139	0.2	-0.22	1.72
0.18927693367	0.284	-0.34	2.044
0.191039800644	0.284	-0.34	2.044
0.192809820175	0.284	-0.34	2.044
0.194572925568	0.276	-0.328	2.044
0.196335792542	0.276	-0.328	2.044
0.19810795784	0.276	-0.328	2.044
0.199871778488	0.076	-0.2	1.928
0.201634883881	0.076	-0.2	1.928
0.203403949738	0.076	-0.2	1.928
0.205166816711	-0.176	-0.052	0.492
0.206930875778	-0.176	-0.052	0.492
0.208695888519	-0.176	-0.052	0.492
0.21046090126	-0.316	0.08	-0.656
0.212224960327	-0.316	0.08	-0.656
0.213994979858	-0.316	0.08	-0.656
0.215762853622	-0.316	0.092	-0.948
0.217527866364	-0.316	0.092	-0.948
0.21929192543	-0.156	-0.012	-0.224
0.221057891846	-0.156	-0.012	-0.224
0.222824811935	-0.156	-0.012	-0.224
0.224593877792	0.112	-0.164	1.14
0.226356983185	0.112	-0.164	1.14
0.228119850159	0.112	-0.164	1.14
0.229882955551	0.264	-0.304	2.044
0.231645822525	0.264	-0.304	2.044
0.233415842056	0.264	-0.304	2.044
0.235179901123	0.3	-0.348	2.044
0.236941814423	0.3	-0.348	2.044
0.238704919815	0.3	-0.348	2.044
0.240468978882	0.156	-0.248	2.044
0.242231845856	0.156	-0.248	2.044
0.244002819061	0.156	-0.248	2.044
0.245767831802	-0.08	-0.112	1.096
0.247541904449	-0.08	-0.112	1.096
0.249306917191	-0.08	-0.112	1.096
0.251070976257	-0.28	0.036	-0.284
0.252840995789	-0.28	0.036	-0.284
0.254604816437	-0.28	0.036	-0.284
0.256369829178	-0.328	0.104	-0.964
0.25813293457	-0.328	0.104	-0.964
0.259897947311	-0.244	0.044	-0.636
0.26166176796	-0.244	0.044	-0.636
0.263433933258	-0.244	0.044	-0.636
0.265198945999	0.012	-0.096	0.552
0.266962766647	0.012	-0.096	0.552
0.268724918365	0.012	-0.096	0.552
0.270496845245	0.24	-0.252	1.96
0.272291898727	0.24	-0.252	1.96
0.274057865143	0.24	-0.252	1.96
0.275820970535	0.316	-0.352	2.044
0.277583837509	0.316	-0.352	2.044
0.279345989227	0.316	-0.352	2.044
0.281108856201	0.252	-0.296	2.044
0.282878875732	0.252	-0.296	2.044
0.284641981125	0.252	-0.296	2.044
0.286404848099	0.036	-0.172	1.688
0.288167953491	0.036	-0.172	1.688
0.289930820465	0.036	-0.172	1.688
0.291692972183	-0.212	-0.02	0.244
0.293458938599	-0.212	-0.02	0.244
0.295220851898	-0.212	-0.02	0.244
0.296992778778	-0.32	0.096	-0.792
0.298760890961	-0.32	0.096	-0.792
0.300525903702	-0.32	0.096	-0.792
0.302295923233	-0.308	0.072	-0.888
0.3040599823	-0.308	0.072	-0.888
0.305823802948	-0.104	-0.048	0.0
0.307582855225	-0.104	-0.048	0.0
0.30933880806	-0.104	-0.048	0.0
0.31109380722	0.168	-0.184	1.396
0.312863826752	0.168	-0.184	1.396
0.31462597847	0.168	-0.184	1.396
0.316388845444	0.296	-0.32	2.044
0.31815290451	0.296	-0.32	2.044
0.31991481781	0.296	-0.32	2.044
0.321677923203	0.304	-0.316	2.044
0.323446989059	0.304	-0.316	2.044
0.325213909149	0.304	-0.316	2.044
0.326977968216	0.148	-0.224	2.044
0.328741788864	0.148	-0.224	2.044
0.330503940582	0.148	-0.224	2.044
0.332299947739	-0.144	-0.072	0.836
0.334065914154	-0.144	-0.072	0.836
0.335828781128	-0.144	-0.072	0.836
0.337592840195	-0.3	0.056	-0.464
0.339356899261	-0.3	0.056	-0.464
0.341120958328	-0.3	0.056	-0.464
0.342889785767	-0.336	0.096	-0.972
0.344653844833	-0.336	0.096	-0.972
0.346426963806	-0.336	0.096	-0.972
0.34818983078	-0.232	0.012	-0.46
0.349953889847	-0.232	0.012	-0.46
0.351716995239	0.068	-0.14	0.812
0.353487968445	0.068	-0.14	0.812
0.355249881744	0.068	-0.14	0.812
0.357018947601	0.256	-0.284	2.044
0.358780860901	0.256	-0.284	2.044
0.360544919968	0.256	-0.284	2.044
0.362313985825	0.32	-0.348	2.044
0.364077806473	0.32	-0.348	2.044
0.365839004517	0.32	-0.348	2.044
0.36760187149	0.248	-0.296	2.044
0.36936378479	0.248	-0.296	2.044
0.371126890182	0.248	-0.296	2.044
0.372895002365	-0.02	-0.14	1.428
0.374658823013	-0.02	-0.14	1.428
0.37642288208	-0.02	-0.14	1.428
0.378185987473	-0.264	0.016	-0.004
0.379958868027	-0.264	0.016	-0.004
0.381722927094	-0.264	0.016	-0.004
0.383490800858	-0.34	0.112	-0.888
0.385254859924	-0.34	0.112	-0.888
0.387017965317	-0.34	0.112	-0.888
0.388781785965	-0.296	0.056	-0.784
0.390545845032	-0.296	0.056	-0.784
0.392314910889	-0.056	-0.072	0.24
0.394077777863	-0.056	-0.072	0.24
0.395850896835	-0.056	-0.072	0.24
0.397615909576	0.196	-0.216	1.656
0.399381875992	0.196	-0.216	1.656
0.401144981384	0.196	-0.216	1.656
0.402908802032	0.304	-0.328	2.044
0.404670953751	0.304	-0.328	2.044
0.40643286705	0.304	-0.328	2.044
0.40819978714	0.284	-0.32	2.044
0.409962892532	0.284	-0.32	2.044
0.411724805832	0.284	-0.32	2.044
0.41349196434	0.096	-0.196	1.98
0.415259838104	0.096	-0.196	1.98
0.417022943497	0.096	-0.196	1.98
0.418784856796	-0.172	-0.056	0.56
0.420548915863	-0.172	-0.056	0.56
0.422313928604	-0.172	-0.056	0.56
0.424076795578	-0.328	0.084	-0.628
0.425840854645	-0.328	0.084	-0.628
0.427603960037	-0.328	0.084	-0.628
0.429367780685	-0.324	0.096	-0.956
0.431130886078	-0.324	0.096	-0.956
0.432900905609	-0.324	0.096	-0.956
0.434673786163	-0.176	-0.016	-0.268
0.436439990997	-0.176	-0.016	-0.268
0.438205003738	0.096	-0.172	1.104
0.439966917038	0.096	-0.172	1.104
0.441729784012	0.096	-0.172	1.104
0.443498849869	0.268	-0.308	2.044
0.445271968842	0.268	-0.308	2.044
0.447034835815	0.268	-0.308	2.044
0.448796987534	0.312	-0.348	2.044
0.450559854507	0.312	-0.348	2.044
0.45232796669	0.312	-0.348	2.044
0.454090833664	0.204	-0.26	2.044
0.455853939056	0.204	-0.26	2.044
0.45761680603	0.204	-0.26	2.044
0.459378957748	-0.072	-0.108	1.156
0.461142778397	-0.072	-0.108	1.156
0.462910890579	-0.072	-0.108	1.156
0.464674949646	-0.272	0.036	-0.216
0.466438770294	-0.272	0.036	-0.216
0.468202829361	-0.272	0.036	-0.216
0.469965934753	-0.332	0.124	-0.956
0.471728801727	-0.332	0.124	-0.956
0.473494768143	-0.332	0.124	-0.956
0.475262880325	-0.248	0.056	-0.688
0.477044820786	-0.248	0.056	-0.688
0.478808879852	-0.248	0.056	-0.688
0.480572938919	-0.004	-0.092	0.488
0.48234295845	-0.004	-0.092	0.488
0.484106779099	0.228	-0.252	1.904
0.485868930817	0.228	-0.252	1.904
0.487631797791	0.228	-0.252	1.904
0.489396810532	0.288	-0.344	2.044
0.491159915924	0.288	-0.344	2.044
0.492928981781	0.288	-0.344	2.044
0.494697809219	0.264	-0.312	2.044
0.49645781517	0.264	-0.312	2.044
0.498215913773	0.264	-0.312	2.044
0.499973773956	0.036	-0.172	1.732
0.501732826233	0.036	-0.172	1.732
0.50350189209	0.036	-0.172	1.732
0.505264997482	-0.208	-0.02	0.3
0.507027864456	-0.208	-0.02	0.3
0.508790969849	-0.208	-0.02	0.3
0.510553836823	-0.328	0.1	-0.752
0.512326955795	-0.328	0.1	-0.752
0.514090776443	-0.328	0.1	-0.752
0.515853881836	-0.3	0.08	-0.884
0.517619848251	-0.3	0.08	-0.884
0.519383907318	-0.3	0.08	-0.884
0.521147966385	-0.112	-0.036	-0.044
0.52291893959	-0.112	-0.036	-0.044
0.524681806564	-0.112	-0.036	-0.044
0.526446819305	0.16	-0.176	1.356
0.528209924698	0.16	-0.176	1.356
0.529971837997	0.272	-0.316	2.044
0.531733989716	0.272	-0.316	2.044
0.53350186348	0.272	-0.316	2.044
0.535262823105	0.296	-0.34	2.044
0.537024974823	0.296	-0.34	2.044
0.538787841797	0.296	-0.34	2.044
0.540548801422	0.14	-0.232	2.044
0.542312860489	0.14	-0.232	2.044
0.544093847275	0.14	-0.232	2.044
0.545858860016	-0.12	-0.096	0.876
0.547633886337	-0.12	-0.096	0.876
0.54939699173	-0.12	-0.096	0.876
0.551159858704	-0.288	0.044	-0.428
0.552926778793	-0.288	0.044	-0.428
0.55469083786	-0.288	0.044	-0.428
0.556454896927	-0.32	0.1	-0.976
0.558218002319	-0.32	0.1	-0.976
0.559979915619	-0.32	0.1	-0.976
0.561742782593	-0.212	-0.008	-0.488
0.563507795334	-0.212	-0.008	-0.488
0.565271854401	-0.212	-0.008	-0.488
0.567034959793	0.076	-0.136	0.768
0.568797826767	0.076	-0.136	0.768
0.570559978485	0.256	-0.28	2.044
0.572326898575	0.256	-0.28	2.044
0.574088811874	0.256	-0.28	2.044
0.575850963593	0.308	-0.348	2.044
0.577613830566	0.308	-0.348	2.044
0.579374790192	0.308	-0.348	2.044
0.581137895584	0.224	-0.268	2.044
0.582901954651	0.224	-0.268	2.044
0.584664821625	0.224	-0.268	2.044
0.586426973343	-0.028	-0.148	1.48
0.588190793991	-0.028	-0.148	1.48
0.589953899384	-0.028	-0.148	1.48
0.59171795845	-0.252	0.0	0.044
0.59348487854	-0.252	0.0	0.044
0.595239877701	-0.252	0.0	0.044
0.596992969513	-0.332	0.104	-0.872
0.598759889603	-0.332	0.104	-0.872
0.600524902344	-0.332	0.104	-0.872
0.602294921875	-0.276	0.056	-0.796
0.604059934616	-0.276	0.056	-0.796
0.60582280159	-0.276	0.056	-0.796
0.607585906982	-0.056	-0.072	0.208
0.609348773956	-0.056	-0.072	0.208
0.611112833023	-0.056	-0.072	0.208
0.61288189888	0.196	-0.22	1.628
0.61464381218	0.196	-0.22	1.628
0.616411924362	0.312	-0.348	2.044
0.618173837662	0.312	-0.348	2.044
0.619936943054	0.312	-0.348	2.044
0.621699810028	0.284	-0.32	2.044
0.623463869095	0.284	-0.32	2.044
0.62522983551	0.284	-0.32	2.044
0.627020835876	0.104	-0.208	2.028
0.628785848618	0.104	-0.208	2.028
0.63054895401	0.104	-0.208	2.028
0.632317781448	-0.164	-0.06	0.608
0.634082794189	-0.164	-0.06	0.608
0.635844945908	-0.164	-0.06	0.608
0.637607812881	-0.312	0.072	-0.616
0.639371871948	-0.312	0.072	-0.616
0.641134977341	-0.312	0.072	-0.616
0.642914772034	-0.328	0.12	-0.96
0.644679784775	-0.328	0.12	-0.96
0.646442890167	-0.328	0.12	-0.96
0.64820599556	-0.188	-0.012	-0.304
0.649971961975	-0.188	-0.012	-0.304
0.651735782623	-0.188	-0.012	-0.304
0.65350985527	0.096	-0.156	1.044
0.655274868011	0.096	-0.156	1.044
0.657035827637	0.096	-0.156	1.044
0.659305810928	0.272	-0.3	2.044
0.661077976227	0.272	-0.3	2.044
0.662850856781	0.324	-0.34	2.044
0.664615869522	0.324	-0.34	2.044
0.666383981705	0.324	-0.34	2.044
0.668146848679	0.204	-0.272	2.044
0.669910907745	0.204	-0.272	2.044
0.671673774719	0.204	-0.272	2.044
0.673440933228	-0.088	-0.096	1.204
0.675205945969	-0.088	-0.096	1.204
0.676968812943	-0.088	-0.096	1.204
0.678731918335	-0.28	0.032	-0.188
0.680495977402	-0.28	0.032	-0.188
0.682313919067	-0.28	0.032	-0.188
0.684081792831	-0.336	0.116	-0.936
0.685846805573	-0.336	0.116	-0.936
0.687610864639	-0.336	0.116	-0.936
0.689372777939	-0.276	0.048	-0.672
0.69113779068	-0.276	0.048	-0.672
0.692918777466	-0.008	-0.1	0.456
0.694683790207	-0.008	-0.1	0.456
0.696447849274	-0.008	-0.1	0.456
0.698210000992	0.224	-0.248	1.864
0.699972867966	0.224	-0.248	1.864
0.701735973358	0.224	-0.248	1.864
0.703502893448	0.308	-0.348	2.044
0.705267906189	0.308	-0.348	2.044
0.707029819489	0.308	-0.348	2.044
0.708795785904	0.272	-0.308	2.044
0.710558891296	0.272	-0.308	2.044
0.712328910828	0.272	-0.308	2.044
0.714091777802	0.052	-0.172	1.776
0.715852975845	0.052	-0.172	1.776
0.717633962631	0.052	-0.172	1.776
0.719397783279	-0.192	-0.02	0.344
0.721161842346	-0.192	-0.02	0.344
0.722931861877	-0.192	-0.02	0.344
0.724695920944	-0.324	0.104	-0.74
0.726459980011	-0.324	0.104	-0.74
0.728222846985	-0.324	0.104	-0.74
0.729986906052	-0.316	0.084	-0.912
0.731749773026	-0.316	0.084	-0.912
0.733518838882	-0.132	-0.032	-0.08
0.735283851624	-0.132	-0.032	-0.08
0.737051963806	-0.132	-0.032	-0.08
0.73881483078	0.144	-0.188	1.3
0.740577936172	0.144	-0.188	1.3
0.742366790771	0.144	-0.188	1.3
0.744130849838	0.272	-0.304	2.044
0.745894908905	0.272	-0.304	2.044
0.747658967972	0.272	-0.304	2.044
0.749420881271	0.3	-0.332	2.044
0.751182794571	0.3	-0.332	2.044
0.752951860428	0.3	-0.332	2.044
0.75471496582	0.164	-0.236	2.044
0.75647687912	0.164	-0.236	2.044
0.758240938187	0.164	-0.236	2.044
0.760002851486	-0.112	-0.104	0.92
0.761766910553	-0.112	-0.104	0.92
0.763538837433	-0.112	-0.104	0.92
0.7653028965	-0.292	0.064	-0.408
0.767066001892	-0.292	0.064	-0.408
0.76882982254	-0.292	0.064	-0.408
0.770593881607	-0.328	0.1	-0.968
0.772357940674	-0.328	0.1	-0.968
0.774120807648	-0.328	0.1	-0.968
0.77588391304	-0.22	0.008	-0.512
0.777646780014	-0.22	0.008	-0.512
0.779408931732	0.036	-0.14	0.72
0.781170845032	0.036	-0.14	0.72
0.78293800354	0.036	-0.14	0.72
0.784700870514	0.248	-0.268	2.044
0.786462783813	0.248	-0.268	2.044
0.788224935532	0.248	-0.268	2.044
0.789987802505	0.296	-0.336	2.044
0.791763782501	0.296	-0.336	2.044
0.793527841568	0.296	-0.336	2.044
0.795295000076	0.236	-0.288	2.044
0.797056913376	0.236	-0.288	2.044
0.79881978035	0.236	-0.288	2.044
0.800581932068	-0.012	-0.168	1.524
0.802351951599	-0.012	-0.168	1.524
0.804115772247	-0.012	-0.168	1.524
0.805877923965	-0.244	0.008	0.088
0.807639837265	-0.244	0.008	0.088
0.809401988983	-0.244	0.008	0.088
0.811162948608	-0.32	0.1	-0.864
0.812931776047	-0.32	0.1	-0.864
0.814694881439	-0.32	0.1	-0.864
0.816458940506	-0.288	0.072	-0.836
0.818235874176	-0.288	0.072	-0.836
0.820000886917	-0.288	0.072	-0.836
0.821762800217	-0.068	-0.06	0.16
0.823528766632	-0.068	-0.06	0.16
0.82529592514	0.196	-0.212	1.58
0.827056884766	0.196	-0.212	1.58
0.828817844391	0.196	-0.212	1.58
0.830578804016	0.284	-0.324	2.044
0.832346916199	0.284	-0.324	2.044
0.834108829498	0.284	-0.324	2.044
0.835870981216	0.28	-0.316	2.044
0.837631940842	0.28	-0.316	2.044
0.839393854141	0.28	-0.316	2.044
0.841164827347	0.096	-0.208	2.044
0.842933893204	0.096	-0.208	2.044
0.844696998596	0.096	-0.208	2.044
0.846461772919	-0.164	-0.064	0.648
0.848224878311	-0.164	-0.064	0.648
0.849988937378	-0.164	-0.064	0.648
0.851751804352	-0.312	0.08	-0.56
0.853519916534	-0.312	0.08	-0.56
0.855281829834	-0.312	0.08	-0.56
0.857043981552	-0.328	0.104	-0.964
0.858806848526	-0.328	0.104	-0.964
0.860569000244	-0.328	0.104	-0.964
0.862336874008	-0.188	-0.004	-0.324
0.864100933075	-0.188	-0.004	-0.324
0.865862846375	-0.188	-0.004	-0.324
0.867625951767	0.104	-0.152	0.992
0.869387865067	0.104	-0.152	0.992
0.871148824692	0.276	-0.304	2.044
0.87292098999	0.276	-0.304	2.044
0.874683856964	0.276	-0.304	2.044
0.876444816589	0.316	-0.352	2.044
0.878207921982	0.316	-0.352	2.044
0.879968881607	0.316	-0.352	2.044
0.881730794907	0.192	-0.264	2.044
0.883497953415	0.192	-0.264	2.044
0.885259866714	0.192	-0.264	2.044
0.88702082634	-0.068	-0.12	1.228
0.888783931732	-0.068	-0.12	1.228
0.890555858612	-0.068	-0.12	1.228
0.892325878143	-0.26	0.02	-0.144
0.894088983536	-0.26	0.02	-0.144
0.895850896835	-0.26	0.02	-0.144
0.897614002228	-0.332	0.104	-0.944
0.899375915527	-0.332	0.104	-0.944
0.901149988174	-0.332	0.104	-0.944
0.902918815613	-0.28	0.044	-0.696
0.90468287468	-0.28	0.044	-0.696
0.906444787979	-0.28	0.044	-0.696
0.908207893372	-0.016	-0.088	0.4
0.909969806671	-0.016	-0.088	0.4
0.911731958389	-0.016	-0.088	0.4
0.913495779037	0.228	-0.244	1.832
0.915256977081	0.228	-0.244	1.832
0.917018890381	0.316	-0.34	2.044
0.91878080368	0.316	-0.34	2.044
0.920542001724	0.316	-0.34	2.044
0.922304868698	0.26	-0.316	2.044
0.924067974091	0.26	-0.316	2.044
0.925827980042	0.26	-0.316	2.044
0.92759180069	0.068	-0.18	1.812
0.929354906082	0.068	-0.18	1.812
0.931128978729	0.068	-0.18	1.812
0.932897806168	-0.204	-0.032	0.384
0.934661865234	-0.204	-0.032	0.384
0.936424970627	-0.204	-0.032	0.384
0.938188791275	-0.328	0.084	-0.72
0.939960956573	-0.328	0.084	-0.72
0.941724777222	-0.328	0.084	-0.72
0.943493843079	-0.308	0.06	-0.904
0.945256948471	-0.308	0.06	-0.904
0.947019815445	-0.308	0.06	-0.904
0.948782920837	-0.144	-0.024	-0.128
0.950545787811	-0.144	-0.024	-0.128
0.952315807343	-0.144	-0.024	-0.128
0.954078912735	0.14	-0.188	1.256
0.955843925476	0.14	-0.188	1.256
0.957605838776	0.288	-0.316	2.044
0.959366798401	0.288	-0.316	2.044
0.961129903793	0.288	-0.316	2.044
0.962896823883	0.308	-0.344	2.044
0.964657783508	0.308	-0.344	2.044
0.966419935226	0.308	-0.344	2.044
0.968181848526	0.18	-0.236	2.044
0.969944000244	0.18	-0.236	2.044
0.971704959869	0.18	-0.236	2.044
0.973471879959	-0.108	-0.096	0.98
0.975235939026	-0.108	-0.096	0.98
0.976997852325	-0.108	-0.096	0.98
0.978760957718	-0.276	0.06	-0.36
0.980522871017	-0.276	0.06	-0.36
0.982293844223	-0.276	0.06	-0.36
0.984056949615	-0.34	0.112	-0.968
0.985820770264	-0.34	0.112	-0.968
0.987582921982	-0.34	0.112	-0.968
0.989354848862	-0.244	0.032	-0.56
0.991117954254	-0.244	0.032	-0.56
0.992886781693	-0.244	0.032	-0.56
0.994649887085	0.028	-0.12	0.668
0.99641084671	0.028	-0.12	0.668
0.998171806335	0.028	-0.12	0.668
0.999931812286	0.24	-0.268	2.044
1.00169491768	0.24	-0.268	2.044
1.00346183777	0.308	-0.344	2.044
1.00522398949	0.308	-0.344	2.044
1.00698685646	0.308	-0.344	2.044
1.00874876976	0.248	-0.296	2.044
1.01052498817	0.248	-0.296	2.044
1.01229286194	0.248	-0.296	2.044
1.01405596733	0.004	-0.16	1.584
1.01581788063	0.004	-0.16	1.584
1.01757979393	0.004	-0.16	1.584
1.01934194565	-0.228	-0.004	0.132
1.02110481262	-0.228	-0.004	0.132
1.02286887169	-0.228	-0.004	0.132
1.02463293076	-0.328	0.104	-0.836
1.02639579773	-0.328	0.104	-0.836
1.02815794945	-0.328	0.104	-0.836
1.02991986275	-0.292	0.068	-0.848
1.03168296814	-0.292	0.068	-0.848
1.03345179558	-0.292	0.068	-0.848
1.03521585464	-0.092	-0.052	0.108
1.03698086739	-0.092	-0.052	0.108
1.03875398636	-0.092	-0.052	0.108
1.04051685333	0.172	-0.216	1.52
1.04228591919	0.172	-0.216	1.52
1.04404878616	0.172	-0.216	1.52
1.04580998421	0.296	-0.328	2.044
1.04757189751	0.296	-0.328	2.044
1.04933381081	0.296	-0.324	2.044
1.0510969162	0.296	-0.324	2.044
1.05286383629	0.296	-0.324	2.044
1.05462694168	0.12	-0.212	2.044
1.05638885498	0.12	-0.212	2.044
1.05817294121	0.12	-0.212	2.044
1.05993580818	-0.152	-0.076	0.708
1.06169986725	-0.152	-0.076	0.708
1.06346893311	-0.152	-0.076	0.708
1.06523489952	-0.312	0.068	-0.54
1.06699776649	-0.312	0.068	-0.54
1.06875991821	-0.312	0.068	-0.54
1.07052278519	-0.304	0.092	-0.98
1.07229185104	-0.304	0.092	-0.98
1.07405591011	-0.304	0.092	-0.98
1.07581877708	-0.188	0.004	-0.376
1.0775809288	-0.188	0.004	-0.376
1.07934379578	-0.188	0.004	-0.376
1.08110690117	0.084	-0.144	0.932
1.08287477493	0.084	-0.144	0.932
1.08463597298	0.084	-0.144	0.932
1.08639597893	0.24	-0.28	2.044
1.08816695213	0.24	-0.28	2.044
1.08992886543	0.24	-0.28	2.044
1.0916929245	0.304	-0.348	2.044
1.09346079826	0.304	-0.348	2.044
1.09522485733	0.204	-0.276	2.044
1.09698677063	0.204	-0.276	2.044
1.09874892235	0.204	-0.276	2.044
1.10051083565	-0.06	-0.14	1.308
1.1022799015	-0.06	-0.14	1.308
1.10404276848	-0.06	-0.14	1.308
1.10580587387	-0.268	0.032	-0.1
1.10756897926	-0.268	0.032	-0.1
1.10933089256	-0.268	0.032	-0.1
1.11109280586	-0.316	0.108	-0.92
1.11286187172	-0.316	0.108	-0.92
1.11462593079	-0.316	0.108	-0.92
1.11638879776	-0.268	0.056	-0.74
1.11815094948	-0.268	0.056	-0.74
1.11991596222	-0.268	0.056	-0.74
1.12167882919	-0.02	-0.088	0.352
1.12344694138	-0.02	-0.088	0.352
1.12520980835	-0.02	-0.088	0.352
1.12697291374	0.216	-0.224	1.768
1.12873578072	0.216	-0.224	1.768
1.13049578667	0.216	-0.224	1.768
1.13233995438	0.296	-0.348	2.044
1.13410878181	0.296	-0.348	2.044
1.13587284088	0.26	-0.32	2.044
1.13767886162	0.26	-0.32	2.044
1.13944077492	0.26	-0.32	2.044
1.14120292664	0.06	-0.188	1.888
1.1429708004	0.06	-0.188	1.888
1.14473390579	0.06	-0.188	1.888
1.14649987221	-0.2	-0.048	0.44
1.14826178551	-0.2	-0.048	0.44
1.1500248909	-0.2	-0.048	0.44
1.15178585052	-0.328	0.08	-0.696
1.15355491638	-0.328	0.08	-0.696
1.15531992912	-0.328	0.08	-0.696
1.1570827961	-0.308	0.084	-0.936
1.15884494781	-0.308	0.084	-0.936
1.16060876846	-0.308	0.084	-0.936
1.16237783432	-0.128	-0.032	-0.168
1.16414189339	-0.128	-0.032	-0.168
1.16590499878	-0.128	-0.032	-0.168
1.16766786575	0.136	-0.164	1.2
1.16942882538	0.136	-0.164	1.2
1.17119193077	0.136	-0.164	1.2
1.17295885086	0.292	-0.312	2.044
1.17472481728	0.292	-0.312	2.044
1.17648696899	0.292	-0.312	2.044
1.17824888229	0.3	-0.34	2.044
1.18001079559	0.3	-0.34	2.044
1.18177199364	0.168	-0.252	2.044
1.1835398674	0.168	-0.252	2.044
1.1853017807	0.168	-0.252	2.044
1.18707299232	-0.1	-0.1	1.028
1.1888358593	-0.1	-0.1	1.028
1.19059896469	-0.1	-0.1	1.028
1.1923699379	-0.284	0.048	-0.312
1.19413781166	-0.284	0.048	-0.312
1.19590091705	-0.284	0.048	-0.312
1.19766283035	-0.34	0.104	-0.976
1.19942688942	-0.34	0.104	-0.976
1.2012398243	-0.34	0.104	-0.976
1.2030069828	-0.256	0.024	-0.588
1.20477080345	-0.256	0.024	-0.588
1.20653390884	-0.256	0.024	-0.588
1.20829677582	0.028	-0.12	0.616
1.21005892754	0.028	-0.12	0.616
1.21182084084	0.028	-0.12	0.616
1.21358299255	0.264	-0.264	2.02
1.21534490585	0.264	-0.264	2.02
1.21710586548	0.264	-0.264	2.02
1.21886777878	0.312	-0.348	2.044
1.22062897682	0.312	-0.348	2.044
1.2223918438	0.312	-0.348	2.044
1.22415399551	0.26	-0.288	2.044
1.22591495514	0.26	-0.288	2.044
1.22767591476	0.02	-0.16	1.628
1.22944092751	0.02	-0.16	1.628
1.23120188713	0.02	-0.16	1.628
1.23297095299	-0.22	-0.016	0.184
1.23473381996	-0.22	-0.016	0.184
1.23651480675	-0.22	-0.016	0.184
1.23827981949	-0.332	0.108	-0.816
1.24004387856	-0.332	0.108	-0.816
1.24180579185	-0.332	0.108	-0.816
1.24357700348	-0.304	0.068	-0.868
1.24534082413	-0.304	0.068	-0.868
1.24710392952	-0.304	0.068	-0.868
1.24886798859	-0.132	-0.044	0.056
1.25063085556	-0.132	-0.044	0.056
1.25239896774	-0.132	-0.044	0.056
1.25416183472	0.164	-0.204	1.468
1.25592684746	0.164	-0.204	1.468
1.25768995285	0.164	-0.204	1.468
1.25945091248	0.292	-0.324	2.044
1.26121282578	0.292	-0.324	2.044
1.26298189163	0.292	-0.324	2.044
1.2647459507	0.308	-0.336	2.044
1.266507864	0.308	-0.336	2.044
1.26827096939	0.144	-0.224	2.044
1.27003192902	0.144	-0.224	2.044
1.27179384232	0.144	-0.224	2.044
1.2735619545	-0.14	-0.076	0.756
1.27532482147	-0.14	-0.076	0.756
1.27708792686	-0.14	-0.076	0.756
1.27884984016	-0.308	0.064	-0.512
1.28061294556	-0.308	0.064	-0.512
1.28238177299	-0.308	0.064	-0.512
1.2841489315	-0.32	0.084	-0.972
1.28592181206	-0.32	0.084	-0.972
1.28768491745	-0.32	0.084	-0.972
1.28944897652	-0.2	-0.004	-0.404
1.29121184349	-0.2	-0.004	-0.404
1.29297494888	-0.2	-0.004	-0.404
1.29473876953	0.076	-0.152	0.9
1.29649996758	0.076	-0.152	0.9
1.2982609272	0.076	-0.152	0.9
1.30002188683	0.256	-0.28	2.044
1.30178380013	0.256	-0.28	2.044
1.30355095863	0.256	-0.28	2.044
1.30531382561	0.312	-0.352	2.044
1.307076931	0.312	-0.352	2.044
1.30883789062	0.312	-0.352	2.044
1.31060385704	0.224	-0.276	2.044
1.31237578392	0.224	-0.276	2.044
1.31413888931	-0.036	-0.14	1.344
1.31590199471	-0.036	-0.14	1.344
1.317663908	-0.036	-0.14	1.344
1.31942677498	-0.248	0.016	-0.056
1.32119083405	-0.248	0.016	-0.056
1.32295894623	-0.248	0.016	-0.056
1.32472085953	-0.324	0.104	-0.908
1.32648396492	-0.324	0.104	-0.908
1.32824587822	-0.324	0.104	-0.908
1.33000779152	-0.272	0.056	-0.752
1.33177089691	-0.272	0.056	-0.752
1.33353877068	-0.272	0.056	-0.752
1.33531093597	-0.04	-0.072	0.316
1.33707380295	-0.04	-0.072	0.316
1.33883881569	-0.04	-0.072	0.316
1.34060096741	0.2	-0.224	1.736
1.34236884117	0.2	-0.224	1.736
1.34413099289	0.2	-0.224	1.736
1.34589290619	0.292	-0.344	2.044
1.34765386581	0.292	-0.344	2.044
1.34941697121	0.292	-0.344	2.044
1.35117888451	0.26	-0.328	2.044
1.35294699669	0.26	-0.328	2.044
1.35470890999	0.26	-0.328	2.044
1.35647177696	0.064	-0.2	1.908
1.35823297501	0.064	-0.2	1.908
1.35999488831	-0.188	-0.056	0.484
1.3617579937	-0.188	-0.056	0.484
1.36355686188	-0.188	-0.056	0.484
1.36532497406	-0.312	0.088	-0.676
1.36708879471	-0.312	0.088	-0.676
1.3688519001	-0.312	0.088	-0.676
1.37061476707	-0.3	0.088	-0.948
1.37238383293	-0.3	0.088	-0.948
1.374147892	-0.3	0.088	-0.948
1.3759098053	-0.156	-0.016	-0.18
1.37767386436	-0.156	-0.016	-0.18
1.37943696976	-0.156	-0.016	-0.18
1.38120079041	0.128	-0.156	1.168
1.38296890259	0.128	-0.156	1.168
1.38474178314	0.128	-0.156	1.168
1.38650488853	0.276	-0.308	2.044
1.38826680183	0.276	-0.308	2.044
1.39002799988	0.276	-0.308	2.044
1.39179086685	0.288	-0.344	2.044
1.39356184006	0.288	-0.344	2.044
1.39532399178	0.288	-0.344	2.044
1.39708590508	0.156	-0.252	2.044
1.39884877205	0.156	-0.252	2.044
1.40061092377	0.156	-0.252	2.044
1.40237879753	-0.092	-0.104	1.072
1.40414190292	-0.092	-0.104	1.072
1.40590381622	-0.28	0.04	-0.292
1.40766596794	-0.28	0.04	-0.292
1.40942978859	-0.28	0.04	-0.292
1.41119289398	-0.34	0.108	-0.976
1.41296195984	-0.34	0.108	-0.976
1.41472482681	-0.34	0.108	-0.976
1.41648888588	-0.244	0.032	-0.616
1.41825199127	-0.244	0.032	-0.616
1.42001700401	-0.244	0.032	-0.616
1.42177987099	0.016	-0.104	0.584
1.42354393005	0.016	-0.104	0.584
1.42530894279	0.016	-0.104	0.584
1.42706990242	0.244	-0.244	1.98
1.42883181572	0.244	-0.244	1.98
1.43059277534	0.244	-0.244	1.98
1.43235993385	0.304	-0.34	2.044
1.43413186073	0.304	-0.34	2.044
1.43589377403	0.304	-0.34	2.044
1.43765592575	0.248	-0.292	2.044
1.43941783905	0.248	-0.292	2.044
1.44117999077	0.248	-0.292	2.044
1.44294786453	0.024	-0.168	1.652
1.44470977783	0.024	-0.168	1.652
1.44647097588	0.024	-0.168	1.652
1.44823479652	-0.22	-0.032	0.212
1.44999885559	-0.22	-0.032	0.212
1.45176076889	-0.336	0.096	-0.804
1.45352888107	-0.336	0.096	-0.804
1.45529294014	-0.336	0.096	-0.804
1.45705699921	-0.3	0.076	-0.884
1.45881986618	-0.3	0.076	-0.884
1.46058297157	-0.3	0.076	-0.884
1.4623529911	-0.096	-0.06	0.036
1.46411585808	-0.096	-0.06	0.036
1.46587896347	-0.096	-0.06	0.036
1.46764087677	0.172	-0.2	1.448
1.46940279007	0.172	-0.2	1.448
1.47116494179	0.172	-0.2	1.448
1.47292900085	0.3	-0.304	2.044
1.47469496727	0.3	-0.304	2.044
1.47645688057	0.3	-0.304	2.044
1.47821879387	0.304	-0.328	2.044
1.47997999191	0.304	-0.328	2.044
1.48174190521	0.304	-0.328	2.044
1.48351597786	0.116	-0.208	2.044
1.48528194427	0.116	-0.208	2.044
1.48704385757	0.116	-0.208	2.044
1.48880577087	-0.148	-0.084	0.78
1.49056887627	-0.148	-0.084	0.78
1.49233794212	-0.316	0.06	-0.5
1.4940969944	-0.316	0.06	-0.5
1.49585485458	-0.316	0.06	-0.5
1.49761295319	-0.352	0.104	-0.976
1.49937796593	-0.352	0.104	-0.976
1.50113987923	-0.352	0.104	-0.976
1.50291180611	-0.204	-0.008	-0.436
1.50467681885	-0.204	-0.008	-0.436
1.50643992424	-0.204	-0.008	-0.436
1.50820279121	0.072	-0.144	0.864
1.50996398926	0.072	-0.144	0.864
1.51172590256	0.072	-0.144	0.864
1.51349592209	0.268	-0.276	2.044
1.51525998116	0.268	-0.276	2.044
1.51702189445	0.268	-0.276	2.044
1.51878285408	0.332	-0.372	2.044
1.52054595947	0.332	-0.372	2.044
1.52231383324	0.332	-0.372	2.044
1.52407598495	0.236	-0.28	2.044
1.52583789825	0.236	-0.28	2.044
1.52759981155	0.236	-0.28	2.044
1.52936577797	-0.02	-0.136	1.368
1.53112983704	-0.02	-0.136	1.368
1.5329079628	-0.02	-0.136	1.368
1.53467082977	-0.256	0.008	-0.052
1.53643298149	-0.256	0.008	-0.052
1.53819489479	-0.34	0.1	-0.908
1.53995680809	-0.34	0.1	-0.908
1.54171895981	-0.34	0.1	-0.908
1.54348397255	-0.288	0.056	-0.752
1.54528093338	-0.288	0.056	-0.752
1.54704594612	-0.288	0.056	-0.752
1.5488088131	-0.056	-0.072	0.288
1.55056977272	-0.056	-0.072	0.288
1.55233383179	-0.056	-0.072	0.288
1.55409693718	0.188	-0.224	1.732
1.55585980415	0.188	-0.224	1.732
1.55762577057	0.188	-0.224	1.732
1.55938792229	0.304	-0.332	2.044
1.56115078926	0.304	-0.332	2.044
1.56291890144	0.304	-0.332	2.044
1.56468081474	0.28	-0.32	2.044
1.56644296646	0.28	-0.32	2.044
1.56820583344	0.28	-0.32	2.044
1.56996798515	0.076	-0.196	1.924
1.57173085213	0.076	-0.196	1.924
1.57349681854	0.076	-0.196	1.924
1.57526087761	-0.196	-0.044	0.488
1.577023983	-0.196	-0.044	0.488
1.5787858963	-0.196	-0.044	0.488
1.58054900169	-0.316	0.08	-0.652
1.58232688904	-0.316	0.08	-0.652
1.58409380913	-0.32	0.092	-0.944
1.58585786819	-0.32	0.092	-0.944
1.58761978149	-0.32	0.092	-0.944
1.58938193321	-0.144	-0.044	-0.208
1.59114480019	-0.144	-0.044	-0.208
1.59291481972	-0.144	-0.044	-0.208
1.59467887878	0.124	-0.16	1.148
1.59643983841	0.124	-0.16	1.148
1.59820079803	0.124	-0.16	1.148
1.59996390343	0.276	-0.304	2.044
1.60172581673	0.276	-0.304	2.044
1.60349297523	0.276	-0.304	2.044
1.60525584221	0.304	-0.348	2.044
1.60701799393	0.304	-0.348	2.044
1.60877895355	0.304	-0.348	2.044
1.61054182053	0.192	-0.268	2.044
1.61231279373	0.192	-0.268	2.044
1.61407589912	0.192	-0.268	2.044
1.61583685875	-0.084	-0.108	1.096
1.61759877205	-0.084	-0.108	1.096
1.61936092377	-0.084	-0.108	1.096
1.62112379074	-0.276	0.048	-0.284
1.62288689613	-0.276	0.048	-0.284
1.6246509552	-0.276	0.048	-0.284
1.62641382217	-0.332	0.1	-0.976
1.62817597389	-0.332	0.1	-0.976
1.62993884087	-0.252	0.036	-0.616
1.63171076775	-0.252	0.036	-0.616
1.6334798336	-0.252	0.036	-0.616
1.635242939	0.004	-0.1	0.572
1.63700389862	0.004	-0.1	0.572
1.63876795769	0.004	-0.1	0.572
1.64053297043	0.232	-0.248	1.976
1.64230298996	0.232	-0.248	1.976
1.64406490326	0.232	-0.248	1.976
1.64582681656	0.296	-0.344	2.044
1.64758896828	0.296	-0.344	2.044
1.64935183525	0.296	-0.344	2.044
1.65111398697	0.256	-0.288	2.044
1.65288186073	0.256	-0.288	2.044
1.65464377403	0.256	-0.288	2.044
1.65641379356	0.024	-0.168	1.66
1.65817689896	0.024	-0.168	1.66
1.65994000435	0.024	-0.168	1.66
1.66169977188	-0.208	-0.028	0.244
1.66346883774	-0.208	-0.028	0.244
1.66523194313	-0.208	-0.028	0.244
1.66699695587	-0.324	0.108	-0.792
1.66875982285	-0.324	0.108	-0.792
1.67052292824	-0.324	0.108	-0.792
1.67229294777	-0.312	0.08	-0.884
1.67405581474	-0.312	0.08	-0.884
1.67581892014	-0.092	-0.052	0.02
1.67758178711	-0.092	-0.052	0.02
1.67934393883	-0.092	-0.052	0.02
1.68111586571	0.172	-0.196	1.424
1.68288588524	0.172	-0.196	1.424
1.68464899063	0.172	-0.196	1.424
1.68641400337	0.296	-0.324	2.044
1.68817877769	0.296	-0.324	2.044
1.68994188309	0.296	-0.324	2.044
1.69170379639	0.284	-0.332	2.044
1.69347381592	0.284	-0.332	2.044
1.69523692131	0.284	-0.332	2.044
1.69699883461	0.116	-0.228	2.044
1.69876098633	0.116	-0.228	2.044
1.70052194595	0.116	-0.228	2.044
1.7022857666	-0.144	-0.08	0.804
1.70404887199	-0.144	-0.08	0.804
1.70581078529	-0.144	-0.08	0.804
1.70757293701	-0.304	0.068	-0.472
1.70933580399	-0.304	0.068	-0.472
1.7110979557	-0.304	0.068	-0.472
1.71286678314	-0.316	0.096	-0.972
1.71462988853	-0.316	0.096	-0.972
1.7163939476	-0.216	0.008	-0.456
1.71815681458	-0.216	0.008	-0.456
1.71991896629	-0.216	0.008	-0.456
1.72168493271	0.068	-0.14	0.84
1.72344779968	0.068	-0.14	0.84
1.72520184517	0.068	-0.14	0.84
1.72695589066	0.264	-0.28	2.044
1.72870993614	0.264	-0.28	2.044
1.7304828167	0.264	-0.28	2.044
1.73223781586	0.308	-0.344	2.044
1.73400497437	0.308	-0.344	2.044
1.73576879501	0.308	-0.344	2.044
1.73753190041	0.224	-0.28	2.044
1.73929381371	0.224	-0.28	2.044
1.74105596542	0.224	-0.28	2.044
1.74282383919	-0.032	-0.148	1.4
1.74458789825	-0.032	-0.148	1.4
1.74635195732	-0.032	-0.148	1.4
1.74812698364	-0.272	0.016	-0.028
1.74992084503	-0.272	0.016	-0.028
1.75168585777	-0.272	0.016	-0.028
1.75345492363	-0.336	0.08	-0.892
1.7552189827	-0.336	0.08	-0.892
1.75698280334	-0.336	0.08	-0.892
1.75874590874	-0.28	0.052	-0.776
1.7605099678	-0.28	0.052	-0.776
1.76227283478	-0.044	-0.08	0.26
1.76403594017	-0.044	-0.08	0.26
1.76579785347	-0.044	-0.08	0.26
1.76756095886	0.204	-0.224	1.688
1.76932382584	0.204	-0.224	1.688
1.77108478546	0.204	-0.224	1.688
1.77285385132	0.308	-0.34	2.044
1.77461695671	0.308	-0.34	2.044
1.77638196945	0.308	-0.34	2.044
1.77814292908	0.288	-0.32	2.044
1.77991580963	0.288	-0.32	2.044
1.78167796135	0.288	-0.32	2.044
1.78344392776	0.084	-0.192	1.96
1.78521299362	0.084	-0.192	1.96
1.78697490692	0.084	-0.192	1.96
1.78873586655	-0.204	-0.032	0.548
1.79049777985	-0.204	-0.032	0.548
1.79232192039	-0.204	-0.032	0.548
1.79408979416	-0.328	0.084	-0.652
1.79585289955	-0.328	0.084	-0.652
1.79761576653	-0.328	0.084	-0.652
1.79937791824	-0.34	0.096	-0.956
1.80114293098	-0.34	0.096	-0.956
1.80291485786	-0.34	0.096	-0.956
1.80467891693	-0.168	-0.028	-0.236
1.806442976	-0.168	-0.028	-0.236
1.80820679665	0.112	-0.16	1.116
1.80996799469	0.112	-0.16	1.116
1.81172895432	0.112	-0.16	1.116
1.81349682808	0.28	-0.304	2.044
1.8152577877	0.28	-0.304	2.044
1.8170208931	0.28	-0.304	2.044
1.8187828064	0.316	-0.348	2.044
1.82054495811	0.316	-0.348	2.044
1.82230782509	0.316	-0.348	2.044
1.82407093048	0.2	-0.284	2.044
1.82583284378	0.2	-0.284	2.044
1.82759284973	0.2	-0.284	2.044
1.82936477661	-0.08	-0.104	1.116
1.83113193512	-0.08	-0.104	1.116
1.83290195465	-0.08	-0.104	1.116
1.83466482162	-0.276	0.028	-0.256
1.83642792702	-0.276	0.028	-0.256
1.83818984032	-0.276	0.028	-0.256
1.83995199203	-0.344	0.1	-0.952
1.84171390533	-0.344	0.1	-0.952
1.84348392487	-0.344	0.1	-0.952
1.84524583817	-0.26	0.028	-0.636
1.84700894356	-0.26	0.028	-0.636
1.84877181053	-0.26	0.028	-0.636
1.85053396225	-0.008	-0.092	0.544
1.85230398178	-0.008	-0.092	0.544
1.85406589508	0.228	-0.256	1.94
1.85582780838	0.228	-0.256	1.94
1.85759282112	0.228	-0.256	1.94
1.85935497284	0.316	-0.34	2.044
1.86111783981	0.316	-0.34	2.044
1.862885952	0.316	-0.34	2.044
1.86464881897	0.256	-0.304	2.044
1.86640977859	0.256	-0.304	2.044
1.86817193031	0.256	-0.304	2.044
1.86993288994	0.044	-0.172	1.692
1.87169384956	0.044	-0.172	1.692
1.87346196175	0.044	-0.172	1.692
1.87522482872	-0.216	-0.012	0.26
1.87698578835	-0.216	-0.012	0.26
1.8787689209	-0.216	-0.012	0.26
1.88053297997	-0.32	0.112	-0.792
1.8823018074	-0.32	0.112	-0.792
1.88406586647	-0.32	0.112	-0.792
1.88583183289	-0.32	0.076	-0.892
1.88759589195	-0.32	0.076	-0.892
1.88935780525	-0.32	0.076	-0.892
1.89112091064	-0.124	-0.048	-0.008
1.8928899765	-0.124	-0.048	-0.008
1.89465379715	0.148	-0.192	1.4
1.89642691612	0.148	-0.192	1.4
1.8981897831	0.148	-0.192	1.4
1.89995098114	0.284	-0.312	2.044
1.90171384811	0.284	-0.312	2.044
1.9034819603	0.284	-0.312	2.044
1.9052438736	0.296	-0.336	2.044
1.90700483322	0.296	-0.336	2.044
1.90876579285	0.296	-0.336	2.044
1.91052699089	0.148	-0.232	2.044
1.9122979641	0.148	-0.232	2.044
1.91406178474	0.148	-0.232	2.044
1.91582489014	-0.128	-0.092	0.836
1.91758799553	-0.128	-0.092	0.836
1.9193508625	-0.128	-0.092	0.836
1.9211139679	-0.284	0.06	-0.436
1.92288279533	-0.284	0.06	-0.436
1.92464494705	-0.284	0.06	-0.436
1.92640781403	-0.32	0.1	-0.972
1.92817997932	-0.32	0.1	-0.972
1.92994189262	-0.32	0.1	-0.972
1.93170499802	-0.216	0.016	-0.472
1.93347191811	-0.216	0.016	-0.472
1.93523597717	-0.216	0.016	-0.472
1.93699884415	0.048	-0.132	0.804
1.93875980377	0.048	-0.132	0.804
1.94052481651	0.26	-0.284	2.044
1.9422929287	0.26	-0.284	2.044
1.94405579567	0.26	-0.284	2.044
1.94581794739	0.3	-0.348	2.044
1.94757890701	0.3	-0.348	2.044
1.94933986664	0.3	-0.348	2.044
1.95110177994	0.22	-0.28	2.044
1.95286989212	0.22	-0.28	2.044
1.95463180542	0.22	-0.28	2.044
1.95639395714	-0.028	-0.148	1.432
1.95815777779	-0.028	-0.148	1.432
1.95992088318	-0.028	-0.148	1.432
1.96168494225	-0.26	0.004	-0.012
1.96344900131	-0.26	0.004	-0.012
1.96521091461	-0.26	0.004	-0.012
1.96697688103	-0.324	0.104	-0.888
1.96874094009	-0.324	0.104	-0.888
1.97050380707	-0.324	0.104	-0.888
1.97229886055	-0.272	0.064	-0.804
1.97406578064	-0.272	0.064	-0.804
1.97582793236	-0.272	0.064	-0.804
1.97759985924	-0.048	-0.072	0.24
1.97940278053	-0.048	-0.072	0.24
1.98116779327	-0.048	-0.072	0.24
1.98293685913	0.192	-0.22	1.648
1.98470187187	0.192	-0.22	1.648
1.98646378517	0.308	-0.348	2.044
1.98822593689	0.308	-0.348	2.044
1.98998880386	0.308	-0.348	2.044
1.99175000191	0.28	-0.324	2.044
1.99351787567	0.28	-0.324	2.044
1.99528384209	0.28	-0.324	2.044
1.9970459938	0.064	-0.204	1.996
1.99880695343	0.064	-0.204	1.996
2.00056791306	0.064	-0.204	1.996
2.00233697891	-0.184	-0.064	0.56
2.00409984589	-0.184	-0.064	0.56
2.00586295128	-0.184	-0.064	0.56
2.00762486458	-0.316	0.076	-0.632
2.00938892365	-0.316	0.076	-0.632
2.01115083694	-0.316	0.076	-0.632
2.0129199028	-0.312	0.088	-0.952
2.0146818161	-0.312	0.088	-0.952
2.01644396782	-0.312	0.088	-0.952
2.01820778847	-0.16	-0.004	-0.264
2.01997089386	-0.16	-0.004	-0.264
2.02173781395	-0.16	-0.004	-0.264
2.02350592613	0.112	-0.152	1.072
2.02527284622	0.112	-0.152	1.072
2.02704286575	0.288	-0.304	2.044
2.02880477905	0.288	-0.304	2.044
2.03056788445	0.288	-0.304	2.044
2.03233599663	0.312	-0.344	2.044
2.0340988636	0.312	-0.344	2.044
2.0358607769	0.312	-0.344	2.044
2.03762292862	0.18	-0.264	2.044
2.03938484192	0.18	-0.264	2.044
2.04114580154	0.18	-0.264	2.044
2.04290795326	-0.084	-0.116	1.144
2.04466891289	-0.084	-0.116	1.144
2.04643082619	-0.084	-0.116	1.144
2.04819393158	-0.28	0.028	-0.228
2.04995989799	-0.28	0.028	-0.228
2.05172181129	-0.28	0.028	-0.228
2.05349087715	-0.34	0.108	-0.948
2.05525398254	-0.34	0.108	-0.948
2.05701780319	-0.34	0.108	-0.948
2.05877995491	-0.248	0.032	-0.656
2.06054282188	-0.248	0.032	-0.656
2.06231093407	-0.248	0.032	-0.656
2.06407380104	0.0	-0.1	0.496
2.06582784653	0.0	-0.1	0.496
2.06758093834	0.0	-0.1	0.496
2.06933498383	0.236	-0.26	1.92
2.07109594345	0.236	-0.26	1.92
2.07286477089	0.308	-0.352	2.044
2.07462787628	0.308	-0.352	2.044
2.07640194893	0.308	-0.352	2.044
2.07816576958	0.264	-0.304	2.044
2.0799279213	0.264	-0.304	2.044
2.08168983459	0.264	-0.304	2.044
2.08345794678	0.044	-0.172	1.728
2.08521986008	0.044	-0.172	1.728
2.08698177338	0.044	-0.172	1.728
2.08874487877	-0.216	-0.016	0.28
2.09050679207	-0.216	-0.016	0.28
2.09227585793	-0.216	-0.016	0.28
2.09403896332	-0.324	0.108	-0.792
2.09580183029	-0.324	0.108	-0.792
2.09756493568	-0.324	0.108	-0.792
2.09932684898	-0.324	0.088	-0.896
2.1010890007	-0.324	0.088	-0.896
2.10285782814	-0.324	0.088	-0.896
2.10462379456	-0.12	-0.036	-0.036
2.10638785362	-0.12	-0.036	-0.036
2.10815095901	-0.12	-0.036	-0.036
2.10991287231	0.156	-0.196	1.356
2.11167478561	0.156	-0.196	1.356
2.11344194412	0.156	-0.196	1.356
2.11520385742	0.288	-0.316	2.044
2.11696481705	0.288	-0.316	2.044
2.11872696877	0.304	-0.336	2.044
2.12048792839	0.304	-0.336	2.044
2.12224984169	0.304	-0.336	2.044
2.12409186363	0.16	-0.228	2.044
2.12587380409	0.16	-0.228	2.044
2.12763690948	0.16	-0.228	2.044
2.12939882278	-0.12	-0.08	0.884
2.1311647892	-0.12	-0.08	0.884
2.13293480873	-0.12	-0.08	0.884
2.13469791412	-0.292	0.068	-0.432
2.13647198677	-0.292	0.068	-0.432
2.13823890686	-0.292	0.068	-0.432
2.14000296593	-0.344	0.116	-0.98
2.14176678658	-0.344	0.116	-0.98
2.14353394508	-0.344	0.116	-0.98
2.14529895782	-0.224	0.012	-0.476
2.1470618248	-0.224	0.012	-0.476
2.14882397652	-0.224	0.012	-0.476
2.15058684349	0.048	-0.128	0.768
2.15235495567	0.048	-0.128	0.768
2.15411686897	0.048	-0.128	0.768
2.15587878227	0.244	-0.272	2.044
2.15763998032	0.244	-0.272	2.044
2.15940499306	0.244	-0.272	2.044
2.16116786003	0.304	-0.352	2.044
2.16293597221	0.304	-0.352	2.044
2.16469883919	0.236	-0.272	2.044
2.16645979881	0.236	-0.272	2.044
2.16822099686	0.236	-0.272	2.044
2.16998386383	-0.004	-0.152	1.456
2.17174696922	-0.004	-0.152	1.456
2.17351484299	-0.004	-0.152	1.456
2.17528796196	-0.244	0.004	0.028
2.17704987526	-0.244	0.004	0.028
2.17881083488	-0.244	0.004	0.028
2.18057179451	-0.34	0.116	-0.88
2.18234086037	-0.34	0.116	-0.88
2.18410277367	-0.34	0.116	-0.88
2.18586993217	-0.276	0.072	-0.812
2.18763184547	-0.276	0.072	-0.812
2.18939495087	-0.276	0.072	-0.812
2.19115781784	-0.064	-0.06	0.212
2.19292593002	-0.064	-0.06	0.212
2.194688797	-0.064	-0.06	0.212
2.19645285606	0.196	-0.212	1.644
2.19821476936	0.196	-0.212	1.644
2.19997596741	0.196	-0.212	1.644
2.20173883438	0.288	-0.332	2.044
2.20350694656	0.288	-0.332	2.044
2.20526981354	0.276	-0.32	2.044
2.20703196526	0.276	-0.32	2.044
2.20879483223	0.276	-0.32	2.044
2.21055579185	0.092	-0.212	2.02
2.21232485771	0.092	-0.212	2.02
2.21408987045	0.092	-0.212	2.02
2.21585178375	-0.176	-0.06	0.588
2.21761488914	-0.176	-0.06	0.588
2.21937584877	-0.176	-0.06	0.588
2.22113895416	-0.316	0.072	-0.596
2.22290182114	-0.316	0.072	-0.596
2.22467494011	-0.316	0.072	-0.596
2.22643780708	-0.32	0.1	-0.968
2.2281999588	-0.32	0.1	-0.968
2.2299618721	-0.32	0.1	-0.968
2.23172283173	-0.176	0.0	-0.284
2.23348498344	-0.176	0.0	-0.284
2.2352399826	-0.176	0.0	-0.284
2.23699498177	0.104	-0.144	1.056
2.23879694939	0.104	-0.144	1.056
2.24056577682	0.104	-0.144	1.056
2.24233484268	0.268	-0.3	2.044
2.2440969944	0.268	-0.3	2.044
2.2458589077	0.268	-0.3	2.044
2.247620821	0.3	-0.34	2.044
2.24938297272	0.3	-0.34	2.044
2.25114488602	0.18	-0.26	2.044
2.25291395187	0.18	-0.26	2.044
2.25467681885	0.18	-0.26	2.044
2.25643777847	-0.088	-0.1	1.176
2.25820183754	-0.088	-0.1	1.176
2.25996398926	-0.088	-0.1	1.176
2.26172685623	-0.272	0.024	-0.208
2.26349687576	-0.272	0.024	-0.208
2.26525998116	-0.272	0.024	-0.208
2.26702189445	-0.32	0.104	-0.936
2.26878881454	-0.32	0.104	-0.936
2.27055096626	-0.32	0.104	-0.936
2.27232098579	-0.252	0.044	-0.668
2.27409291267	-0.252	0.044	-0.668
2.27585577965	-0.252	0.044	-0.668
2.27761793137	0.004	-0.1	0.472
2.27937889099	0.004	-0.1	0.472
2.28115081787	0.004	-0.1	0.472
2.28291797638	0.236	-0.244	1.9
2.284678936	0.236	-0.244	1.9
2.2864408493	0.236	-0.244	1.9
2.28820180893	0.304	-0.336	2.044
2.28996396065	0.304	-0.336	2.044
2.29172587395	0.304	-0.336	2.044
2.29348897934	0.264	-0.332	2.044
2.29525494576	0.264	-0.332	2.044
2.29701781273	0.032	-0.184	1.76
2.29877877235	0.032	-0.184	1.76
2.30054187775	0.032	-0.184	1.76
2.30231499672	-0.216	-0.032	0.316
2.30407786369	-0.216	-0.032	0.316
2.30584192276	-0.216	-0.032	0.316
2.30760478973	-0.316	0.104	-0.752
2.3093688488	-0.316	0.104	-0.752
2.31113290787	-0.316	0.104	-0.752
2.31289792061	-0.304	0.072	-0.9
2.31465983391	-0.304	0.072	-0.9
2.3164229393	-0.304	0.072	-0.9
2.3181848526	-0.124	-0.036	-0.064
2.31994795799	-0.124	-0.036	-0.064
2.32171177864	-0.124	-0.036	-0.064
2.32349300385	0.152	-0.184	1.34
2.32525992393	0.152	-0.184	1.34
2.32702279091	0.152	-0.184	1.34
2.3287858963	0.308	-0.292	2.044
2.33054685593	0.308	-0.292	2.044
2.33231496811	0.308	-0.292	2.044
2.33407783508	0.304	-0.328	2.044
2.3358399868	0.304	-0.328	2.044
2.33760285378	0.304	-0.328	2.044
2.33936595917	0.148	-0.232	2.044
2.34112787247	0.148	-0.232	2.044
2.34289598465	-0.124	-0.092	0.9
2.3446598053	-0.124	-0.092	0.9
2.34642195702	-0.124	-0.092	0.9
2.34818387032	-0.308	0.06	-0.416
2.34995079041	-0.308	0.06	-0.416
2.3517138958	-0.308	0.06	-0.416
2.35348296165	-0.336	0.1	-0.972
2.3552467823	-0.336	0.1	-0.972
2.3570098877	-0.336	0.1	-0.972
2.35877084732	-0.224	0.024	-0.512
2.36053490639	-0.224	0.024	-0.512
2.36230397224	-0.224	0.024	-0.512
2.36406683922	0.04	-0.128	0.772
2.36582779884	0.04	-0.128	0.772
2.36758899689	0.04	-0.128	0.772
2.36935091019	0.268	-0.272	2.044
2.37111186981	0.268	-0.272	2.044
2.37288880348	0.268	-0.272	2.044
2.37465190887	0.308	-0.344	2.044
2.37641477585	0.308	-0.344	2.044
2.37818098068	0.308	-0.344	2.044
2.37994384766	0.248	-0.28	2.044
2.38170480728	0.248	-0.28	2.044
2.38347291946	0.248	-0.28	2.044
2.38523483276	-0.012	-0.144	1.496
2.38699793816	-0.012	-0.144	1.496
2.38876199722	-0.248	0.0	0.056
2.39051485062	-0.248	0.0	0.056
2.39227485657	-0.248	0.0	0.056
2.39402890205	-0.332	0.1	-0.864
2.39579176903	-0.332	0.1	-0.864
2.39755487442	-0.332	0.1	-0.864
2.39931797981	-0.296	0.06	-0.832
2.40108084679	-0.296	0.06	-0.832
2.40284895897	-0.296	0.06	-0.832
2.40461492538	-0.08	-0.068	0.18
2.40637779236	-0.08	-0.068	0.18
2.40813994408	-0.08	-0.068	0.18
2.40990281105	0.18	-0.224	1.604
2.41166496277	0.18	-0.224	1.604
2.41343188286	0.18	-0.224	1.604
2.41519498825	0.296	-0.328	2.044
2.41695690155	0.296	-0.328	2.044
2.41871881485	0.296	-0.328	2.044
2.42048096657	0.312	-0.32	2.044
2.42232179642	0.312	-0.32	2.044
2.42409181595	0.312	-0.32	2.044
2.42585492134	0.112	-0.212	2.028
2.42761778831	0.112	-0.212	2.028
2.42938089371	-0.168	-0.06	0.62
2.43114280701	-0.168	-0.06	0.62
2.43291592598	-0.168	-0.06	0.62
2.43468093872	-0.34	0.076	-0.58
2.43644285202	-0.34	0.076	-0.58
2.43820595741	-0.34	0.076	-0.58
2.43996882439	-0.336	0.092	-0.972
2.44172978401	-0.336	0.092	-0.972
2.44349884987	-0.336	0.092	-0.972
2.44526195526	-0.18	-0.012	-0.312
2.44702482224	-0.18	-0.012	-0.312
2.4487888813	-0.18	-0.012	-0.312
2.45055198669	0.104	-0.156	1.024
2.45231986046	0.104	-0.156	1.024
2.45408177376	0.104	-0.156	1.024
2.45584487915	0.268	-0.32	2.044
2.45760679245	0.268	-0.32	2.044
2.45937180519	0.268	-0.32	2.044
2.46113491058	0.316	-0.352	2.044
2.46290278435	0.316	-0.352	2.044
2.46466588974	0.316	-0.352	2.044
2.46642780304	0.2	-0.264	2.044
2.46818995476	0.2	-0.264	2.044
2.46995091438	0.2	-0.264	2.044
2.47172188759	-0.052	-0.12	1.208
2.47349190712	-0.052	-0.12	1.208
2.47525477409	-0.268	0.02	-0.188
2.47701787949	-0.268	0.02	-0.188
2.47877979279	-0.268	0.02	-0.188
2.4805419445	-0.332	0.108	-0.948
2.48231077194	-0.332	0.108	-0.948
2.48407387733	-0.332	0.108	-0.948
2.48583579063	-0.264	0.048	-0.688
2.48760080338	-0.264	0.048	-0.688
2.48936486244	-0.264	0.048	-0.688
2.49112677574	-0.016	-0.088	0.424
2.4928958416	-0.016	-0.088	0.424
2.49465799332	-0.016	-0.088	0.424
2.49642181396	0.208	-0.244	1.848
2.49818396568	0.208	-0.244	1.848
2.49994587898	0.208	-0.244	1.848
2.50170898438	0.308	-0.352	2.044
2.50347399712	0.308	-0.352	2.044
2.50523781776	0.308	-0.352	2.044
2.50699996948	0.268	-0.312	2.044
2.50876092911	0.268	-0.312	2.044
2.51052379608	0.268	-0.312	2.044
2.51228690147	0.048	-0.176	1.784
2.51405477524	0.048	-0.176	1.784
2.51581788063	0.048	-0.176	1.784
2.51757979393	-0.208	-0.036	0.352
2.51934289932	-0.208	-0.036	0.352
2.52111697197	-0.316	0.096	-0.744
2.52288889885	-0.316	0.096	-0.744
2.52465295792	-0.316	0.096	-0.744
2.52641677856	-0.304	0.076	-0.912
2.52817893028	-0.304	0.076	-0.912
2.52999091148	-0.304	0.076	-0.912
2.53175592422	-0.132	-0.036	-0.088
2.53352594376	-0.132	-0.036	-0.088
2.5352909565	-0.132	-0.036	-0.088
2.53705596924	0.144	-0.184	1.304
2.53881788254	0.144	-0.184	1.304
2.54057979584	0.144	-0.184	1.304
2.54234695435	0.28	-0.316	2.044
2.54410886765	0.28	-0.316	2.044
2.54587197304	0.28	-0.316	2.044
2.54763293266	0.292	-0.34	2.044
2.54939484596	0.292	-0.34	2.044
2.55115699768	0.292	-0.34	2.044
2.55291986465	0.152	-0.248	2.044
2.55468082428	0.152	-0.248	2.044
2.556442976	0.152	-0.248	2.044
2.5582048893	-0.12	-0.084	0.928
2.55996799469	-0.12	-0.084	0.928
2.56173086166	-0.12	-0.084	0.928
2.56349778175	-0.28	0.068	-0.416
2.56526184082	-0.28	0.068	-0.416
2.56702494621	-0.328	0.092	-0.98
2.5687918663	-0.328	0.092	-0.98
2.57056498528	-0.328	0.092	-0.98
2.57233476639	-0.224	0.012	-0.536
2.57409977913	-0.224	0.012	-0.536
2.57586193085	-0.224	0.012	-0.536
2.57762598991	0.048	-0.128	0.72
2.57938790321	0.048	-0.128	0.72
2.58114790916	0.048	-0.128	0.72
2.58290982246	0.256	-0.26	2.044
2.58467197418	0.256	-0.26	2.044
2.58643293381	0.256	-0.26	2.044
2.58819484711	0.296	-0.344	2.044
2.5899579525	0.296	-0.344	2.044
2.59171891212	0.296	-0.344	2.044
2.59348297119	0.244	-0.268	2.044
2.59524989128	0.244	-0.268	2.044
2.59701490402	0.244	-0.268	2.044
2.59877586365	-0.024	-0.152	1.52
2.60053992271	-0.024	-0.152	1.52
2.60230779648	-0.024	-0.152	1.52
2.60407090187	-0.244	-0.004	0.084
2.60583281517	-0.244	-0.004	0.084
2.6075937748	-0.332	0.108	-0.86
2.60935688019	-0.332	0.108	-0.86
2.61111998558	-0.332	0.108	-0.86
2.61288380623	-0.292	0.06	-0.824
2.61464595795	-0.292	0.06	-0.824
2.61640787125	-0.292	0.06	-0.824
2.61817097664	-0.076	-0.068	0.168
2.61994385719	-0.076	-0.068	0.168
2.62170696259	-0.076	-0.068	0.168
2.62347483635	0.196	-0.212	1.576
2.62524199486	0.196	-0.212	1.576
2.62700390816	0.196	-0.212	1.576
2.62876486778	0.308	-0.324	2.044
2.63052678108	0.308	-0.324	2.044
2.63228988647	0.308	-0.324	2.044
2.63405179977	0.308	-0.316	2.044
2.63581299782	0.308	-0.316	2.044
2.63757491112	0.308	-0.316	2.044
2.63933587074	0.1	-0.204	2.044
2.64109778404	0.1	-0.204	2.044
2.64286088943	0.1	-0.204	2.044
2.64462184906	-0.164	-0.072	0.636
2.64638590813	-0.164	-0.072	0.636
2.6481487751	-0.164	-0.072	0.636
2.64991283417	-0.32	0.068	-0.576
2.65167880058	-0.32	0.068	-0.576
2.65344190598	-0.336	0.104	-0.972
2.65520477295	-0.336	0.104	-0.972
2.65696787834	-0.336	0.104	-0.972
2.65873098373	-0.184	-0.012	-0.336
2.66049480438	-0.184	-0.012	-0.336
2.66228485107	-0.184	-0.012	-0.336
2.66405081749	0.096	-0.152	1.008
2.66581392288	0.096	-0.152	1.008
2.66757583618	0.096	-0.152	1.008
2.66934895515	0.252	-0.304	2.044
2.67111086845	0.252	-0.304	2.044
2.67287898064	0.252	-0.304	2.044
2.67463994026	0.32	-0.332	2.044
2.67640280724	0.32	-0.332	2.044
2.67816877365	0.32	-0.332	2.044
2.67993187904	0.204	-0.268	2.044
2.68169498444	0.204	-0.268	2.044
2.6834628582	0.204	-0.268	2.044
2.68522381783	-0.06	-0.116	1.22
2.68698692322	-0.06	-0.116	1.22
2.68874979019	-0.06	-0.116	1.22
2.69051098824	-0.284	0.024	-0.172
2.69228076935	-0.284	0.024	-0.172
2.69404387474	-0.284	0.024	-0.172
2.69580793381	-0.332	0.112	-0.936
2.69757080078	-0.332	0.112	-0.936
2.69933390617	-0.272	0.052	-0.68
2.70109581947	-0.272	0.052	-0.68
2.70286488533	-0.272	0.052	-0.68
2.70462799072	-0.02	-0.092	0.436
2.70639491081	-0.02	-0.092	0.436
2.70815896988	-0.02	-0.092	0.436
2.70992088318	0.224	-0.252	1.844
2.71168279648	0.224	-0.252	1.844
2.71345686913	0.224	-0.252	1.844
2.71521782875	0.32	-0.348	2.044
2.71697998047	0.32	-0.348	2.044
2.71875286102	0.32	-0.348	2.044
2.72051477432	0.272	-0.304	2.044
2.72228193283	0.272	-0.304	2.044
2.72403693199	0.272	-0.304	2.044
2.72579097748	0.076	-0.172	1.812
2.72754478455	0.076	-0.172	1.812
2.72929787636	0.076	-0.172	1.812
2.73105192184	-0.2	-0.024	0.372
2.73281598091	-0.2	-0.024	0.372
2.734582901	-0.2	-0.024	0.372
2.73634696007	-0.316	0.092	-0.74
2.73810982704	-0.316	0.092	-0.74
2.73987293243	-0.316	0.092	-0.74
2.74163484573	-0.32	0.08	-0.92
2.74340486526	-0.32	0.08	-0.92
2.74516892433	-0.148	-0.04	-0.104
2.7469329834	-0.148	-0.04	-0.104
2.74869680405	-0.148	-0.04	-0.104
2.75046086311	0.14	-0.184	1.288
2.75222182274	0.14	-0.184	1.288
2.75398993492	0.14	-0.184	1.288
2.75575184822	0.276	-0.32	2.044
2.75751399994	0.276	-0.32	2.044
2.75927591324	0.276	-0.32	2.044
2.76104187965	0.3	-0.36	2.044
2.76280999184	0.3	-0.36	2.044
2.76457285881	0.3	-0.36	2.044
2.76633477211	0.172	-0.24	2.044
2.76810693741	0.172	-0.24	2.044
2.76986980438	0.172	-0.24	2.044
2.7716319561	-0.104	-0.092	0.936
2.77339887619	-0.104	-0.092	0.936
2.77516388893	-0.104	-0.092	0.936
2.77692699432	-0.272	0.048	-0.368
2.77868890762	-0.272	0.048	-0.368
2.7804517746	-0.272	0.048	-0.368
2.78221392632	-0.34	0.112	-0.98
2.78398299217	-0.34	0.112	-0.98
2.78574585915	-0.34	0.112	-0.98
2.78751182556	-0.236	0.028	-0.544
2.78927493095	-0.236	0.028	-0.544
2.79103779793	0.02	-0.12	0.7
2.79279899597	0.02	-0.12	0.7
2.79456281662	0.02	-0.12	0.7
2.79632496834	0.244	-0.264	2.044
2.79808688164	0.244	-0.264	2.044
2.79984879494	0.244	-0.264	2.044
2.80161094666	0.304	-0.344	2.044
2.80337882042	0.304	-0.344	2.044
2.80514192581	0.304	-0.344	2.044
2.80690288544	0.232	-0.276	2.044
2.80866599083	0.232	-0.276	2.044
2.8104288578	0.232	-0.276	2.044
2.81218981743	-0.008	-0.164	1.52
2.81395983696	-0.008	-0.164	1.52
2.81572580338	-0.008	-0.164	1.52
2.81749796867	-0.228	0.004	0.088
2.8192589283	-0.228	0.004	0.088
2.82101988792	-0.228	0.004	0.088
2.82277989388	-0.328	0.104	-0.872
2.82454180717	-0.328	0.104	-0.872
2.82630681992	-0.328	0.104	-0.872
2.82806992531	-0.284	0.06	-0.828
2.82983183861	-0.284	0.06	-0.828
2.83159399033	-0.284	0.06	-0.828
2.83336186409	-0.06	-0.076	0.152
2.83512377739	-0.06	-0.076	0.152
2.83688688278	0.192	-0.216	1.568
2.83864998817	0.192	-0.216	1.568
2.84041190147	0.192	-0.216	1.568
2.84217691422	0.3	-0.328	2.044
2.84394598007	0.3	-0.328	2.044
2.84570789337	0.3	-0.328	2.044
2.847468853	0.268	-0.324	2.044
2.8492307663	0.268	-0.324	2.044
2.85099196434	0.268	-0.324	2.044
2.8527598381	0.104	-0.224	2.044
2.85452079773	0.104	-0.224	2.044
2.85628294945	0.104	-0.224	2.044
2.8581058979	-0.164	-0.06	0.656
2.85987186432	-0.164	-0.06	0.656
2.86163496971	-0.164	-0.06	0.656
2.86340379715	-0.316	0.064	-0.576
2.86516785622	-0.316	0.064	-0.576
2.8669397831	-0.316	0.064	-0.576
2.86870384216	-0.324	0.1	-0.992
2.87047100067	-0.324	0.1	-0.992
2.87223386765	-0.324	0.1	-0.992
2.87400078773	-0.188	-0.012	-0.336
2.87576580048	-0.188	-0.012	-0.336
2.87752985954	0.1	-0.144	0.98
2.87929177284	0.1	-0.144	0.98
2.88105392456	0.1	-0.144	0.98
2.88282084465	0.272	-0.296	2.044
2.88458395004	0.272	-0.296	2.044
2.88634586334	0.272	-0.296	2.044
2.88810896873	0.316	-0.344	2.044
2.88987183571	0.316	-0.344	2.044
2.89163398743	0.316	-0.344	2.044
2.89340090752	0.2	-0.272	2.044
2.89516377449	0.2	-0.272	2.044
2.89692997932	0.2	-0.272	2.044
2.8986928463	-0.076	-0.124	1.256
2.90045595169	-0.076	-0.124	1.256
2.90221881866	-0.076	-0.124	1.256
2.90398788452	-0.272	0.016	-0.14
2.90575098991	-0.272	0.016	-0.14
2.90751290321	-0.272	0.016	-0.14
2.90927481651	-0.32	0.108	-0.924
2.91103696823	-0.32	0.108	-0.924
2.91280698776	-0.32	0.108	-0.924
2.91456890106	-0.268	0.04	-0.704
2.91634082794	-0.268	0.04	-0.704
2.91810393333	-0.268	0.04	-0.704
2.91986584663	-0.016	-0.096	0.404
2.92162895203	-0.016	-0.096	0.404
2.92339587212	0.232	-0.252	1.84
2.92516183853	0.232	-0.252	1.84
2.92692399025	0.232	-0.252	1.84
2.92868685722	0.32	-0.34	2.044
2.93045091629	0.32	-0.34	2.044
2.93221282959	0.32	-0.34	2.044
2.93398094177	0.28	-0.308	2.044
2.93574285507	0.28	-0.308	2.044
2.93750476837	0.28	-0.308	2.044
2.93926596642	0.064	-0.16	1.8
2.94102692604	0.064	-0.16	1.8
2.94279384613	0.064	-0.16	1.8
2.94455289841	-0.208	-0.028	0.372
2.94631791115	-0.208	-0.028	0.372
2.94807982445	-0.208	-0.028	0.372
2.94984292984	-0.328	0.104	-0.728
2.95160889626	-0.328	0.104	-0.728
2.95337486267	-0.328	0.104	-0.728
2.95513677597	-0.324	0.084	-0.924
2.95689892769	-0.324	0.084	-0.924
2.95866084099	-0.324	0.084	-0.924
2.96042299271	-0.144	-0.028	-0.136
2.96218585968	-0.144	-0.028	-0.136
2.96395492554	-0.144	-0.028	-0.136
2.96572899818	0.144	-0.184	1.272
2.96749091148	0.144	-0.184	1.272
2.96925377846	0.292	-0.32	2.044
2.9710149765	0.292	-0.32	2.044
2.97278285027	0.292	-0.32	2.044
2.97454500198	0.308	-0.344	2.044
2.97630596161	0.308	-0.344	2.044
2.97806787491	0.308	-0.344	2.044
2.97983288765	0.164	-0.248	2.044
2.98159480095	0.164	-0.248	2.044
2.98336076736	0.164	-0.248	2.044
2.98512387276	-0.112	-0.092	0.96
2.98688793182	-0.112	-0.092	0.96
2.9886507988	-0.112	-0.092	0.96
2.99041295052	-0.296	0.056	-0.364
2.99217677116	-0.296	0.056	-0.364
2.9939467907	-0.296	0.056	-0.364
2.99570989609	-0.34	0.1	-0.968
2.99747300148	-0.34	0.1	-0.968
2.99923396111	-0.34	0.1	-0.968
3.0009958744	-0.26	0.024	-0.536
3.00276589394	-0.26	0.024	-0.536
3.004529953	-0.26	0.024	-0.536
3.00629591942	0.024	-0.128	0.688
3.00805878639	0.024	-0.128	0.688
3.00982093811	0.024	-0.128	0.688
3.01158189774	0.248	-0.276	2.044
3.0133497715	0.248	-0.276	2.044
3.0151309967	0.312	-0.344	2.044
3.01689386368	0.312	-0.344	2.044
3.01865696907	0.312	-0.344	2.044
3.02041888237	0.26	-0.284	2.044
3.022179842	0.26	-0.284	2.044
3.02394485474	0.26	-0.284	2.044
3.02570676804	0.008	-0.16	1.532
3.02746891975	0.008	-0.16	1.532
3.02923083305	0.008	-0.16	1.532
3.03099179268	-0.248	0.0	0.108
3.03275299072	-0.248	0.0	0.108
3.03451180458	-0.248	0.0	0.108
3.03626585007	-0.332	0.116	-0.852
3.03802895546	-0.332	0.116	-0.852
3.03979182243	-0.332	0.116	-0.852
3.04155492783	-0.284	0.064	-0.828
3.04331994057	-0.284	0.064	-0.828
3.04508280754	-0.284	0.064	-0.828
3.04684591293	-0.096	-0.064	0.144
3.04860782623	-0.096	-0.064	0.144
3.05037093163	-0.096	-0.064	0.144
3.05213189125	0.18	-0.208	1.544
3.05390095711	0.18	-0.208	1.544
3.05566287041	0.18	-0.208	1.544
3.0574259758	0.292	-0.328	2.044
3.05918884277	0.292	-0.328	2.044
3.06095385551	0.296	-0.336	2.044
3.06272387505	0.296	-0.336	2.044
3.06449699402	0.296	-0.336	2.044
3.06625986099	0.108	-0.224	2.044
3.06802177429	0.108	-0.224	2.044
3.06978392601	0.108	-0.224	2.044
3.07154583931	-0.16	-0.064	0.656
3.07331395149	-0.16	-0.064	0.656
3.07507777214	-0.16	-0.064	0.656
3.07684087753	-0.296	0.076	-0.572
3.07860398293	-0.296	0.076	-0.572
3.0803668499	-0.296	0.076	-0.572
3.08212995529	-0.316	0.096	-0.96
3.08389997482	-0.316	0.096	-0.96
3.08566379547	-0.316	0.096	-0.96
3.08742594719	-0.18	-0.008	-0.34
3.08919286728	-0.18	-0.008	-0.34
3.09095597267	-0.18	-0.008	-0.34
3.09272480011	0.1	-0.148	0.984
3.09448885918	0.1	-0.148	0.984
3.09625077248	0.1	-0.148	0.984
3.09801292419	0.264	-0.296	2.044
3.09977579117	0.264	-0.296	2.044
3.10153794289	0.28	-0.332	2.044
3.10330200195	0.28	-0.332	2.044
3.10506391525	0.28	-0.332	2.044
3.10682582855	0.204	-0.264	2.044
3.10858798027	0.204	-0.264	2.044
3.1103489399	0.204	-0.264	2.044
3.1121108532	-0.068	-0.132	1.244
3.11389183998	-0.068	-0.132	1.244
3.11565899849	-0.068	-0.132	1.244
3.11742281914	-0.268	0.02	-0.144
3.11918592453	-0.268	0.02	-0.144
3.12094783783	-0.268	0.02	-0.144
3.1227118969	-0.336	0.104	-0.94
3.12447500229	-0.336	0.104	-0.94
3.12623786926	-0.336	0.104	-0.94
3.12800097466	-0.26	0.052	-0.708
3.12976288795	-0.26	0.052	-0.708
3.13152599335	-0.26	0.052	-0.708
3.14036178589	0.228	-0.264	1.816
3.14220881462	0.228	-0.264	1.816
3.14398980141	0.308	-0.348	2.044
3.14575695992	0.308	-0.348	2.044
3.14751982689	0.252	-0.308	2.044
3.14928293228	0.252	-0.308	2.044
3.15105295181	0.252	-0.308	2.044
3.15282297134	0.052	-0.184	1.808
3.15458679199	0.052	-0.184	1.808
3.15634894371	0.052	-0.184	1.808
3.15811181068	-0.208	-0.024	0.372
3.15987586975	-0.208	-0.024	0.372
3.16163897514	-0.208	-0.024	0.372
3.16340780258	-0.32	0.1	-0.736
3.16517090797	-0.32	0.1	-0.736
3.16693282127	-0.32	0.1	-0.736
3.16869688034	-0.308	0.084	-0.912
3.17048692703	-0.308	0.084	-0.912
3.1722509861	-0.308	0.084	-0.912
3.17409181595	-0.128	-0.04	-0.104
3.17585778236	-0.128	-0.04	-0.104
3.17762589455	-0.128	-0.04	-0.104
3.17938995361	0.148	-0.184	1.276
3.18115282059	0.148	-0.184	1.276
3.18292093277	0.148	-0.184	1.276
3.18468379974	0.288	-0.316	2.044
3.18644595146	0.288	-0.316	2.044
3.18820691109	0.292	-0.34	2.044
3.18996882439	0.292	-0.34	2.044
3.1917309761	0.292	-0.34	2.044
3.19349884987	0.152	-0.236	2.044
3.19526195526	0.152	-0.236	2.044
3.19702386856	0.152	-0.236	2.044
3.19878578186	-0.12	-0.088	0.948
3.20054984093	-0.12	-0.088	0.948
3.20231986046	-0.12	-0.088	0.948
3.20408296585	-0.304	0.052	-0.38
3.20585083961	-0.304	0.052	-0.38
3.20761489868	-0.304	0.052	-0.38
3.20938277245	-0.332	0.084	-0.984
3.21114492416	-0.332	0.084	-0.984
3.21291399002	-0.332	0.084	-0.984
3.21467685699	-0.228	0.012	-0.532
3.21643877029	-0.228	0.012	-0.532
3.21820187569	-0.228	0.012	-0.532
3.21997499466	0.04	-0.124	0.712
3.22173595428	0.04	-0.124	0.712
3.2235019207	0.04	-0.124	0.712
3.22526693344	0.248	-0.276	2.044
3.22702789307	0.248	-0.276	2.044
3.22878885269	0.248	-0.276	2.044
3.23054981232	0.324	-0.34	2.044
3.23232078552	0.324	-0.34	2.044
3.2341427803	0.26	-0.28	2.044
3.23590779305	0.26	-0.28	2.044
3.23766994476	0.26	-0.28	2.044
3.23943090439	0.0	-0.144	1.524
3.24118494987	0.0	-0.144	1.524
3.2429459095	0.0	-0.144	1.524
3.24469995499	-0.256	0.004	0.1
3.24646186829	-0.256	0.004	0.1
3.24822187424	-0.256	0.004	0.1
3.24998188019	-0.344	0.112	-0.852
3.25174593925	-0.344	0.112	-0.852
3.25350999832	-0.344	0.112	-0.852
3.2552728653	-0.288	0.056	-0.832
3.25703597069	-0.288	0.056	-0.832
3.25879883766	-0.288	0.056	-0.832
3.2605638504	-0.084	-0.072	0.14
3.26232790947	-0.084	-0.072	0.14
3.26409077644	-0.084	-0.072	0.14
3.26585388184	0.192	-0.22	1.56
3.26761698723	0.192	-0.22	1.56
3.26938796043	0.192	-0.22	1.56
3.27115082741	0.304	-0.328	2.044
3.27291989326	0.304	-0.328	2.044
3.27468299866	0.3	-0.328	2.044
3.27644395828	0.3	-0.328	2.044
3.27820587158	0.3	-0.328	2.044
3.27996778488	0.124	-0.216	2.044
3.28173089027	0.124	-0.216	2.044
3.28349900246	0.124	-0.216	2.044
3.28526091576	-0.16	-0.056	0.644
3.28702878952	-0.16	-0.056	0.644
3.28879189491	-0.16	-0.056	0.644
3.29055380821	-0.32	0.084	-0.58
3.29231786728	-0.32	0.084	-0.58
3.29408097267	-0.32	0.084	-0.58
3.29584383965	-0.34	0.1	-0.972
3.29760599136	-0.34	0.1	-0.972
3.29936885834	-0.34	0.1	-0.972
3.30113077164	-0.192	0.008	-0.352
3.30290079117	-0.192	0.008	-0.352
3.30466389656	-0.192	0.008	-0.352
3.30642580986	0.08	-0.148	0.992
3.30818676949	0.08	-0.148	0.992
3.3099489212	0.08	-0.148	0.992
3.31170988083	0.268	-0.312	2.044
3.31347680092	0.268	-0.312	2.044
3.31524181366	0.268	-0.312	2.044
3.31700491905	0.324	-0.348	2.044
3.31877684593	0.324	-0.348	2.044
3.32053995132	0.204	-0.268	2.044
3.32230782509	0.204	-0.268	2.044
3.32407093048	0.204	-0.268	2.044
3.32583284378	-0.064	-0.136	1.236
3.32759594917	-0.064	-0.136	1.236
3.32935881615	-0.064	-0.136	1.236
3.33112192154	-0.276	0.02	-0.16
3.3328897953	-0.276	0.02	-0.16
3.33465385437	-0.276	0.02	-0.16
3.33641576767	-0.328	0.092	-0.924
3.33817791939	-0.328	0.092	-0.924
3.33994197845	-0.328	0.092	-0.924
3.34170889854	-0.26	0.052	-0.684
3.3434779644	-0.26	0.052	-0.684
3.34524178505	-0.26	0.052	-0.684
3.34700584412	-0.02	-0.08	0.42
3.34876894951	-0.02	-0.08	0.42
3.35052990913	-0.02	-0.08	0.42
3.35229992867	0.22	-0.232	1.844
3.35406279564	0.22	-0.232	1.844
3.35582494736	0.22	-0.232	1.844
3.35758781433	0.288	-0.336	2.044
3.35934877396	0.288	-0.336	2.044
3.36111187935	0.288	-0.336	2.044
3.36287999153	0.256	-0.32	2.044
3.36464190483	0.256	-0.32	2.044
3.3664047718	0.056	-0.188	1.792
3.36817598343	0.056	-0.188	1.792
3.36994194984	0.056	-0.188	1.792
3.37170386314	-0.2	-0.028	0.332
3.373472929	-0.2	-0.028	0.332
3.37523698807	-0.2	-0.028	0.332
3.37699890137	-0.308	0.088	-0.748
3.37876176834	-0.308	0.088	-0.748
3.38052392006	-0.308	0.088	-0.748
3.38229298592	-0.304	0.076	-0.92
3.38405680656	-0.304	0.076	-0.92
3.38582086563	-0.304	0.076	-0.92
3.38758397102	-0.124	-0.028	-0.1
3.389346838	-0.124	-0.028	-0.1
3.39111089706	-0.124	-0.028	-0.1
3.3928809166	0.144	-0.18	1.304
3.39464378357	0.144	-0.18	1.304
3.39641094208	0.144	-0.18	1.304
3.39817380905	0.272	-0.316	2.044
3.39993596077	0.272	-0.316	2.044
3.40169787407	0.272	-0.316	2.044
3.40346598625	0.288	-0.336	2.044
3.40522789955	0.288	-0.336	2.044
3.40698981285	0.288	-0.336	2.044
3.40875196457	0.156	-0.252	2.044
3.41051483154	0.156	-0.252	2.044
3.41228294373	-0.12	-0.1	0.928
3.4140458107	-0.12	-0.1	0.928
3.41580677032	-0.12	-0.1	0.928
3.41757893562	-0.296	0.044	-0.4
3.41934299469	-0.296	0.044	-0.4
3.42110490799	-0.296	0.044	-0.4
3.42286896706	-0.332	0.104	-0.98
3.42463588715	-0.332	0.104	-0.98
3.42639899254	-0.332	0.104	-0.98
3.42816185951	-0.208	0.004	-0.512
3.42992377281	-0.208	0.004	-0.512
3.4316868782	-0.208	0.004	-0.512
3.43345379829	0.052	-0.124	0.72
3.43521595001	0.052	-0.124	0.72
3.43697690964	0.052	-0.124	0.72
3.43873786926	0.252	-0.272	2.044
3.44049882889	0.252	-0.272	2.044
3.44230699539	0.252	-0.272	2.044
3.44407176971	0.308	-0.328	2.044
3.44583582878	0.308	-0.328	2.044
3.4475979805	0.308	-0.328	2.044
3.4493598938	0.232	-0.272	2.044
3.45112490654	0.232	-0.272	2.044
3.4528939724	-0.016	-0.164	1.508
3.45465683937	-0.016	-0.164	1.508
3.45641994476	-0.016	-0.164	1.508
3.45818400383	-0.248	0.004	0.08
3.45994496346	-0.248	0.004	0.08
3.46170592308	-0.248	0.004	0.08
3.4634718895	-0.348	0.116	-0.872
3.46523690224	-0.348	0.116	-0.872
3.46700882912	-0.348	0.116	-0.872
3.46877288818	-0.284	0.06	-0.824
3.47053599358	-0.284	0.06	-0.824
3.47230386734	-0.284	0.06	-0.824
3.47406697273	-0.06	-0.064	0.176
3.47582983971	-0.06	-0.064	0.176
3.47759199142	-0.06	-0.064	0.176
3.47935891151	0.204	-0.216	1.596
3.48112177849	0.204	-0.216	1.596
3.482888937	0.204	-0.216	1.596
3.48465180397	0.3	-0.328	2.044
3.48641395569	0.3	-0.328	2.044
3.48817586899	0.3	-0.328	2.044
3.48993778229	0.276	-0.316	2.044
3.49169898033	0.276	-0.316	2.044
3.49346590042	0.276	-0.316	2.044
3.4952287674	0.1	-0.2	2.044
3.49699091911	0.1	-0.2	2.044
3.49875283241	-0.168	-0.072	0.608
3.50051593781	-0.168	-0.072	0.608
3.50228381157	-0.168	-0.072	0.608
3.50404691696	-0.328	0.068	-0.592
3.50581288338	-0.328	0.068	-0.592
3.50757694244	-0.328	0.068	-0.592
3.50933980942	-0.332	0.1	-0.972
3.51110291481	-0.332	0.1	-0.972
3.51287579536	-0.332	0.1	-0.972
3.51463890076	-0.184	-0.008	-0.328
3.51642179489	-0.184	-0.008	-0.328
3.51818680763	-0.184	-0.008	-0.328
3.51994991302	0.1	-0.16	1.02
3.52171278	0.1	-0.16	1.02
3.52348089218	0.1	-0.16	1.02
3.52524280548	0.272	-0.296	2.044
3.5270049572	0.272	-0.296	2.044
3.5287668705	0.272	-0.296	2.044
3.5305287838	0.324	-0.348	2.044
3.53229784966	0.324	-0.348	2.044
3.5340628624	0.324	-0.348	2.044
3.5358247757	0.196	-0.252	2.044
3.53758692741	0.196	-0.252	2.044
3.53934884071	0.196	-0.252	2.044
3.54110980034	-0.064	-0.12	1.204
3.54287385941	-0.064	-0.12	1.204
3.54464197159	-0.276	0.024	-0.192
3.54640579224	-0.276	0.024	-0.192
3.54816889763	-0.276	0.024	-0.192
3.54993200302	-0.336	0.112	-0.936
3.55169582367	-0.336	0.112	-0.936
3.55346083641	-0.336	0.112	-0.936
3.5552239418	-0.276	0.044	-0.692
3.55698680878	-0.276	0.044	-0.692
3.55875086784	-0.276	0.044	-0.692
3.56051683426	-0.004	-0.112	0.456
3.56228780746	-0.004	-0.112	0.456
3.56405091286	-0.004	-0.112	0.456
3.56582379341	0.224	-0.252	1.876
3.56758594513	0.224	-0.252	1.876
3.5693488121	0.224	-0.252	1.876
3.57111096382	0.328	-0.328	2.044
3.57287883759	0.328	-0.328	2.044
3.57464194298	0.328	-0.328	2.044
3.57640385628	0.272	-0.312	2.044
3.57816576958	0.272	-0.312	2.044
3.57992696762	0.272	-0.312	2.044
3.58168697357	0.048	-0.18	1.788
3.58345580101	0.048	-0.18	1.788
3.5852189064	0.048	-0.18	1.788
3.58697986603	-0.196	-0.028	0.34
3.58874678612	-0.196	-0.028	0.34
3.59050989151	-0.304	0.088	-0.74
3.59227991104	-0.304	0.088	-0.74
3.59404277802	-0.304	0.088	-0.74
3.59580588341	-0.32	0.08	-0.92
3.59756779671	-0.32	0.08	-0.92
3.59932994843	-0.32	0.08	-0.92
3.6010928154	-0.132	-0.036	-0.088
3.60286283493	-0.132	-0.036	-0.088
3.604626894	-0.132	-0.036	-0.088
3.60639095306	0.116	-0.184	1.32
3.60815286636	0.116	-0.184	1.32
3.60991597176	0.116	-0.184	1.32
3.61167788506	0.288	-0.328	2.044
3.61344480515	0.288	-0.328	2.044
3.61522078514	0.288	-0.328	2.044
3.61698484421	0.324	-0.34	2.044
3.6187479496	0.324	-0.34	2.044
3.62050890923	0.324	-0.34	2.044
3.62227296829	0.164	-0.232	2.044
3.62403583527	0.164	-0.232	2.044
3.62579584122	0.164	-0.232	2.044
3.62755799294	-0.104	-0.096	0.912
3.62932085991	-0.104	-0.096	0.912
3.6310839653	-0.104	-0.096	0.912
3.63285183907	-0.284	0.056	-0.396
3.63461494446	-0.284	0.056	-0.396
3.63637685776	-0.332	0.1	-0.972
3.63813877106	-0.332	0.1	-0.972
3.63990092278	-0.332	0.1	-0.972
3.64166498184	-0.216	0.028	-0.52
3.64344477654	-0.216	0.028	-0.52
3.64520788193	-0.216	0.028	-0.52
3.64697098732	0.036	-0.128	0.728
3.64878582954	0.036	-0.128	0.728
3.65055084229	0.036	-0.128	0.728
3.65231990814	0.248	-0.268	2.044
3.65408182144	0.248	-0.268	2.044
3.65584397316	0.248	-0.268	2.044
3.65760684013	0.3	-0.34	2.044
3.65936684608	0.3	-0.34	2.044
3.66112780571	0.3	-0.34	2.044
3.66289591789	0.228	-0.288	2.044
3.6646668911	0.228	-0.288	2.044
3.66642999649	0.228	-0.288	2.044
3.66819286346	-0.024	-0.156	1.5
3.66995692253	-0.024	-0.156	1.5
3.67171788216	-0.024	-0.156	1.5
3.6734828949	-0.248	0.004	0.068
3.6752448082	-0.248	0.004	0.068
3.67700576782	-0.328	0.1	-0.876
3.67876887321	-0.328	0.1	-0.876
3.68053078651	-0.328	0.1	-0.876
3.68229985237	-0.288	0.06	-0.816
3.68406295776	-0.288	0.06	-0.816
3.68582582474	-0.288	0.06	-0.816
3.68758797646	-0.068	-0.072	0.176
3.68935084343	-0.068	-0.072	0.176
3.69111394882	-0.068	-0.072	0.176
3.69288277626	0.184	-0.212	1.608
3.69464492798	0.184	-0.212	1.608
3.69640779495	0.184	-0.212	1.608
3.69817185402	0.296	-0.328	2.044
3.69993591309	0.296	-0.328	2.044
3.70169878006	0.296	-0.328	2.044
3.70346498489	0.28	-0.332	2.044
3.70522785187	0.28	-0.332	2.044
3.70699000359	0.28	-0.332	2.044
3.70875191689	0.096	-0.212	2.04
3.71051478386	0.096	-0.212	2.04
3.71228289604	0.096	-0.212	2.04
3.71405482292	-0.184	-0.044	0.604
3.71581888199	-0.184	-0.044	0.604
3.71758198738	-0.184	-0.044	0.604
3.71934580803	-0.32	0.072	-0.608
3.72110891342	-0.32	0.072	-0.608
3.72287893295	-0.328	0.088	-0.96
3.72463989258	-0.328	0.088	-0.96
3.72639584541	-0.328	0.088	-0.96
3.72815179825	-0.168	-0.016	-0.316
3.72990894318	-0.168	-0.016	-0.316
3.73166394234	-0.168	-0.016	-0.316
3.73343276978	0.096	-0.14	1.016
3.73519682884	0.096	-0.14	1.016
3.73695993423	0.096	-0.14	1.016
3.73872280121	0.268	-0.296	2.044
3.7404859066	0.268	-0.296	2.044
3.7422478199	0.268	-0.296	2.044
3.74404597282	0.308	-0.34	2.044
3.74580788612	0.308	-0.34	2.044
3.74756884575	0.308	-0.34	2.044
3.74933195114	0.188	-0.264	2.044
3.75109386444	0.188	-0.264	2.044
3.75286698341	0.188	-0.264	2.044
3.75462985039	-0.068	-0.112	1.192
3.75639390945	-0.068	-0.112	1.192
3.75815677643	-0.068	-0.112	1.192
3.75992083549	-0.28	0.02	-0.192
3.76168489456	-0.28	0.02	-0.192
3.763463974	-0.28	0.02	-0.192
3.76522779465	-0.336	0.112	-0.944
3.76699090004	-0.336	0.112	-0.944
3.76875495911	-0.244	0.036	-0.676
3.77051687241	-0.244	0.036	-0.676
3.77228593826	-0.244	0.036	-0.676
3.77404880524	0.0	-0.092	0.452
3.77580285072	0.0	-0.092	0.452
3.77755689621	0.0	-0.092	0.452
3.77931499481	0.24	-0.236	1.88
3.78107690811	0.24	-0.236	1.88
3.78284597397	0.24	-0.236	1.88
3.78460788727	0.312	-0.348	2.044
3.78636980057	0.312	-0.348	2.044
3.78813195229	0.312	-0.348	2.044
3.78989386559	0.26	-0.304	2.044
3.79165387154	0.26	-0.304	2.044
3.79341888428	0.26	-0.304	2.044
3.79518485069	0.044	-0.172	1.756
3.79694795609	0.044	-0.172	1.756
3.79870891571	0.044	-0.172	1.756
3.80047178268	-0.212	-0.02	0.304
3.80223488808	-0.212	-0.02	0.304
3.80400180817	-0.212	-0.02	0.304
3.80576491356	-0.332	0.1	-0.772
3.80753087997	-0.332	0.1	-0.772
3.80929493904	-0.332	0.1	-0.772
3.81105780602	-0.312	0.068	-0.908
3.81283688545	-0.312	0.068	-0.908
3.81459999084	-0.136	-0.028	-0.06
3.81636285782	-0.136	-0.028	-0.06
3.81812691689	-0.136	-0.028	-0.06
3.81988978386	0.144	-0.184	1.332
3.8216509819	0.144	-0.184	1.332
3.82341480255	0.144	-0.184	1.332
3.82518196106	0.292	-0.316	2.044
3.82694387436	0.292	-0.316	2.044
3.82870483398	0.292	-0.316	2.044
3.8304669857	0.304	-0.336	2.044
3.832228899	0.304	-0.336	2.044
3.83399987221	0.304	-0.336	2.044
3.83576178551	0.164	-0.236	2.044
3.8375248909	0.164	-0.236	2.044
3.8392868042	0.164	-0.236	2.044
3.84104895592	-0.124	-0.08	0.884
3.84281778336	-0.124	-0.08	0.884
3.84457993507	-0.124	-0.08	0.884
3.84634184837	-0.28	0.06	-0.4
3.84810400009	-0.28	0.06	-0.4
3.84986686707	-0.28	0.06	-0.4
3.85162878036	-0.344	0.108	-0.98
3.85339689255	-0.344	0.108	-0.98
3.85516095161	-0.248	0.012	-0.496
3.85692381859	-0.248	0.012	-0.496
3.85868692398	-0.248	0.012	-0.496
3.86044883728	0.04	-0.132	0.756
3.86223292351	0.04	-0.132	0.756
3.8639998436	0.04	-0.132	0.756
3.86576294899	0.252	-0.276	2.044
3.86752390862	0.252	-0.276	2.044
3.86928582191	0.252	-0.276	2.044
3.87104797363	0.312	-0.34	2.044
3.8728158474	0.312	-0.34	2.044
3.87457680702	0.312	-0.34	2.044
3.87633776665	0.232	-0.264	2.044
3.87809896469	0.232	-0.264	2.044
3.87985992432	0.232	-0.264	2.044
3.88162088394	-0.008	-0.164	1.476
3.8833899498	-0.008	-0.164	1.476
3.88515281677	-0.008	-0.164	1.476
3.88691496849	-0.232	0.016	0.06
3.88867783546	-0.232	0.016	0.06
3.89043998718	-0.232	0.016	0.06
3.89219999313	-0.332	0.1	-0.876
3.89396977425	-0.332	0.1	-0.876
3.89573192596	-0.332	0.1	-0.876
3.89749479294	-0.3	0.06	-0.804
3.89925694466	-0.3	0.06	-0.804
3.90101885796	-0.072	-0.064	0.208
3.90278577805	-0.072	-0.064	0.208
3.90454888344	-0.072	-0.064	0.208
3.90631079674	0.18	-0.22	1.616
3.90807294846	0.18	-0.22	1.616
3.90983486176	0.18	-0.22	1.616
3.91160488129	0.308	-0.344	2.044
3.91337299347	0.308	-0.344	2.044
3.91513586044	0.308	-0.344	2.044
3.91690087318	0.292	-0.332	2.044
3.91866183281	0.292	-0.332	2.044
3.9204249382	0.292	-0.332	2.044
3.9221868515	0.112	-0.204	2.016
3.92395377159	0.112	-0.204	2.016
3.92571496964	0.112	-0.204	2.016
3.92747592926	-0.164	-0.064	0.604
3.92923879623	-0.164	-0.064	0.604
3.93100190163	-0.164	-0.064	0.604
3.93276977539	-0.312	0.08	-0.604
3.93453383446	-0.312	0.08	-0.604
3.93629693985	-0.312	0.08	-0.604
3.93805885315	-0.312	0.092	-0.964
3.93982195854	-0.312	0.092	-0.964
3.94158482552	-0.312	0.092	-0.964
3.94335579872	-0.176	-0.004	-0.292
3.94512081146	-0.176	-0.004	-0.292
3.94688391685	0.092	-0.148	1.064
3.94864487648	0.092	-0.148	1.064
3.95040583611	0.092	-0.148	1.064
3.9521689415	0.264	-0.308	2.044
3.95393681526	0.264	-0.308	2.044
3.95569896698	0.264	-0.308	2.044
3.95745992661	0.312	-0.344	2.044
3.9592218399	0.312	-0.344	2.044
3.96100187302	0.312	-0.344	2.044
3.9627699852	0.188	-0.264	2.044
3.96453380585	0.188	-0.264	2.044
3.96629500389	0.188	-0.264	2.044
3.96805691719	-0.084	-0.116	1.192
3.96982097626	-0.084	-0.116	1.192
3.97158694267	-0.084	-0.116	1.192
3.97335481644	-0.276	0.028	-0.196
3.9751188755	-0.276	0.028	-0.196
3.9768819809	-0.276	0.028	-0.196
3.97864484787	-0.332	0.116	-0.96
3.98040699959	-0.332	0.116	-0.96
3.98216986656	-0.332	0.116	-0.96
3.98393893242	-0.248	0.036	-0.668
3.98570299149	-0.248	0.036	-0.668
3.98746585846	-0.248	0.036	-0.668
3.98922777176	-0.008	-0.092	0.484
3.99099087715	-0.008	-0.092	0.484
3.99275779724	0.224	-0.248	1.9
3.99452090263	0.224	-0.248	1.9
3.99628281593	0.224	-0.248	1.9
3.99804878235	0.296	-0.336	2.044
3.99981284142	0.296	-0.336	2.044
4.00157380104	0.296	-0.336	2.044
4.00334191322	0.272	-0.316	2.044
4.0051047802	0.272	-0.316	2.044
4.00686597824	0.272	-0.316	2.044
4.00862789154	0.036	-0.172	1.748
4.01039981842	0.036	-0.172	1.748
4.01216197014	0.036	-0.172	1.748
4.01393079758	-0.216	-0.024	0.312
4.01569390297	-0.216	-0.024	0.312
4.01745676994	-0.216	-0.024	0.312
4.01921892166	-0.32	0.096	-0.752
4.02098083496	-0.32	0.096	-0.752
4.0227458477	-0.32	0.096	-0.752
4.02450895309	-0.304	0.076	-0.916
4.02627587318	-0.304	0.076	-0.916
4.02803993225	-0.304	0.076	-0.916
4.02980279922	-0.112	-0.04	-0.06
4.03156590462	-0.112	-0.04	-0.06
4.03333592415	-0.112	-0.04	-0.06
4.03509879112	0.16	-0.192	1.336
4.03686094284	0.16	-0.192	1.336
4.03862380981	0.296	-0.332	2.044
4.04038596153	0.296	-0.332	2.044
4.04214882851	0.296	-0.332	2.044
4.0439119339	0.296	-0.336	2.044
4.0456738472	0.296	-0.336	2.044
4.04743599892	0.296	-0.336	2.044
4.04919791222	0.136	-0.232	2.044
4.05095887184	0.136	-0.232	2.044
4.05273079872	0.136	-0.232	2.044
4.05449390411	-0.124	-0.084	0.876
4.05625677109	-0.124	-0.084	0.876
4.05802083015	-0.124	-0.084	0.876
4.05979394913	-0.304	0.064	-0.432
4.0615568161	-0.304	0.064	-0.432
4.06332492828	-0.304	0.064	-0.432
4.06508898735	-0.336	0.1	-0.98
4.06685090065	-0.336	0.1	-0.98
4.06861376762	-0.336	0.1	-0.98
4.07037591934	-0.216	0.008	-0.5
4.07213377953	-0.216	0.008	-0.5
4.07389879227	-0.216	0.008	-0.5
4.07565689087	0.04	-0.128	0.736
4.07741880417	0.04	-0.128	0.736
4.07918000221	0.04	-0.128	0.736
4.08094596863	0.26	-0.28	2.044
4.08271384239	0.26	-0.28	2.044
4.08447694778	0.316	-0.332	2.044
4.08623981476	0.316	-0.332	2.044
4.08800196648	0.316	-0.332	2.044
4.08976483345	0.24	-0.272	2.044
4.09152698517	0.24	-0.272	2.044
4.09329485893	0.24	-0.272	2.044
4.09505677223	-0.012	-0.148	1.464
4.09681987762	-0.012	-0.148	1.464
4.09858489037	-0.012	-0.148	1.464
4.10034799576	-0.244	0.012	0.04
4.10210895538	-0.244	0.012	0.04
4.10387587547	-0.244	0.012	0.04
4.10563778877	-0.34	0.12	-0.868
4.10740399361	-0.34	0.12	-0.868
4.10917782784	-0.34	0.12	-0.868
4.11094093323	-0.288	0.04	-0.792
4.11270999908	-0.288	0.04	-0.792
4.11455583572	-0.288	0.04	-0.792
4.11632299423	-0.068	-0.072	0.212
4.11808586121	-0.068	-0.072	0.212
4.1198489666	-0.068	-0.072	0.212
4.12162280083	0.188	-0.216	1.64
4.12338995934	0.188	-0.216	1.64
4.12515282631	0.308	-0.332	2.044
4.1269159317	0.308	-0.332	2.044
4.12867879868	0.308	-0.332	2.044
4.13044095039	0.292	-0.32	2.044
4.13220286369	0.292	-0.32	2.044
4.13397097588	0.292	-0.32	2.044
4.13573598862	0.112	-0.196	2.012
4.13749885559	0.112	-0.196	2.012
4.13926076889	0.112	-0.196	2.012
4.14102387428	-0.172	-0.056	0.584
4.14279294014	-0.172	-0.056	0.584
4.14455580711	-0.172	-0.056	0.584
4.14631891251	-0.312	0.08	-0.624
4.14808177948	-0.312	0.08	-0.624
4.1498439312	-0.312	0.08	-0.624
4.15160679817	-0.332	0.096	-0.96
4.15337991714	-0.332	0.096	-0.96
4.15514492989	-0.332	0.096	-0.96
4.15690684319	-0.188	-0.008	-0.292
4.15867996216	-0.188	-0.008	-0.292
4.1604449749	-0.188	-0.008	-0.292
4.16221094131	0.1	-0.16	1.052
4.16397976875	0.1	-0.16	1.052
4.16574192047	0.1	-0.16	1.052
4.16750383377	0.28	-0.296	2.044
4.16926693916	0.28	-0.296	2.044
4.17102885246	0.312	-0.352	2.044
4.17279791832	0.312	-0.352	2.044
4.17456078529	0.312	-0.352	2.044
4.17632293701	0.204	-0.28	2.044
4.17808485031	0.204	-0.28	2.044
4.17984580994	0.204	-0.28	2.044
4.18160796165	-0.064	-0.124	1.188
4.18337583542	-0.064	-0.124	1.188
4.18514084816	-0.064	-0.124	1.188
4.18690395355	-0.272	0.036	-0.2
4.18866586685	-0.272	0.036	-0.2
4.19043087959	-0.272	0.036	-0.2
4.19219398499	-0.332	0.108	-0.936
4.19396281242	-0.332	0.108	-0.936
4.19572591782	-0.332	0.108	-0.936
4.19748783112	-0.272	0.052	-0.664
4.19925093651	-0.272	0.052	-0.664
4.20101284981	-0.272	0.052	-0.664
4.20278191566	-0.02	-0.104	0.488
4.20454478264	-0.02	-0.104	0.488
4.20630598068	-0.02	-0.104	0.488
4.20807790756	0.22	-0.256	1.896
4.20984077454	0.22	-0.256	1.896
4.21160292625	0.3	-0.348	2.044
4.21336984634	0.3	-0.348	2.044
4.21513295174	0.3	-0.348	2.044
4.21689796448	0.264	-0.3	2.044
4.21865987778	0.264	-0.3	2.044
4.22042179108	0.264	-0.3	2.044
4.22218394279	0.052	-0.176	1.744
4.22394800186	0.052	-0.176	1.744
4.22570896149	0.052	-0.176	1.744
4.22747182846	-0.204	-0.024	0.3
4.22923493385	-0.204	-0.024	0.3
4.23099684715	-0.204	-0.024	0.3
4.23276591301	-0.32	0.1	-0.776
4.23452877998	-0.32	0.1	-0.776
4.23629188538	-0.32	0.1	-0.776
4.23805379868	-0.312	0.096	-0.912
4.23981690407	-0.312	0.096	-0.912
4.24157881737	-0.312	0.096	-0.912
4.24334788322	-0.12	-0.036	-0.052
4.24511289597	-0.12	-0.036	-0.052
4.24687600136	-0.12	-0.036	-0.052
4.24863886833	0.16	-0.188	1.36
4.25040078163	0.16	-0.188	1.36
4.25216197968	0.16	-0.188	1.36
4.25393080711	0.288	-0.32	2.044
4.25569176674	0.288	-0.32	2.044
4.25746393204	0.296	-0.336	2.044
4.25922584534	0.296	-0.336	2.044
4.26098895073	0.296	-0.336	2.044
4.26275682449	0.148	-0.24	2.044
4.26451897621	0.148	-0.24	2.044
4.26628088951	0.148	-0.24	2.044
4.26804280281	-0.128	-0.104	0.876
4.2698059082	-0.128	-0.104	0.876
4.27157092094	-0.128	-0.104	0.876
4.2733399868	-0.28	0.06	-0.432
4.27510285378	-0.28	0.06	-0.432
4.27686595917	-0.28	0.06	-0.432
4.27862787247	-0.324	0.108	-0.984
4.28039097786	-0.324	0.108	-0.984
4.28215384483	-0.324	0.108	-0.984
4.28392195702	-0.204	0.004	-0.496
4.28568482399	-0.204	0.004	-0.496
4.28744697571	-0.204	0.004	-0.496
4.28920888901	0.052	-0.128	0.764
4.29096984863	0.052	-0.128	0.764
4.29273295403	0.052	-0.128	0.764
4.29449391365	0.256	-0.272	2.044
4.29625582695	0.256	-0.272	2.044
4.29801893234	0.256	-0.272	2.044
4.29978394508	0.304	-0.344	2.044
4.30154585838	0.304	-0.344	2.044
4.30331397057	0.228	-0.288	2.044
4.30507683754	0.228	-0.288	2.044
4.30687189102	0.228	-0.288	2.044
4.30863595009	-0.036	-0.14	1.488
4.31039881706	-0.036	-0.14	1.488
4.31216192245	-0.036	-0.14	1.488
4.31393098831	-0.248	0.004	0.04
4.31569194794	-0.248	0.004	0.04
4.31745195389	-0.248	0.004	0.04
4.31921195984	-0.328	0.108	-0.884
4.32097482681	-0.328	0.108	-0.884
4.32274484634	-0.328	0.108	-0.884
4.32450890541	-0.276	0.064	-0.808
4.32627487183	-0.276	0.064	-0.808
4.32803797722	-0.276	0.064	-0.808
4.32980179787	-0.052	-0.064	0.212
4.33156490326	-0.052	-0.064	0.212
4.33333086967	-0.052	-0.064	0.212
4.33509492874	0.208	-0.212	1.62
4.33685493469	0.208	-0.212	1.62
4.33861780167	0.208	-0.212	1.62
4.34037995338	0.296	-0.328	2.044
4.34214186668	0.296	-0.328	2.044
4.34390997887	0.296	-0.328	2.044
4.34567284584	0.3	-0.328	2.044
4.34743380547	0.3	-0.328	2.044
4.34919500351	0.084	-0.2	2.004
4.35095596313	0.084	-0.2	2.004
4.3527238369	0.084	-0.2	2.004
4.35448884964	-0.176	-0.056	0.584
4.35626196861	-0.176	-0.056	0.584
4.35802578926	-0.176	-0.056	0.584
4.35978889465	-0.32	0.072	-0.612
4.36155200005	-0.32	0.072	-0.612
4.36332082748	-0.32	0.072	-0.612
4.36508393288	-0.324	0.096	-0.96
4.36684679985	-0.324	0.096	-0.96
4.36860990524	-0.324	0.096	-0.96
4.37037277222	-0.168	-0.02	-0.276
4.37213683128	-0.168	-0.02	-0.276
4.37390685081	-0.168	-0.02	-0.276
4.37566995621	0.108	-0.168	1.068
4.37744283676	0.108	-0.168	1.068
4.37920689583	0.108	-0.168	1.068
4.38097286224	0.256	-0.292	2.044
4.38273787498	0.256	-0.292	2.044
4.38450098038	0.256	-0.292	2.044
4.38626480103	0.32	-0.348	2.044
4.38802695274	0.32	-0.348	2.044
4.38978886604	0.32	-0.348	2.044
4.39154982567	0.196	-0.256	2.044
4.39331388474	0.196	-0.256	2.044
4.39508199692	-0.08	-0.12	1.168
4.39684486389	-0.08	-0.12	1.168
4.39860892296	-0.08	-0.12	1.168
4.40037083626	-0.28	0.04	-0.22
4.40213394165	-0.28	0.04	-0.22
4.40389800072	-0.28	0.04	-0.22
4.4056789875	-0.34	0.116	-0.948
4.4074409008	-0.34	0.116	-0.948
4.40920782089	-0.34	0.116	-0.948
4.41097092628	-0.268	0.036	-0.668
4.41273498535	-0.268	0.036	-0.668
4.414498806	-0.268	0.036	-0.668
4.41626095772	0.004	-0.084	0.496
4.41802287102	0.004	-0.084	0.496
4.41978478432	0.004	-0.084	0.496
4.42154693604	0.22	-0.244	1.896
4.42331194878	0.22	-0.244	1.896
4.42507886887	0.22	-0.244	1.896
4.42684078217	0.312	-0.36	2.044
4.42860293388	0.312	-0.36	2.044
4.43036484718	0.312	-0.36	2.044
4.43212580681	0.268	-0.3	2.044
4.43389487267	0.268	-0.3	2.044
4.43565988541	0.048	-0.172	1.732
4.4374229908	0.048	-0.172	1.732
4.4391849041	0.048	-0.172	1.732
4.44094777107	-0.208	-0.024	0.296
4.44271683693	-0.208	-0.024	0.296
4.44447994232	-0.208	-0.024	0.296
4.4462428093	-0.328	0.092	-0.764
4.44800686836	-0.328	0.092	-0.764
4.44976997375	-0.328	0.092	-0.764
4.4515337944	-0.332	0.08	-0.896
4.45330190659	-0.332	0.08	-0.896
4.45507287979	-0.332	0.08	-0.896
4.45683598518	-0.136	-0.04	-0.04
4.45859980583	-0.136	-0.04	-0.04
4.46036291122	-0.136	-0.04	-0.04
4.4621257782	0.152	-0.192	1.356
4.4638979435	0.152	-0.192	1.356
4.46566081047	0.152	-0.192	1.356
4.46742296219	0.292	-0.324	2.044
4.46918392181	0.292	-0.324	2.044
4.47094583511	0.292	-0.324	2.044
4.4727139473	0.304	-0.324	2.044
4.4744758606	0.304	-0.324	2.044
4.4762377739	0.304	-0.324	2.044
4.47799897194	0.152	-0.232	2.044
4.47975993156	0.152	-0.232	2.044
4.48152184486	-0.124	-0.08	0.868
4.48328995705	-0.124	-0.08	0.868
4.48505377769	-0.124	-0.08	0.868
4.48681592941	-0.296	0.072	-0.436
4.48857879639	-0.296	0.072	-0.436
4.4903459549	-0.296	0.072	-0.436
4.49210882187	-0.34	0.108	-0.976
4.49387788773	-0.34	0.108	-0.976
4.49564099312	-0.34	0.108	-0.976
4.49740982056	-0.228	0.016	-0.488
4.49917197227	-0.228	0.016	-0.488
4.50093483925	-0.228	0.016	-0.488
4.50270390511	0.044	-0.124	0.784
4.50447583199	0.044	-0.124	0.784
4.5062379837	0.044	-0.124	0.784
4.507999897	0.26	-0.264	2.044
4.5097618103	0.26	-0.264	2.044
4.51152396202	0.26	-0.264	2.044
4.51329278946	0.292	-0.344	2.044
4.5150578022	0.292	-0.344	2.044
4.51681995392	0.292	-0.344	2.044
4.51858496666	0.24	-0.276	2.044
4.52034687996	0.24	-0.276	2.044
4.52210783958	0.24	-0.276	2.044
4.52387595177	-0.024	-0.152	1.464
4.52563977242	-0.024	-0.152	1.464
4.52740287781	-0.236	-0.008	0.02
4.52916479111	-0.236	-0.008	0.02
4.5309278965	-0.236	-0.008	0.02
4.53269577026	-0.32	0.092	-0.884
4.53445982933	-0.32	0.092	-0.884
4.53622293472	-0.32	0.092	-0.884
4.53798484802	-0.276	0.052	-0.804
4.53974795341	-0.276	0.052	-0.804
4.54151082039	-0.276	0.052	-0.804
4.54327392578	-0.06	-0.076	0.224
4.5450398922	-0.06	-0.076	0.224
4.54680395126	-0.06	-0.076	0.224
4.54856586456	0.196	-0.224	1.66
4.55032896996	0.196	-0.224	1.66
4.55209088326	0.196	-0.224	1.66
4.55386400223	0.3	-0.332	2.044
4.5556268692	0.3	-0.332	2.044
4.55738782883	0.3	-0.332	2.044
4.55914998055	0.28	-0.316	2.044
4.56091189384	0.28	-0.316	2.044
4.56267976761	0.28	-0.316	2.044
4.564442873	0.076	-0.208	2.0
4.56620192528	0.076	-0.208	2.0
4.56796097755	0.076	-0.208	2.0
4.56971979141	-0.18	-0.064	0.564
4.5714828968	-0.18	-0.064	0.564
4.57325291634	-0.308	0.072	-0.632
4.5750169754	-0.308	0.072	-0.632
4.57677984238	-0.308	0.072	-0.632
4.57854294777	-0.308	0.1	-0.964
4.58030486107	-0.308	0.1	-0.964
4.58206796646	-0.308	0.1	-0.964
4.58383584023	-0.156	-0.016	-0.272
4.58559989929	-0.156	-0.016	-0.272
4.58736181259	-0.156	-0.016	-0.272
4.58912587166	0.108	-0.152	1.076
4.59088778496	0.108	-0.152	1.076
4.59265589714	0.108	-0.152	1.076
4.59441781044	0.28	-0.304	2.044
4.59618091583	0.28	-0.304	2.044
4.59794282913	0.28	-0.304	2.044
4.59970879555	0.304	-0.344	2.044
4.60147285461	0.304	-0.344	2.044
4.60324883461	0.304	-0.344	2.044
4.60501194	0.18	-0.256	2.044
4.6067738533	0.18	-0.256	2.044
4.60853481293	0.18	-0.256	2.044
4.61029696465	-0.084	-0.116	1.148
4.61206078529	-0.084	-0.116	1.148
4.61383080482	-0.084	-0.116	1.148
4.61559295654	-0.272	0.016	-0.224
4.61735486984	-0.272	0.016	-0.224
4.61911797523	-0.324	0.1	-0.956
4.62088084221	-0.324	0.1	-0.956
4.62264490128	-0.324	0.1	-0.956
4.62440896034	-0.252	0.032	-0.656
4.62617087364	-0.252	0.032	-0.656
4.6279489994	-0.252	0.032	-0.656
4.62971186638	0.0	-0.092	0.516
4.63146495819	0.0	-0.092	0.516
4.63322496414	0.0	-0.092	0.516
4.6349799633	0.24	-0.252	1.924
4.63674092293	0.24	-0.252	1.924
4.63857078552	0.24	-0.252	1.924
4.64033484459	0.304	-0.34	2.044
4.64209890366	0.304	-0.34	2.044
4.64386677742	0.304	-0.34	2.044
4.64562988281	0.264	-0.304	2.044
4.64739084244	0.264	-0.304	2.044
4.64915394783	0.264	-0.304	2.044
4.65091490746	0.024	-0.148	1.716
4.65269184113	0.024	-0.148	1.716
4.65445899963	0.024	-0.148	1.716
4.65622186661	-0.22	-0.02	0.28
4.657984972	-0.22	-0.02	0.28
4.65974783897	-0.324	0.092	-0.776
4.66151094437	-0.324	0.092	-0.776
4.6632797718	-0.324	0.092	-0.776
4.6650428772	-0.316	0.072	-0.9
4.66680598259	-0.316	0.072	-0.9
4.66856884956	-0.316	0.072	-0.9
4.67033100128	-0.128	-0.04	-0.036
4.67209482193	-0.128	-0.04	-0.036
4.67386388779	-0.128	-0.04	-0.036
4.67562699318	0.156	-0.196	1.372
4.67738986015	0.156	-0.196	1.372
4.67915296555	0.156	-0.196	1.372
4.68091583252	0.292	-0.32	2.044
4.68268799782	0.292	-0.32	2.044
4.68445086479	0.292	-0.32	2.044
4.68621277809	0.316	-0.364	2.044
4.68797492981	0.316	-0.364	2.044
4.68973684311	0.316	-0.364	2.044
4.69149899483	0.152	-0.216	2.044
4.69326591492	0.152	-0.216	2.044
4.69502878189	0.152	-0.216	2.044
4.69679093361	-0.128	-0.08	0.852
4.69855380058	-0.128	-0.08	0.852
4.70031690598	-0.128	-0.08	0.852
4.70208787918	-0.3	0.064	-0.452
4.70385694504	-0.3	0.064	-0.452
4.70561981201	-0.344	0.108	-0.968
4.70738196373	-0.344	0.108	-0.968
4.70914793015	-0.344	0.108	-0.968
4.71091079712	-0.224	0.0	-0.468
4.71267294884	-0.224	0.0	-0.468
4.714427948	-0.224	0.0	-0.468
4.71618294716	0.06	-0.136	0.804
4.71794486046	0.06	-0.136	0.804
4.71970486641	0.06	-0.136	0.804
4.72146487236	0.252	-0.272	2.044
4.72322797775	0.252	-0.272	2.044
4.72498178482	0.252	-0.272	2.044
4.72673583031	0.308	-0.348	2.044
4.72848892212	0.308	-0.348	2.044
4.73024296761	0.308	-0.348	2.044
4.73199486732	0.248	-0.28	2.044
4.73376178741	0.248	-0.28	2.044
4.73552680016	0.248	-0.28	2.044
4.73729276657	-0.004	-0.14	1.432
4.73905587196	-0.004	-0.14	1.432
4.74081993103	-0.004	-0.14	1.432
4.74258780479	-0.248	0.016	0.0
4.74434185028	-0.248	0.016	0.0
4.74609589577	-0.248	0.016	0.0
4.74784994125	-0.344	0.1	-0.892
4.74961280823	-0.344	0.1	-0.892
4.75139498711	-0.292	0.052	-0.808
4.75316476822	-0.292	0.052	-0.808
4.75492882729	-0.292	0.052	-0.808
4.75669193268	-0.056	-0.096	0.232
4.75845479965	-0.056	-0.096	0.232
4.76021790504	-0.056	-0.096	0.232
4.76198077202	0.192	-0.228	1.66
4.76375198364	0.192	-0.228	1.66
4.76551699638	0.192	-0.228	1.66
4.76727890968	0.308	-0.34	2.044
4.76904082298	0.308	-0.34	2.044
4.7708029747	0.308	-0.34	2.044
4.77257180214	0.296	-0.32	2.044
4.77433395386	0.296	-0.32	2.044
4.77609586716	0.296	-0.32	2.044
4.77785682678	0.1	-0.196	1.976
4.77961993217	0.1	-0.196	1.976
4.7813808918	0.1	-0.196	1.976
4.78314399719	-0.18	-0.044	0.564
4.78490400314	-0.18	-0.044	0.564
4.78665995598	-0.18	-0.044	0.564
4.78841400146	-0.304	0.08	-0.616
4.79016900063	-0.304	0.08	-0.616
4.79192781448	-0.304	0.08	-0.616
4.79369592667	-0.32	0.1	-0.956
4.79546380043	-0.32	0.1	-0.956
4.79722690582	-0.164	-0.02	-0.26
4.79899096489	-0.164	-0.02	-0.26
4.8007748127	-0.164	-0.02	-0.26
4.8025457859	0.112	-0.16	1.104
4.8043088913	0.112	-0.16	1.104
4.80607199669	0.112	-0.16	1.104
4.80783390999	0.272	-0.3	2.044
4.80959677696	0.272	-0.3	2.044
4.81135892868	0.272	-0.3	2.044
4.81312680244	0.3	-0.352	2.044
4.81488990784	0.3	-0.352	2.044
4.81665182114	0.3	-0.352	2.044
4.81841778755	0.18	-0.268	2.044
4.82018089294	0.18	-0.268	2.044
4.82194280624	0.18	-0.268	2.044
4.82370686531	-0.084	-0.104	1.136
4.8254737854	-0.084	-0.104	1.136
4.82723689079	-0.084	-0.104	1.136
4.82899999619	-0.272	0.032	-0.232
4.83076286316	-0.272	0.032	-0.232
4.83253192902	-0.272	0.032	-0.232
4.83429479599	-0.324	0.1	-0.96
4.83605790138	-0.324	0.1	-0.96
4.83781981468	-0.324	0.1	-0.96
4.8395819664	-0.248	0.04	-0.636
4.84134578705	-0.248	0.04	-0.636
4.84314489365	0.008	-0.096	0.52
4.84490680695	0.008	-0.096	0.52
4.84667086601	0.008	-0.096	0.52
4.84843182564	0.228	-0.244	1.92
4.85020399094	0.228	-0.244	1.92
4.85196685791	0.228	-0.244	1.92
4.853733778	0.296	-0.348	2.044
4.85549688339	0.296	-0.348	2.044
4.85725879669	0.296	-0.348	2.044
4.85902094841	0.248	-0.3	2.044
4.86078190804	0.248	-0.3	2.044
4.86255097389	0.248	-0.3	2.044
4.86431288719	0.024	-0.168	1.704
4.86607480049	0.024	-0.168	1.704
4.86783695221	0.024	-0.168	1.704
4.86959886551	-0.204	-0.044	0.272
4.8713619709	-0.204	-0.044	0.272
4.87313485146	-0.204	-0.044	0.272
4.87489891052	-0.324	0.096	-0.78
4.87666296959	-0.324	0.096	-0.78
4.87842583656	-0.324	0.096	-0.78
4.88018894196	-0.308	0.088	-0.9
4.88195085526	-0.308	0.088	-0.9
4.88371896744	-0.308	0.088	-0.9
4.88548183441	-0.1	-0.052	0.008
4.88724398613	-0.1	-0.052	0.008
4.88900494576	0.164	-0.188	1.396
4.89076781273	0.164	-0.188	1.396
4.89253592491	0.164	-0.188	1.396
4.89429783821	0.284	-0.316	2.044
4.89605879784	0.284	-0.316	2.044
4.89782094955	0.284	-0.316	2.044
4.89959192276	0.292	-0.32	2.044
4.9013569355	0.292	-0.32	2.044
4.90312600136	0.292	-0.32	2.044
4.90488791466	0.128	-0.224	2.044
4.90665078163	0.128	-0.224	2.044
4.90841293335	0.128	-0.224	2.044
4.91017484665	-0.128	-0.096	0.824
4.91193699837	-0.128	-0.096	0.824
4.91370487213	-0.128	-0.096	0.824
4.9154689312	-0.308	0.064	-0.464
4.9172308445	-0.308	0.064	-0.464
4.91899299622	-0.308	0.064	-0.464
4.92075586319	-0.34	0.104	-0.984
4.92252492905	-0.34	0.104	-0.984
4.92428779602	-0.34	0.104	-0.984
4.92605090141	-0.208	0.004	-0.464
4.92781686783	-0.208	0.004	-0.464
4.9295809269	0.068	-0.136	0.812
4.93134188652	0.068	-0.136	0.812
4.93317484856	0.068	-0.136	0.812
4.93496584892	0.272	-0.276	2.044
4.93675780296	0.272	-0.276	2.044
4.93852591515	0.272	-0.276	2.044
4.94028997421	0.312	-0.34	2.044
4.94205188751	0.312	-0.34	2.044
4.94382095337	0.312	-0.34	2.044
4.9455909729	0.24	-0.276	2.044
4.9473528862	0.24	-0.276	2.044
4.94912695885	0.24	-0.276	2.044
4.95088887215	-0.024	-0.144	1.412
4.95265889168	-0.024	-0.144	1.412
4.95442390442	-0.024	-0.144	1.412
4.95619297028	-0.256	-0.004	0.02
4.95795583725	-0.256	-0.004	0.02
4.95971894264	-0.256	-0.004	0.02
4.96148395538	-0.348	0.104	-0.892
4.96325492859	-0.348	0.104	-0.892
4.96501898766	-0.348	0.104	-0.892
4.9667840004	-0.296	0.056	-0.784
4.96854782104	-0.296	0.056	-0.784
4.97031188011	-0.052	-0.076	0.252
4.9720749855	-0.052	-0.076	0.252
4.97384476662	-0.052	-0.076	0.252
4.97560691833	0.208	-0.236	1.684
4.9773709774	0.208	-0.236	1.684
4.97913384438	0.208	-0.236	1.684
4.980894804	0.312	-0.332	2.044
4.98266792297	0.312	-0.332	2.044
4.98443293571	0.312	-0.332	2.044
4.98619580269	0.296	-0.336	2.044
4.98795795441	0.296	-0.336	2.044
4.98971986771	0.296	-0.336	2.044
4.99148082733	0.1	-0.184	1.936
4.99325084686	0.1	-0.184	1.936
4.99501299858	0.1	-0.184	1.936
4.99677586555	-0.184	-0.052	0.532
4.99854779243	-0.184	-0.052	0.532
