Timestamp 	 X-Axis 	 Y-Axis 	 Z-Axis
0.000313997268677	-0.052	-0.204	1.296
0.00231719017029	-0.052	-0.204	1.296
0.0041241645813	-0.176	0.036	-0.668
0.00592708587646	-0.176	0.036	-0.668
0.007728099823	-0.112	0.132	-0.92
0.00954723358154	-0.112	0.132	-0.92
0.0113501548767	-0.112	0.132	-0.92
0.0131502151489	0.032	-0.064	0.768
0.0149490833282	0.032	-0.064	0.768
0.0167591571808	0.032	-0.064	0.768
0.0185561180115	0.152	-0.296	2.044
0.0203590393066	0.152	-0.296	2.044
0.0221621990204	0.152	-0.296	2.044
0.0239601135254	0.076	-0.372	2.044
0.025778055191	0.076	-0.372	2.044
0.0275771617889	0.076	-0.372	2.044
0.0293791294098	-0.048	-0.164	1.044
0.0311870574951	-0.048	-0.164	1.044
0.0329880714417	-0.048	-0.164	1.044
0.0347871780396	-0.176	0.052	-0.808
0.0365841388702	-0.176	0.052	-0.808
0.0383830070496	-0.088	0.116	-0.82
0.0401861667633	-0.088	0.116	-0.82
0.0419890880585	-0.088	0.116	-0.82
0.0437870025635	0.048	-0.068	1.012
0.0455851554871	0.048	-0.068	1.012
0.0473952293396	0.048	-0.068	1.012
0.0491931438446	0.152	-0.32	2.044
0.0510070323944	0.152	-0.32	2.044
0.0528101921082	0.152	-0.32	2.044
0.054615020752	0.072	-0.36	2.044
0.0564131736755	0.072	-0.36	2.044
0.0582110881805	0.072	-0.36	2.044
0.0600230693817	-0.092	-0.14	0.82
0.0618360042572	-0.092	-0.14	0.82
0.0636441707611	-0.092	-0.14	0.82
0.0654571056366	-0.172	0.08	-0.912
0.0672650337219	-0.172	0.08	-0.912
0.069078207016	-0.076	0.112	-0.684
0.070885181427	-0.076	0.112	-0.684
0.0726940631866	-0.076	0.112	-0.684
0.0745010375977	0.084	-0.116	1.264
0.07630610466	0.084	-0.116	1.264
0.0781121253967	0.084	-0.116	1.264
0.0799250602722	0.172	-0.336	2.044
0.0817492008209	0.172	-0.336	2.044
0.0835552215576	0.172	-0.336	2.044
0.0853741168976	0.056	-0.332	2.044
0.0871810913086	0.056	-0.332	2.044
0.088986158371	0.056	-0.332	2.044
0.0908300876617	-0.104	-0.104	0.556
0.09263920784	-0.104	-0.104	0.556
0.094446182251	-0.164	0.096	-1.004
0.0962522029877	-0.164	0.096	-1.004
0.098060131073	-0.164	0.096	-1.004
0.0999491214752	-0.08	0.088	-0.516
0.101769208908	-0.08	0.088	-0.516
0.103576183319	-0.08	0.088	-0.516
0.105384111404	0.08	-0.144	1.504
0.107204198837	0.08	-0.144	1.504
0.109027147293	0.08	-0.144	1.504
0.110835075378	0.144	-0.34	2.044
0.112643003464	0.144	-0.34	2.044
0.1144490242	0.144	-0.34	2.044
0.116255044937	0.036	-0.336	2.044
0.118061065674	0.036	-0.336	2.044
0.119901180267	-0.116	-0.084	0.3
0.121711015701	-0.116	-0.084	0.3
0.123516082764	-0.116	-0.084	0.3
0.125325202942	-0.168	0.112	-1.072
0.127131223679	-0.168	0.112	-1.072
0.128939151764	-0.168	0.112	-1.072
0.130752086639	-0.052	0.072	-0.328
0.132572174072	-0.052	0.072	-0.328
0.134379148483	-0.052	0.072	-0.328
0.13618516922	0.112	-0.176	1.744
0.137995004654	0.112	-0.176	1.744
0.139809131622	0.112	-0.176	1.744
0.141617059708	0.148	-0.364	2.044
0.143423080444	0.148	-0.364	2.044
0.145230054855	0.148	-0.364	2.044
0.147036075592	0.032	-0.32	2.044
0.148842096329	0.032	-0.32	2.044
0.15065407753	-0.152	-0.048	0.068
0.152471065521	-0.152	-0.048	0.068
0.154279232025	-0.152	-0.048	0.068
0.156085014343	-0.152	0.12	-1.088
0.157892227173	-0.152	0.12	-1.088
0.159701108932	-0.152	0.12	-1.088
0.161521196365	-0.032	0.052	-0.124
0.163329124451	-0.032	0.052	-0.124
0.165147066116	-0.032	0.052	-0.124
0.16695523262	0.128	-0.204	1.972
0.168762207031	0.128	-0.204	1.972
0.170574188232	0.128	-0.204	1.972
0.172381162643	0.132	-0.372	2.044
0.17418718338	0.132	-0.372	2.044
0.17599105835	0.0	-0.284	1.996
0.177790164948	0.0	-0.284	1.996
0.179594039917	0.0	-0.284	1.996
0.181392192841	-0.152	-0.02	-0.144
0.183200120926	-0.152	-0.02	-0.144
0.185008049011	-0.152	-0.02	-0.144
0.186815023422	-0.136	0.136	-1.08
0.188621044159	-0.136	0.136	-1.08
0.19043302536	-0.136	0.136	-1.08
0.192242145538	-0.024	0.024	0.072
0.194055080414	-0.024	0.024	0.072
0.195860147476	-0.024	0.024	0.072
0.197666168213	0.14	-0.236	2.044
0.199473142624	0.14	-0.236	2.044
0.201280117035	0.112	-0.368	2.044
0.203096151352	0.112	-0.368	2.044
0.204904079437	0.112	-0.368	2.044
0.206710100174	-0.008	-0.26	1.752
0.208517074585	-0.008	-0.26	1.752
0.21033000946	-0.008	-0.26	1.752
0.212139129639	-0.156	0.008	-0.344
0.213945150375	-0.156	0.008	-0.344
0.215752124786	-0.156	0.008	-0.344
0.217559099197	-0.136	0.12	-1.048
0.219373226166	-0.136	0.12	-1.048
0.2211830616	-0.136	0.12	-1.048
0.222990036011	-0.004	0.004	0.32
0.224796056747	-0.004	0.004	0.32
0.22660112381	-0.004	0.004	0.32
0.228404998779	0.152	-0.256	2.044
0.230218172073	0.152	-0.256	2.044
0.232028007507	0.112	-0.384	2.044
0.233835220337	0.112	-0.384	2.044
0.235640048981	0.112	-0.384	2.044
0.237446069717	-0.028	-0.228	1.52
0.239260196686	-0.028	-0.228	1.52
0.241067171097	-0.028	-0.228	1.52
0.242874145508	-0.18	0.024	-0.536
0.244680166245	-0.18	0.024	-0.536
0.246486186981	-0.18	0.024	-0.536
0.248296022415	-0.124	0.136	-0.996
0.250115156174	-0.124	0.136	-0.996
0.251922130585	-0.124	0.136	-0.996
0.253738164902	0.008	-0.036	0.556
0.255543231964	0.008	-0.036	0.556
0.257350206375	0.152	-0.288	2.044
0.259162187576	0.152	-0.288	2.044
0.26096701622	0.152	-0.288	2.044
0.262773036957	0.092	-0.376	2.044
0.264579057693	0.092	-0.376	2.044
0.266384124756	0.092	-0.376	2.044
0.268190145493	-0.048	-0.196	1.264
0.270007133484	-0.048	-0.196	1.264
0.271816015244	-0.048	-0.196	1.264
0.27362203598	-0.168	0.052	-0.692
0.275429010391	-0.168	0.052	-0.692
0.277247190475	-0.168	0.052	-0.692
0.279060125351	-0.1	0.144	-0.92
0.280867099762	-0.1	0.144	-0.92
0.282675027847	-0.1	0.144	-0.92
0.28448009491	0.04	-0.06	0.8
0.286283016205	0.04	-0.06	0.8
0.288088083267	0.16	-0.3	2.044
0.289929151535	0.16	-0.3	2.044
0.291736125946	0.16	-0.3	2.044
0.293540000916	0.08	-0.36	2.044
0.295346021652	0.08	-0.36	2.044
0.297153234482	0.08	-0.36	2.044
0.298958063126	-0.06	-0.164	1.016
0.300770998001	-0.06	-0.164	1.016
0.302577018738	-0.06	-0.164	1.016
0.304393053055	-0.18	0.064	-0.812
0.306202173233	-0.18	0.064	-0.812
0.308010101318	-0.18	0.064	-0.812
0.309823036194	-0.1	0.12	-0.808
0.311630010605	-0.1	0.12	-0.808
0.313437223434	0.056	-0.084	1.036
0.31524515152	0.056	-0.084	1.036
0.317050218582	0.056	-0.084	1.036
0.318855047226	0.156	-0.32	2.044
0.320672035217	0.156	-0.32	2.044
0.322478055954	0.156	-0.32	2.044
0.324284076691	0.076	-0.36	2.044
0.326089143753	0.076	-0.36	2.044
0.327896118164	0.076	-0.36	2.044
0.32970905304	-0.092	-0.144	0.788
0.331515073776	-0.092	-0.144	0.788
0.333327054977	-0.092	-0.144	0.788
0.335135221481	-0.184	0.092	-0.932
0.336942195892	-0.184	0.092	-0.932
0.338748216629	-0.184	0.092	-0.932
0.34056019783	-0.08	0.104	-0.656
0.342368125916	-0.08	0.104	-0.656
0.344175100327	0.076	-0.124	1.292
0.345982074738	0.076	-0.124	1.292
0.347788095474	0.076	-0.124	1.292
0.349595069885	0.148	-0.344	2.044
0.351401090622	0.148	-0.344	2.044
0.353207111359	0.148	-0.344	2.044
0.35502409935	0.052	-0.348	2.044
0.356830120087	0.052	-0.348	2.044
0.358637094498	0.052	-0.348	2.044
0.360444068909	-0.104	-0.096	0.52
0.362254142761	-0.104	-0.096	0.52
0.364060163498	-0.104	-0.096	0.52
0.365874052048	-0.172	0.112	-1.032
0.367681026459	-0.172	0.112	-1.032
0.369496107101	-0.068	0.092	-0.492
0.371304035187	-0.068	0.092	-0.492
0.373110055923	-0.068	0.092	-0.492
0.374917030334	0.096	-0.148	1.532
0.376723051071	0.096	-0.148	1.532
0.378529071808	0.096	-0.148	1.532
0.380340099335	0.148	-0.348	2.044
0.382147073746	0.148	-0.348	2.044
0.383953094482	0.148	-0.348	2.044
0.385759115219	0.028	-0.328	2.044
0.38756608963	0.028	-0.328	2.044
0.389388084412	0.028	-0.328	2.044
0.391194105148	-0.124	-0.076	0.276
0.393003225327	-0.124	-0.076	0.276
0.394809007645	-0.168	0.116	-1.076
0.396615028381	-0.168	0.116	-1.076
0.398422002792	-0.168	0.116	-1.076
0.400235176086	-0.072	0.076	-0.3
0.402041196823	-0.072	0.076	-0.3
0.40384721756	-0.072	0.076	-0.3
0.405662059784	0.108	-0.18	1.772
0.407469034195	0.108	-0.18	1.772
0.409282207489	0.108	-0.18	1.772
0.4110891819	0.136	-0.368	2.044
0.412894010544	0.136	-0.368	2.044
0.414700031281	0.136	-0.368	2.044
0.416506052017	0.028	-0.312	2.044
0.418314218521	0.028	-0.312	2.044
0.420125007629	0.028	-0.312	2.044
0.421932220459	-0.14	-0.052	0.044
0.423740148544	-0.14	-0.052	0.044
0.425546169281	-0.164	0.124	-1.092
0.427354097366	-0.164	0.124	-1.092
0.429162025452	-0.164	0.124	-1.092
0.430970191956	-0.028	0.044	-0.112
0.432777166367	-0.028	0.044	-0.112
0.434584140778	-0.028	0.044	-0.112
0.436390161514	0.136	-0.22	2.012
0.438196182251	0.136	-0.22	2.012
0.440008163452	0.136	-0.22	2.012
0.441814184189	0.12	-0.368	2.044
0.443619012833	0.12	-0.368	2.044
0.44543504715	0.12	-0.368	2.044
0.447242021561	-0.008	-0.272	1.96
0.449055194855	-0.008	-0.272	1.96
0.45086312294	-0.16	-0.02	-0.164
0.452670097351	-0.16	-0.02	-0.164
0.454478025436	-0.16	-0.02	-0.164
0.456293106079	-0.14	0.124	-1.096
0.458101034164	-0.14	0.124	-1.096
0.459915161133	-0.14	0.124	-1.096
0.46172118187	-0.016	0.008	0.108
0.463525056839	-0.016	0.008	0.108
0.465330123901	-0.016	0.008	0.108
0.467135190964	0.132	-0.228	2.044
0.468939065933	0.132	-0.228	2.044
0.470751047134	0.132	-0.228	2.044
0.472557067871	0.124	-0.372	2.044
0.474367141724	0.124	-0.372	2.044
0.47617316246	0.124	-0.372	2.044
0.477979183197	-0.008	-0.26	1.736
0.479786157608	-0.008	-0.26	1.736
0.481592178345	-0.18	0.0	-0.364
0.483392000198	-0.18	0.0	-0.364
0.485191106796	-0.18	0.0	-0.364
0.486991167068	-0.128	0.14	-1.056
0.48881316185	-0.128	0.14	-1.056
0.4906270504	-0.128	0.14	-1.056
0.492434024811	-0.028	0.008	0.352
0.494239091873	-0.028	0.008	0.352
0.496044158936	-0.028	0.008	0.352
0.497850179672	0.14	-0.264	2.044
0.499663114548	0.14	-0.264	2.044
0.501472234726	0.14	-0.264	2.044
0.503279209137	0.1	-0.388	2.044
0.505086183548	0.1	-0.388	2.044
0.506902217865	-0.036	-0.228	1.488
0.508709192276	-0.036	-0.228	1.488
0.510522127151	-0.036	-0.228	1.488
0.512330055237	-0.168	0.016	-0.552
0.514141082764	-0.168	0.016	-0.552
0.5159471035	-0.168	0.016	-0.552
0.517755031586	-0.112	0.144	-0.984
0.519562005997	-0.112	0.144	-0.984
0.521369218826	-0.112	0.144	-0.984
0.523176193237	0.032	-0.036	0.572
0.524982213974	0.032	-0.036	0.572
0.526786088943	0.032	-0.036	0.572
0.528590202332	0.18	-0.284	2.044
0.53040599823	0.18	-0.284	2.044
0.53221321106	0.18	-0.284	2.044
0.534019231796	0.096	-0.364	2.044
0.53582406044	0.096	-0.364	2.044
0.537631034851	-0.052	-0.188	1.244
0.539445161819	-0.052	-0.188	1.244
0.54125213623	-0.052	-0.188	1.244
0.543059110641	-0.18	0.044	-0.712
0.544867038727	-0.18	0.044	-0.712
0.546673059464	-0.18	0.044	-0.712
0.548480033875	-0.108	0.124	-0.896
0.550292015076	-0.108	0.124	-0.896
0.55210018158	-0.108	0.124	-0.896
0.553906202316	0.032	-0.068	0.828
0.555712223053	0.032	-0.068	0.828
0.557536125183	0.032	-0.068	0.828
0.559349060059	0.148	-0.296	2.044
0.561167001724	0.148	-0.296	2.044
0.562974214554	0.068	-0.352	2.044
0.564781188965	0.068	-0.352	2.044
0.566586017609	0.068	-0.352	2.044
0.568392038345	-0.064	-0.168	0.992
0.570205211639	-0.064	-0.168	0.992
0.572013139725	-0.064	-0.168	0.992
0.573819160461	-0.172	0.068	-0.84
0.575626134872	-0.172	0.068	-0.84
0.577433109283	-0.172	0.068	-0.84
0.579246044159	-0.096	0.124	-0.784
0.581052064896	-0.096	0.124	-0.784
0.582859039307	-0.096	0.124	-0.784
0.584665060043	0.048	-0.096	1.072
0.586473226547	0.048	-0.096	1.072
0.588279008865	0.048	-0.096	1.072
0.590090036392	0.16	-0.32	2.044
0.591896057129	0.16	-0.32	2.044
0.593702077866	0.064	-0.36	2.044
0.595507144928	0.064	-0.36	2.044
0.597313165665	0.064	-0.36	2.044
0.599118232727	-0.076	-0.152	0.74
0.600927114487	-0.076	-0.152	0.74
0.602735042572	-0.076	-0.152	0.74
0.604541063309	-0.18	0.092	-0.94
0.606347084045	-0.18	0.092	-0.94
0.608163118362	-0.18	0.092	-0.94
0.609976053238	-0.076	0.108	-0.632
0.611782073975	-0.076	0.108	-0.632
0.613591194153	-0.076	0.108	-0.632
0.615399122238	0.08	-0.132	1.328
0.617204189301	0.08	-0.132	1.328
0.61901307106	0.152	-0.348	2.044
0.620819091797	0.152	-0.348	2.044
0.622624158859	0.152	-0.348	2.044
0.624428033829	0.036	-0.344	2.044
0.626233100891	0.036	-0.344	2.044
0.628039121628	0.036	-0.344	2.044
0.629885196686	-0.116	-0.104	0.496
0.631693124771	-0.116	-0.104	0.496
0.633500099182	-0.116	-0.104	0.496
0.635306119919	-0.164	0.104	-1.036
0.63711309433	-0.164	0.104	-1.036
0.638918161392	-0.164	0.104	-1.036
0.640727043152	-0.06	0.084	-0.472
0.642561197281	-0.06	0.084	-0.472
0.644368171692	0.092	-0.156	1.564
0.646173000336	0.092	-0.156	1.564
0.647978067398	0.092	-0.156	1.564
0.649790048599	0.136	-0.348	2.044
0.651595115662	0.136	-0.348	2.044
0.653401136398	0.136	-0.348	2.044
0.655207157135	0.032	-0.336	2.044
0.657013177872	0.032	-0.336	2.044
0.658828020096	0.032	-0.336	2.044
0.660640001297	-0.132	-0.076	0.252
0.662447214127	-0.132	-0.076	0.252
0.664253234863	-0.132	-0.076	0.252
0.666060209274	-0.16	0.124	-1.092
0.667867183685	-0.16	0.124	-1.092
0.669684171677	-0.16	0.124	-1.092
0.671491146088	-0.068	0.072	-0.276
0.67329621315	-0.068	0.072	-0.276
0.67559504509	0.112	-0.188	1.812
0.677409172058	0.112	-0.188	1.812
0.679223060608	0.112	-0.188	1.812
0.681030035019	0.152	-0.368	2.044
0.682835102081	0.152	-0.368	2.044
0.684642076492	0.152	-0.368	2.044
0.686448097229	0.032	-0.324	2.044
0.688251018524	0.032	-0.324	2.044
0.690062046051	0.032	-0.324	2.044
0.691868066788	-0.132	-0.044	0.024
0.69367313385	-0.132	-0.044	0.024
0.695478200912	-0.16	0.14	-1.104
0.697286128998	-0.16	0.14	-1.104
0.699103116989	-0.16	0.14	-1.104
0.7009100914	-0.04	0.044	-0.088
0.702716112137	-0.04	0.044	-0.088
0.704523086548	-0.04	0.044	-0.088
0.706329107285	0.144	-0.22	2.02
0.708134174347	0.144	-0.22	2.02
0.709955215454	0.144	-0.22	2.02
0.711764097214	0.132	-0.368	2.044
0.713569164276	0.132	-0.368	2.044
0.715375185013	0.132	-0.368	2.044
0.717180013657	0.0	-0.272	1.944
0.71897816658	0.0	-0.272	1.944
0.720854997635	-0.152	-0.02	-0.196
0.722664117813	-0.152	-0.02	-0.196
0.724472999573	-0.152	-0.02	-0.196
0.7262840271	-0.136	0.136	-1.096
0.728091001511	-0.136	0.136	-1.096
0.729932069778	-0.136	0.136	-1.096
0.731738090515	-0.008	0.024	0.128
0.733542203903	-0.008	0.024	0.128
0.735365152359	-0.008	0.024	0.128
0.737170219421	0.144	-0.232	2.044
0.738977193832	0.144	-0.232	2.044
0.740813016891	0.144	-0.232	2.044
0.742619037628	0.108	-0.38	2.044
0.744426012039	0.108	-0.38	2.044
0.746232032776	-0.02	-0.252	1.692
0.748039007187	-0.02	-0.252	1.692
0.74987912178	-0.02	-0.252	1.692
0.751687049866	-0.176	0.0	-0.396
0.753486156464	-0.176	0.0	-0.396
0.755288124084	-0.176	0.0	-0.396
0.757087230682	-0.136	0.148	-1.06
0.758894205093	-0.136	0.148	-1.06
0.76072716713	-0.136	0.148	-1.06
0.762535095215	0.016	-0.008	0.372
0.764342069626	0.016	-0.008	0.372
0.766147136688	0.016	-0.008	0.372
0.767950057983	0.152	-0.256	2.044
0.76976108551	0.152	-0.256	2.044
0.771568059921	0.152	-0.256	2.044
0.773373126984	0.108	-0.376	2.044
0.775178194046	0.108	-0.376	2.044
0.776984214783	-0.036	-0.228	1.46
0.778792142868	-0.036	-0.228	1.46
0.780605077744	-0.036	-0.228	1.46
0.782414197922	-0.184	0.036	-0.564
0.784222126007	-0.184	0.036	-0.564
0.786028146744	-0.184	0.036	-0.564
0.787835121155	-0.116	0.136	-0.984
0.78964805603	-0.116	0.136	-0.984
0.791456222534	-0.116	0.136	-0.984
0.793261051178	0.016	-0.04	0.592
0.795067071915	0.016	-0.04	0.592
0.796872138977	0.016	-0.04	0.592
0.798676013947	0.156	-0.296	2.044
0.800485134125	0.156	-0.296	2.044
0.802292108536	0.084	-0.368	2.044
0.804097175598	0.084	-0.368	2.044
0.805901050568	0.084	-0.368	2.044
0.80770611763	-0.06	-0.184	1.2
0.80952000618	-0.06	-0.184	1.2
0.811340093613	-0.06	-0.184	1.2
0.813146114349	-0.18	0.052	-0.732
0.814952135086	-0.18	0.052	-0.732
0.816759109497	-0.18	0.052	-0.732
0.818564176559	-0.108	0.128	-0.896
0.820375204086	-0.108	0.128	-0.896
0.822183132172	-0.108	0.128	-0.896
0.823989152908	0.044	-0.072	0.856
0.825793027878	0.044	-0.072	0.856
0.82759809494	0.044	-0.072	0.856
0.829403162003	0.16	-0.304	2.044
0.831208229065	0.16	-0.304	2.044
0.833013057709	0.052	-0.356	2.044
0.834819078445	0.052	-0.356	2.044
0.836625099182	0.052	-0.356	2.044
0.838444232941	-0.072	-0.164	0.964
0.84025812149	-0.072	-0.164	0.964
0.842066049576	-0.072	-0.164	0.964
0.843873023987	-0.188	0.08	-0.86
0.845679044724	-0.188	0.08	-0.86
0.84748506546	-0.188	0.08	-0.86
0.849293231964	-0.088	0.108	-0.764
0.851099014282	-0.088	0.108	-0.764
0.852906227112	-0.088	0.108	-0.764
0.854713201523	0.052	-0.084	1.112
0.85651922226	0.052	-0.084	1.112
0.858323097229	0.148	-0.324	2.044
0.860134124756	0.148	-0.324	2.044
0.861955165863	0.148	-0.324	2.044
0.863763093948	0.072	-0.36	2.044
0.865573167801	0.072	-0.36	2.044
0.867385149002	0.072	-0.36	2.044
0.869199037552	-0.08	-0.156	0.712
0.871011018753	-0.08	-0.156	0.712
0.872818231583	-0.08	-0.156	0.712
0.874626159668	-0.176	0.104	-0.964
0.876433134079	-0.176	0.104	-0.964
0.878238201141	-0.176	0.104	-0.964
0.880051136017	-0.068	0.1	-0.62
0.881858110428	-0.068	0.1	-0.62
0.88366317749	-0.068	0.1	-0.62
0.885469198227	0.08	-0.136	1.352
0.887275218964	0.08	-0.136	1.352
0.889087200165	0.156	-0.34	2.044
0.890891075134	0.156	-0.34	2.044
0.892697095871	0.156	-0.34	2.044
0.894506216049	0.044	-0.328	2.044
0.89631319046	0.044	-0.328	2.044
0.898118019104	0.044	-0.328	2.044
0.899928092957	-0.116	-0.092	0.46
0.901735067368	-0.116	-0.092	0.46
0.903541088104	-0.116	-0.092	0.46
0.905346155167	-0.16	0.124	-1.036
0.907154083252	-0.16	0.124	-1.036
0.908960103989	-0.16	0.124	-1.036
0.910771131516	-0.06	0.08	-0.448
0.912587165833	-0.06	0.08	-0.448
0.914393186569	0.108	-0.164	1.596
0.916198015213	0.108	-0.164	1.596
0.918002128601	0.108	-0.164	1.596
0.919808149338	0.144	-0.36	2.044
0.921614170074	0.144	-0.36	2.044
0.923430204391	0.144	-0.36	2.044
0.925236225128	0.024	-0.312	2.044
0.927041053772	0.024	-0.312	2.044
0.928846120834	0.024	-0.312	2.044
0.930657148361	-0.108	-0.076	0.228
0.932464122772	-0.108	-0.076	0.228
0.934270143509	-0.108	-0.076	0.228
0.936075210571	-0.176	0.124	-1.08
0.937881231308	-0.176	0.124	-1.08
0.939694166183	-0.176	0.124	-1.08
0.94150018692	-0.052	0.056	-0.264
0.943306207657	-0.052	0.056	-0.264
0.945112228394	0.112	-0.188	1.82
0.946917057037	0.112	-0.188	1.82
0.9487221241	0.112	-0.188	1.82
0.950535058975	0.128	-0.372	2.044
0.952341079712	0.128	-0.372	2.044
0.95416021347	0.128	-0.372	2.044
0.955966234207	0.012	-0.296	2.044
0.957771062851	0.012	-0.296	2.044
0.959577083588	0.012	-0.296	2.044
0.96138215065	-0.152	-0.044	0.004
0.963198184967	-0.152	-0.044	0.004
0.965005159378	-0.152	-0.044	0.004
0.966811180115	-0.148	0.124	-1.1
0.968616008759	-0.148	0.124	-1.1
0.970428228378	-0.032	0.04	-0.048
0.972236156464	-0.032	0.04	-0.048
0.9740421772	-0.032	0.04	-0.048
0.975847005844	0.128	-0.208	2.04
0.977653026581	0.128	-0.208	2.04
0.979468107224	0.128	-0.208	2.04
0.98127412796	0.124	-0.368	2.044
0.983079195023	0.124	-0.368	2.044
0.984885215759	0.124	-0.368	2.044
0.986690998077	0.0	-0.272	1.9
0.988487005234	0.0	-0.272	1.9
0.990291118622	0.0	-0.272	1.9
0.99209022522	-0.16	-0.008	-0.22
0.993897199631	-0.16	-0.008	-0.22
0.995702028275	-0.16	-0.008	-0.22
0.997509002686	-0.14	0.14	-1.088
0.99932217598	-0.14	0.14	-1.088
1.00112819672	-0.02	0.02	0.164
1.00293207169	-0.02	0.02	0.164
1.00473713875	-0.02	0.02	0.164
1.00654411316	0.128	-0.236	2.044
1.0083501339	0.128	-0.236	2.044
1.01016116142	0.128	-0.236	2.044
1.01196622849	0.112	-0.372	2.044
1.01378107071	0.112	-0.372	2.044
1.01558709145	0.112	-0.372	2.044
1.01739311218	-0.012	-0.248	1.676
1.01920604706	-0.012	-0.248	1.676
1.02101111412	-0.012	-0.248	1.676
1.02281808853	-0.164	0.008	-0.428
1.02462506294	-0.164	0.008	-0.428
1.02642917633	-0.136	0.136	-1.056
1.02823615074	-0.136	0.136	-1.056
1.03004407883	-0.136	0.136	-1.056
1.03185415268	0.0	-0.024	0.408
1.03365015984	0.0	-0.024	0.408
1.03546118736	0.0	-0.024	0.408
1.03725910187	0.156	-0.272	2.044
1.03907012939	0.156	-0.272	2.044
1.04087519646	0.156	-0.272	2.044
1.04268121719	0.116	-0.384	2.044
1.04448699951	0.116	-0.384	2.044
1.04629206657	0.116	-0.384	2.044
1.04809617996	-0.032	-0.22	1.428
1.04990911484	-0.032	-0.22	1.428
1.05171608925	-0.032	-0.22	1.428
1.05352115631	-0.184	0.04	-0.612
1.05532813072	-0.184	0.04	-0.612
1.05713510513	-0.128	0.132	-0.98
1.0589401722	-0.128	0.132	-0.98
1.06075310707	-0.128	0.132	-0.98
1.06256222725	0.024	-0.048	0.64
1.06437706947	0.024	-0.048	0.64
1.06618213654	0.024	-0.048	0.64
1.06798601151	0.164	-0.268	2.044
1.06979823112	0.164	-0.268	2.044
1.07160210609	0.164	-0.268	2.044
1.07340717316	0.088	-0.364	2.044
1.07521319389	0.088	-0.364	2.044
1.07701921463	0.088	-0.364	2.044
1.0788230896	-0.052	-0.176	1.18
1.08063602448	-0.052	-0.176	1.18
1.08244419098	-0.188	0.052	-0.74
1.08427214622	-0.188	0.052	-0.74
1.08607912064	-0.188	0.052	-0.74
1.08788609505	-0.104	0.128	-0.884
1.08969902992	-0.104	0.128	-0.884
1.0915081501	-0.104	0.128	-0.884
1.09331607819	0.044	-0.064	0.88
1.09512114525	0.044	-0.064	0.88
1.09692716599	0.044	-0.064	0.88
1.09873008728	0.148	-0.316	2.044
1.10053920746	0.148	-0.316	2.044
1.1023452282	0.148	-0.316	2.044
1.10415005684	0.048	-0.36	2.044
1.1059551239	0.048	-0.36	2.044
1.10776114464	0.048	-0.36	2.044
1.10957312584	-0.084	-0.152	0.936
1.11138010025	-0.084	-0.152	0.936
1.11318612099	-0.172	0.06	-0.868
1.11500310898	-0.172	0.06	-0.868
1.11681103706	-0.172	0.06	-0.868
1.11862015724	-0.092	0.12	-0.744
1.120429039	-0.092	0.12	-0.744
1.12223601341	-0.092	0.12	-0.744
1.12404203415	0.068	-0.096	1.132
1.12584710121	0.068	-0.096	1.132
1.12765407562	0.068	-0.096	1.132
1.12946510315	0.164	-0.324	2.044
1.13126921654	0.164	-0.324	2.044
1.13307499886	0.164	-0.324	2.044
1.13488101959	0.048	-0.352	2.044
1.13668608665	0.048	-0.352	2.044
1.13849020004	-0.092	-0.14	0.676
1.14030218124	-0.092	-0.14	0.676
1.14211010933	-0.092	-0.14	0.676
1.14391613007	-0.176	0.092	-0.96
1.1457221508	-0.176	0.092	-0.96
1.14753222466	-0.176	0.092	-0.96
1.14934515953	-0.076	0.096	-0.604
1.15115118027	-0.076	0.096	-0.604
1.152957201	-0.076	0.096	-0.604
1.15476322174	0.08	-0.136	1.368
1.15656900406	0.08	-0.136	1.368
1.15837407112	0.08	-0.136	1.368
1.16018414497	0.16	-0.34	2.044
1.16199111938	0.16	-0.34	2.044
1.16379618645	0.16	-0.34	2.044
1.16564011574	0.044	-0.344	2.044
1.16744804382	0.044	-0.344	2.044
1.16926002502	-0.108	-0.088	0.448
1.17106699944	-0.108	-0.088	0.448
1.17287302017	-0.108	-0.088	0.448
1.17468309402	-0.172	0.12	-1.036
1.17648911476	-0.172	0.12	-1.036
1.17829608917	-0.172	0.12	-1.036
1.18010902405	-0.06	0.08	-0.448
1.18191599846	-0.06	0.08	-0.448
1.18372106552	-0.06	0.08	-0.448
1.18552708626	0.088	-0.152	1.608
1.18733310699	0.088	-0.152	1.608
1.1891450882	0.088	-0.152	1.608
1.19095110893	0.14	-0.36	2.044
1.19275712967	0.14	-0.36	2.044
1.19456219673	0.024	-0.304	2.044
1.19636702538	0.024	-0.304	2.044
1.19817304611	0.024	-0.304	2.044
1.19998311996	-0.14	-0.068	0.208
1.20179104805	-0.14	-0.068	0.208
1.20359802246	-0.14	-0.068	0.208
1.2054040432	-0.16	0.108	-1.08
1.20721006393	-0.16	0.108	-1.08
1.20902299881	-0.16	0.108	-1.08
1.21083021164	-0.06	0.068	-0.244
1.21263623238	-0.06	0.068	-0.244
1.21444201469	-0.06	0.068	-0.244
1.21625614166	0.112	-0.188	1.836
1.21806311607	0.112	-0.188	1.836
1.21995902061	0.148	-0.376	2.044
1.22180223465	0.148	-0.376	2.044
1.22362017632	0.148	-0.376	2.044
1.22542309761	0.008	-0.296	2.044
1.22722315788	0.008	-0.296	2.044
1.22907018661	0.008	-0.296	2.044
1.2309319973	-0.128	-0.044	-0.004
1.23274421692	-0.128	-0.044	-0.004
1.23455309868	-0.128	-0.044	-0.004
1.23636221886	-0.152	0.128	-1.088
1.23816919327	-0.152	0.128	-1.088
1.23998403549	-0.152	0.128	-1.088
1.24179410934	-0.036	0.032	-0.056
1.24360108376	-0.036	0.032	-0.056
1.24540805817	0.132	-0.208	2.044
1.2472140789	0.132	-0.208	2.044
1.24902915955	0.132	-0.208	2.044
1.25083613396	0.104	-0.36	2.044
1.25264310837	0.104	-0.36	2.044
1.25445008278	0.104	-0.36	2.044
1.25625610352	-0.008	-0.272	1.9
1.2580640316	-0.008	-0.272	1.9
1.25990700722	-0.008	-0.272	1.9
1.26171922684	-0.16	-0.02	-0.224
1.26352715492	-0.16	-0.02	-0.224
1.26533603668	-0.16	-0.02	-0.224
1.267152071	-0.14	0.152	-1.092
1.26896119118	-0.14	0.152	-1.092
1.27077507973	-0.14	0.152	-1.092
1.27259707451	-0.016	0.008	0.164
1.27440309525	-0.016	0.008	0.164
1.27620816231	0.136	-0.244	2.044
1.27801322937	0.136	-0.244	2.044
1.27982020378	0.136	-0.244	2.044
1.28162717819	0.116	-0.38	2.044
1.28343319893	0.116	-0.38	2.044
1.28523921967	0.116	-0.38	2.044
1.2870490551	0.0	-0.248	1.676
1.28885006905	0.0	-0.248	1.676
1.29065513611	0.0	-0.248	1.676
1.29245400429	-0.18	0.008	-0.412
1.29426503181	-0.18	0.008	-0.412
1.29607200623	-0.18	0.008	-0.412
1.29787921906	-0.144	0.144	-1.036
1.2996931076	-0.144	0.144	-1.036
1.30150103569	-0.004	-0.024	0.4
1.30330705643	-0.004	-0.024	0.4
1.30511617661	-0.004	-0.024	0.4
1.30692315102	0.152	-0.272	2.044
1.30872821808	0.152	-0.272	2.044
1.31054210663	0.152	-0.272	2.044
1.31236314774	0.104	-0.376	2.044
1.31417012215	0.104	-0.376	2.044
1.31597900391	0.104	-0.376	2.044
1.31779503822	-0.04	-0.216	1.428
1.3196041584	-0.04	-0.216	1.428
1.32142710686	-0.04	-0.216	1.428
1.32323408127	-0.184	0.024	-0.592
1.32504200935	-0.184	0.024	-0.592
1.32685303688	-0.124	0.14	-0.98
1.32866215706	-0.124	0.14	-0.98
1.33047604561	-0.124	0.14	-0.98
1.33228302002	0.008	-0.04	0.64
1.33408904076	0.008	-0.04	0.64
1.33589506149	0.008	-0.04	0.64
1.3377020359	0.16	-0.272	2.044
1.33951616287	0.16	-0.272	2.044
1.34132313728	0.16	-0.272	2.044
1.34313201904	0.068	-0.364	2.044
1.34494113922	0.068	-0.364	2.044
1.34674715996	0.068	-0.364	2.044
1.34855318069	-0.056	-0.188	1.18
1.35036301613	-0.056	-0.188	1.18
1.35217022896	-0.056	-0.188	1.18
1.35397911072	-0.176	0.044	-0.736
1.3557882309	-0.176	0.044	-0.736
1.35759520531	-0.1	0.116	-0.88
1.3594121933	-0.1	0.116	-0.88
1.36122012138	-0.1	0.116	-0.88
1.36302709579	0.048	-0.068	0.88
1.36483311653	0.048	-0.068	0.88
1.36663818359	0.048	-0.068	0.88
1.36845612526	0.156	-0.312	2.044
1.37027001381	0.156	-0.312	2.044
1.37207913399	0.156	-0.312	2.044
1.3738861084	0.06	-0.356	2.044
1.37569117546	0.06	-0.356	2.044
1.37749910355	0.06	-0.356	2.044
1.37931203842	-0.064	-0.152	0.94
1.38112020493	-0.064	-0.152	0.94
1.38292908669	-0.176	0.068	-0.876
1.38473916054	-0.176	0.068	-0.876
1.3865480423	-0.176	0.068	-0.876
1.3883562088	-0.084	0.124	-0.76
1.39016914368	-0.084	0.124	-0.76
1.39197802544	-0.084	0.124	-0.76
1.39378619194	0.052	-0.08	1.12
1.39559316635	0.052	-0.08	1.12
1.3974301815	0.052	-0.08	1.12
1.39924812317	0.156	-0.336	2.044
1.40105819702	0.156	-0.336	2.044
1.40286421776	0.156	-0.336	2.044
1.40467000008	0.064	-0.368	2.044
1.40647721291	0.064	-0.368	2.044
1.40828418732	0.064	-0.368	2.044
1.41009807587	-0.104	-0.14	0.7
1.41190600395	-0.104	-0.14	0.7
1.41371321678	-0.18	0.088	-0.972
1.41554021835	-0.18	0.088	-0.972
1.41735506058	-0.18	0.088	-0.972
1.41917920113	-0.072	0.096	-0.616
1.42097902298	-0.072	0.096	-0.616
1.42277908325	-0.072	0.096	-0.616
1.42458105087	0.084	-0.116	1.36
1.42638015747	0.084	-0.116	1.36
1.42818212509	0.084	-0.116	1.36
1.42999100685	0.16	-0.344	2.044
1.43180418015	0.16	-0.344	2.044
1.4336130619	0.16	-0.344	2.044
1.43541812897	0.036	-0.34	2.044
1.4372241497	0.036	-0.34	2.044
1.43903708458	-0.108	-0.084	0.444
1.44084715843	-0.108	-0.084	0.444
1.44265317917	-0.108	-0.084	0.444
1.44446015358	-0.168	0.112	-1.048
1.44626712799	-0.168	0.112	-1.048
1.4480741024	-0.168	0.112	-1.048
1.449914217	-0.064	0.08	-0.448
1.45172214508	-0.064	0.08	-0.448
1.45352816582	-0.064	0.08	-0.448
1.45533800125	0.104	-0.16	1.612
1.45714616776	0.104	-0.16	1.612
1.45895218849	0.104	-0.16	1.612
1.46076512337	0.144	-0.356	2.044
1.46257019043	0.144	-0.356	2.044
1.46439814568	0.04	-0.324	2.044
1.46620416641	0.04	-0.324	2.044
1.46801114082	0.04	-0.324	2.044
1.46982622147	-0.132	-0.064	0.212
1.47164702415	-0.132	-0.064	0.212
1.47345519066	-0.132	-0.064	0.212
1.47526216507	-0.164	0.12	-1.084
1.47706913948	-0.164	0.12	-1.084
1.47887611389	-0.164	0.12	-1.084
1.48070216179	-0.04	0.064	-0.236
1.4825091362	-0.04	0.064	-0.236
1.48432016373	-0.04	0.064	-0.236
1.48612618446	0.108	-0.184	1.832
1.48793315887	0.108	-0.184	1.832
1.48974609375	0.108	-0.184	1.832
1.49155306816	0.14	-0.38	2.044
1.4933590889	0.14	-0.38	2.044
1.49516415596	0.012	-0.296	2.044
1.49697303772	0.012	-0.296	2.044
1.49878001213	0.012	-0.296	2.044
1.5005941391	-0.152	-0.04	-0.004
1.50240206718	-0.152	-0.04	-0.004
1.50421023369	-0.152	-0.04	-0.004
1.50601816177	-0.148	0.12	-1.096
1.50782513618	-0.148	0.12	-1.096
1.50963521004	-0.148	0.12	-1.096
1.51144504547	-0.032	0.044	-0.068
1.51325511932	-0.032	0.044	-0.068
1.51506400108	-0.032	0.044	-0.068
1.51687216759	0.132	-0.216	2.044
1.518679142	0.132	-0.216	2.044
1.52051019669	0.128	-0.36	2.044
1.52231907845	0.128	-0.36	2.044
1.52412605286	0.128	-0.36	2.044
1.52593207359	-0.004	-0.264	1.892
1.527739048	-0.004	-0.264	1.892
1.52955007553	-0.004	-0.264	1.892
1.53135800362	-0.156	-0.016	-0.216
1.53316712379	-0.156	-0.016	-0.216
1.53497409821	-0.156	-0.016	-0.216
1.53678321838	-0.136	0.136	-1.088
1.53859114647	-0.136	0.136	-1.088
1.540402174	-0.136	0.136	-1.088
1.54220914841	-0.02	0.012	0.148
1.54401516914	-0.02	0.012	0.148
1.54582214355	0.136	-0.24	2.044
1.54762721062	0.136	-0.24	2.044
1.54943919182	0.136	-0.24	2.044
1.55124521255	0.1	-0.376	2.044
1.55305123329	0.1	-0.376	2.044
1.55485606194	0.1	-0.376	2.044
1.55666208267	-0.024	-0.252	1.676
1.55846905708	-0.024	-0.252	1.676
1.56028318405	-0.024	-0.252	1.676
1.56209206581	-0.164	0.016	-0.424
1.56389808655	-0.164	0.016	-0.424
1.56570410728	-0.164	0.016	-0.424
1.56751418114	-0.132	0.14	-1.044
1.56933617592	-0.132	0.14	-1.044
1.57115221024	-0.132	0.14	-1.044
1.57295918465	0.0	0.0	0.392
1.57474803925	0.0	0.0	0.392
1.57654905319	0.152	-0.264	2.044
1.57835507393	0.152	-0.264	2.044
1.58016705513	0.152	-0.264	2.044
1.58197307587	0.104	-0.38	2.044
1.58381104469	0.104	-0.38	2.044
1.5856192112	0.104	-0.38	2.044
1.58742618561	-0.036	-0.212	1.436
1.58923912048	-0.036	-0.212	1.436
1.59103918076	-0.036	-0.212	1.436
1.5928401947	-0.172	0.032	-0.588
1.59464120865	-0.172	0.032	-0.588
1.59644317627	-0.172	0.032	-0.588
1.59824204445	-0.116	0.124	-0.972
1.60005402565	-0.116	0.124	-0.972
1.60186910629	0.028	-0.044	0.628
1.6036760807	0.028	-0.044	0.628
1.60548114777	0.028	-0.044	0.628
1.6072871685	0.152	-0.284	2.044
1.60910201073	0.152	-0.284	2.044
1.61091017723	0.152	-0.284	2.044
1.61271619797	0.084	-0.372	2.044
1.6145222187	0.084	-0.372	2.044
1.61632919312	0.084	-0.372	2.044
1.61813616753	-0.06	-0.18	1.172
1.61994600296	-0.06	-0.18	1.172
1.62175607681	-0.06	-0.18	1.172
1.62357616425	-0.18	0.048	-0.728
1.62537908554	-0.18	0.048	-0.728
1.62717914581	-0.18	0.048	-0.728
1.62897801399	-0.096	0.124	-0.868
1.63085103035	-0.096	0.124	-0.868
1.6326611042	0.044	-0.068	0.88
1.63446712494	0.044	-0.068	0.88
1.63627314568	0.044	-0.068	0.88
1.63807916641	0.16	-0.308	2.044
1.63991522789	0.16	-0.308	2.044
1.64172506332	0.16	-0.308	2.044
1.64353203773	0.044	-0.344	2.044
1.64534115791	0.044	-0.344	2.044
1.64714813232	0.044	-0.344	2.044
1.64895606041	-0.084	-0.16	0.948
1.65076518059	-0.084	-0.16	0.948
1.65257501602	-0.084	-0.16	0.948
1.65438222885	-0.188	0.076	-0.864
1.65618920326	-0.188	0.076	-0.864
1.65799808502	-0.108	0.116	-0.752
1.6598072052	-0.108	0.116	-0.752
1.66161608696	-0.108	0.116	-0.752
1.6634221077	0.056	-0.096	1.12
1.66522908211	0.056	-0.096	1.12
1.66703605652	0.056	-0.096	1.12
1.66884303093	0.164	-0.336	2.044
1.67065620422	0.164	-0.336	2.044
1.6724960804	0.164	-0.336	2.044
1.67430615425	0.072	-0.352	2.044
1.67611217499	0.072	-0.352	2.044
1.67791700363	0.072	-0.352	2.044
1.67974209785	-0.076	-0.14	0.692
1.68157100677	-0.076	-0.14	0.692
1.68337917328	-0.18	0.092	-0.976
1.68518614769	-0.18	0.092	-0.976
1.68699407578	-0.18	0.092	-0.976
1.68880414963	-0.076	0.092	-0.604
1.69061303139	-0.076	0.092	-0.604
1.6924200058	-0.076	0.092	-0.604
1.69422602654	0.08	-0.124	1.384
1.69603300095	0.08	-0.124	1.384
1.69784021378	0.08	-0.124	1.384
1.69964718819	0.172	-0.356	2.044
1.70145511627	0.172	-0.356	2.044
1.70326113701	0.172	-0.356	2.044
1.70507001877	0.032	-0.336	2.044
1.70687603951	0.032	-0.336	2.044
1.70868420601	0.032	-0.336	2.044
1.71049618721	-0.116	-0.092	0.424
1.7123041153	-0.116	-0.092	0.424
1.71411204338	-0.168	0.108	-1.056
1.71591901779	-0.168	0.108	-1.056
1.71772623062	-0.168	0.108	-1.056
1.71955800056	-0.06	0.08	-0.428
1.72136807442	-0.06	0.08	-0.428
1.72318506241	-0.06	0.08	-0.428
1.72499203682	0.1	-0.148	1.628
1.72679805756	0.1	-0.148	1.628
1.72860622406	0.1	-0.148	1.628
1.73042321205	0.156	-0.352	2.044
1.73222923279	0.156	-0.352	2.044
1.73403501511	0.156	-0.352	2.044
1.73584508896	0.044	-0.32	2.044
1.73765301704	0.044	-0.32	2.044
1.73946619034	-0.128	-0.072	0.188
1.7412750721	-0.128	-0.072	0.188
1.74308109283	-0.128	-0.072	0.188
1.74489021301	-0.18	0.12	-1.084
1.7466981411	-0.18	0.12	-1.084
1.74850416183	-0.18	0.12	-1.084
1.75031805038	-0.068	0.06	-0.24
1.75212407112	-0.068	0.06	-0.24
1.75393199921	-0.068	0.06	-0.24
1.75573921204	0.116	-0.192	1.856
1.75754523277	0.116	-0.192	1.856
1.75935721397	0.116	-0.192	1.856
1.76116514206	0.136	-0.364	2.044
1.76297020912	0.136	-0.364	2.044
1.76477909088	0.136	-0.364	2.044
1.76658511162	0.008	-0.292	2.044
1.76840901375	0.008	-0.292	2.044
1.77022409439	-0.136	-0.044	-0.028
1.77203702927	-0.136	-0.044	-0.028
1.77385306358	-0.136	-0.044	-0.028
1.77566123009	-0.152	0.132	-1.092
1.77748203278	-0.152	0.132	-1.092
1.77929520607	-0.152	0.132	-1.092
1.78110122681	-0.024	0.032	-0.036
1.78290700912	-0.024	0.032	-0.036
1.78472709656	-0.024	0.032	-0.036
1.78653311729	0.124	-0.216	2.044
1.78833913803	0.124	-0.216	2.044
1.79015111923	0.124	-0.216	2.044
1.79197001457	0.116	-0.368	2.044
1.79380702972	0.116	-0.368	2.044
1.79561519623	-0.008	-0.264	1.888
1.79742217064	-0.008	-0.264	1.888
1.79923510551	-0.008	-0.264	1.888
1.80104517937	-0.164	-0.004	-0.24
1.80285215378	-0.164	-0.004	-0.24
1.80466008186	-0.164	-0.004	-0.24
1.8064661026	-0.132	0.132	-1.088
1.80827307701	-0.132	0.132	-1.088
1.81008720398	-0.132	0.132	-1.088
1.81189417839	-0.024	0.016	0.188
1.81369900703	-0.024	0.016	0.188
1.8155040741	-0.024	0.016	0.188
1.81731104851	0.144	-0.232	2.044
1.8191242218	0.144	-0.232	2.044
1.82092499733	0.12	-0.384	2.044
1.82272315025	0.12	-0.384	2.044
1.82454514503	0.12	-0.384	2.044
1.82634401321	-0.016	-0.252	1.66
1.82814311981	-0.016	-0.252	1.66
1.82999300957	-0.016	-0.252	1.66
1.83181715012	-0.168	0.004	-0.432
1.83362603188	-0.168	0.004	-0.432
1.83543205261	-0.168	0.004	-0.432
1.83723902702	-0.124	0.14	-1.032
1.83905220032	-0.124	0.14	-1.032
1.84086108208	-0.124	0.14	-1.032
1.84266805649	0.012	-0.036	0.436
1.84447312355	0.012	-0.036	0.436
1.84627819061	0.012	-0.036	0.436
1.84808802605	0.156	-0.268	2.044
1.84992313385	0.156	-0.268	2.044
1.85173106194	0.104	-0.38	2.044
1.853536129	0.104	-0.38	2.044
1.85534119606	0.104	-0.38	2.044
1.85715413094	-0.036	-0.216	1.408
1.85896205902	-0.036	-0.216	1.408
1.86077523232	-0.036	-0.216	1.408
1.86258220673	-0.18	0.024	-0.608
1.86439108849	-0.18	0.024	-0.608
1.8661980629	-0.18	0.024	-0.608
1.86800408363	-0.12	0.132	-0.976
1.8698182106	-0.12	0.132	-0.976
1.87162518501	-0.12	0.132	-0.976
1.87343406677	0.028	-0.048	0.652
1.87524914742	0.028	-0.048	0.652
1.87705922127	0.164	-0.288	2.044
1.87886404991	0.164	-0.288	2.044
1.88069319725	0.164	-0.288	2.044
1.88250017166	0.088	-0.36	2.044
1.88430714607	0.088	-0.36	2.044
1.88611316681	0.088	-0.36	2.044
1.88791823387	-0.048	-0.168	1.156
1.8897330761	-0.048	-0.168	1.156
1.89154100418	-0.048	-0.168	1.156
1.89334821701	-0.192	0.06	-0.752
1.89516115189	-0.192	0.06	-0.752
1.89697122574	-0.192	0.06	-0.752
1.89877820015	-0.1	0.116	-0.868
1.90059113503	-0.1	0.116	-0.868
1.90239715576	0.04	-0.072	0.92
1.90420722961	0.04	-0.072	0.92
1.90601301193	0.04	-0.072	0.92
1.90781807899	0.144	-0.308	2.044
1.90963101387	0.144	-0.308	2.044
1.91143608093	0.144	-0.308	2.044
1.91324400902	0.052	-0.368	2.044
1.91505002975	0.052	-0.368	2.044
1.91685700417	0.052	-0.368	2.044
1.91866207123	-0.076	-0.144	0.896
1.9204890728	-0.076	-0.144	0.896
1.92229604721	-0.076	-0.144	0.896
1.92410421371	-0.168	0.076	-0.88
1.92592000961	-0.168	0.076	-0.88
1.92773413658	-0.168	0.076	-0.88
1.92954921722	-0.084	0.12	-0.744
1.93135809898	-0.084	0.12	-0.744
1.93316817284	0.06	-0.108	1.164
1.93497514725	0.06	-0.108	1.164
1.93678307533	0.06	-0.108	1.164
1.9385881424	0.164	-0.324	2.044
1.94040107727	0.164	-0.324	2.044
1.94220709801	0.164	-0.324	2.044
1.944024086	0.06	-0.356	2.044
1.94583201408	0.06	-0.356	2.044
1.94763803482	0.06	-0.356	2.044
1.94944405556	-0.076	-0.124	0.632
1.95125317574	-0.076	-0.124	0.632
1.95306110382	-0.076	-0.124	0.632
1.95492601395	-0.212	0.108	-0.98
1.95673704147	-0.212	0.108	-0.98
1.95854520798	-0.084	0.104	-0.588
1.96035814285	-0.084	0.104	-0.588
1.96216821671	-0.084	0.104	-0.588
1.96397614479	0.084	-0.132	1.4
1.96578216553	0.084	-0.132	1.4
1.96760106087	0.084	-0.132	1.4
1.96941018105	0.152	-0.348	2.044
1.97121715546	0.152	-0.348	2.044
1.97302508354	0.152	-0.348	2.044
1.97483110428	0.044	-0.332	2.044
1.9766561985	0.044	-0.332	2.044
1.9784681797	0.044	-0.332	2.044
1.98028111458	-0.128	-0.084	0.4
1.98208808899	-0.128	-0.084	0.4
1.9838950634	-0.172	0.108	-1.056
1.9857032299	-0.172	0.108	-1.056
1.98751115799	-0.172	0.108	-1.056
1.98932814598	-0.072	0.084	-0.412
1.99113607407	-0.072	0.084	-0.412
1.99294400215	-0.072	0.084	-0.412
1.99475121498	0.092	-0.148	1.656
1.9965569973	0.092	-0.148	1.656
1.99836301804	0.092	-0.148	1.656
2.00017619133	0.148	-0.364	2.044
2.00198411942	0.148	-0.364	2.044
2.00379014015	0.148	-0.364	2.044
2.00559711456	0.024	-0.328	2.044
2.0074031353	0.024	-0.328	2.044
2.00921821594	0.024	-0.328	2.044
2.01102519035	-0.132	-0.06	0.164
2.01283216476	-0.132	-0.06	0.164
2.01463913918	-0.16	0.132	-1.08
2.01646709442	-0.16	0.132	-1.08
2.01827502251	-0.16	0.132	-1.08
2.02008509636	-0.032	0.056	-0.204
2.02188420296	-0.032	0.056	-0.204
2.02368307114	-0.032	0.056	-0.204
2.02548313141	0.124	-0.184	1.88
2.02729105949	0.124	-0.184	1.88
2.02913808823	0.124	-0.184	1.88
2.03094911575	0.136	-0.368	2.044
2.03275918961	0.136	-0.368	2.044
2.03456616402	0.136	-0.368	2.044
2.03637218475	0.008	-0.296	2.044
2.0381770134	0.008	-0.296	2.044
2.03999018669	-0.152	-0.04	-0.056
2.04180002213	-0.152	-0.04	-0.056
2.04360723495	-0.152	-0.04	-0.056
2.04541611671	-0.156	0.132	-1.096
2.0472240448	-0.156	0.132	-1.096
2.04903912544	-0.156	0.132	-1.096
2.0508480072	-0.032	0.028	-0.012
2.05265307426	-0.032	0.028	-0.012
2.054459095	-0.032	0.028	-0.012
2.05626511574	0.14	-0.22	2.044
2.05807304382	0.14	-0.22	2.044
2.05991220474	0.14	-0.22	2.044
2.06171917915	0.124	-0.364	2.044
2.0635240078	0.124	-0.364	2.044
2.06533122063	-0.004	-0.26	1.848
2.06713819504	-0.004	-0.26	1.848
2.06894302368	-0.004	-0.26	1.848
2.07075619698	-0.16	-0.016	-0.256
2.07258105278	-0.16	-0.016	-0.256
2.07439017296	-0.16	-0.016	-0.256
2.07619905472	-0.152	0.148	-1.088
2.07802605629	-0.152	0.148	-1.088
2.07986617088	-0.152	0.148	-1.088
2.08167600632	-0.004	0.02	0.204
2.08348107338	-0.004	0.02	0.204
2.08528614044	-0.004	0.02	0.204
2.0870912075	0.14	-0.232	2.044
2.08889913559	0.14	-0.232	2.044
2.09071207047	0.14	-0.232	2.044
2.0925180912	0.108	-0.38	2.044
2.09432411194	0.108	-0.38	2.044
2.09613013268	-0.016	-0.244	1.624
2.09793710709	-0.016	-0.244	1.624
2.09974622726	-0.016	-0.244	1.624
2.10155510902	-0.184	0.012	-0.452
2.10336208344	-0.184	0.012	-0.452
2.10517215729	-0.184	0.012	-0.452
2.10698008537	-0.132	0.136	-1.036
2.10878705978	-0.132	0.136	-1.036
2.11060023308	-0.132	0.136	-1.036
2.11240720749	0.012	-0.036	0.472
2.1142141819	0.012	-0.036	0.472
2.11601901054	0.012	-0.036	0.472
2.11782407761	0.152	-0.276	2.044
2.11964511871	0.152	-0.276	2.044
2.1214530468	0.108	-0.384	2.044
2.12325906754	0.108	-0.384	2.044
2.12506508827	0.108	-0.384	2.044
2.12687110901	-0.036	-0.212	1.388
2.12869310379	-0.036	-0.212	1.388
2.13050818443	-0.036	-0.212	1.388
2.13231515884	-0.176	0.036	-0.624
2.13412213326	-0.176	0.036	-0.624
2.13593101501	-0.176	0.036	-0.624
2.13774013519	-0.112	0.136	-0.964
2.13955307007	-0.112	0.136	-0.964
2.14136099815	-0.112	0.136	-0.964
2.14316701889	0.02	-0.044	0.688
2.14497423172	0.02	-0.044	0.688
2.14677906036	0.02	-0.044	0.688
2.14858412743	0.16	-0.292	2.044
2.1503970623	0.16	-0.292	2.044
2.15220522881	0.084	-0.364	2.044
2.15401220322	0.084	-0.364	2.044
2.15581822395	0.084	-0.364	2.044
2.15762615204	-0.064	-0.172	1.132
2.15944004059	-0.064	-0.172	1.132
2.16125011444	-0.064	-0.172	1.132
2.16305708885	-0.18	0.056	-0.756
2.16486406326	-0.18	0.056	-0.756
2.16667103767	-0.18	0.056	-0.756
2.16849708557	-0.104	0.124	-0.848
2.17031407356	-0.104	0.124	-0.848
2.17212200165	-0.104	0.124	-0.848
2.17392921448	0.052	-0.08	0.932
2.17574620247	0.052	-0.08	0.932
2.17755103111	0.152	-0.308	2.044
2.17937421799	0.152	-0.308	2.044
2.1811811924	0.152	-0.308	2.044
2.18298602104	0.04	-0.364	2.044
2.18479704857	0.04	-0.364	2.044
2.18660521507	0.04	-0.364	2.044
2.18841099739	-0.084	-0.152	0.892
2.19022512436	-0.084	-0.152	0.892
2.19203305244	-0.084	-0.152	0.892
2.19384002686	-0.188	0.088	-0.892
2.19564604759	-0.188	0.088	-0.892
2.19745206833	-0.188	0.088	-0.892
2.19926404953	-0.092	0.116	-0.728
2.20107316971	-0.092	0.116	-0.728
2.20288300514	0.056	-0.096	1.18
2.20468902588	0.056	-0.096	1.18
2.20649409294	0.056	-0.096	1.18
2.20829916	0.148	-0.324	2.044
2.21011209488	0.148	-0.324	2.044
2.21191906929	0.148	-0.324	2.044
2.21372818947	0.056	-0.36	2.044
2.21553421021	0.056	-0.36	2.044
2.21734309196	0.056	-0.36	2.044
2.21915602684	-0.084	-0.136	0.616
2.22095608711	-0.084	-0.136	0.616
2.22275614738	-0.084	-0.136	0.616
2.22455501556	-0.192	0.108	-0.984
2.22635316849	-0.192	0.108	-0.984
2.22815203667	-0.192	0.108	-0.984
2.23000001907	-0.072	0.092	-0.568
2.23181009293	-0.072	0.092	-0.568
2.2336192131	0.088	-0.14	1.428
2.23542714119	0.088	-0.14	1.428
2.23723316193	0.088	-0.14	1.428
2.23904418945	0.156	-0.34	2.044
2.24085617065	0.156	-0.34	2.044
2.24266219139	0.156	-0.34	2.044
2.24446821213	0.036	-0.324	2.044
2.24627423286	0.036	-0.324	2.044
2.24808001518	0.036	-0.324	2.044
2.24991822243	-0.116	-0.096	0.388
2.25172615051	-0.116	-0.096	0.388
2.25353217125	-0.116	-0.096	0.388
2.25533914566	-0.164	0.112	-1.064
2.25714707375	-0.164	0.112	-1.064
2.25895500183	-0.068	0.068	-0.412
2.26076722145	-0.068	0.068	-0.412
2.26257300377	-0.068	0.068	-0.412
2.2643802166	0.1	-0.164	1.668
2.26618719101	0.1	-0.164	1.668
2.26799511909	0.1	-0.164	1.668
2.26981115341	0.144	-0.356	2.044
2.27163004875	0.144	-0.356	2.044
2.27343821526	0.144	-0.356	2.044
2.2752430439	0.024	-0.308	2.044
2.27704906464	0.024	-0.308	2.044
2.27885508537	0.024	-0.308	2.044
2.28068304062	-0.124	-0.056	0.144
2.28249311447	-0.124	-0.056	0.144
2.28429913521	-0.172	0.128	-1.088
2.28610610962	-0.172	0.128	-1.088
2.28791308403	-0.172	0.128	-1.088
2.289727211	-0.032	0.048	-0.196
2.29153323174	-0.032	0.048	-0.196
2.29333901405	-0.032	0.048	-0.196
2.29518508911	0.124	-0.188	1.9
2.29699921608	0.124	-0.188	1.9
2.29880714417	0.124	-0.188	1.9
2.30062317848	0.124	-0.36	2.044
2.30242919922	0.124	-0.36	2.044
2.30423617363	0.124	-0.36	2.044
2.30604314804	0.004	-0.288	2.044
2.3078482151	0.004	-0.288	2.044
2.30965900421	0.004	-0.288	2.044
2.31146407127	-0.148	-0.04	-0.088
2.31327414513	-0.148	-0.04	-0.088
2.31508207321	-0.152	0.132	-1.1
2.31688809395	-0.152	0.132	-1.1
2.31869411469	-0.152	0.132	-1.1
2.3205242157	-0.024	0.02	0.004
2.32233119011	-0.024	0.02	0.004
2.32413721085	-0.024	0.02	0.004
2.32594418526	0.128	-0.204	2.044
2.3277630806	0.128	-0.204	2.044
2.32957816124	0.128	-0.204	2.044
2.33139419556	0.12	-0.36	2.044
2.33320307732	0.12	-0.36	2.044
2.33500909805	0.12	-0.36	2.044
2.33681607246	-0.016	-0.264	1.84
2.3386220932	-0.016	-0.264	1.84
2.34043622017	-0.164	-0.02	-0.288
2.34224319458	-0.164	-0.02	-0.288
2.34405112267	-0.164	-0.02	-0.288
2.34586000443	-0.148	0.14	-1.076
2.34766721725	-0.148	0.14	-1.076
2.34947609901	-0.148	0.14	-1.076
2.35128307343	-0.024	0.008	0.228
2.35309410095	-0.024	0.008	0.228
2.35490012169	-0.024	0.008	0.228
2.35670614243	0.144	-0.248	2.044
2.35851120949	0.144	-0.248	2.044
2.36032414436	0.144	-0.248	2.044
2.36213207245	0.096	-0.38	2.044
2.36393713951	0.096	-0.38	2.044
2.3657450676	0.096	-0.38	2.044
2.36755108833	-0.012	-0.232	1.592
2.3693652153	-0.012	-0.232	1.592
2.37117218971	-0.168	0.012	-0.48
2.37297701836	-0.168	0.012	-0.48
2.37478423119	-0.168	0.012	-0.48
2.3766040802	-0.136	0.14	-1.02
2.37841200829	-0.136	0.14	-1.02
2.38022518158	-0.136	0.14	-1.02
2.38204503059	0.012	-0.04	0.476
2.383852005	0.012	-0.04	0.476
2.38565921783	0.012	-0.04	0.476
2.38746404648	0.16	-0.28	2.044
2.38927602768	0.16	-0.28	2.044
2.39108204842	0.16	-0.28	2.044
2.39289021492	0.104	-0.384	2.044
2.39469599724	0.104	-0.384	2.044
2.39650321007	-0.048	-0.212	1.356
2.39831209183	-0.048	-0.212	1.356
2.40012717247	-0.048	-0.212	1.356
2.40193414688	-0.184	0.04	-0.636
2.40374112129	-0.184	0.04	-0.636
2.4055480957	-0.184	0.04	-0.636
2.40735602379	-0.112	0.132	-0.948
2.4091770649	-0.112	0.132	-0.948
2.4109852314	-0.112	0.132	-0.948
2.41279101372	0.036	-0.06	0.708
2.41459608078	0.036	-0.06	0.708
2.41640210152	0.036	-0.06	0.708
2.41820716858	0.152	-0.28	2.044
2.42001700401	0.152	-0.28	2.044
2.42181515694	0.088	-0.376	2.044
2.42361307144	0.088	-0.376	2.044
2.42543005943	0.088	-0.376	2.044
2.42722916603	-0.06	-0.164	1.096
2.42908215523	-0.06	-0.164	1.096
2.43089318275	-0.06	-0.164	1.096
2.43271422386	-0.18	0.064	-0.796
2.43452215195	-0.18	0.064	-0.796
2.43632912636	-0.18	0.064	-0.796
2.43813920021	-0.092	0.132	-0.844
2.43995404243	-0.092	0.132	-0.844
2.44176316261	-0.092	0.132	-0.844
2.44357013702	0.044	-0.064	0.96
2.44537520409	0.044	-0.064	0.96
2.44718122482	0.044	-0.064	0.96
2.44898700714	0.164	-0.32	2.044
2.45082521439	0.164	-0.32	2.044
2.4526321888	0.068	-0.372	2.044
2.45443820953	0.068	-0.372	2.044
2.45624423027	0.068	-0.372	2.044
2.45805120468	-0.08	-0.132	0.848
2.45989322662	-0.08	-0.132	0.848
2.46170020103	-0.08	-0.132	0.848
2.46350622177	-0.18	0.08	-0.912
2.46531701088	-0.18	0.08	-0.912
2.46712517738	-0.18	0.08	-0.912
2.46893119812	-0.088	0.108	-0.716
2.470744133	-0.088	0.108	-0.716
2.47256803513	-0.088	0.108	-0.716
2.47437500954	0.076	-0.112	1.216
2.47618103027	0.076	-0.112	1.216
2.47798609734	0.164	-0.336	2.044
2.479804039	0.164	-0.336	2.044
2.48161005974	0.164	-0.336	2.044
2.48342704773	0.056	-0.348	2.044
2.48523211479	0.056	-0.348	2.044
2.48703813553	0.056	-0.348	2.044
2.48884701729	-0.088	-0.092	0.572
2.49066114426	-0.088	-0.092	0.572
2.49246811867	-0.088	-0.092	0.572
2.49427819252	-0.188	0.104	-0.996
2.49608516693	-0.188	0.104	-0.996
2.49789309502	-0.188	0.104	-0.996
2.49970602989	-0.076	0.08	-0.548
2.5015130043	-0.076	0.08	-0.548
2.50331807137	0.092	-0.136	1.46
2.50512599945	0.092	-0.136	1.46
2.50693321228	0.092	-0.136	1.46
2.50873708725	0.14	-0.34	2.044
2.51055002213	0.14	-0.34	2.044
2.51235508919	0.14	-0.34	2.044
2.5141620636	0.036	-0.348	2.044
2.51596808434	0.036	-0.348	2.044
2.5177731514	0.036	-0.348	2.044
2.51958417892	-0.12	-0.08	0.356
2.5213971138	-0.12	-0.08	0.356
2.52320504189	-0.12	-0.08	0.356
2.52501106262	-0.184	0.112	-1.072
2.52681803703	-0.184	0.112	-1.072
2.52864003181	-0.184	0.112	-1.072
2.53045415878	-0.048	0.072	-0.376
2.53226113319	-0.048	0.072	-0.376
2.53407716751	0.104	-0.16	1.692
2.53588414192	0.104	-0.16	1.692
2.53770422935	0.104	-0.16	1.692
2.53951120377	0.14	-0.36	2.044
2.5413172245	0.14	-0.36	2.044
2.54312300682	0.14	-0.36	2.044
2.54492902756	0.032	-0.308	2.044
2.54673409462	0.032	-0.308	2.044
2.54853820801	0.032	-0.308	2.044
2.55035400391	-0.136	-0.064	0.124
2.55216217041	-0.136	-0.064	0.124
2.55397105217	-0.136	-0.064	0.124
2.55577707291	-0.164	0.124	-1.092
2.55758404732	-0.164	0.124	-1.092
2.55939722061	-0.044	0.04	-0.176
2.56120610237	-0.044	0.04	-0.176
2.56301212311	-0.044	0.04	-0.176
2.56481814384	0.116	-0.2	1.924
2.56662416458	0.116	-0.2	1.924
2.56843018532	0.116	-0.2	1.924
2.57023715973	0.14	-0.364	2.044
2.57204318047	0.14	-0.364	2.044
2.57384800911	0.14	-0.364	2.044
2.57566618919	0.008	-0.292	2.04
2.57747721672	0.008	-0.292	2.04
2.57928919792	0.008	-0.292	2.04
2.58109402657	-0.132	-0.024	-0.108
2.58290100098	-0.132	-0.024	-0.108
2.58472108841	-0.132	-0.024	-0.108
2.58653402328	-0.152	0.136	-1.1
2.58834004402	-0.152	0.136	-1.1
2.59015011787	-0.028	0.028	0.032
2.59194803238	-0.028	0.028	0.032
2.59379506111	-0.028	0.028	0.032
2.59559416771	0.136	-0.228	2.044
2.59739208221	0.136	-0.228	2.044
2.59919404984	0.136	-0.228	2.044
2.60100507736	0.104	-0.372	2.044
2.60281205177	0.104	-0.372	2.044
2.60461902618	0.104	-0.372	2.044
2.60642910004	-0.004	-0.264	1.812
2.6082341671	-0.004	-0.264	1.812
2.61004900932	-0.004	-0.264	1.812
2.61185503006	-0.168	-0.004	-0.308
2.61366319656	-0.168	-0.004	-0.308
2.61547017097	-0.144	0.144	-1.064
2.61728000641	-0.144	0.144	-1.064
2.6190931797	-0.144	0.144	-1.064
2.62089300156	-0.012	0.0	0.256
2.62268304825	-0.012	0.0	0.256
2.62447309494	-0.012	0.0	0.256
2.62626314163	0.144	-0.248	2.044
2.62806010246	0.144	-0.248	2.044
2.6299290657	0.144	-0.248	2.044
2.63173818588	0.108	-0.376	2.044
2.63355016708	0.108	-0.376	2.044
2.63536715508	0.108	-0.376	2.044
2.63717412949	-0.032	-0.232	1.58
2.6389811039	-0.032	-0.232	1.58
2.6408162117	-0.18	0.008	-0.496
2.64262413979	-0.18	0.008	-0.496
2.64443016052	-0.18	0.008	-0.496
2.64623618126	-0.132	0.14	-1.016
2.64804315567	-0.132	0.14	-1.016
2.64988517761	-0.132	0.14	-1.016
2.65169215202	0.016	-0.04	0.492
2.65349817276	0.016	-0.04	0.492
2.6553030014	0.016	-0.04	0.492
2.65711021423	0.156	-0.28	2.044
2.65891623497	0.156	-0.28	2.044
2.66072916985	0.156	-0.28	2.044
2.6625521183	0.084	-0.376	2.044
2.66437315941	0.084	-0.376	2.044
2.66618204117	0.084	-0.376	2.044
2.66798901558	-0.052	-0.196	1.32
2.66979908943	-0.052	-0.196	1.32
2.67160701752	-0.18	0.028	-0.656
2.6734161377	-0.18	0.028	-0.656
2.67522311211	-0.18	0.028	-0.656
2.67703008652	-0.108	0.128	-0.94
2.67883610725	-0.108	0.128	-0.94
2.68066120148	-0.108	0.128	-0.94
2.68246912956	0.036	-0.052	0.736
2.68427610397	0.036	-0.052	0.736
2.68609213829	0.036	-0.052	0.736
2.68789720535	0.148	-0.284	2.044
2.68971514702	0.148	-0.284	2.044
2.69152116776	0.148	-0.284	2.044
2.69332718849	0.068	-0.368	2.044
2.69513201714	0.068	-0.368	2.044
2.69694113731	-0.068	-0.164	1.076
2.69874811172	-0.068	-0.164	1.076
2.7005610466	-0.068	-0.164	1.076
2.70236802101	-0.184	0.064	-0.804
2.70417404175	-0.184	0.064	-0.804
2.70598101616	-0.184	0.064	-0.804
2.7077870369	-0.096	0.124	-0.836
2.70960116386	-0.096	0.124	-0.836
2.71140813828	-0.096	0.124	-0.836
2.71321821213	0.056	-0.076	0.996
2.71502423286	0.056	-0.076	0.996
2.71683001518	0.056	-0.076	0.996
2.71863818169	0.156	-0.324	2.044
2.72045016289	0.156	-0.324	2.044
2.72225809097	0.156	-0.324	2.044
2.72406411171	0.076	-0.384	2.044
2.72587013245	0.076	-0.384	2.044
2.72769618034	-0.084	-0.136	0.82
2.72951102257	-0.084	-0.136	0.82
2.7313182354	-0.084	-0.136	0.82
2.73312401772	-0.188	0.088	-0.916
2.73493123055	-0.188	0.088	-0.916
2.73674821854	-0.188	0.088	-0.916
2.73855614662	-0.084	0.116	-0.7
2.7403690815	-0.084	0.116	-0.7
2.74217605591	-0.084	0.116	-0.7
2.74398303032	0.06	-0.108	1.244
2.74579310417	0.06	-0.108	1.244
2.74759912491	0.06	-0.108	1.244
2.74941205978	0.144	-0.34	2.044
2.75121712685	0.144	-0.34	2.044
2.75302505493	0.056	-0.348	2.044
2.75483107567	0.056	-0.348	2.044
2.75663614273	0.056	-0.348	2.044
2.75844216347	-0.104	-0.1	0.56
2.76025605202	-0.104	-0.1	0.56
2.76206302643	-0.104	-0.1	0.56
2.76386904716	-0.172	0.104	-1.004
2.76567602158	-0.172	0.104	-1.004
2.76748323441	-0.172	0.104	-1.004
2.7692990303	-0.068	0.084	-0.528
2.77110600471	-0.068	0.084	-0.528
2.77291202545	-0.068	0.084	-0.528
2.7747220993	0.104	-0.148	1.484
2.77655005455	0.104	-0.148	1.484
2.77835702896	0.152	-0.34	2.044
2.78017115593	0.152	-0.34	2.044
2.78197622299	0.152	-0.34	2.044
2.78378105164	0.04	-0.328	2.044
2.78558802605	0.04	-0.328	2.044
2.78740406036	0.04	-0.328	2.044
2.78921604156	-0.1	-0.088	0.336
2.79102301598	-0.1	-0.088	0.336
2.79284310341	-0.1	-0.088	0.336
2.79465103149	-0.172	0.116	-1.044
2.79645800591	-0.172	0.116	-1.044
2.79826521873	-0.172	0.116	-1.044
2.80008006096	-0.056	0.068	-0.34
2.80189108849	-0.056	0.068	-0.34
2.80369901657	-0.056	0.068	-0.34
2.8055062294	0.108	-0.168	1.72
2.80731320381	0.108	-0.168	1.72
2.80912709236	0.132	-0.36	2.044
2.8109331131	0.132	-0.36	2.044
2.81273913383	0.132	-0.36	2.044
2.8145442009	0.012	-0.332	2.044
2.81635022163	0.012	-0.332	2.044
2.81815600395	0.012	-0.332	2.044
2.81996512413	-0.136	-0.052	0.108
2.82176423073	-0.136	-0.052	0.108
2.82356214523	-0.136	-0.052	0.108
2.82536220551	-0.156	0.132	-1.084
2.82716202736	-0.156	0.132	-1.084
2.82896113396	-0.156	0.132	-1.084
2.83077406883	-0.032	0.052	-0.164
2.83259415627	-0.032	0.052	-0.164
2.834400177	0.116	-0.196	1.944
2.83620500565	0.116	-0.196	1.944
2.83801817894	0.116	-0.196	1.944
2.83983612061	0.136	-0.364	2.044
2.84164309502	0.136	-0.364	2.044
2.8434472084	0.136	-0.364	2.044
2.84525108337	0.012	-0.284	2.016
2.84705519676	0.012	-0.284	2.016
2.84886002541	0.012	-0.284	2.016
2.85066509247	-0.148	-0.02	-0.132
2.8524711132	-0.148	-0.02	-0.132
2.85427808762	-0.148	-0.02	-0.132
2.85608410835	-0.152	0.14	-1.096
2.85789322853	-0.152	0.14	-1.096
2.85970616341	-0.152	0.14	-1.096
2.86151123047	-0.024	0.028	0.06
2.86331510544	-0.024	0.028	0.06
2.8651201725	0.136	-0.232	2.044
2.86692500114	0.136	-0.232	2.044
2.86872911453	0.136	-0.232	2.044
2.87053918839	0.12	-0.372	2.044
2.87234520912	0.12	-0.372	2.044
2.87415218353	0.12	-0.372	2.044
2.87595701218	-0.02	-0.252	1.788
2.87776207924	-0.02	-0.252	1.788
2.87957406044	-0.02	-0.252	1.788
2.88138008118	-0.168	-0.004	-0.328
2.88318705559	-0.168	-0.004	-0.328
2.88499307632	-0.168	-0.004	-0.328
2.8868021965	-0.136	0.132	-1.048
2.88863420486	-0.136	0.132	-1.048
2.89044618607	-0.004	0.0	0.288
2.89224410057	-0.004	0.0	0.288
2.89403915405	-0.004	0.0	0.288
2.89584708214	0.152	-0.26	2.044
2.89765310287	0.152	-0.26	2.044
2.8994641304	0.152	-0.26	2.044
2.90126800537	0.1	-0.38	2.044
2.90307116508	0.1	-0.38	2.044
2.90487909317	0.1	-0.38	2.044
2.90668821335	-0.028	-0.232	1.544
2.90849304199	-0.028	-0.232	1.544
2.91030406952	-0.028	-0.232	1.544
2.91211104393	-0.168	0.004	-0.52
2.91392111778	-0.168	0.004	-0.52
2.91572618484	-0.168	0.004	-0.52
2.91753101349	-0.12	0.14	-1.012
2.91934323311	-0.12	0.14	-1.012
2.92115116119	0.036	-0.036	0.508
2.92295503616	0.036	-0.036	0.508
2.92475914955	0.036	-0.036	0.508
2.92656207085	0.164	-0.28	2.044
2.92836523056	0.164	-0.28	2.044
2.93022823334	0.164	-0.28	2.044
2.93203401566	0.104	-0.368	2.044
2.93384003639	0.104	-0.368	2.044
2.93564414978	0.104	-0.368	2.044
2.93745207787	-0.044	-0.188	1.304
2.93927311897	-0.044	-0.188	1.304
2.94108104706	-0.044	-0.188	1.304
2.94288921356	-0.176	0.044	-0.664
2.94470906258	-0.176	0.044	-0.664
2.94651508331	-0.104	0.116	-0.928
2.94832015038	-0.104	0.116	-0.928
2.95013213158	-0.104	0.116	-0.928
2.95193815231	0.028	-0.06	0.768
2.9537551403	0.028	-0.06	0.768
2.95555901527	0.028	-0.06	0.768
2.95736217499	0.132	-0.292	2.044
2.95917201042	0.132	-0.292	2.044
2.96097803116	0.132	-0.292	2.044
2.9627840519	0.08	-0.364	2.044
2.96458816528	0.08	-0.364	2.044
2.96639323235	0.08	-0.364	2.044
2.96819710732	-0.064	-0.164	1.048
2.97001504898	-0.064	-0.164	1.048
2.97182512283	-0.064	-0.164	1.048
2.97363114357	-0.18	0.064	-0.82
2.97543621063	-0.18	0.064	-0.82
2.97724223137	-0.1	0.124	-0.808
2.97905302048	-0.1	0.124	-0.808
2.98085904121	-0.1	0.124	-0.808
2.98266410828	0.052	-0.076	1.024
2.98447012901	0.052	-0.076	1.024
2.98627519608	0.052	-0.076	1.024
2.98807811737	0.152	-0.324	2.044
2.9899790287	0.152	-0.324	2.044
2.99178719521	0.152	-0.324	2.044
2.99359321594	0.072	-0.392	2.044
2.99539804459	0.072	-0.392	2.044
2.99720311165	0.072	-0.392	2.044
2.99901604652	-0.084	-0.14	0.788
3.0008392334	-0.084	-0.14	0.788
3.00264906883	-0.176	0.084	-0.92
3.00445413589	-0.176	0.084	-0.92
3.00625920296	-0.176	0.084	-0.92
3.00806522369	-0.088	0.1	-0.676
3.0099260807	-0.088	0.1	-0.676
3.01173305511	-0.088	0.1	-0.676
3.01353907585	0.084	-0.136	1.272
3.01534509659	0.084	-0.136	1.272
3.01715111732	0.084	-0.136	1.272
3.01895618439	0.148	-0.328	2.044
3.0207631588	0.148	-0.328	2.044
3.02256202698	0.148	-0.328	2.044
3.0244011879	0.06	-0.352	2.044
3.02620720863	0.06	-0.352	2.044
3.02800703049	-0.104	-0.112	0.544
3.02981209755	-0.104	-0.112	0.544
3.03162312508	-0.104	-0.112	0.544
3.03343200684	-0.184	0.104	-1.012
3.03524017334	-0.184	0.104	-1.012
3.03704714775	-0.184	0.104	-1.012
3.03885412216	-0.076	0.084	-0.512
3.04069113731	-0.076	0.084	-0.512
3.0424990654	-0.076	0.084	-0.512
3.04430603981	0.096	-0.152	1.508
3.04611206055	0.096	-0.152	1.508
3.04791808128	0.096	-0.152	1.508
3.04973316193	0.14	-0.348	2.044
3.05154013634	0.14	-0.348	2.044
3.0533452034	0.028	-0.336	2.044
3.05515503883	0.028	-0.336	2.044
3.05696320534	0.028	-0.336	2.044
3.05876922607	-0.128	-0.084	0.308
3.06058216095	-0.128	-0.084	0.308
3.06238818169	-0.128	-0.084	0.308
3.06419420242	-0.172	0.116	-1.064
3.06600308418	-0.172	0.116	-1.064
3.06781101227	-0.172	0.116	-1.064
3.06962418556	-0.056	0.072	-0.336
3.07143211365	-0.056	0.072	-0.336
3.07324004173	-0.056	0.072	-0.336
3.07504701614	0.108	-0.176	1.744
3.07685208321	0.108	-0.176	1.744
3.07865715027	0.108	-0.176	1.744
3.08047103882	0.148	-0.364	2.044
3.08228206635	0.148	-0.364	2.044
3.08408808708	0.028	-0.316	2.044
3.08589315414	0.028	-0.316	2.044
3.08769917488	0.028	-0.316	2.044
3.08952617645	-0.136	-0.06	0.076
3.09134316444	-0.136	-0.06	0.076
3.09314918518	-0.136	-0.06	0.076
3.09495520592	-0.168	0.132	-1.096
3.09677314758	-0.168	0.132	-1.096
3.09858107567	-0.168	0.132	-1.096
3.10039019585	-0.028	0.052	-0.136
3.10220003128	-0.028	0.052	-0.136
3.10400819778	-0.028	0.052	-0.136
3.10581421852	0.128	-0.212	1.968
3.10762000084	0.128	-0.212	1.968
3.10943222046	0.136	-0.36	2.044
3.11124110222	0.136	-0.36	2.044
3.1130502224	0.136	-0.36	2.044
3.11485719681	0.0	-0.292	1.992
3.11665511131	0.0	-0.292	1.992
3.11845207214	0.0	-0.292	1.992
3.12025809288	-0.148	-0.016	-0.136
3.12206721306	-0.148	-0.016	-0.136
3.12387418747	-0.148	-0.016	-0.136
3.12568211555	-0.144	0.124	-1.088
3.12748813629	-0.144	0.124	-1.088
3.12930512428	-0.144	0.124	-1.088
3.13111305237	-0.02	0.024	0.076
3.1329190731	-0.02	0.024	0.076
3.13472318649	-0.02	0.024	0.076
3.13652920723	0.132	-0.236	2.044
3.13833904266	0.132	-0.236	2.044
3.14015221596	0.124	-0.372	2.044
3.14196801186	0.124	-0.372	2.044
3.14377522469	0.124	-0.372	2.044
3.14558315277	-0.004	-0.256	1.764
3.14739108086	-0.004	-0.256	1.764
3.14920401573	-0.004	-0.256	1.764
3.15101122856	-0.164	-0.008	-0.344
3.15282011032	-0.164	-0.008	-0.344
3.15462708473	-0.164	-0.008	-0.344
3.15643501282	-0.144	0.112	-1.052
3.15824317932	-0.144	0.112	-1.052
3.1600561142	-0.144	0.112	-1.052
3.16186618805	-0.004	0.004	0.3
3.16367101669	-0.004	0.004	0.3
3.16547608376	0.14	-0.256	2.044
3.16728520393	0.14	-0.256	2.044
3.16909909248	0.14	-0.256	2.044
3.17090511322	0.104	-0.38	2.044
3.17271113396	0.104	-0.38	2.044
3.17451620102	0.104	-0.38	2.044
3.17632317543	-0.032	-0.216	1.536
3.17813110352	-0.032	-0.216	1.536
3.17994523048	-0.032	-0.216	1.536
3.1817522049	-0.164	0.028	-0.52
3.18355822563	-0.164	0.028	-0.52
3.18536710739	-0.164	0.028	-0.52
3.18717312813	-0.124	0.14	-1.0
3.18897509575	-0.124	0.14	-1.0
3.19081306458	-0.124	0.14	-1.0
3.19264602661	0.02	-0.032	0.524
3.19445610046	0.02	-0.032	0.524
3.1962621212	0.152	-0.28	2.044
3.19806909561	0.152	-0.28	2.044
3.19994401932	0.152	-0.28	2.044
3.20175409317	0.084	-0.372	2.044
3.20356106758	0.084	-0.372	2.044
3.20536708832	0.084	-0.372	2.044
3.20717215538	-0.056	-0.188	1.272
3.20898008347	-0.056	-0.188	1.272
3.21081805229	-0.056	-0.188	1.272
3.2195892334	-0.104	0.124	-0.928
3.22146821022	0.032	-0.06	0.78
3.22327113152	0.032	-0.06	0.78
3.22507309914	0.032	-0.06	0.78
3.22687101364	0.128	-0.3	2.044
3.22867012024	0.128	-0.3	2.044
3.2304880619	0.128	-0.3	2.044
3.2323012352	0.088	-0.36	2.044
3.23410820961	0.088	-0.36	2.044
3.23591423035	0.088	-0.36	2.044
3.23772120476	-0.056	-0.168	1.028
3.23953604698	-0.056	-0.168	1.028
3.24134707451	-0.056	-0.168	1.028
3.24315619469	-0.18	0.056	-0.804
3.24496412277	-0.18	0.056	-0.804
3.24677014351	-0.18	0.056	-0.804
3.24859118462	-0.096	0.12	-0.808
3.25043416023	-0.096	0.12	-0.808
3.25224113464	0.056	-0.08	1.024
3.25404620171	0.056	-0.08	1.024
3.25585007668	0.056	-0.08	1.024
3.25767421722	0.16	-0.324	2.044
3.25948810577	0.16	-0.324	2.044
3.26129412651	0.16	-0.324	2.044
3.26310014725	0.084	-0.38	2.044
3.26490712166	0.084	-0.38	2.044
3.2667131424	0.084	-0.38	2.044
3.26851820946	-0.088	-0.132	0.788
3.27033305168	-0.088	-0.132	0.788
3.27213907242	-0.088	-0.132	0.788
3.2739470005	-0.184	0.084	-0.932
3.27575421333	-0.184	0.084	-0.932
3.27756118774	-0.08	0.104	-0.672
3.27937221527	-0.08	0.104	-0.672
3.28118109703	-0.08	0.104	-0.672
3.28298807144	0.076	-0.116	1.276
3.28479409218	0.076	-0.116	1.276
3.28660511971	0.076	-0.116	1.276
3.28841114044	0.164	-0.332	2.044
3.29022622108	0.164	-0.332	2.044
3.29203414917	0.164	-0.332	2.044
3.29384016991	0.052	-0.348	2.044
3.29564619064	0.052	-0.348	2.044
3.29745817184	0.052	-0.348	2.044
3.29927015305	-0.096	-0.096	0.516
3.30108809471	-0.096	-0.096	0.516
3.30289411545	-0.096	-0.096	0.516
3.30470204353	-0.18	0.112	-1.012
3.30651116371	-0.18	0.112	-1.012
3.30831718445	-0.068	0.088	-0.516
3.31013202667	-0.068	0.088	-0.516
3.31193900108	-0.068	0.088	-0.516
3.31375002861	0.092	-0.148	1.524
3.31561112404	0.092	-0.148	1.524
3.31741809845	0.092	-0.148	1.524
3.31923413277	0.144	-0.336	2.044
3.32104301453	0.144	-0.336	2.044
3.32284903526	0.144	-0.336	2.044
3.324655056	0.032	-0.328	2.044
3.32646012306	0.032	-0.328	2.044
3.32826519012	0.032	-0.328	2.044
3.330078125	-0.12	-0.08	0.304
3.33188605309	-0.12	-0.08	0.304
3.3336930275	-0.176	0.116	-1.064
3.335501194	-0.176	0.116	-1.064
3.33731222153	-0.176	0.116	-1.064
3.3391251564	-0.052	0.068	-0.324
3.34093213081	-0.052	0.068	-0.324
3.34274315834	-0.052	0.068	-0.324
3.34455013275	0.116	-0.172	1.756
3.34635710716	0.116	-0.172	1.756
3.3481631279	0.116	-0.172	1.756
3.34997105598	0.14	-0.372	2.044
3.35179114342	0.14	-0.372	2.044
3.3535990715	0.14	-0.372	2.044
3.35540604591	0.028	-0.336	2.044
3.35721206665	0.028	-0.336	2.044
3.35902309418	-0.148	-0.06	0.076
3.36083102226	-0.148	-0.06	0.076
3.36263823509	-0.148	-0.06	0.076
3.36444401741	-0.164	0.12	-1.1
3.36625123024	-0.164	0.12	-1.1
3.36805915833	-0.164	0.12	-1.1
3.36991405487	-0.032	0.052	-0.132
3.37172222137	-0.032	0.052	-0.132
3.37352919579	-0.032	0.052	-0.132
3.37533521652	0.128	-0.204	1.972
3.37714314461	0.128	-0.204	1.972
3.37894821167	0.128	-0.204	1.972
3.38076114655	0.136	-0.368	2.044
3.38256716728	0.136	-0.368	2.044
3.38437414169	0.136	-0.368	2.044
3.3861811161	0.0	-0.284	1.988
3.38797807693	0.0	-0.284	1.988
3.38978219032	-0.152	-0.016	-0.16
3.39158916473	-0.152	-0.016	-0.16
3.39339804649	-0.152	-0.016	-0.16
3.395206213	-0.148	0.14	-1.092
3.39701318741	-0.148	0.14	-1.092
3.39882302284	-0.148	0.14	-1.092
3.40065908432	-0.02	0.02	0.08
3.40247607231	-0.02	0.02	0.08
3.4042801857	-0.02	0.02	0.08
3.40608406067	0.14	-0.248	2.044
3.40790200233	0.14	-0.248	2.044
3.40971517563	0.14	-0.248	2.044
3.41152215004	0.116	-0.376	2.044
3.4133272171	0.116	-0.376	2.044
3.41513299942	-0.02	-0.264	1.748
3.41694307327	-0.02	-0.264	1.748
3.41875505447	-0.02	-0.264	1.748
3.42056512833	-0.168	-0.008	-0.348
3.4223651886	-0.168	-0.008	-0.348
3.42416501045	-0.168	-0.008	-0.348
3.42596912384	-0.144	0.128	-1.048
3.42776918411	-0.144	0.128	-1.048
3.42957305908	-0.144	0.128	-1.048
3.43138504028	-0.012	0.004	0.316
3.43319511414	-0.012	0.004	0.316
3.43500113487	-0.012	0.004	0.316
3.43680620193	0.14	-0.256	2.044
3.43861103058	0.14	-0.256	2.044
3.44042420387	0.112	-0.38	2.044
3.44223022461	0.112	-0.38	2.044
3.44403600693	0.112	-0.38	2.044
3.44584202766	-0.04	-0.228	1.52
3.4476480484	-0.04	-0.228	1.52
3.44946312904	-0.04	-0.228	1.52
3.45127105713	-0.18	0.02	-0.54
3.45308709145	-0.18	0.02	-0.54
3.45489811897	-0.18	0.02	-0.54
3.45670509338	-0.124	0.128	-0.996
3.45851206779	-0.124	0.128	-0.996
3.46032619476	-0.124	0.128	-0.996
3.46213102341	0.048	-0.024	0.544
3.46393704414	0.048	-0.024	0.544
3.46574401855	0.048	-0.024	0.544
3.46754908562	0.16	-0.284	2.044
3.46936011314	0.16	-0.284	2.044
3.47116613388	0.092	-0.38	2.044
3.47297215462	0.092	-0.38	2.044
3.47477817535	0.092	-0.38	2.044
3.476583004	-0.048	-0.196	1.264
3.47838902473	-0.048	-0.196	1.264
3.48020410538	-0.048	-0.196	1.264
3.48201608658	-0.176	0.048	-0.68
3.48382401466	-0.176	0.048	-0.68
3.48563122749	-0.176	0.048	-0.68
3.48743700981	-0.104	0.132	-0.92
3.48925304413	-0.104	0.132	-0.92
3.49106121063	-0.104	0.132	-0.92
3.49286818504	0.04	-0.064	0.796
3.49467206001	0.04	-0.064	0.796
3.49647808075	0.136	-0.3	2.044
3.49828600883	0.136	-0.3	2.044
3.50009822845	0.136	-0.3	2.044
3.5019030571	0.072	-0.372	2.044
3.50372815132	0.072	-0.372	2.044
3.50553607941	0.072	-0.372	2.044
3.50734210014	-0.06	-0.18	1.028
3.50915503502	-0.06	-0.18	1.028
3.51096510887	-0.06	-0.18	1.028
3.51278710365	-0.184	0.06	-0.824
3.51459407806	-0.184	0.06	-0.824
3.5164000988	-0.184	0.06	-0.824
3.51820707321	-0.1	0.116	-0.812
3.52002120018	-0.1	0.116	-0.812
3.52182817459	-0.1	0.116	-0.812
3.52363419533	0.052	-0.08	1.048
3.52544021606	0.052	-0.08	1.048
3.52724504471	0.16	-0.328	2.044
3.52906012535	0.16	-0.328	2.044
3.53086709976	0.16	-0.328	2.044
3.5326731205	0.104	-0.38	2.044
3.53447818756	0.104	-0.38	2.044
3.5362842083	0.104	-0.38	2.044
3.53809404373	-0.076	-0.116	0.768
3.53997206688	-0.076	-0.116	0.768
3.54178118706	-0.076	-0.116	0.768
3.54358720779	-0.18	0.084	-0.94
3.54539704323	-0.18	0.084	-0.94
3.54720616341	-0.18	0.084	-0.94
3.54901909828	-0.096	0.112	-0.668
3.55082702637	-0.096	0.112	-0.668
3.55264902115	0.076	-0.12	1.288
3.55446505547	0.076	-0.12	1.288
3.5562710762	0.076	-0.12	1.288
3.55807614326	0.148	-0.332	2.044
3.55992817879	0.148	-0.332	2.044
3.56173706055	0.148	-0.332	2.044
3.56354212761	0.032	-0.348	2.044
3.56534814835	0.032	-0.348	2.044
3.56715607643	0.032	-0.348	2.044
3.56896519661	-0.096	-0.088	0.5
3.57077121735	-0.096	-0.088	0.5
3.57257509232	-0.096	-0.088	0.5
3.57437801361	-0.176	0.104	-1.02
3.57618522644	-0.176	0.104	-1.02
3.5779941082	-0.068	0.08	-0.5
3.57980203629	-0.068	0.08	-0.5
3.58160400391	-0.068	0.08	-0.5
3.58340620995	0.1	-0.148	1.528
3.58521223068	0.1	-0.148	1.528
3.58701920509	0.1	-0.148	1.528
3.58882403374	0.14	-0.336	2.044
3.59063410759	0.14	-0.336	2.044
3.59243321419	0.14	-0.336	2.044
3.59423518181	0.028	-0.328	2.044
3.59603404999	0.028	-0.328	2.044
3.59783220291	0.028	-0.328	2.044
3.59963607788	-0.124	-0.084	0.288
3.60144805908	-0.124	-0.084	0.288
3.60325717926	-0.124	-0.084	0.288
3.60507416725	-0.176	0.116	-1.064
3.60688209534	-0.176	0.116	-1.064
3.60870718956	-0.056	0.068	-0.32
3.61052203178	-0.056	0.068	-0.32
3.61233019829	-0.056	0.068	-0.32
3.61413621902	0.112	-0.172	1.764
3.61594200134	0.112	-0.172	1.764
3.61774921417	0.112	-0.172	1.764
3.61956119537	0.128	-0.356	2.044
3.62136101723	0.128	-0.356	2.044
3.62316322327	0.128	-0.356	2.044
3.62496304512	0.036	-0.312	2.044
3.62676215172	0.036	-0.312	2.044
3.62856006622	0.036	-0.312	2.044
3.63037109375	-0.14	-0.048	0.06
3.63218307495	-0.14	-0.048	0.06
3.63399004936	-0.16	0.128	-1.096
3.63579821587	-0.16	0.128	-1.096
3.63760519028	-0.16	0.128	-1.096
3.63941311836	-0.036	0.064	-0.124
3.64122200012	-0.036	0.064	-0.124
3.64303016663	-0.036	0.064	-0.124
3.64483618736	0.124	-0.204	2.0
3.64663815498	0.124	-0.204	2.0
3.64844107628	0.124	-0.204	2.0
3.65025615692	0.128	-0.356	2.044
3.65206623077	0.128	-0.356	2.044
3.65387201309	0.128	-0.356	2.044
3.65568804741	0.0	-0.272	1.964
3.65749406815	0.0	-0.272	1.964
3.65929913521	0.0	-0.272	1.964
3.66109704971	-0.156	-0.016	-0.168
3.66290521622	-0.156	-0.016	-0.168
3.66471719742	-0.144	0.128	-1.088
3.6665251255	-0.144	0.128	-1.088
3.66833114624	-0.144	0.128	-1.088
3.67014503479	-0.02	0.012	0.108
3.67195105553	-0.02	0.012	0.108
3.67375802994	-0.02	0.012	0.108
3.675563097	0.14	-0.232	2.044
3.67736911774	0.14	-0.232	2.044
3.67918419838	0.14	-0.232	2.044
3.68099212646	0.124	-0.372	2.044
3.6827981472	0.124	-0.372	2.044
3.68460416794	0.124	-0.372	2.044
3.686409235	-0.016	-0.256	1.736
3.68821811676	-0.016	-0.256	1.736
3.69003605843	-0.168	0.004	-0.356
3.69184207916	-0.168	0.004	-0.356
3.6936480999	-0.168	0.004	-0.356
3.69545507431	-0.128	0.128	-1.052
3.6972630024	-0.128	0.128	-1.052
3.69907617569	-0.128	0.128	-1.052
3.7008831501	-0.004	-0.008	0.34
3.70269012451	-0.004	-0.008	0.34
3.70449709892	-0.004	-0.008	0.34
3.70631718636	0.144	-0.252	2.044
3.70812606812	0.144	-0.252	2.044
3.70993804932	0.144	-0.252	2.044
3.71174407005	0.116	-0.372	2.044
3.71355104446	0.116	-0.372	2.044
3.7153570652	0.116	-0.372	2.044
3.71716213226	-0.028	-0.232	1.48
3.71896910667	-0.028	-0.232	1.48
3.72079515457	-0.176	0.028	-0.548
3.72260713577	-0.176	0.028	-0.548
3.72441411018	-0.176	0.028	-0.548
3.72622108459	-0.124	0.136	-0.996
3.72802901268	-0.124	0.136	-0.996
3.72986721992	-0.124	0.136	-0.996
3.73167514801	0.032	-0.032	0.564
3.73348116875	0.032	-0.032	0.564
3.73530101776	0.032	-0.032	0.564
3.73710918427	0.16	-0.28	2.044
3.73891615868	0.16	-0.28	2.044
3.74078321457	0.16	-0.28	2.044
3.74259018898	0.076	-0.372	2.044
3.74439716339	0.076	-0.372	2.044
3.7462041378	-0.056	-0.184	1.24
3.74801206589	-0.056	-0.184	1.24
3.74982619286	-0.056	-0.184	1.24
3.75163221359	-0.176	0.06	-0.712
3.75344204903	-0.176	0.06	-0.712
3.7552511692	-0.176	0.06	-0.712
3.75706720352	-0.108	0.128	-0.904
3.75887513161	-0.108	0.128	-0.904
3.76070213318	-0.108	0.128	-0.904
3.76251316071	0.036	-0.064	0.824
3.76432013512	0.036	-0.064	0.824
3.76612520218	0.036	-0.064	0.824
3.76794219017	0.14	-0.3	2.044
3.76975607872	0.14	-0.3	2.044
3.77156114578	0.076	-0.38	2.044
3.77336812019	0.076	-0.38	2.044
3.77517318726	0.076	-0.38	2.044
3.77698016167	-0.06	-0.156	0.992
3.77878713608	-0.06	-0.156	0.992
3.78060007095	-0.06	-0.156	0.992
3.78240704536	-0.172	0.072	-0.84
3.7842130661	-0.172	0.072	-0.84
3.78602218628	-0.172	0.072	-0.84
3.78783202171	-0.088	0.12	-0.776
3.78964519501	-0.088	0.12	-0.776
3.79145622253	-0.088	0.12	-0.776
3.79326510429	0.056	-0.092	1.072
3.7950720787	0.056	-0.092	1.072
3.79687809944	0.056	-0.092	1.072
3.7986831665	0.148	-0.32	2.044
3.80049610138	0.148	-0.32	2.044
3.80230402946	0.076	-0.356	2.044
3.80410909653	0.076	-0.356	2.044
3.80591511726	0.076	-0.356	2.044
3.80773019791	-0.096	-0.128	0.744
3.80954408646	-0.096	-0.128	0.744
3.81135106087	-0.096	-0.128	0.744
3.81315803528	-0.172	0.084	-0.94
3.81496310234	-0.172	0.084	-0.94
3.81678509712	-0.172	0.084	-0.94
3.81859707832	-0.072	0.104	-0.64
3.82041120529	-0.072	0.104	-0.64
3.82221102715	-0.072	0.104	-0.64
3.82401013374	0.088	-0.128	1.304
3.82581019402	0.088	-0.128	1.304
3.82760810852	0.16	-0.336	2.044
3.82941007614	0.16	-0.336	2.044
3.83122014999	0.16	-0.336	2.044
3.83303022385	0.048	-0.34	2.044
3.83483719826	0.048	-0.34	2.044
3.83664321899	0.048	-0.34	2.044
3.83844804764	-0.108	-0.084	0.496
3.84026217461	-0.108	-0.084	0.496
3.84207010269	-0.108	-0.084	0.496
3.84387612343	-0.176	0.104	-1.016
3.84568214417	-0.176	0.104	-1.016
3.84749221802	-0.176	0.104	-1.016
3.84930300713	-0.06	0.092	-0.48
3.85110902786	-0.06	0.092	-0.48
3.85291910172	-0.06	0.092	-0.48
3.85472512245	0.092	-0.152	1.556
3.85653018951	0.092	-0.152	1.556
3.85834622383	0.132	-0.348	2.044
3.86016011238	0.132	-0.348	2.044
3.86196422577	0.132	-0.348	2.044
3.86376905441	0.028	-0.328	2.044
3.86557722092	0.028	-0.328	2.044
3.86738204956	0.028	-0.328	2.044
3.86919403076	-0.12	-0.076	0.26
3.87100100517	-0.12	-0.076	0.26
3.87282204628	-0.12	-0.076	0.26
3.87463212013	-0.156	0.108	-1.068
3.87644004822	-0.156	0.108	-1.068
3.87824702263	-0.156	0.108	-1.068
3.88007307053	-0.056	0.056	-0.296
3.8818821907	-0.056	0.056	-0.296
3.88368821144	0.108	-0.18	1.788
3.8854970932	0.108	-0.18	1.788
3.88730311394	0.108	-0.18	1.788
3.88911604881	0.14	-0.356	2.044
3.89092206955	0.14	-0.356	2.044
3.89272809029	0.14	-0.356	2.044
3.89453315735	0.024	-0.32	2.044
3.89634013176	0.024	-0.32	2.044
3.89814710617	0.024	-0.32	2.044
3.89995908737	-0.148	-0.052	0.04
3.90176606178	-0.148	-0.052	0.04
3.90357613564	-0.148	-0.052	0.04
3.90538406372	-0.156	0.136	-1.1
3.90719223022	-0.156	0.136	-1.1
3.90901517868	-0.048	0.04	-0.096
3.91082215309	-0.048	0.04	-0.096
3.9126291275	-0.048	0.04	-0.096
3.91443610191	0.128	-0.22	2.016
3.91624116898	0.128	-0.22	2.016
3.91805005074	0.128	-0.22	2.016
3.91992807388	0.132	-0.368	2.044
3.92175006866	0.132	-0.368	2.044
3.92355823517	0.132	-0.368	2.044
3.92536401749	0.0	-0.272	1.944
3.92716217041	0.0	-0.272	1.944
3.92897319794	0.0	-0.272	1.944
3.93077802658	-0.156	-0.012	-0.192
3.93258714676	-0.156	-0.012	-0.192
3.9343931675	-0.156	-0.012	-0.192
3.93620014191	-0.152	0.132	-1.096
3.93800711632	-0.152	0.132	-1.096
3.93982100487	-0.012	0.012	0.124
3.9416270256	-0.012	0.012	0.124
3.94343519211	-0.012	0.012	0.124
3.94524812698	0.136	-0.232	2.044
3.94705510139	0.136	-0.232	2.044
3.94886112213	0.136	-0.232	2.044
3.95067310333	0.108	-0.368	2.044
3.95247912407	0.108	-0.368	2.044
3.95428514481	0.108	-0.368	2.044
3.95609116554	-0.004	-0.252	1.72
3.95789718628	-0.004	-0.252	1.72
3.95973110199	-0.004	-0.252	1.72
3.96154117584	-0.18	0.004	-0.38
3.96334815025	-0.18	0.004	-0.38
3.96515417099	-0.128	0.12	-1.036
3.9669611454	-0.128	0.12	-1.036
3.96876907349	-0.128	0.12	-1.036
3.97058415413	0.0	-0.008	0.348
3.97238206863	0.0	-0.008	0.348
3.97417902946	0.0	-0.008	0.348
3.97598719597	0.144	-0.256	2.044
3.97779417038	0.144	-0.256	2.044
3.97960615158	0.144	-0.256	2.044
3.98141217232	0.116	-0.38	2.044
3.98321819305	0.116	-0.38	2.044
3.98502612114	0.116	-0.38	2.044
3.9868350029	-0.016	-0.22	1.492
3.98864221573	-0.016	-0.22	1.492
3.99045610428	-0.016	-0.22	1.492
3.99226307869	-0.176	0.032	-0.56
3.9940700531	-0.176	0.032	-0.56
3.99587702751	-0.12	0.144	-0.992
3.99768304825	-0.12	0.144	-0.992
3.99949502945	-0.12	0.144	-0.992
4.00130319595	0.016	-0.02	0.584
4.00310921669	0.016	-0.02	0.584
4.00491499901	0.016	-0.02	0.584
4.0067191124	0.164	-0.288	2.044
4.00852608681	0.164	-0.288	2.044
4.01035022736	0.164	-0.288	2.044
4.01215600967	0.092	-0.376	2.044
4.01396203041	0.092	-0.376	2.044
4.01577019691	0.092	-0.376	2.044
4.01757717133	-0.056	-0.192	1.22
4.01939105988	-0.056	-0.192	1.22
4.02119112015	-0.176	0.036	-0.704
4.02299022675	-0.176	0.036	-0.704
4.0247900486	-0.176	0.036	-0.704
4.0265891552	-0.104	0.124	-0.892
4.02838802338	-0.104	0.124	-0.892
4.03020000458	-0.104	0.124	-0.892
4.03201317787	0.052	-0.064	0.832
4.03382015228	0.052	-0.064	0.832
4.03562521935	0.052	-0.064	0.832
4.03742909431	0.136	-0.3	2.044
4.03924202919	0.136	-0.3	2.044
4.04105114937	0.136	-0.3	2.044
4.0428621769	0.068	-0.368	2.044
4.04466915131	0.068	-0.368	2.044
4.04647517204	0.068	-0.368	2.044
4.04828214645	-0.068	-0.16	0.976
4.0500972271	-0.068	-0.16	0.976
4.05190515518	-0.192	0.076	-0.84
4.05371212959	-0.192	0.076	-0.84
4.05552005768	-0.192	0.076	-0.84
4.05732917786	-0.112	0.12	-0.78
4.05914211273	-0.112	0.12	-0.78
4.06095910072	-0.112	0.12	-0.78
4.06276607513	0.048	-0.096	1.08
4.0645711422	0.048	-0.096	1.08
4.06637811661	0.048	-0.096	1.08
4.06818318367	0.148	-0.316	2.044
4.06999611855	0.148	-0.316	2.044
4.07180404663	0.148	-0.316	2.044
4.07361316681	0.08	-0.376	2.044
4.07541823387	0.08	-0.376	2.044
4.07722401619	-0.084	-0.136	0.736
4.07903718948	-0.084	-0.136	0.736
4.0808570385	-0.084	-0.136	0.736
4.08266305923	-0.172	0.096	-0.944
4.08447003365	-0.172	0.096	-0.944
4.08627700806	-0.172	0.096	-0.944
4.08809614182	-0.076	0.092	-0.636
4.08991217613	-0.076	0.092	-0.636
4.09171915054	-0.076	0.092	-0.636
4.09352612495	0.092	-0.132	1.332
4.09533119202	0.092	-0.132	1.332
4.09713816643	0.092	-0.132	1.332
4.09894800186	0.164	-0.34	2.044
4.10075616837	0.164	-0.34	2.044
4.10256123543	0.044	-0.34	2.044
4.10436701775	0.044	-0.34	2.044
4.10617518425	0.044	-0.34	2.044
4.10798001289	-0.116	-0.1	0.484
4.10979413986	-0.116	-0.1	0.484
4.11161112785	-0.116	-0.1	0.484
4.11342000961	-0.172	0.104	-1.016
4.11522722244	-0.172	0.104	-1.016
4.11703419685	-0.172	0.104	-1.016
4.11884212494	-0.056	0.08	-0.48
4.12065505981	-0.056	0.08	-0.48
4.12246417999	-0.056	0.08	-0.48
4.12427020073	0.1	-0.148	1.568
4.12607622147	0.1	-0.148	1.568
4.12788510323	0.1	-0.148	1.568
4.1296980381	0.136	-0.348	2.044
4.13150405884	0.136	-0.348	2.044
4.13331007957	0.028	-0.328	2.044
4.13511514664	0.028	-0.328	2.044
4.13692307472	0.028	-0.328	2.044
4.13873004913	-0.124	-0.076	0.248
4.14054322243	-0.124	-0.076	0.248
4.14235019684	-0.124	-0.076	0.248
4.14415717125	-0.168	0.116	-1.076
4.14596414566	-0.168	0.116	-1.076
4.14777112007	-0.168	0.116	-1.076
4.14958310127	-0.052	0.068	-0.284
4.15139007568	-0.052	0.068	-0.284
4.15319800377	-0.052	0.068	-0.284
4.15500807762	0.116	-0.18	1.796
4.15681409836	0.116	-0.18	1.796
4.15861916542	0.128	-0.368	2.044
4.1604321003	0.128	-0.368	2.044
4.16224813461	0.128	-0.368	2.044
4.16405415535	0.032	-0.316	2.044
4.16585922241	0.032	-0.316	2.044
4.16766405106	0.032	-0.316	2.044
4.1694791317	-0.148	-0.044	0.036
4.17128705978	-0.148	-0.044	0.036
4.17309403419	-0.148	-0.044	0.036
4.17490005493	-0.152	0.132	-1.1
4.17672419548	-0.152	0.132	-1.1
4.17853212357	-0.152	0.132	-1.1
4.18034505844	-0.036	0.04	-0.08
4.18214917183	-0.036	0.04	-0.08
4.18395805359	-0.036	0.04	-0.08
4.18577814102	0.128	-0.22	2.032
4.18758416176	0.128	-0.22	2.032
4.18939614296	0.128	-0.368	2.044
4.1912021637	0.128	-0.368	2.044
4.19301009178	0.128	-0.368	2.044
4.19481611252	0.0	-0.268	1.948
4.19661307335	0.0	-0.268	1.948
4.19841122627	0.0	-0.268	1.948
4.20021700859	-0.172	-0.016	-0.196
4.20202612877	-0.172	-0.016	-0.196
4.20383501053	-0.172	-0.016	-0.196
4.20564222336	-0.14	0.132	-1.088
4.207447052	-0.14	0.132	-1.088
4.20926308632	-0.14	0.132	-1.088
4.21107506752	-0.024	0.012	0.124
4.21289110184	-0.024	0.012	0.124
4.21469712257	0.136	-0.244	2.044
4.21650314331	0.136	-0.244	2.044
4.21839308739	0.136	-0.244	2.044
4.22020602226	0.108	-0.372	2.044
4.22200417519	0.108	-0.372	2.044
4.22380304337	0.108	-0.372	2.044
4.22560310364	-0.02	-0.232	1.7
4.22740101814	-0.02	-0.232	1.7
4.22920513153	-0.02	-0.232	1.7
4.23101615906	-0.164	0.008	-0.392
4.23283910751	-0.164	0.008	-0.392
4.2346470356	-0.164	0.008	-0.392
4.23645401001	-0.144	0.124	-1.044
4.23826122284	-0.144	0.124	-1.044
4.24007916451	0.012	-0.004	0.368
4.24188518524	0.012	-0.004	0.368
4.24369001389	0.012	-0.004	0.368
4.24549508095	0.152	-0.256	2.044
4.24730014801	0.152	-0.256	2.044
4.24911403656	0.152	-0.256	2.044
4.25092101097	0.1	-0.388	2.044
4.25272607803	0.1	-0.388	2.044
4.2545311451	0.1	-0.388	2.044
4.25633716583	-0.048	-0.212	1.472
4.25814604759	-0.048	-0.212	1.472
4.25996017456	-0.048	-0.212	1.472
4.26176714897	-0.168	0.024	-0.564
4.26358413696	-0.168	0.024	-0.564
4.26539421082	-0.168	0.024	-0.564
4.26720404625	-0.116	0.136	-0.992
4.26901721954	-0.116	0.136	-0.992
4.2708261013	0.024	-0.036	0.588
4.27263212204	0.024	-0.036	0.588
4.2744371891	0.024	-0.036	0.588
4.27624320984	0.16	-0.288	2.044
4.27804803848	0.16	-0.288	2.044
4.27990603447	0.16	-0.288	2.044
4.28171610832	0.092	-0.372	2.044
4.28352212906	0.092	-0.372	2.044
4.2853281498	0.092	-0.372	2.044
4.28713202477	-0.052	-0.18	1.208
4.28894114494	-0.052	-0.18	1.208
4.29075503349	-0.052	-0.18	1.208
4.2925620079	-0.176	0.04	-0.72
4.29436922073	-0.176	0.04	-0.72
4.29618000984	-0.108	0.116	-0.896
4.29798913002	-0.108	0.116	-0.896
4.2998020649	-0.108	0.116	-0.896
4.30160903931	0.028	-0.072	0.84
4.30341410637	0.028	-0.072	0.84
4.30522418022	0.028	-0.072	0.84
4.30702900887	0.14	-0.304	2.044
4.30883407593	0.14	-0.304	2.044
4.31064605713	0.14	-0.304	2.044
4.31245207787	0.068	-0.372	2.044
4.31426811218	0.068	-0.372	2.044
4.31607508659	0.068	-0.372	2.044
4.31788110733	-0.076	-0.156	0.968
4.31969618797	-0.076	-0.156	0.968
4.32150506973	-0.076	-0.156	0.968
4.32331705093	-0.184	0.064	-0.852
4.32512521744	-0.184	0.064	-0.852
4.32693099976	-0.092	0.128	-0.768
4.32875800133	-0.092	0.128	-0.768
4.33057403564	-0.092	0.128	-0.768
4.33238101006	0.06	-0.096	1.096
4.33418607712	0.06	-0.096	1.096
4.33600401878	0.06	-0.096	1.096
4.33781218529	0.148	-0.324	2.044
4.33962512016	0.148	-0.324	2.044
4.3414311409	0.148	-0.324	2.044
4.34323716164	0.064	-0.368	2.044
4.34505319595	0.064	-0.368	2.044
4.34686017036	0.064	-0.368	2.044
4.3486661911	-0.088	-0.128	0.716
4.35047316551	-0.088	-0.128	0.716
4.35228204727	-0.192	0.104	-0.964
4.35409021378	-0.192	0.104	-0.964
4.35589718819	-0.192	0.104	-0.964
4.35770201683	-0.08	0.1	-0.648
4.35951399803	-0.08	0.1	-0.648
4.36132407188	-0.08	0.1	-0.648
4.3631310463	0.084	-0.12	1.332
4.36494612694	0.084	-0.12	1.332
4.366751194	0.084	-0.12	1.332
4.36855816841	0.148	-0.336	2.044
4.37037420273	0.148	-0.336	2.044
4.37218022346	0.148	-0.336	2.044
4.37398600578	0.044	-0.332	2.044
4.37579107285	0.044	-0.332	2.044
4.37759804726	-0.1	-0.088	0.472
4.37941622734	-0.1	-0.088	0.472
4.38122415543	-0.1	-0.088	0.472
4.38303208351	-0.168	0.104	-1.028
4.38485217094	-0.168	0.104	-1.028
4.38665914536	-0.168	0.104	-1.028
4.38846611977	-0.064	0.088	-0.46
4.39027905464	-0.064	0.088	-0.46
4.39208507538	-0.064	0.088	-0.46
4.39389300346	0.096	-0.152	1.576
4.39570021629	0.096	-0.152	1.576
4.39750599861	0.096	-0.152	1.576
4.39931821823	0.132	-0.348	2.044
4.40112614632	0.132	-0.348	2.044
4.40293502808	0.132	-0.348	2.044
4.40474104881	0.024	-0.324	2.044
4.40654611588	0.024	-0.324	2.044
4.40835618973	-0.132	-0.084	0.232
4.41017222404	-0.132	-0.084	0.232
4.41197919846	-0.132	-0.084	0.232
4.41378521919	-0.156	0.108	-1.072
4.41562819481	-0.156	0.108	-1.072
4.41743707657	-0.156	0.108	-1.072
4.41925120354	-0.052	0.068	-0.28
4.42105221748	-0.052	0.068	-0.28
4.42285013199	-0.052	0.068	-0.28
4.42465019226	0.12	-0.176	1.8
4.42644906044	0.12	-0.176	1.8
4.42824721336	0.12	-0.176	1.8
4.4300570488	0.136	-0.364	2.044
4.43186903	0.136	-0.364	2.044
4.43369102478	0.036	-0.32	2.044
4.43550300598	0.036	-0.32	2.044
4.43731021881	0.036	-0.32	2.044
4.43912100792	-0.132	-0.052	0.008
4.44094014168	-0.132	-0.052	0.008
4.44274806976	-0.132	-0.052	0.008
4.4445540905	-0.164	0.14	-1.096
4.44636106491	-0.164	0.14	-1.096
4.44816803932	-0.164	0.14	-1.096
4.44998311996	-0.036	0.036	-0.08
4.45179009438	-0.036	0.036	-0.08
4.45359516144	-0.036	0.036	-0.08
4.45540308952	0.124	-0.216	2.036
4.4572122097	0.124	-0.216	2.036
4.45902514458	0.12	-0.368	2.044
4.46083116531	0.12	-0.368	2.044
4.46263813972	0.12	-0.368	2.044
4.46444702148	-0.004	-0.276	1.928
4.46626400948	-0.004	-0.276	1.928
4.46807217598	-0.004	-0.276	1.928
4.46991205215	-0.172	-0.008	-0.208
4.47172117233	-0.172	-0.008	-0.208
4.47353100777	-0.172	-0.008	-0.208
4.47533917427	-0.128	0.132	-1.084
4.47714614868	-0.128	0.132	-1.084
4.47895312309	-0.128	0.132	-1.084
4.48078012466	-0.012	0.016	0.14
4.48258399963	-0.012	0.016	0.14
4.4843890667	-0.012	0.016	0.14
4.48619413376	0.136	-0.24	2.044
4.48802518845	0.136	-0.24	2.044
4.48986411095	0.124	-0.372	2.044
4.49167609215	0.124	-0.372	2.044
4.49348211288	0.124	-0.372	2.044
4.4952890873	-0.016	-0.252	1.7
4.49709701538	-0.016	-0.252	1.7
4.49890518188	-0.016	-0.252	1.7
4.50071811676	-0.172	0.016	-0.396
4.50252604485	-0.172	0.016	-0.396
4.50433301926	-0.172	0.016	-0.396
4.50614118576	-0.14	0.12	-1.036
4.50794911385	-0.14	0.12	-1.036
4.50976204872	-0.14	0.12	-1.036
4.51156902313	0.0	-0.008	0.376
4.5133690834	0.0	-0.008	0.376
4.51516819	0.148	-0.26	2.044
4.51698207855	0.148	-0.26	2.044
4.51878905296	0.148	-0.26	2.044
4.52060103416	0.104	-0.384	2.044
4.52240920067	0.104	-0.384	2.044
4.52421522141	0.104	-0.384	2.044
4.52602100372	-0.024	-0.224	1.456
4.52782821655	-0.024	-0.224	1.456
4.5296421051	-0.024	-0.224	1.456
4.53145003319	-0.168	0.028	-0.58
4.53325819969	-0.168	0.028	-0.58
4.53506422043	-0.168	0.028	-0.58
4.53688716888	-0.12	0.132	-0.984
4.53869509697	-0.12	0.132	-0.984
4.54050803185	-0.12	0.132	-0.984
4.54231500626	0.04	-0.036	0.596
4.54412007332	0.04	-0.036	0.596
4.54592609406	0.164	-0.284	2.044
4.54773521423	0.164	-0.284	2.044
4.54954814911	0.164	-0.284	2.044
4.55135416985	0.076	-0.368	2.044
4.55316209793	0.076	-0.368	2.044
4.55496811867	0.076	-0.368	2.044
4.5567741394	-0.06	-0.188	1.216
4.55858016014	-0.06	-0.188	1.216
4.56039404869	-0.06	-0.188	1.216
4.5622010231	-0.172	0.06	-0.728
4.56400799751	-0.172	0.06	-0.728
4.56581401825	-0.172	0.06	-0.728
4.56762909889	-0.108	0.12	-0.892
4.56944513321	-0.108	0.12	-0.892
4.57125210762	0.036	-0.08	0.852
4.57305717468	0.036	-0.08	0.852
4.57486200333	0.036	-0.08	0.852
4.57667016983	0.136	-0.296	2.044
4.57847714424	0.136	-0.296	2.044
4.58029007912	0.136	-0.296	2.044
4.58209514618	0.068	-0.368	2.044
4.58391904831	0.068	-0.368	2.044
4.58572721481	0.068	-0.368	2.044
4.58753204346	-0.072	-0.156	0.96
4.58934521675	-0.072	-0.156	0.96
4.59114408493	-0.072	-0.156	0.96
4.59294915199	-0.18	0.068	-0.86
4.59474921227	-0.18	0.068	-0.86
4.59654808044	-0.092	0.124	-0.764
4.59834623337	-0.092	0.124	-0.764
4.6001701355	-0.092	0.124	-0.764
4.60198402405	0.056	-0.096	1.108
4.6037940979	0.056	-0.096	1.108
4.60560011864	0.056	-0.096	1.108
4.6074051857	0.14	-0.324	2.044
4.60921812057	0.14	-0.324	2.044
4.61102509499	0.14	-0.324	2.044
4.61283016205	0.068	-0.368	2.044
4.61463618279	0.068	-0.368	2.044
4.61644220352	0.068	-0.368	2.044
4.61825919151	-0.092	-0.12	0.704
4.62006902695	-0.092	-0.12	0.704
4.62186717987	-0.092	-0.12	0.704
4.62366604805	-0.176	0.088	-0.956
4.625467062	-0.176	0.088	-0.956
4.62726616859	-0.08	0.092	-0.62
4.62906312943	-0.08	0.092	-0.62
4.63087511063	-0.08	0.092	-0.62
4.63268709183	0.088	-0.132	1.36
4.63449406624	0.088	-0.132	1.36
4.63630008698	0.088	-0.132	1.36
4.63810610771	0.156	-0.336	2.044
4.63992619514	0.156	-0.336	2.044
4.6417350769	0.156	-0.336	2.044
4.64354109764	0.036	-0.328	2.044
4.6453461647	0.036	-0.328	2.044
4.64715123177	0.036	-0.328	2.044
4.64896416664	-0.108	-0.088	0.464
4.65077805519	-0.108	-0.088	0.464
4.65258622169	-0.172	0.1	-1.024
4.65439319611	-0.172	0.1	-1.024
4.65620112419	-0.172	0.1	-1.024
4.65800714493	-0.068	0.08	-0.456
4.65982413292	-0.068	0.08	-0.456
4.66163110733	-0.068	0.08	-0.456
4.66343712807	0.1	-0.164	1.608
4.66524600983	0.1	-0.164	1.608
4.66705107689	0.1	-0.164	1.608
4.66886711121	0.128	-0.332	2.044
4.67068004608	0.128	-0.332	2.044
4.67248702049	0.128	-0.332	2.044
4.67429208755	0.036	-0.324	2.044
4.67609906197	0.036	-0.324	2.044
4.67790412903	0.036	-0.324	2.044
4.67971611023	-0.124	-0.08	0.22
4.68152523041	-0.124	-0.08	0.22
4.68333315849	-0.156	0.108	-1.068
4.6851401329	-0.156	0.108	-1.068
4.68694615364	-0.156	0.108	-1.068
4.68877005577	-0.048	0.064	-0.28
4.69058418274	-0.048	0.064	-0.28
4.69239115715	-0.048	0.064	-0.28
4.69419717789	0.108	-0.18	1.824
4.69600319862	0.108	-0.18	1.824
4.69781112671	0.108	-0.18	1.824
4.69962406158	0.144	-0.36	2.044
4.70143008232	0.144	-0.36	2.044
4.70323514938	0.144	-0.36	2.044
4.70504117012	0.024	-0.308	2.044
4.70684719086	0.024	-0.308	2.044
4.7086520195	-0.144	-0.044	0.004
4.71046614647	-0.144	-0.044	0.004
4.71227312088	-0.144	-0.044	0.004
4.71408200264	-0.16	0.124	-1.08
4.71589303017	-0.16	0.124	-1.08
4.71770119667	-0.16	0.124	-1.08
4.71952199936	-0.032	0.04	-0.064
4.72133111954	-0.032	0.04	-0.064
4.72313809395	-0.032	0.04	-0.064
4.72494316101	0.132	-0.212	2.04
4.72674822807	0.132	-0.212	2.04
4.72855520248	0.132	-0.212	2.04
4.73036909103	0.12	-0.368	2.044
4.73217511177	0.12	-0.368	2.044
4.73398113251	0.12	-0.368	2.044
4.73578619957	-0.004	-0.264	1.908
4.73759412766	-0.004	-0.264	1.908
4.73940610886	-0.16	0.008	-0.212
4.74121403694	-0.16	0.008	-0.212
4.74302005768	-0.16	0.008	-0.212
4.74486017227	-0.148	0.136	-1.08
4.74666810036	-0.148	0.136	-1.08
4.74847602844	-0.148	0.136	-1.08
4.75028920174	-0.024	0.004	0.172
4.75209307671	-0.024	0.004	0.172
4.75389909744	-0.024	0.004	0.172
4.75577712059	0.14	-0.236	2.044
4.75758719444	0.14	-0.236	2.044
4.75940012932	0.14	-0.236	2.044
4.76120901108	0.108	-0.376	2.044
4.76301622391	0.108	-0.376	2.044
4.76482200623	-0.016	-0.252	1.692
4.76662802696	-0.016	-0.252	1.692
4.76843619347	-0.016	-0.252	1.692
4.77026700974	-0.184	0.012	-0.408
4.77207803726	-0.184	0.012	-0.408
4.77388620377	-0.184	0.012	-0.408
4.77569413185	-0.12	0.112	-1.044
4.77750301361	-0.12	0.112	-1.044
4.77931809425	-0.12	0.112	-1.044
4.78112602234	0.004	-0.012	0.388
4.78293204308	0.004	-0.012	0.388
4.78473806381	0.004	-0.012	0.388
4.78654408455	0.148	-0.252	2.044
4.78834915161	0.148	-0.252	2.044
4.79016208649	0.112	-0.38	2.044
4.79196810722	0.112	-0.38	2.044
4.79377603531	0.112	-0.38	2.044
4.79558205605	-0.04	-0.212	1.44
4.79739022255	-0.04	-0.212	1.44
4.79920220375	-0.04	-0.212	1.44
4.80101513863	-0.18	0.036	-0.576
4.80282306671	-0.18	0.036	-0.576
4.80462813377	-0.18	0.036	-0.576
4.80643415451	-0.124	0.124	-0.972
4.8082420826	-0.124	0.124	-0.972
4.81005620956	-0.124	0.124	-0.972
4.81186318398	0.028	-0.036	0.6
4.81366705894	0.028	-0.036	0.6
4.81547117233	0.028	-0.036	0.6
4.81727719307	0.156	-0.284	2.044
4.81908917427	0.156	-0.284	2.044
4.82089614868	0.084	-0.368	2.044
4.82269501686	0.084	-0.368	2.044
4.82449412346	0.084	-0.368	2.044
4.82629513741	-0.052	-0.18	1.188
4.8280980587	-0.052	-0.18	1.188
4.82997608185	-0.052	-0.18	1.188
4.83178520203	-0.172	0.06	-0.74
4.83359503746	-0.172	0.06	-0.74
4.83540201187	-0.172	0.06	-0.74
4.83720803261	-0.104	0.124	-0.868
4.83902001381	-0.104	0.124	-0.868
4.84084606171	-0.104	0.124	-0.868
4.84265613556	0.044	-0.068	0.88
4.84446120262	0.044	-0.068	0.88
4.84626603127	0.144	-0.304	2.044
4.84808301926	0.144	-0.304	2.044
4.84991621971	0.144	-0.304	2.044
4.85172200203	0.068	-0.372	2.044
4.85352802277	0.068	-0.372	2.044
4.8553340435	0.068	-0.372	2.044
4.8571460247	-0.076	-0.16	0.936
4.85895299911	-0.076	-0.16	0.936
4.86076712608	-0.076	-0.16	0.936
4.86257314682	-0.172	0.076	-0.868
4.86438107491	-0.172	0.076	-0.868
4.86618900299	-0.172	0.076	-0.868
4.86799502373	-0.088	0.116	-0.752
4.8698091507	-0.088	0.116	-0.752
4.87162518501	0.064	-0.1	1.132
4.87343406677	0.064	-0.1	1.132
4.87524008751	0.064	-0.1	1.132
4.87704515457	0.16	-0.332	2.044
4.87885022163	0.16	-0.332	2.044
4.88066315651	0.16	-0.332	2.044
4.88247013092	0.084	-0.364	2.044
4.88427805901	0.084	-0.364	2.044
4.88608622551	0.084	-0.364	2.044
4.88789105415	-0.084	-0.128	0.68
4.88970804214	-0.084	-0.128	0.68
4.89151620865	-0.084	-0.128	0.68
4.89332222939	-0.192	0.088	-0.968
4.8951280117	-0.192	0.088	-0.968
4.89694809914	-0.192	0.088	-0.968
4.89875507355	-0.076	0.108	-0.612
4.90057015419	-0.076	0.108	-0.612
4.90237617493	0.092	-0.12	1.36
4.90418314934	0.092	-0.12	1.36
4.90600204468	0.092	-0.12	1.36
4.90780806541	0.152	-0.34	2.044
4.90962004662	0.152	-0.34	2.044
4.91142511368	0.152	-0.34	2.044
4.9132361412	0.044	-0.332	2.044
4.91504216194	0.044	-0.332	2.044
4.916847229	0.044	-0.332	2.044
4.91865420341	-0.116	-0.072	0.452
4.92046809196	-0.116	-0.072	0.452
4.92228507996	-0.116	-0.072	0.452
4.92409300804	-0.176	0.104	-1.028
4.92590022087	-0.176	0.104	-1.028
4.92770600319	-0.064	0.08	-0.44
4.92952013016	-0.064	0.08	-0.44
4.93132710457	-0.064	0.08	-0.44
4.93313312531	0.104	-0.156	1.612
4.93493819237	0.104	-0.156	1.612
4.93674302101	0.104	-0.156	1.612
4.93855118752	0.16	-0.356	2.044
4.94036817551	0.16	-0.356	2.044
4.94217419624	0.16	-0.356	2.044
4.94398212433	0.036	-0.324	2.044
4.94578814507	0.036	-0.324	2.044
4.94759511948	0.036	-0.324	2.044
4.949406147	-0.128	-0.072	0.208
4.95121312141	-0.128	-0.072	0.208
4.95302510262	-0.128	-0.072	0.208
4.95483207703	-0.176	0.116	-1.084
4.95663905144	-0.176	0.116	-1.084
4.95844602585	-0.056	0.064	-0.252
4.96026015282	-0.056	0.064	-0.252
4.96206712723	-0.056	0.064	-0.252
4.96387314796	0.116	-0.184	1.84
4.9656791687	0.116	-0.184	1.84
4.96748614311	0.116	-0.184	1.84
4.96930408478	0.144	-0.372	2.044
4.97111201286	0.144	-0.372	2.044
4.97292804718	0.144	-0.372	2.044
4.97473406792	0.024	-0.308	2.044
4.97654008865	0.024	-0.308	2.044
4.97834610939	0.024	-0.308	2.044
4.98015999794	-0.148	-0.04	-0.02
4.98197221756	-0.148	-0.04	-0.02
4.98377919197	-0.152	0.124	-1.092
4.9855890274	-0.152	0.124	-1.092
4.98739600182	-0.152	0.124	-1.092
4.98921012878	-0.028	0.032	-0.04
4.99101805687	-0.028	0.032	-0.04
4.9928381443	-0.028	0.032	-0.04
4.99464511871	0.132	-0.232	2.044
4.99645519257	0.132	-0.232	2.044
4.99826216698	0.132	-0.232	2.044
