Timestamp 	 X-Axis 	 Y-Axis 	 Z-Axis
0.00030517578125	0.224	0.008	2.044
0.00323700904846	0.224	0.008	2.044
0.00596213340759	0.272	0.032	2.044
0.00868105888367	0.272	0.032	2.044
0.0113971233368	0.344	0.032	2.044
0.014132976532	0.344	0.032	2.044
0.0168490409851	0.38	0.036	1.992
0.0195641517639	0.38	0.036	1.992
0.0222780704498	0.428	0.036	1.88
0.0250251293182	0.428	0.036	1.88
0.0277400016785	0.468	0.052	1.756
0.0304551124573	0.52	0.056	1.624
0.0331861972809	0.52	0.056	1.624
0.0359001159668	0.556	0.052	1.504
0.038633108139	0.556	0.052	1.504
0.0413491725922	0.612	0.044	1.356
0.0440661907196	0.612	0.044	1.356
0.0467879772186	0.628	0.048	1.22
0.0495040416718	0.628	0.048	1.22
0.0522179603577	0.66	0.048	1.084
0.0549321174622	0.66	0.048	1.084
0.0576481819153	0.676	0.048	0.94
0.0603611469269	0.676	0.048	0.94
0.0630750656128	0.68	0.044	0.808
0.0657889842987	0.68	0.044	0.808
0.0685021877289	0.68	0.052	0.656
0.0712239742279	0.696	0.036	0.528
0.0739450454712	0.696	0.036	0.528
0.0766739845276	0.692	0.036	0.38
0.0794031620026	0.692	0.036	0.38
0.082123041153	0.676	0.024	0.256
0.0848381519318	0.676	0.024	0.256
0.087553024292	0.664	0.016	0.132
0.0902659893036	0.664	0.016	0.132
0.0929801464081	0.656	0.012	0.008
0.0956931114197	0.656	0.012	0.008
0.0984129905701	0.636	0.016	-0.088
0.101130008698	0.636	0.016	-0.088
0.103847026825	0.624	-0.008	-0.2
0.106564044952	0.624	-0.008	-0.2
0.109280109406	0.58	-0.028	-0.292
0.111998081207	0.548	-0.04	-0.38
0.114722013474	0.548	-0.04	-0.38
0.117438077927	0.512	-0.04	-0.456
0.120156049728	0.512	-0.04	-0.456
0.122896194458	0.464	-0.06	-0.532
0.125615119934	0.464	-0.06	-0.532
0.128345012665	0.428	-0.096	-0.584
0.131062984467	0.428	-0.096	-0.584
0.133787155151	0.376	-0.088	-0.604
0.136505126953	0.376	-0.088	-0.604
0.139223098755	0.332	-0.108	-0.672
0.141939163208	0.332	-0.108	-0.672
0.144742012024	0.276	-0.124	-0.688
0.147459983826	0.276	-0.124	-0.688
0.150178194046	0.228	-0.144	-0.688
0.152912139893	0.168	-0.176	-0.692
0.155632019043	0.168	-0.176	-0.692
0.158348083496	0.1	-0.18	-0.68
0.161091089249	0.1	-0.18	-0.68
0.163824081421	0.044	-0.184	-0.656
0.166535139084	0.044	-0.184	-0.656
0.169247150421	-0.02	-0.196	-0.616
0.171957969666	-0.02	-0.196	-0.616
0.17472910881	-0.072	-0.224	-0.572
0.177450180054	-0.072	-0.224	-0.572
0.180168151855	-0.136	-0.24	-0.516
0.182891130447	-0.136	-0.24	-0.516
0.185611009598	-0.208	-0.248	-0.448
0.1883289814	-0.26	-0.252	-0.38
0.191045045853	-0.26	-0.252	-0.38
0.193770170212	-0.3	-0.276	-0.28
0.196487188339	-0.3	-0.276	-0.28
0.199218034744	-0.356	-0.288	-0.184
0.201938152313	-0.356	-0.288	-0.184
0.20468711853	-0.408	-0.296	-0.08
0.207422018051	-0.408	-0.296	-0.08
0.210141181946	-0.46	-0.276	0.028
0.212886095047	-0.46	-0.276	0.028
0.215605974197	-0.508	-0.284	0.164
0.218325138092	-0.508	-0.284	0.164
0.221040964127	-0.536	-0.304	0.288
0.223757982254	-0.536	-0.304	0.288
0.226477146149	-0.588	-0.296	0.424
0.229202985764	-0.616	-0.304	0.548
0.231921195984	-0.616	-0.304	0.548
0.234714031219	-0.64	-0.296	0.696
0.237434148788	-0.64	-0.296	0.696
0.24015212059	-0.664	-0.28	0.832
0.242889165878	-0.664	-0.28	0.832
0.245606184006	-0.672	-0.3	0.98
0.248334169388	-0.672	-0.3	0.98
0.251054048538	-0.688	-0.3	1.124
0.25377702713	-0.688	-0.3	1.124
0.256493091583	-0.692	-0.284	1.268
0.259211063385	-0.692	-0.284	1.268
0.261929988861	-0.712	-0.272	1.404
0.264679193497	-0.716	-0.28	1.544
0.267397165298	-0.716	-0.28	1.544
0.270114183426	-0.708	-0.276	1.676
0.272832155228	-0.708	-0.276	1.676
0.275581121445	-0.7	-0.26	1.824
0.278298139572	-0.7	-0.26	1.824
0.2810151577	-0.688	-0.256	1.932
0.28374004364	-0.688	-0.256	1.932
0.286457061768	-0.668	-0.244	2.044
0.289189100266	-0.668	-0.244	2.044
0.291913986206	-0.64	-0.228	2.044
0.29466509819	-0.64	-0.228	2.044
0.297384977341	-0.608	-0.216	2.044
0.300103187561	-0.608	-0.216	2.044
0.302819013596	-0.58	-0.212	2.044
0.305550098419	-0.544	-0.2	2.044
0.308268070221	-0.544	-0.2	2.044
0.310984134674	-0.496	-0.172	2.044
0.313709974289	-0.496	-0.172	2.044
0.316428184509	-0.464	-0.164	2.044
0.319144964218	-0.464	-0.164	2.044
0.321863174438	-0.42	-0.156	2.044
0.324587106705	-0.42	-0.156	2.044
0.327315092087	-0.36	-0.14	2.044
0.330027103424	-0.36	-0.14	2.044
0.33274102211	-0.32	-0.12	2.044
0.335463047028	-0.32	-0.12	2.044
0.338183164597	-0.252	-0.108	2.044
0.340898990631	-0.252	-0.108	2.044
0.343616962433	-0.208	-0.096	2.044
0.34633898735	-0.16	-0.076	2.044
0.349056005478	-0.16	-0.076	2.044
0.351773023605	-0.072	-0.06	2.044
0.35449719429	-0.072	-0.06	2.044
0.357213973999	-0.02	-0.04	2.044
0.359930038452	-0.02	-0.04	2.044
0.362648010254	0.036	-0.024	2.044
0.365365982056	0.036	-0.024	2.044
0.36807513237	0.084	-0.008	2.044
0.370784044266	0.084	-0.008	2.044
0.373497009277	0.156	-0.012	2.044
0.376219987869	0.156	-0.012	2.044
0.37893819809	0.208	0.0	2.044
0.381654024124	0.208	0.0	2.044
0.384361982346	0.276	0.012	2.044
0.387077093124	0.328	0.028	2.044
0.38979101181	0.328	0.028	2.044
0.392505168915	0.376	0.036	2.02
0.39522600174	0.376	0.036	2.02
0.397941112518	0.428	0.04	1.904
0.400655031204	0.428	0.04	1.904
0.403374195099	0.484	0.052	1.772
0.406090974808	0.484	0.052	1.772
0.408807039261	0.516	0.056	1.652
0.41152215004	0.516	0.056	1.652
0.414241075516	0.56	0.052	1.528
0.416965007782	0.56	0.052	1.528
0.419680118561	0.596	0.04	1.384
0.422393083572	0.596	0.04	1.384
0.425132036209	0.612	0.044	1.244
0.427848100662	0.636	0.052	1.104
0.430562019348	0.636	0.052	1.104
0.433284044266	0.664	0.056	0.968
0.435997962952	0.664	0.056	0.968
0.438711166382	0.656	0.048	0.844
0.441426992416	0.656	0.048	0.844
0.444147109985	0.68	0.044	0.688
0.446861028671	0.68	0.044	0.688
0.44957613945	0.684	0.032	0.556
0.452289104462	0.684	0.032	0.556
0.455008029938	0.7	0.044	0.428
0.457733154297	0.7	0.044	0.428
0.460450172424	0.712	0.036	0.3
0.4631690979	0.712	0.036	0.3
0.465883016586	0.676	0.02	0.164
0.468595981598	0.656	0.008	0.036
0.471328020096	0.656	0.008	0.036
0.474050998688	0.648	0.004	-0.072
0.476766109467	0.648	0.004	-0.072
0.47948217392	0.62	-0.004	-0.184
0.482199192047	0.62	-0.004	-0.184
0.484922170639	0.584	-0.02	-0.272
0.487640142441	0.584	-0.02	-0.272
0.490358114243	0.552	-0.032	-0.356
0.493081092834	0.552	-0.032	-0.356
0.495798110962	0.524	-0.044	-0.436
0.498515129089	0.524	-0.044	-0.436
0.50123500824	0.48	-0.06	-0.524
0.503954172134	0.48	-0.06	-0.524
0.506672143936	0.448	-0.084	-0.576
0.509387969971	0.364	-0.096	-0.608
0.512104988098	0.364	-0.096	-0.608
0.514829158783	0.332	-0.1	-0.652
0.517544984818	0.332	-0.1	-0.652
0.520263195038	0.296	-0.116	-0.684
0.522987127304	0.296	-0.116	-0.684
0.525704145432	0.236	-0.128	-0.696
0.528419971466	0.236	-0.128	-0.696
0.531140089035	0.172	-0.164	-0.704
0.533872127533	0.172	-0.164	-0.704
0.536590099335	0.12	-0.184	-0.7
0.539308071136	0.12	-0.184	-0.7
0.542025089264	0.048	-0.18	-0.66
0.544753074646	0.048	-0.18	-0.66
0.547471046448	0.008	-0.208	-0.632
0.550194978714	-0.056	-0.212	-0.6
0.552919149399	-0.056	-0.212	-0.6
0.555638074875	-0.12	-0.228	-0.552
0.558357000351	-0.12	-0.228	-0.552
0.5610871315	-0.172	-0.252	-0.472
0.563811063766	-0.172	-0.252	-0.472
0.566521167755	-0.236	-0.24	-0.388
0.569245100021	-0.236	-0.24	-0.388
0.571956157684	-0.296	-0.264	-0.308
0.574741125107	-0.296	-0.264	-0.308
0.577463150024	-0.352	-0.268	-0.208
0.580181121826	-0.352	-0.268	-0.208
0.582900047302	-0.408	-0.268	-0.112
0.585630178452	-0.452	-0.288	0.004
0.588348150253	-0.452	-0.288	0.004
0.591063976288	-0.496	-0.284	0.12
0.593789100647	-0.496	-0.284	0.12
0.596506118774	-0.532	-0.296	0.24
0.599220991135	-0.532	-0.296	0.24
0.601940155029	-0.58	-0.292	0.372
0.604688167572	-0.58	-0.292	0.372
0.607405185699	-0.6	-0.292	0.512
0.610131978989	-0.6	-0.292	0.512
0.612879037857	-0.632	-0.288	0.648
0.615611076355	-0.632	-0.288	0.648
0.618330001831	-0.644	-0.296	0.792
0.621046066284	-0.644	-0.296	0.792
0.62376499176	-0.684	-0.296	0.928
0.626482009888	-0.696	-0.3	1.08
0.629202127457	-0.696	-0.3	1.08
0.631921052933	-0.724	-0.288	1.228
0.634715080261	-0.724	-0.288	1.228
0.637437105179	-0.712	-0.3	1.368
0.640155076981	-0.712	-0.3	1.368
0.642879009247	-0.72	-0.276	1.5
0.645591974258	-0.72	-0.276	1.5
0.648305177689	-0.704	-0.272	1.632
0.65102314949	-0.704	-0.272	1.632
0.653746128082	-0.696	-0.264	1.752
0.656464099884	-0.696	-0.264	1.752
0.659181118011	-0.688	-0.268	1.888
0.661898136139	-0.688	-0.268	1.888
0.664649963379	-0.672	-0.244	1.996
0.667371034622	-0.648	-0.232	2.044
0.67009806633	-0.648	-0.232	2.044
0.672816991806	-0.64	-0.216	2.044
0.675541162491	-0.64	-0.216	2.044
0.678258180618	-0.588	-0.224	2.044
0.680974960327	-0.588	-0.224	2.044
0.683701038361	-0.556	-0.204	2.044
0.686428070068	-0.556	-0.204	2.044
0.689159154892	-0.508	-0.188	2.044
0.691876173019	-0.508	-0.188	2.044
0.694591999054	-0.464	-0.18	2.044
0.697313070297	-0.464	-0.18	2.044
0.700031042099	-0.424	-0.164	2.044
0.702749013901	-0.376	-0.148	2.044
0.70547413826	-0.376	-0.148	2.044
0.708191156387	-0.312	-0.132	2.044
0.710906982422	-0.312	-0.132	2.044
0.713638067245	-0.268	-0.108	2.044
0.716355085373	-0.268	-0.108	2.044
0.7190721035	-0.216	-0.092	2.044
0.721790075302	-0.216	-0.092	2.044
0.724513053894	-0.176	-0.084	2.044
0.727229118347	-0.176	-0.084	2.044
0.729948043823	-0.104	-0.068	2.044
0.732665061951	-0.104	-0.068	2.044
0.735407114029	-0.04	-0.048	2.044
0.738126039505	-0.04	-0.048	2.044
0.740843057632	0.008	-0.036	2.044
0.74356007576	0.084	-0.024	2.044
0.746278047562	0.084	-0.024	2.044
0.748994112015	0.136	-0.008	2.044
0.751710176468	0.136	-0.008	2.044
0.754436016083	0.208	-0.004	2.044
0.75715303421	0.208	-0.004	2.044
0.759868144989	0.268	0.016	2.044
0.762593984604	0.268	0.016	2.044
0.765311002731	0.308	0.044	2.044
0.768018007278	0.308	0.044	2.044
0.770725011826	0.36	0.04	2.044
0.773436069489	0.36	0.04	2.044
0.776154994965	0.404	0.028	1.94
0.778871059418	0.404	0.028	1.94
0.781584024429	0.46	0.036	1.836
0.784299135208	0.504	0.052	1.696
0.787014007568	0.504	0.052	1.696
0.789728164673	0.544	0.052	1.568
0.792442083359	0.544	0.052	1.568
0.795163154602	0.584	0.048	1.42
0.797881126404	0.584	0.048	1.42
0.80059504509	0.608	0.048	1.304
0.803316116333	0.608	0.048	1.304
0.806030035019	0.64	0.052	1.156
0.808744192123	0.64	0.052	1.156
0.811458110809	0.66	0.064	1.0
0.814174175262	0.66	0.064	1.0
0.816884994507	0.668	0.06	0.852
0.819599151611	0.668	0.06	0.852
0.822312116623	0.684	0.04	0.732
0.825031042099	0.692	0.048	0.596
0.827747106552	0.692	0.048	0.596
0.830460071564	0.688	0.036	0.456
0.833185195923	0.688	0.036	0.456
0.835899114609	0.708	0.024	0.312
0.838646173477	0.708	0.024	0.312
0.841375112534	0.664	0.028	0.2
0.844106197357	0.664	0.028	0.2
0.846822023392	0.668	0.012	0.076
0.849537134171	0.668	0.012	0.076
0.852249145508	0.628	0.008	-0.02
0.854969024658	0.628	0.008	-0.02
0.857686042786	0.628	0.0	-0.136
0.860394001007	0.628	0.0	-0.136
0.863108158112	0.608	-0.02	-0.244
0.865826129913	0.568	-0.036	-0.332
0.868542194366	0.568	-0.036	-0.332
0.871258020401	0.524	-0.048	-0.408
0.873984098434	0.524	-0.048	-0.408
0.876701116562	0.492	-0.052	-0.5
0.879413127899	0.492	-0.052	-0.5
0.882129192352	0.444	-0.068	-0.552
0.884852170944	0.444	-0.068	-0.552
0.887567996979	0.404	-0.096	-0.6
0.890285968781	0.404	-0.096	-0.6
0.893009185791	0.352	-0.1	-0.628
0.895725011826	0.352	-0.1	-0.628
0.898442983627	0.308	-0.104	-0.672
0.901160001755	0.308	-0.104	-0.672
0.903877019882	0.26	-0.132	-0.696
0.906596183777	0.212	-0.144	-0.712
0.909312009811	0.212	-0.144	-0.712
0.91202712059	0.132	-0.176	-0.692
0.914760112762	0.132	-0.176	-0.692
0.91747713089	0.084	-0.184	-0.68
0.920207977295	0.084	-0.184	-0.68
0.922935009003	0.024	-0.188	-0.64
0.92565202713	0.024	-0.188	-0.64
0.928368091583	-0.032	-0.204	-0.604
0.931086063385	-0.032	-0.204	-0.604
0.933809995651	-0.1	-0.236	-0.552
0.936529159546	-0.1	-0.236	-0.552
0.939248085022	-0.152	-0.256	-0.492
0.941965103149	-0.152	-0.256	-0.492
0.944688081741	-0.216	-0.256	-0.408
0.947406053543	-0.28	-0.252	-0.336
0.950123071671	-0.28	-0.252	-0.336
0.952840089798	-0.324	-0.272	-0.244
0.955630064011	-0.324	-0.272	-0.244
0.958348035812	-0.376	-0.272	-0.152
0.961066007614	-0.376	-0.272	-0.152
0.963791131973	-0.436	-0.284	-0.04
0.966529130936	-0.436	-0.284	-0.04
0.969241142273	-0.472	-0.28	0.076
0.971951961517	-0.472	-0.28	0.076
0.974717140198	-0.54	-0.292	0.2
0.977437019348	-0.54	-0.292	0.2
0.98015499115	-0.552	-0.304	0.32
0.982877969742	-0.596	-0.304	0.468
0.985598087311	-0.596	-0.304	0.468
0.988315105438	-0.636	-0.3	0.596
0.991041183472	-0.636	-0.3	0.596
0.993764162064	-0.652	-0.308	0.736
0.996482133865	-0.652	-0.308	0.736
0.9991979599	-0.672	-0.3	0.876
1.00191712379	-0.672	-0.3	0.876
1.00466609001	-0.676	-0.296	1.02
1.00740098953	-0.676	-0.296	1.02
1.01012015343	-0.688	-0.296	1.164
1.01283717155	-0.688	-0.296	1.164
1.016092062	-0.704	-0.3	1.32
1.0188190937	-0.72	-0.284	1.448
1.02153801918	-0.72	-0.284	1.448
1.02425718307	-0.72	-0.268	1.58
1.02697515488	-0.72	-0.268	1.58
1.02969312668	-0.708	-0.272	1.7
1.03241109848	-0.708	-0.272	1.7
1.03513598442	-0.696	-0.272	1.844
1.03785419464	-0.696	-0.272	1.844
1.04057002068	-0.688	-0.248	1.956
1.04329609871	-0.688	-0.248	1.956
1.04601407051	-0.656	-0.248	2.044
1.04873204231	-0.656	-0.248	2.044
1.0514550209	-0.628	-0.232	2.044
1.05418014526	-0.596	-0.224	2.044
1.05689907074	-0.596	-0.224	2.044
1.05961704254	-0.564	-0.212	2.044
1.06233406067	-0.564	-0.212	2.044
1.06505799294	-0.528	-0.196	2.044
1.06779313087	-0.528	-0.196	2.044
1.07051110268	-0.484	-0.184	2.044
1.07323813438	-0.484	-0.184	2.044
1.07595896721	-0.452	-0.164	2.044
1.07867717743	-0.452	-0.164	2.044
1.08140802383	-0.4	-0.164	2.044
1.08412718773	-0.4	-0.164	2.044
1.08684515953	-0.368	-0.132	2.044
1.08956408501	-0.368	-0.132	2.044
1.09228515625	-0.296	-0.12	2.044
1.09500408173	-0.24	-0.104	2.044
1.09772515297	-0.24	-0.104	2.044
1.1004421711	-0.188	-0.096	2.044
1.10316610336	-0.188	-0.096	2.044
1.10590410233	-0.144	-0.068	2.044
1.10862207413	-0.144	-0.068	2.044
1.11133909225	-0.068	-0.048	2.044
1.11406517029	-0.068	-0.048	2.044
1.11678504944	-0.008	-0.036	2.044
1.11950302124	-0.008	-0.036	2.044
1.12223315239	0.048	-0.028	2.044
1.12495517731	0.048	-0.028	2.044
1.12768101692	0.112	-0.016	2.044
1.13039803505	0.112	-0.016	2.044
1.13312005997	0.164	-0.016	2.044
1.13583898544	0.224	0.004	2.044
1.13855409622	0.224	0.004	2.044
1.14126706123	0.288	0.024	2.044
1.14399313927	0.288	0.024	2.044
1.1467089653	0.34	0.036	2.044
1.14942312241	0.34	0.036	2.044
1.15213608742	0.392	0.036	2.0
1.15485405922	0.392	0.036	2.0
1.15756511688	0.448	0.036	1.896
1.16027903557	0.448	0.036	1.896
1.16300106049	0.484	0.052	1.768
1.16570806503	0.484	0.052	1.768
1.16841506958	0.532	0.06	1.636
1.17112016678	0.532	0.06	1.636
1.17383098602	0.552	0.052	1.492
1.17655301094	0.596	0.036	1.376
1.17927002907	0.596	0.036	1.376
1.18198418617	0.612	0.052	1.216
1.18470406532	0.612	0.052	1.216
1.1874191761	0.644	0.048	1.08
1.19013214111	0.644	0.048	1.08
1.19287800789	0.66	0.048	0.936
1.19559502602	0.66	0.048	0.936
1.19830918312	0.672	0.056	0.8
1.20102310181	0.672	0.056	0.8
1.20374298096	0.692	0.04	0.656
1.20645999908	0.692	0.04	0.656
1.20919418335	0.696	0.048	0.532
1.21190905571	0.696	0.048	0.532
1.21465706825	0.7	0.044	0.384
1.21737217903	0.692	0.024	0.264
1.22010397911	0.692	0.024	0.264
1.22281718254	0.66	0.008	0.136
1.22553896904	0.66	0.008	0.136
1.22825312614	0.648	0.008	0.02
1.23096609116	0.648	0.008	0.02
1.23368597031	0.64	0.012	-0.084
1.23640108109	0.64	0.012	-0.084
1.23911619186	0.616	-0.016	-0.18
1.24183511734	0.616	-0.016	-0.18
1.24455308914	0.576	-0.028	-0.284
1.24726915359	0.576	-0.028	-0.284
1.24998807907	0.548	-0.04	-0.368
1.2527050972	0.524	-0.052	-0.452
1.25544214249	0.524	-0.052	-0.452
1.25816011429	0.484	-0.064	-0.512
1.26089096069	0.484	-0.064	-0.512
1.26361012459	0.432	-0.084	-0.576
1.26632809639	0.432	-0.084	-0.576
1.26904416084	0.38	-0.096	-0.628
1.27175998688	0.38	-0.096	-0.628
1.27447915077	0.34	-0.108	-0.656
1.2771961689	0.34	-0.108	-0.656
1.27991199493	0.284	-0.12	-0.688
1.28262901306	0.284	-0.12	-0.688
1.28535199165	0.244	-0.136	-0.696
1.28806805611	0.244	-0.136	-0.696
1.29078507423	0.164	-0.16	-0.7
1.29350805283	0.116	-0.188	-0.68
1.29623413086	0.116	-0.188	-0.68
1.29895114899	0.056	-0.192	-0.668
1.30166602135	0.056	-0.192	-0.668
1.30438613892	0.008	-0.196	-0.636
1.30710411072	0.008	-0.196	-0.636
1.30982017517	-0.048	-0.22	-0.584
1.31253600121	-0.048	-0.22	-0.584
1.31526112556	-0.124	-0.236	-0.528
1.31797719002	-0.124	-0.236	-0.528
1.32069396973	-0.208	-0.244	-0.468
1.32341909409	-0.208	-0.244	-0.468
1.32612919807	-0.252	-0.24	-0.38
1.3288371563	-0.252	-0.24	-0.38
1.33154606819	-0.3	-0.268	-0.3
1.33426117897	-0.356	-0.28	-0.204
1.33698105812	-0.356	-0.28	-0.204
1.3396999836	-0.416	-0.288	-0.1
1.34241819382	-0.416	-0.288	-0.1
1.34514403343	-0.456	-0.292	0.012
1.34786105156	-0.456	-0.292	0.012
1.35057711601	-0.5	-0.284	0.144
1.35329699516	-0.5	-0.284	0.144
1.35601115227	-0.536	-0.28	0.244
1.3587269783	-0.536	-0.28	0.244
1.36144518852	-0.572	-0.296	0.396
1.36416602135	-0.572	-0.296	0.396
1.36687517166	-0.608	-0.3	0.516
1.36958599091	-0.608	-0.3	0.516
1.37230396271	-0.64	-0.296	0.66
1.37502598763	-0.668	-0.3	0.8
1.37775015831	-0.668	-0.3	0.8
1.38046598434	-0.68	-0.296	0.94
1.38318800926	-0.68	-0.296	0.94
1.38591003418	-0.704	-0.3	1.092
1.38863801956	-0.704	-0.3	1.092
1.39135408401	-0.72	-0.288	1.244
1.39407896996	-0.72	-0.288	1.244
1.39679598808	-0.716	-0.284	1.356
1.39951300621	-0.716	-0.284	1.356
1.40223097801	-0.716	-0.28	1.516
1.40495419502	-0.716	-0.28	1.516
1.40767097473	-0.7	-0.272	1.64
1.41038799286	-0.7	-0.272	1.64
1.41311097145	-0.704	-0.248	1.772
1.41582918167	-0.688	-0.26	1.888
1.41854715347	-0.688	-0.26	1.888
1.42126297951	-0.676	-0.244	2.004
1.42398118973	-0.676	-0.244	2.004
1.42669796944	-0.644	-0.244	2.044
1.42941999435	-0.644	-0.244	2.044
1.43215298653	-0.628	-0.228	2.044
1.43488812447	-0.628	-0.228	2.044
1.43760514259	-0.592	-0.224	2.044
1.44032216072	-0.592	-0.224	2.044
1.44304609299	-0.564	-0.204	2.044
1.44576215744	-0.564	-0.204	2.044
1.44848799706	-0.496	-0.18	2.044
1.45120596886	-0.496	-0.18	2.044
1.45392918587	-0.464	-0.176	2.044
1.45664596558	-0.428	-0.156	2.044
1.4593641758	-0.428	-0.156	2.044
1.46208000183	-0.38	-0.148	2.044
1.46480298042	-0.38	-0.148	2.044
1.46752214432	-0.328	-0.128	2.044
1.47023916245	-0.328	-0.128	2.044
1.47296500206	-0.284	-0.1	2.044
1.47568511963	-0.284	-0.1	2.044
1.47840118408	-0.224	-0.092	2.044
1.48111796379	-0.224	-0.092	2.044
1.48384308815	-0.18	-0.096	2.044
1.4865591526	-0.18	-0.096	2.044
1.48927807808	-0.116	-0.068	2.044
1.49199819565	-0.048	-0.052	2.044
1.49472212791	-0.048	-0.052	2.044
1.49745607376	0.012	-0.04	2.044
1.50017309189	0.012	-0.04	2.044
1.50289416313	0.064	-0.012	2.044
1.50561213493	0.064	-0.012	2.044
1.50832700729	0.132	-0.012	2.044
1.51104211807	0.132	-0.012	2.044
1.51376914978	0.2	-0.004	2.044
1.51648402214	0.2	-0.004	2.044
1.51919817924	0.26	0.028	2.044
1.52191400528	0.26	0.028	2.044
1.52471208572	0.3	0.04	2.044
1.52742815018	0.3	0.04	2.044
1.5301630497	0.352	0.036	2.044
1.53288412094	0.412	0.032	1.944
1.53560614586	0.412	0.032	1.944
1.53831911087	0.452	0.036	1.824
1.54103207588	0.452	0.036	1.824
1.54374599457	0.5	0.048	1.712
1.54645800591	0.5	0.048	1.712
1.54916906357	0.54	0.056	1.576
1.55188107491	0.54	0.056	1.576
1.55459618568	0.564	0.056	1.46
1.55732512474	0.564	0.056	1.46
1.5600399971	0.604	0.052	1.308
1.56275510788	0.604	0.052	1.308
1.56547117233	0.632	0.068	1.172
1.56817698479	0.632	0.068	1.172
1.57088303566	0.648	0.056	1.012
1.57359313965	0.656	0.052	0.884
1.57631015778	0.656	0.052	0.884
1.57902503014	0.672	0.048	0.744
1.58173918724	0.672	0.048	0.744
1.58445215225	0.68	0.032	0.608
1.58716511726	0.68	0.032	0.608
1.58987808228	0.704	0.036	0.476
1.59259104729	0.704	0.036	0.476
1.59531116486	0.704	0.024	0.344
1.59802603722	0.704	0.024	0.344
1.60074901581	0.672	0.024	0.224
1.60346913338	0.672	0.024	0.224
1.60619115829	0.672	0.02	0.1
1.60890507698	0.672	0.02	0.1
1.61161899567	0.664	0.004	-0.016
1.61433506012	0.636	0.0	-0.132
1.61704301834	0.636	0.0	-0.132
1.61975216866	0.612	-0.016	-0.22
1.62246799469	0.612	-0.016	-0.22
1.62518596649	0.544	-0.016	-0.312
1.62790298462	0.544	-0.016	-0.312
1.63064312935	0.536	-0.044	-0.408
1.6333770752	0.536	-0.044	-0.408
1.636095047	0.5	-0.048	-0.472
1.63880705833	0.5	-0.048	-0.472
1.64153718948	0.452	-0.068	-0.532
1.64425897598	0.452	-0.068	-0.532
1.64697504044	0.396	-0.084	-0.588
1.64969205856	0.396	-0.084	-0.588
1.65240812302	0.372	-0.108	-0.644
1.65513110161	0.32	-0.108	-0.672
1.65785098076	0.32	-0.108	-0.672
1.66056799889	0.264	-0.148	-0.696
1.6632900238	0.264	-0.148	-0.696
1.66600704193	0.208	-0.144	-0.696
1.66872310638	0.208	-0.144	-0.696
1.67143797874	0.144	-0.172	-0.692
1.67416214943	0.144	-0.172	-0.692
1.67688798904	0.092	-0.172	-0.68
1.67961716652	0.092	-0.172	-0.68
1.68233799934	0.032	-0.188	-0.652
1.68506097794	0.032	-0.188	-0.652
1.68778014183	-0.024	-0.216	-0.612
1.69049811363	-0.024	-0.216	-0.612
1.69322109222	-0.092	-0.232	-0.572
1.69593906403	-0.156	-0.248	-0.5
1.69865298271	-0.156	-0.248	-0.5
1.70136713982	-0.212	-0.252	-0.436
1.70408606529	-0.212	-0.252	-0.436
1.70680499077	-0.268	-0.248	-0.356
1.7095220089	-0.268	-0.248	-0.356
1.71223902702	-0.312	-0.264	-0.26
1.71496319771	-0.312	-0.264	-0.26
1.71767997742	-0.376	-0.296	-0.152
1.72039604187	-0.376	-0.296	-0.152
1.72312116623	-0.432	-0.284	-0.06
1.72584104538	-0.432	-0.284	-0.06
1.72855806351	-0.472	-0.272	0.06
1.73127412796	-0.472	-0.272	0.06
1.73399615288	-0.524	-0.284	0.18
1.73671197891	-0.556	-0.304	0.3
1.73943018913	-0.556	-0.304	0.3
1.74214601517	-0.584	-0.304	0.436
1.74486899376	-0.584	-0.304	0.436
1.74759101868	-0.616	-0.304	0.576
1.75030708313	-0.616	-0.304	0.576
1.75307297707	-0.628	-0.288	0.708
1.75579214096	-0.628	-0.288	0.708
1.75850915909	-0.668	-0.296	0.864
1.76123905182	-0.668	-0.296	0.864
1.76396203041	-0.672	-0.292	1.008
1.76667618752	-0.672	-0.292	1.008
1.76939916611	-0.692	-0.292	1.156
1.77210998535	-0.712	-0.296	1.292
1.77483201027	-0.712	-0.296	1.292
1.77755618095	-0.716	-0.28	1.424
1.78027510643	-0.716	-0.28	1.424
1.78299808502	-0.72	-0.268	1.56
1.7857170105	-0.72	-0.268	1.56
1.78843402863	-0.704	-0.268	1.708
1.79115319252	-0.704	-0.268	1.708
1.79387712479	-0.696	-0.272	1.816
1.79659414291	-0.696	-0.272	1.816
1.79930996895	-0.684	-0.26	1.948
1.80202913284	-0.684	-0.26	1.948
1.80475211143	-0.664	-0.244	2.044
1.80748200417	-0.664	-0.244	2.044
1.81020307541	-0.644	-0.236	2.044
1.81292510033	-0.608	-0.224	2.044
1.81564211845	-0.608	-0.224	2.044
1.81836009026	-0.572	-0.22	2.044
1.82107615471	-0.572	-0.22	2.044
1.82379317284	-0.528	-0.212	2.044
1.82651019096	-0.528	-0.212	2.044
1.82923603058	-0.496	-0.18	2.044
1.83195304871	-0.496	-0.18	2.044
1.8346760273	-0.456	-0.172	2.044
1.83739209175	-0.456	-0.172	2.044
1.8401081562	-0.412	-0.156	2.044
1.84282517433	-0.412	-0.156	2.044
1.84554314613	-0.36	-0.144	2.044
1.84826111794	-0.36	-0.144	2.044
1.8510260582	-0.308	-0.116	2.044
1.85375118256	-0.244	-0.108	2.044
1.85646796227	-0.244	-0.108	2.044
1.85918712616	-0.212	-0.088	2.044
1.86190414429	-0.212	-0.088	2.044
1.86465406418	-0.144	-0.068	2.044
1.86737203598	-0.144	-0.068	2.044
1.87009000778	-0.088	-0.056	2.044
1.87280607224	-0.088	-0.056	2.044
1.87553119659	-0.024	-0.04	2.044
1.87824702263	-0.024	-0.04	2.044
1.88096404076	0.04	-0.032	2.044
1.88368701935	0.04	-0.032	2.044
1.88640213013	0.084	-0.012	2.044
1.88911700249	0.084	-0.012	2.044
1.89183306694	0.148	-0.016	2.044
1.89455914497	0.236	-0.012	2.044
1.89729404449	0.236	-0.012	2.044
1.90001010895	0.28	0.016	2.044
1.90272307396	0.28	0.016	2.044
1.90546298027	0.336	0.032	2.044
1.90817713737	0.336	0.032	2.044
1.91089010239	0.392	0.04	2.012
1.91361117363	0.392	0.04	2.012
1.91632413864	0.428	0.032	1.896
1.91903710365	0.428	0.032	1.896
1.92175102234	0.468	0.048	1.78
1.92447113991	0.468	0.048	1.78
1.92718696594	0.516	0.056	1.652
1.9299030304	0.516	0.056	1.652
1.93261599541	0.528	0.06	1.52
1.93534016609	0.588	0.04	1.388
1.93805503845	0.588	0.04	1.388
1.94076800346	0.608	0.052	1.248
1.94350814819	0.608	0.052	1.248
1.94622302055	0.64	0.052	1.1
1.94893717766	0.64	0.052	1.1
1.95165705681	0.648	0.064	0.98
1.95437717438	0.648	0.064	0.98
1.95708918571	0.676	0.052	0.832
1.9598031044	0.676	0.052	0.832
1.96251702309	0.688	0.048	0.696
1.96523308754	0.688	0.048	0.696
1.96793913841	0.696	0.036	0.556
1.97064399719	0.696	0.036	0.556
1.97335505486	0.692	0.036	0.416
1.97607207298	0.688	0.036	0.288
1.97879099846	0.688	0.036	0.288
1.98151397705	0.664	0.012	0.16
1.9842300415	0.664	0.012	0.16
1.98694396019	0.672	0.024	0.032
1.98965811729	0.672	0.024	0.032
1.99237012863	0.632	0.004	-0.064
1.99509215355	0.632	0.004	-0.064
1.99780702591	0.62	-0.004	-0.18
2.00052404404	0.62	-0.004	-0.18
2.00324606895	0.588	-0.028	-0.264
2.00596308708	0.588	-0.028	-0.264
2.00867915154	0.556	-0.028	-0.356
2.01139712334	0.556	-0.028	-0.356
2.01411914825	0.524	-0.044	-0.44
2.01683616638	0.48	-0.056	-0.52
2.01955604553	0.48	-0.056	-0.52
2.02227306366	0.428	-0.068	-0.56
2.02499508858	0.428	-0.068	-0.56
2.02771306038	0.38	-0.096	-0.628
2.03042912483	0.38	-0.096	-0.628
2.03315019608	0.332	-0.108	-0.656
2.03586697578	0.332	-0.108	-0.656
2.03858304024	0.288	-0.112	-0.676
2.04131817818	0.288	-0.112	-0.676
2.04404211044	0.232	-0.136	-0.7
2.04675912857	0.232	-0.136	-0.7
2.04947710037	0.176	-0.168	-0.716
2.05219697952	0.12	-0.184	-0.684
2.05492210388	0.12	-0.184	-0.684
2.05765318871	0.08	-0.204	-0.664
2.06037306786	0.08	-0.204	-0.664
2.06309819221	0.004	-0.188	-0.644
2.06581616402	0.004	-0.188	-0.644
2.06853199005	-0.056	-0.216	-0.588
2.0712480545	-0.056	-0.216	-0.588
2.07397413254	-0.116	-0.244	-0.528
2.07669115067	-0.116	-0.244	-0.528
2.07940816879	-0.18	-0.248	-0.464
2.08212709427	-0.18	-0.248	-0.464
2.08484506607	-0.24	-0.244	-0.4
2.0875620842	-0.24	-0.244	-0.4
2.09028100967	-0.304	-0.264	-0.316
2.09299898148	-0.356	-0.276	-0.2
2.09571504593	-0.356	-0.276	-0.2
2.09843206406	-0.404	-0.288	-0.112
2.1011800766	-0.404	-0.288	-0.112
2.10390305519	-0.448	-0.292	0.0
2.10661411285	-0.448	-0.292	0.0
2.10932302475	-0.488	-0.288	0.128
2.11204004288	-0.488	-0.288	0.128
2.11476397514	-0.548	-0.28	0.256
2.11747908592	-0.548	-0.28	0.256
2.12019515038	-0.56	-0.3	0.376
2.12291908264	-0.56	-0.3	0.376
2.12563514709	-0.604	-0.296	0.516
2.12835216522	-0.604	-0.296	0.516
2.13106918335	-0.632	-0.312	0.668
2.13380098343	-0.664	-0.292	0.796
2.13651800156	-0.664	-0.292	0.796
2.13923597336	-0.684	-0.296	0.936
2.14195108414	-0.684	-0.296	0.936
2.1446750164	-0.692	-0.3	1.084
2.14739608765	-0.692	-0.3	1.084
2.15011096001	-0.704	-0.308	1.22
2.15282797813	-0.704	-0.308	1.22
2.15555000305	-0.708	-0.28	1.352
2.15826797485	-0.708	-0.28	1.352
2.16098499298	-0.704	-0.272	1.516
2.16370916367	-0.704	-0.272	1.516
2.16641807556	-0.7	-0.256	1.616
2.16912817955	-0.7	-0.256	1.616
2.17183899879	-0.7	-0.272	1.76
2.17455196381	-0.692	-0.256	1.884
2.1772851944	-0.692	-0.256	1.884
2.18000197411	-0.688	-0.248	2.004
2.18271899223	-0.688	-0.248	2.004
2.18545603752	-0.652	-0.228	2.044
2.18817710876	-0.652	-0.228	2.044
2.19089412689	-0.628	-0.224	2.044
2.19361805916	-0.628	-0.224	2.044
2.19633698463	-0.596	-0.224	2.044
2.19905400276	-0.596	-0.224	2.044
2.20177412033	-0.56	-0.216	2.044
2.2044980526	-0.56	-0.216	2.044
2.20721316338	-0.504	-0.188	2.044
2.20994114876	-0.504	-0.188	2.044
2.21265912056	-0.464	-0.172	2.044
2.21538114548	-0.424	-0.16	2.044
2.21809911728	-0.424	-0.16	2.044
2.22081613541	-0.372	-0.156	2.044
2.2235519886	-0.372	-0.156	2.044
2.2262711525	-0.328	-0.132	2.044
2.22898817062	-0.328	-0.132	2.044
2.23170900345	-0.284	-0.104	2.044
2.23443412781	-0.284	-0.104	2.044
2.23715114594	-0.216	-0.1	2.044
2.23986816406	-0.216	-0.1	2.044
2.24258518219	-0.176	-0.068	2.044
2.24530911446	-0.176	-0.068	2.044
2.24802708626	-0.112	-0.064	2.044
2.25074505806	-0.112	-0.064	2.044
2.25346708298	-0.048	-0.048	2.044
2.2561841011	0.008	-0.028	2.044
2.25890111923	0.008	-0.028	2.044
2.26161599159	0.076	-0.016	2.044
2.26433205605	0.076	-0.016	2.044
2.26704907417	0.144	-0.012	2.044
2.26976418495	0.144	-0.012	2.044
2.27248215675	0.196	0.0	2.044
2.27519512177	0.196	0.0	2.044
2.27790117264	0.252	0.02	2.044
2.28061509132	0.252	0.02	2.044
2.2833340168	0.296	0.04	2.044
2.28605914116	0.296	0.04	2.044
2.28877305984	0.364	0.024	2.044
2.29148817062	0.364	0.024	2.044
2.29420804977	0.42	0.012	1.952
2.29692316055	0.456	0.04	1.828
2.29963803291	0.456	0.04	1.828
2.30235099792	0.504	0.036	1.7
2.30506515503	0.504	0.036	1.7
2.30777907372	0.532	0.052	1.568
2.31049203873	0.532	0.052	1.568
2.3132109642	0.576	0.052	1.432
2.31592798233	0.576	0.052	1.432
2.31864118576	0.624	0.052	1.3
2.32136702538	0.624	0.052	1.3
2.32408905029	0.632	0.048	1.168
2.32679510117	0.632	0.048	1.168
2.32950305939	0.656	0.064	1.004
2.33220911026	0.656	0.064	1.004
2.33492708206	0.66	0.056	0.884
2.33764696121	0.676	0.044	0.736
2.34036111832	0.676	0.044	0.736
2.34307909012	0.692	0.036	0.6
2.34579515457	0.692	0.036	0.6
2.34850811958	0.696	0.048	0.452
2.35122108459	0.696	0.048	0.452
2.35394215584	0.684	0.04	0.336
2.35665798187	0.684	0.04	0.336
2.3593711853	0.668	0.02	0.192
2.36209511757	0.668	0.02	0.192
2.36481118202	0.684	0.016	0.104
2.3675160408	0.684	0.016	0.104
2.37022209167	0.656	-0.024	-0.032
2.37293410301	0.656	-0.024	-0.032
2.37565398216	0.64	-0.004	-0.14
2.37838506699	0.608	-0.028	-0.236
2.38114309311	0.608	-0.028	-0.236
2.38386297226	0.56	-0.036	-0.328
2.38657999039	0.56	-0.036	-0.328
2.38929605484	0.536	-0.036	-0.408
2.39201211929	0.536	-0.036	-0.408
2.39473700523	0.504	-0.06	-0.48
2.39745306969	0.504	-0.06	-0.48
2.40017199516	0.468	-0.04	-0.568
2.40289497375	0.468	-0.04	-0.568
2.40561008453	0.408	-0.096	-0.608
2.40832614899	0.408	-0.096	-0.608
2.41104316711	0.364	-0.104	-0.632
2.41376614571	0.304	-0.116	-0.68
2.41648316383	0.304	-0.116	-0.68
2.41920018196	0.264	-0.12	-0.7
2.421916008	0.264	-0.12	-0.7
2.42466711998	0.208	-0.148	-0.708
2.42738604546	0.208	-0.148	-0.708
2.43010306358	0.14	-0.176	-0.7
2.43281817436	0.14	-0.176	-0.7
2.43553805351	0.068	-0.184	-0.676
2.43826508522	0.068	-0.184	-0.676
2.44098711014	0.024	-0.188	-0.644
2.44371199608	0.024	-0.188	-0.644
2.44642806053	-0.032	-0.208	-0.596
2.44914507866	-0.032	-0.208	-0.596
2.45186209679	-0.096	-0.236	-0.552
2.45458102226	-0.16	-0.252	-0.488
2.45730018616	-0.16	-0.252	-0.488
2.46001815796	-0.212	-0.256	-0.42
2.46273517609	-0.212	-0.256	-0.42
2.46547317505	-0.276	-0.26	-0.336
2.46819019318	-0.276	-0.26	-0.336
2.47090697289	-0.324	-0.272	-0.248
2.47364497185	-0.324	-0.272	-0.248
2.47636318207	-0.38	-0.28	-0.152
2.4790790081	-0.38	-0.28	-0.152
2.4817969799	-0.444	-0.284	-0.04
2.48452305794	-0.444	-0.284	-0.04
2.48724007607	-0.488	-0.284	0.092
2.48995900154	-0.488	-0.284	0.092
2.49267506599	-0.508	-0.292	0.196
2.49539899826	-0.56	-0.3	0.332
2.49811697006	-0.56	-0.3	0.332
2.50083208084	-0.596	-0.304	0.468
2.50355410576	-0.596	-0.304	0.468
2.50629210472	-0.62	-0.304	0.604
2.50900816917	-0.62	-0.304	0.604
2.51172614098	-0.648	-0.296	0.74
2.51445913315	-0.648	-0.296	0.74
2.51717615128	-0.672	-0.292	0.88
2.5198931694	-0.672	-0.292	0.88
2.52261018753	-0.692	-0.296	1.032
2.52533817291	-0.692	-0.296	1.032
2.52805519104	-0.7	-0.304	1.196
2.53077316284	-0.7	-0.304	1.196
2.53349614143	-0.716	-0.28	1.308
2.53621411324	-0.716	-0.284	1.456
2.53893208504	-0.716	-0.284	1.456
2.54164814949	-0.716	-0.276	1.588
2.54436612129	-0.716	-0.276	1.588
2.54708313942	-0.704	-0.272	1.724
2.54979896545	-0.704	-0.272	1.724
2.55251598358	-0.688	-0.28	1.848
2.55524015427	-0.688	-0.28	1.848
2.5579559803	-0.684	-0.24	1.968
2.56067299843	-0.684	-0.24	1.968
2.56339716911	-0.644	-0.236	2.044
2.56610608101	-0.644	-0.236	2.044
2.56881904602	-0.62	-0.232	2.044
2.57152819633	-0.62	-0.232	2.044
2.5742430687	-0.608	-0.22	2.044
2.57696413994	-0.564	-0.216	2.044
2.57968211174	-0.564	-0.216	2.044
2.58239912987	-0.532	-0.196	2.044
2.58511710167	-0.532	-0.196	2.044
2.58783507347	-0.488	-0.184	2.044
2.59056019783	-0.488	-0.184	2.044
2.5932841301	-0.44	-0.168	2.044
2.59600114822	-0.44	-0.168	2.044
2.59871697426	-0.412	-0.152	2.044
2.60143613815	-0.412	-0.152	2.044
2.60416007042	-0.344	-0.136	2.044
2.60687613487	-0.344	-0.136	2.044
2.60959911346	-0.288	-0.12	2.044
2.61231613159	-0.288	-0.12	2.044
2.61503911018	-0.228	-0.1	2.044
2.61775803566	-0.188	-0.084	2.044
2.62047410011	-0.188	-0.084	2.044
2.62319612503	-0.136	-0.072	2.044
2.62591409683	-0.136	-0.072	2.044
2.62862896919	-0.064	-0.048	2.044
2.63134503365	-0.064	-0.048	2.044
2.634070158	0.004	-0.032	2.044
2.63678598404	0.004	-0.032	2.044
2.63950109482	0.04	-0.02	2.044
2.64221715927	0.04	-0.02	2.044
2.64493918419	0.104	-0.016	2.044
2.64765501022	0.104	-0.016	2.044
2.65037202835	0.168	-0.008	2.044
2.65309715271	0.168	-0.008	2.044
2.65581297874	0.236	0.012	2.044
2.65852808952	0.288	0.028	2.044
2.66124105453	0.288	0.028	2.044
2.66395616531	0.34	0.036	2.044
2.66668105125	0.34	0.036	2.044
2.66939496994	0.38	0.04	1.984
2.67210912704	0.38	0.04	1.984
2.67483019829	0.44	0.04	1.872
2.67754197121	0.44	0.04	1.872
2.68025612831	0.488	0.052	1.748
2.68297815323	0.488	0.052	1.748
2.68569111824	0.528	0.056	1.62
2.68840503693	0.528	0.056	1.62
2.69111919403	0.548	0.068	1.488
2.69385099411	0.596	0.04	1.34
2.69659519196	0.596	0.04	1.34
2.69931197166	0.616	0.052	1.208
2.70202708244	0.616	0.052	1.208
2.70474910736	0.66	0.036	1.068
2.70746302605	0.66	0.036	1.068
2.71017718315	0.672	0.064	0.924
2.71289801598	0.672	0.064	0.924
2.71561217308	0.668	0.052	0.792
2.71832513809	0.668	0.052	0.792
2.72103905678	0.684	0.06	0.652
2.72375917435	0.684	0.06	0.652
2.72647213936	0.704	0.04	0.512
2.72918510437	0.704	0.04	0.512
2.73189902306	0.688	0.044	0.38
2.73469209671	0.672	0.028	0.244
2.73742413521	0.672	0.028	0.244
2.74013710022	0.66	0.016	0.132
2.74288797379	0.66	0.016	0.132
2.74561905861	0.644	0.0	0.012
2.74832510948	0.644	0.0	0.012
2.75102901459	0.636	0.008	-0.096
2.75375199318	0.636	0.008	-0.096
2.75646710396	0.628	-0.008	-0.2
2.75918316841	0.628	-0.008	-0.2
2.76190018654	0.592	-0.024	-0.28
2.76464700699	0.592	-0.024	-0.28
2.7673561573	0.548	-0.032	-0.376
2.77006602287	0.548	-0.032	-0.376
2.77277398109	0.516	-0.048	-0.464
2.77549314499	0.464	-0.056	-0.528
2.77821612358	0.464	-0.056	-0.528
2.78093314171	0.42	-0.08	-0.58
2.78365111351	0.42	-0.08	-0.58
2.78636908531	0.376	-0.1	-0.628
2.78908514977	0.376	-0.1	-0.628
2.79180216789	0.332	-0.1	-0.66
2.79452610016	0.332	-0.1	-0.66
2.79724216461	0.288	-0.124	-0.7
2.79995918274	0.288	-0.124	-0.7
2.80267596245	0.228	-0.148	-0.708
2.80539917946	0.228	-0.148	-0.708
2.80811619759	0.16	-0.168	-0.692
2.81083297729	0.16	-0.168	-0.692
2.81355619431	0.108	-0.176	-0.692
2.81627202034	0.056	-0.196	-0.656
2.81899809837	0.056	-0.196	-0.656
2.82171702385	-0.012	-0.2	-0.624
2.82443618774	-0.012	-0.2	-0.624
2.82715511322	-0.072	-0.216	-0.576
2.82987213135	-0.072	-0.216	-0.576
2.83258914948	-0.16	-0.224	-0.504
2.83530712128	-0.16	-0.224	-0.504
2.83802318573	-0.204	-0.26	-0.444
2.84073996544	-0.204	-0.26	-0.444
2.8434650898	-0.248	-0.248	-0.368
2.84618210793	-0.248	-0.248	-0.368
2.84889912605	-0.308	-0.252	-0.272
2.85161614418	-0.308	-0.252	-0.272
2.8543381691	-0.364	-0.288	-0.192
2.85705518723	-0.42	-0.284	-0.076
2.85977315903	-0.42	-0.284	-0.076
2.8624920845	-0.456	-0.284	0.04
2.8652150631	-0.456	-0.284	0.04
2.86793208122	-0.492	-0.308	0.168
2.87065005302	-0.492	-0.308	0.168
2.87339305878	-0.552	-0.284	0.292
2.8761100769	-0.552	-0.284	0.292
2.87882518768	-0.576	-0.304	0.424
2.88155317307	-0.576	-0.304	0.424
2.88427615166	-0.616	-0.3	0.564
2.88699197769	-0.616	-0.3	0.564
2.88971114159	-0.644	-0.308	0.7
2.89242815971	-0.644	-0.308	0.7
2.89516019821	-0.672	-0.296	0.844
2.89787817001	-0.688	-0.3	0.984
2.90059399605	-0.688	-0.3	0.984
2.90331697464	-0.692	-0.284	1.104
2.90604019165	-0.692	-0.284	1.104
2.90875697136	-0.708	-0.296	1.28
2.91147303581	-0.708	-0.296	1.28
2.91419816017	-0.716	-0.284	1.408
2.91691398621	-0.716	-0.284	1.408
2.91965103149	-0.696	-0.268	1.552
2.92238116264	-0.696	-0.268	1.552
2.92510509491	-0.712	-0.26	1.676
2.92782211304	-0.712	-0.26	1.676
2.93054008484	-0.696	-0.268	1.808
2.93326306343	-0.684	-0.252	1.924
2.93598008156	-0.684	-0.252	1.924
2.93869805336	-0.684	-0.244	2.044
2.94141411781	-0.684	-0.244	2.044
2.94413208961	-0.632	-0.244	2.044
2.94685316086	-0.632	-0.244	2.044
2.94957017899	-0.616	-0.228	2.044
2.95228600502	-0.616	-0.228	2.044
2.9550101757	-0.576	-0.216	2.044
2.95772600174	-0.576	-0.216	2.044
2.96044301987	-0.536	-0.208	2.044
2.96316719055	-0.536	-0.208	2.044
2.96587705612	-0.5	-0.184	2.044
2.96858310699	-0.5	-0.184	2.044
2.97129797935	-0.448	-0.164	2.044
2.97401213646	-0.416	-0.16	2.044
2.97673201561	-0.416	-0.16	2.044
2.97944808006	-0.36	-0.148	2.044
2.98216414452	-0.36	-0.148	2.044
2.98488616943	-0.312	-0.116	2.044
2.98760318756	-0.312	-0.116	2.044
2.99032211304	-0.256	-0.096	2.044
2.99304318428	-0.256	-0.096	2.044
2.99575901031	-0.192	-0.092	2.044
2.99847412109	-0.192	-0.092	2.044
3.00118899345	-0.148	-0.08	2.044
3.00391507149	-0.148	-0.08	2.044
3.00663018227	-0.08	-0.06	2.044
3.00934505463	-0.08	-0.06	2.044
3.01206016541	-0.016	-0.048	2.044
3.01478099823	0.028	-0.032	2.044
3.01749706268	0.028	-0.032	2.044
3.02021217346	0.088	-0.016	2.044
3.02293109894	0.088	-0.016	2.044
3.02569103241	0.164	-0.012	2.044
3.02841114998	0.164	-0.012	2.044
3.03113007545	0.212	0.004	2.044
3.03385305405	0.212	0.004	2.044
3.03656697273	0.272	0.028	2.044
3.03928017616	0.272	0.028	2.044
3.04199504852	0.324	0.04	2.044
3.04471516609	0.324	0.04	2.044
3.04743814468	0.38	0.028	2.012
3.05020213127	0.38	0.028	2.012
3.05292606354	0.424	0.036	1.9
3.05565500259	0.472	0.044	1.772
3.05837011337	0.472	0.044	1.772
3.06108307838	0.524	0.056	1.648
3.0637960434	0.524	0.056	1.648
3.06651115417	0.556	0.064	1.504
3.06922411919	0.556	0.064	1.504
3.07193803787	0.584	0.052	1.388
3.07472419739	0.584	0.052	1.388
3.07744002342	0.616	0.052	1.24
3.08015418053	0.616	0.052	1.24
3.08287000656	0.632	0.056	1.096
3.08558297157	0.632	0.056	1.096
3.088296175	0.668	0.056	0.96
3.09101009369	0.668	0.056	0.96
3.09372496605	0.672	0.048	0.828
3.09643912315	0.68	0.04	0.692
3.09915304184	0.68	0.04	0.692
3.10186505318	0.672	0.04	0.568
3.10457897186	0.672	0.04	0.568
3.10729312897	0.688	0.04	0.416
3.11000609398	0.688	0.04	0.416
3.11271905899	0.696	0.028	0.292
3.11544418335	0.696	0.028	0.292
3.11815810204	0.672	0.028	0.16
3.12087106705	0.672	0.028	0.16
3.1236000061	0.656	0.02	0.04
3.12631297112	0.656	0.02	0.04
3.12902617455	0.64	0.0	-0.072
3.13173508644	0.64	0.0	-0.072
3.13444805145	0.62	-0.004	-0.168
3.13716411591	0.592	-0.02	-0.276
3.13988304138	0.592	-0.02	-0.276
3.14259910583	0.56	-0.032	-0.36
3.1453230381	0.56	-0.032	-0.36
3.14804315567	0.512	-0.036	-0.44
3.1507589817	0.512	-0.036	-0.44
3.15348911285	0.476	-0.052	-0.512
3.156208992	0.476	-0.052	-0.512
3.15892910957	0.44	-0.092	-0.568
3.1616590023	0.44	-0.092	-0.568
3.1643819809	0.396	-0.096	-0.624
3.16709113121	0.396	-0.096	-0.624
3.16980004311	0.348	-0.092	-0.656
3.17250800133	0.348	-0.092	-0.656
3.17523002625	0.284	-0.112	-0.664
3.1779551506	0.24	-0.136	-0.696
3.18067312241	0.24	-0.136	-0.696
3.18339514732	0.176	-0.156	-0.696
3.1861140728	0.176	-0.156	-0.696
3.18883109093	0.112	-0.184	-0.692
3.19154715538	0.112	-0.184	-0.692
3.19427204132	0.056	-0.184	-0.66
3.19699001312	0.056	-0.184	-0.66
3.1997179985	-0.004	-0.184	-0.624
3.2024371624	-0.004	-0.184	-0.624
3.20516109467	-0.044	-0.216	-0.592
3.20787906647	-0.044	-0.216	-0.592
3.21059703827	-0.116	-0.26	-0.536
3.21332001686	-0.116	-0.26	-0.536
3.21603703499	-0.18	-0.244	-0.468
3.21875405312	-0.24	-0.244	-0.392
3.22147202492	-0.24	-0.244	-0.392
3.22419118881	-0.304	-0.256	-0.308
3.22691106796	-0.304	-0.256	-0.308
3.22962808609	-0.344	-0.288	-0.196
3.23234510422	-0.344	-0.288	-0.196
3.23506903648	-0.404	-0.276	-0.084
3.23778605461	-0.404	-0.276	-0.084
3.24050402641	-0.464	-0.284	0.016
3.24322509766	-0.464	-0.284	0.016
3.24594211578	-0.496	-0.288	0.132
3.24865818024	-0.496	-0.288	0.132
3.2513730526	-0.544	-0.292	0.268
3.25409507751	-0.572	-0.304	0.388
3.25681209564	-0.572	-0.304	0.388
3.2595281601	-0.608	-0.308	0.524
3.26224398613	-0.608	-0.308	0.524
3.26496601105	-0.652	-0.284	0.664
3.26768302917	-0.652	-0.284	0.664
3.27039909363	-0.652	-0.288	0.8
3.27312111855	-0.652	-0.288	0.8
3.27584910393	-0.672	-0.288	0.944
3.27856612206	-0.672	-0.288	0.944
3.28128218651	-0.692	-0.296	1.092
3.2840089798	-0.692	-0.296	1.092
3.28672599792	-0.712	-0.292	1.24
3.28946113586	-0.712	-0.292	1.24
3.29217910767	-0.732	-0.28	1.388
3.29490113258	-0.724	-0.28	1.504
3.29762816429	-0.724	-0.28	1.504
3.30034518242	-0.704	-0.272	1.636
3.30306696892	-0.704	-0.272	1.636
3.30578708649	-0.704	-0.268	1.776
3.30850410461	-0.704	-0.268	1.776
3.31122016907	-0.684	-0.264	1.9
3.31394410133	-0.684	-0.264	1.9
3.31666016579	-0.668	-0.232	2.012
3.31937813759	-0.668	-0.232	2.012
3.32209610939	-0.636	-0.232	2.044
3.32481503487	-0.636	-0.232	2.044
3.3275270462	-0.608	-0.228	2.044
3.33023715019	-0.608	-0.228	2.044
3.33295297623	-0.592	-0.224	2.044
3.33569312096	-0.568	-0.208	2.044
3.33841204643	-0.568	-0.208	2.044
3.34112906456	-0.52	-0.192	2.044
3.34384608269	-0.52	-0.192	2.044
3.34656405449	-0.468	-0.176	2.044
3.34928107262	-0.468	-0.176	2.044
3.35200810432	-0.428	-0.164	2.044
3.35473299026	-0.428	-0.164	2.044
3.35744905472	-0.372	-0.14	2.044
3.36016607285	-0.372	-0.14	2.044
3.36288809776	-0.32	-0.124	2.044
3.36559796333	-0.32	-0.124	2.044
3.36831116676	-0.268	-0.1	2.044
3.37102103233	-0.268	-0.1	2.044
3.37373518944	-0.2	-0.108	2.044
3.37646198273	-0.16	-0.08	2.044
3.37918615341	-0.16	-0.08	2.044
3.38191509247	-0.096	-0.064	2.044
3.38467597961	-0.096	-0.064	2.044
3.38739919662	-0.036	-0.048	2.044
3.39011907578	-0.036	-0.048	2.044
3.39283704758	0.024	-0.032	2.044
3.39558601379	0.024	-0.032	2.044
3.39830303192	0.072	-0.012	2.044
3.40101909637	0.072	-0.012	2.044
3.40374398232	0.144	-0.016	2.044
3.40646600723	0.144	-0.016	2.044
3.40918207169	0.216	0.0	2.044
3.41189408302	0.216	0.0	2.044
3.41463208199	0.26	0.02	2.044
3.41734814644	0.32	0.024	2.044
3.4200630188	0.32	0.024	2.044
3.42277598381	0.364	0.024	2.044
3.42550802231	0.364	0.024	2.044
3.42823505402	0.424	0.04	1.924
3.4309489727	0.424	0.04	1.924
3.43367004395	0.448	0.048	1.82
3.43638515472	0.448	0.048	1.82
3.43909811974	0.504	0.056	1.684
3.4418129921	0.504	0.056	1.684
3.44453215599	0.532	0.056	1.58
3.447245121	0.532	0.056	1.58
3.4500041008	0.564	0.052	1.416
3.45272397995	0.608	0.036	1.276
3.45544409752	0.608	0.036	1.276
3.45815896988	0.632	0.052	1.144
3.46087312698	0.632	0.052	1.144
3.46358704567	0.652	0.056	0.996
3.46630716324	0.652	0.056	0.996
3.46902108192	0.676	0.044	0.856
3.47173309326	0.676	0.044	0.856
3.47445416451	0.668	0.052	0.712
3.47716712952	0.668	0.052	0.712
3.4798810482	0.716	0.044	0.576
3.48259496689	0.716	0.044	0.576
3.48531413078	0.696	0.04	0.436
3.48802614212	0.696	0.04	0.436
3.49073910713	0.688	0.016	0.312
3.49345803261	0.664	0.004	0.184
3.49617600441	0.664	0.004	0.184
3.49888896942	0.648	0.028	0.044
3.50160217285	0.648	0.028	0.044
3.50432610512	0.644	0.012	-0.068
3.50704216957	0.644	0.012	-0.068
3.50975704193	0.616	-0.004	-0.152
3.51247310638	0.616	-0.004	-0.152
3.51519799232	0.58	-0.024	-0.244
3.51791405678	0.58	-0.024	-0.244
3.52063012123	0.56	-0.032	-0.36
3.52335309982	0.56	-0.032	-0.36
3.52606916428	0.52	-0.036	-0.44
3.52878499031	0.52	-0.036	-0.44
3.53150105476	0.488	-0.056	-0.504
3.53422307968	0.444	-0.064	-0.548
3.53694415092	0.444	-0.064	-0.548
3.53966212273	0.392	-0.088	-0.608
3.54237818718	0.392	-0.088	-0.608
3.54510116577	0.352	-0.108	-0.644
3.5478181839	0.352	-0.108	-0.644
3.55053400993	0.308	-0.128	-0.664
3.55325603485	0.308	-0.128	-0.664
3.55597305298	0.244	-0.12	-0.688
3.55868911743	0.244	-0.12	-0.688
3.56140518188	0.2	-0.168	-0.684
3.56412816048	0.2	-0.168	-0.684
3.56683707237	0.12	-0.176	-0.68
3.56954598427	0.12	-0.176	-0.68
3.57225418091	0.096	-0.184	-0.664
3.5749771595	0.008	-0.192	-0.636
3.5777130127	0.008	-0.192	-0.636
3.58044219017	-0.06	-0.212	-0.592
3.58316206932	-0.06	-0.212	-0.592
3.58588218689	-0.128	-0.232	-0.532
3.5885989666	-0.128	-0.232	-0.532
3.59131717682	-0.18	-0.24	-0.476
3.59404301643	-0.18	-0.24	-0.476
3.59676098824	-0.228	-0.248	-0.392
3.59947705269	-0.228	-0.248	-0.392
3.60220003128	-0.284	-0.264	-0.32
3.60492396355	-0.284	-0.264	-0.32
3.60764098167	-0.368	-0.272	-0.212
3.61036014557	-0.368	-0.272	-0.212
3.61308407784	-0.364	-0.296	-0.124
3.61580014229	-0.452	-0.288	0.0
3.61850905418	-0.452	-0.288	0.0
3.62122011185	-0.492	-0.288	0.116
3.62393808365	-0.492	-0.288	0.116
3.62667107582	-0.532	-0.288	0.224
3.62938809395	-0.532	-0.288	0.224
3.63210201263	-0.568	-0.288	0.372
3.63482618332	-0.568	-0.288	0.372
3.63754200935	-0.604	-0.284	0.516
3.64025712013	-0.604	-0.284	0.516
3.64298200607	-0.62	-0.304	0.64
3.64569807053	-0.62	-0.304	0.64
3.64841413498	-0.672	-0.28	0.784
3.65112996101	-0.672	-0.28	0.784
3.65385103226	-0.68	-0.296	0.936
3.65657711029	-0.692	-0.3	1.064
3.65929508209	-0.692	-0.3	1.064
3.66201019287	-0.7	-0.296	1.22
3.66473603249	-0.7	-0.296	1.22
3.66745209694	-0.712	-0.28	1.352
3.67017006874	-0.712	-0.28	1.352
3.67289304733	-0.716	-0.272	1.488
3.67561197281	-0.716	-0.272	1.488
3.67832803726	-0.72	-0.26	1.62
3.68104505539	-0.72	-0.26	1.62
3.68376708031	-0.704	-0.268	1.748
3.68648314476	-0.704	-0.268	1.748
3.68920016289	-0.696	-0.268	1.88
3.69191718102	-0.696	-0.268	1.88
3.69470596313	-0.676	-0.252	2.004
3.6974260807	-0.668	-0.232	2.044
3.70014405251	-0.668	-0.232	2.044
3.7028670311	-0.608	-0.248	2.044
3.70560216904	-0.608	-0.248	2.044
3.70832014084	-0.596	-0.228	2.044
3.71103811264	-0.596	-0.228	2.044
3.71376204491	-0.56	-0.212	2.044
3.71647906303	-0.56	-0.212	2.044
3.71919703484	-0.504	-0.188	2.044
3.72191500664	-0.504	-0.188	2.044
3.72466397285	-0.472	-0.172	2.044
3.72738099098	-0.472	-0.172	2.044
3.73009896278	-0.432	-0.168	2.044
3.73282408714	-0.38	-0.152	2.044
3.73555517197	-0.38	-0.152	2.044
3.73827505112	-0.344	-0.12	2.044
3.74099111557	-0.344	-0.12	2.044
3.74372816086	-0.272	-0.112	2.044
3.74644613266	-0.272	-0.112	2.044
3.74916601181	-0.224	-0.084	2.044
3.75188398361	-0.224	-0.084	2.044
3.75463414192	-0.18	-0.08	2.044
3.75735211372	-0.18	-0.08	2.044
3.76006817818	-0.108	-0.06	2.044
3.76278614998	-0.108	-0.06	2.044
3.76550507545	-0.048	-0.048	2.044
3.76821517944	-0.048	-0.048	2.044
3.77092504501	0.02	-0.036	2.044
3.77363610268	0.076	-0.02	2.044
3.77635502815	0.076	-0.02	2.044
3.77907109261	0.14	-0.02	2.044
3.78178596497	0.14	-0.02	2.044
3.78450298309	0.192	0.004	2.044
3.7872171402	0.192	0.004	2.044
3.789935112	0.244	0.02	2.044
3.79264903069	0.244	0.02	2.044
3.79537010193	0.3	0.024	2.044
3.79808402061	0.3	0.024	2.044
3.80079817772	0.36	0.04	2.044
3.80351901054	0.36	0.04	2.044
3.80623197556	0.416	0.024	1.944
3.80896615982	0.416	0.024	1.944
3.81168103218	0.46	0.036	1.812
3.81439900398	0.492	0.048	1.684
3.81711316109	0.492	0.048	1.684
3.81982803345	0.548	0.056	1.564
3.82254099846	0.548	0.056	1.564
3.82526111603	0.584	0.056	1.436
3.82797813416	0.584	0.056	1.436
3.83069610596	0.608	0.044	1.292
3.83341503143	0.608	0.044	1.292
3.83613109589	0.636	0.06	1.14
3.8388440609	0.636	0.06	1.14
3.84156417847	0.644	0.076	0.984
3.84428811073	0.644	0.076	0.984
3.84700012207	0.66	0.06	0.872
3.84971499443	0.66	0.06	0.872
3.85242819786	0.672	0.048	0.748
3.85514712334	0.684	0.04	0.6
3.85786104202	0.684	0.04	0.6
3.86057305336	0.696	0.036	0.452
3.86329317093	0.696	0.036	0.452
3.86600708961	0.692	0.032	0.328
3.86871910095	0.692	0.032	0.328
3.87143111229	0.676	0.028	0.184
3.87415719032	0.676	0.028	0.184
3.87687015533	0.656	0.012	0.088
3.87958312035	0.656	0.012	0.088
3.88229703903	0.648	0.016	-0.048
3.88502717018	0.648	0.016	-0.048
3.88775610924	0.62	-0.004	-0.148
3.89047312737	0.62	-0.004	-0.148
3.89319610596	0.6	-0.016	-0.252
3.89591217041	0.544	-0.032	-0.344
3.89867305756	0.544	-0.032	-0.344
3.90139102936	0.532	-0.044	-0.428
3.90410900116	0.532	-0.044	-0.428
3.90682601929	0.492	-0.06	-0.496
3.90954208374	0.492	-0.06	-0.496
3.91225910187	0.472	-0.06	-0.552
3.91498303413	0.472	-0.06	-0.552
3.91770815849	0.408	-0.1	-0.608
3.92042613029	0.408	-0.1	-0.608
3.92317318916	0.36	-0.104	-0.64
3.92589116096	0.36	-0.104	-0.64
3.92860817909	0.308	-0.108	-0.664
3.93132615089	0.308	-0.108	-0.664
3.93404316902	0.256	-0.14	-0.692
3.93676114082	0.196	-0.156	-0.7
3.93947815895	0.196	-0.156	-0.7
3.94219517708	0.124	-0.176	-0.684
3.94491910934	0.124	-0.176	-0.684
3.94763708115	0.06	-0.172	-0.66
3.9503531456	0.06	-0.172	-0.66
3.95307517052	0.024	-0.2	-0.636
3.95579218864	0.024	-0.2	-0.636
3.95851111412	-0.028	-0.216	-0.592
3.96124100685	-0.028	-0.216	-0.592
3.96396613121	-0.108	-0.236	-0.544
3.96667718887	-0.108	-0.236	-0.544
3.96938514709	-0.168	-0.244	-0.48
3.97209501266	-0.168	-0.244	-0.48
3.97481799126	-0.232	-0.248	-0.408
3.97756004333	-0.28	-0.252	-0.328
3.98027706146	-0.28	-0.252	-0.328
3.98300004005	-0.32	-0.296	-0.24
3.98572015762	-0.32	-0.296	-0.24
3.98843812943	-0.396	-0.292	-0.128
3.99115514755	-0.396	-0.292	-0.128
3.99388098717	-0.44	-0.284	-0.016
3.99659919739	-0.44	-0.284	-0.016
3.99931502342	-0.5	-0.272	0.1
4.00203108788	-0.5	-0.272	0.1
4.00475096703	-0.532	-0.312	0.22
4.00746703148	-0.532	-0.312	0.22
4.01018619537	-0.576	-0.304	0.364
4.01290917397	-0.576	-0.304	0.364
4.01562619209	-0.6	-0.3	0.492
4.01834416389	-0.628	-0.292	0.604
4.02105998993	-0.628	-0.292	0.604
4.02380108833	-0.656	-0.292	0.768
4.02652096748	-0.656	-0.292	0.768
4.02923703194	-0.664	-0.296	0.916
4.03195405006	-0.664	-0.296	0.916
4.03467798233	-0.688	-0.292	1.056
4.03740406036	-0.688	-0.292	1.056
4.04012203217	-0.724	-0.28	1.204
4.04288196564	-0.724	-0.28	1.204
4.04563307762	-0.72	-0.28	1.348
4.04835104942	-0.72	-0.28	1.348
4.0510699749	-0.724	-0.268	1.496
4.05379605293	-0.716	-0.272	1.612
4.05651402473	-0.716	-0.272	1.612
4.05923318863	-0.708	-0.28	1.752
4.06194996834	-0.708	-0.28	1.752
4.06469917297	-0.684	-0.272	1.88
4.06741809845	-0.684	-0.272	1.88
4.07013511658	-0.664	-0.248	1.984
4.07288002968	-0.664	-0.248	1.984
4.07560110092	-0.644	-0.244	2.044
4.07831716537	-0.644	-0.244	2.044
4.0810341835	-0.62	-0.22	2.044
4.08375310898	-0.62	-0.22	2.044
4.0864751339	-0.596	-0.212	2.044
4.0891931057	-0.596	-0.212	2.044
4.0919110775	-0.56	-0.208	2.044
4.09465718269	-0.524	-0.188	2.044
4.0973751545	-0.524	-0.188	2.044
4.1000931263	-0.48	-0.172	2.044
4.10280919075	-0.48	-0.172	2.044
4.10555696487	-0.432	-0.164	2.044
4.10827517509	-0.432	-0.164	2.044
4.11099219322	-0.376	-0.14	2.044
4.11373496056	-0.376	-0.14	2.044
4.11645317078	-0.332	-0.132	2.044
4.1191701889	-0.332	-0.132	2.044
4.12188911438	-0.252	-0.112	2.044
4.12463617325	-0.252	-0.112	2.044
4.12735700607	-0.216	-0.092	2.044
4.13007712364	-0.176	-0.088	2.044
4.13279414177	-0.176	-0.088	2.044
4.13551712036	-0.108	-0.068	2.044
4.13823699951	-0.108	-0.068	2.044
4.14095616341	-0.056	-0.044	2.044
4.14367604256	-0.056	-0.044	2.044
4.14639616013	-0.004	-0.044	2.044
4.14911413193	-0.004	-0.044	2.044
4.15183210373	0.068	-0.02	2.044
4.15455102921	0.068	-0.02	2.044
4.15728616714	0.132	-0.016	2.044
4.16000199318	0.132	-0.016	2.044
4.16271805763	0.2	-0.008	2.044
4.16543102264	0.2	-0.008	2.044
4.16813802719	0.252	0.02	2.044
4.17084908485	0.312	0.028	2.044
4.17356014252	0.312	0.028	2.044
4.17627811432	0.364	0.04	2.044
4.17899417877	0.364	0.04	2.044
4.18170809746	0.428	0.032	1.924
4.18442296982	0.428	0.032	1.924
4.1871380806	0.46	0.044	1.824
4.18986296654	0.46	0.044	1.824
4.19257807732	0.496	0.048	1.704
4.19529914856	0.496	0.048	1.704
4.19801306725	0.536	0.052	1.56
4.20072698593	0.536	0.052	1.56
4.20344805717	0.58	0.052	1.424
4.20616197586	0.58	0.052	1.424
4.20887517929	0.608	0.048	1.292
4.21159315109	0.636	0.052	1.152
4.21431612968	0.636	0.052	1.152
4.21703004837	0.644	0.056	1.02
4.21974515915	0.644	0.056	1.02
4.22245812416	0.664	0.052	0.872
4.22517800331	0.664	0.052	0.872
4.22789096832	0.684	0.044	0.728
4.23060417175	0.684	0.044	0.728
4.23332309723	0.688	0.048	0.6
4.23603606224	0.688	0.048	0.6
4.23874902725	0.696	0.044	0.476
4.24146199226	0.696	0.044	0.476
4.24418115616	0.696	0.04	0.328
4.24689412117	0.696	0.04	0.328
4.24962115288	0.668	0.02	0.204
4.25233602524	0.68	-0.004	0.072
4.25505518913	0.68	-0.004	0.072
4.25777196884	0.648	0.0	-0.028
4.26048016548	0.648	0.0	-0.028
4.26319313049	0.644	0.004	-0.144
4.2659201622	0.644	0.004	-0.144
4.26863503456	0.604	-0.024	-0.248
4.27135205269	0.604	-0.024	-0.248
4.27407598495	0.572	-0.036	-0.344
4.27679204941	0.572	-0.036	-0.344
4.27950811386	0.548	-0.036	-0.42
4.28222608566	0.548	-0.036	-0.42
4.28494811058	0.496	-0.048	-0.496
4.28766417503	0.496	-0.048	-0.496
4.29038214684	0.444	-0.056	-0.568
4.29310512543	0.396	-0.1	-0.608
4.29583215714	0.396	-0.1	-0.608
4.29855108261	0.34	-0.1	-0.648
4.30126810074	0.34	-0.1	-0.648
4.30398607254	0.304	-0.124	-0.676
4.30670309067	0.304	-0.124	-0.676
4.3094201088	0.248	-0.124	-0.692
4.31213712692	0.248	-0.124	-0.692
4.31486105919	0.196	-0.16	-0.692
4.31757616997	0.196	-0.16	-0.692
4.320291996	0.148	-0.172	-0.692
4.32301497459	0.148	-0.172	-0.692
4.32572412491	0.08	-0.168	-0.668
4.32843208313	0.08	-0.168	-0.668
4.33114218712	0.024	-0.188	-0.652
4.33385515213	-0.028	-0.204	-0.604
4.33657598495	-0.028	-0.204	-0.604
4.33929896355	-0.104	-0.24	-0.556
4.34202718735	-0.104	-0.24	-0.556
4.34475111961	-0.164	-0.264	-0.476
4.34747219086	-0.164	-0.264	-0.476
4.35019016266	-0.224	-0.248	-0.42
4.35291409492	-0.224	-0.248	-0.42
4.3556330204	-0.276	-0.256	-0.324
4.35835003853	-0.276	-0.256	-0.324
4.36106801033	-0.332	-0.276	-0.244
4.36379313469	-0.332	-0.276	-0.244
4.36650300026	-0.392	-0.292	-0.136
4.36921215057	-0.392	-0.292	-0.136
4.37192201614	-0.424	-0.284	-0.024
4.37470316887	-0.476	-0.284	0.096
4.37742304802	-0.476	-0.284	0.096
4.38014698029	-0.528	-0.28	0.232
4.38287115097	-0.528	-0.28	0.232
4.38560199738	-0.568	-0.296	0.356
4.3883190155	-0.568	-0.296	0.356
4.39103603363	-0.592	-0.292	0.488
4.39377307892	-0.592	-0.292	0.488
4.39649009705	-0.632	-0.304	0.628
4.3992061615	-0.632	-0.304	0.628
4.4019241333	-0.656	-0.284	0.76
4.404733181	-0.656	-0.284	0.76
4.40745210648	-0.68	-0.28	0.908
4.41017103195	-0.688	-0.3	1.048
4.41289496422	-0.688	-0.3	1.048
4.415610075	-0.696	-0.316	1.212
4.4183371067	-0.696	-0.316	1.212
4.42105412483	-0.712	-0.284	1.328
4.42377996445	-0.712	-0.284	1.328
4.42651796341	-0.72	-0.276	1.468
4.42923498154	-0.72	-0.276	1.468
4.43196415901	-0.704	-0.272	1.608
4.43468809128	-0.704	-0.272	1.608
4.43740415573	-0.696	-0.272	1.744
4.44012117386	-0.696	-0.272	1.744
4.44283914566	-0.684	-0.256	1.864
4.44562697411	-0.684	-0.256	1.864
4.44834518433	-0.684	-0.244	1.98
4.45106196404	-0.656	-0.232	2.044
4.45378518105	-0.656	-0.232	2.044
4.45650196075	-0.632	-0.22	2.044
4.45922017097	-0.632	-0.22	2.044
4.46193599701	-0.596	-0.22	2.044
4.46468710899	-0.596	-0.22	2.044
4.46740603447	-0.556	-0.208	2.044
4.47012209892	-0.556	-0.208	2.044
4.47283911705	-0.512	-0.188	2.044
4.47558712959	-0.512	-0.188	2.044
4.47830510139	-0.468	-0.184	2.044
4.48102211952	-0.468	-0.184	2.044
4.48374819756	-0.428	-0.156	2.044
4.48646497726	-0.428	-0.156	2.044
4.48918104172	-0.396	-0.152	2.044
4.49189901352	-0.336	-0.128	2.044
4.49465918541	-0.336	-0.128	2.044
4.49737715721	-0.292	-0.112	2.044
4.50009417534	-0.292	-0.112	2.044
4.50281000137	-0.228	-0.104	2.044
4.50553512573	-0.228	-0.104	2.044
4.50825500488	-0.192	-0.076	2.044
4.51097202301	-0.192	-0.076	2.044
4.5137090683	-0.112	-0.076	2.044
4.51642608643	-0.112	-0.076	2.044
4.51914310455	-0.044	-0.056	2.044
4.52187299728	-0.044	-0.056	2.044
4.52459001541	0.012	-0.036	2.044
4.52730703354	0.072	-0.016	2.044
4.53002405167	0.072	-0.016	2.044
4.53274011612	0.128	-0.012	2.044
4.53546214104	0.128	-0.012	2.044
4.53817796707	0.192	0.0	2.044
4.54088401794	0.192	0.0	2.044
4.54359602928	0.256	0.016	2.044
4.54631519318	0.256	0.016	2.044
4.54903197289	0.296	0.04	2.044
4.55174517632	0.296	0.04	2.044
4.55446815491	0.352	0.036	2.044
4.55718111992	0.352	0.036	2.044
4.55989313126	0.412	0.028	1.968
4.56260800362	0.412	0.028	1.968
4.56532502174	0.464	0.04	1.832
4.56803107262	0.464	0.04	1.832
4.57074809074	0.508	0.052	1.704
4.57346010208	0.544	0.048	1.568
4.57617807388	0.544	0.048	1.568
4.57889413834	0.56	0.068	1.436
4.58160710335	0.56	0.068	1.436
4.58432197571	0.616	0.056	1.304
4.58703613281	0.616	0.056	1.304
4.58974909782	0.632	0.052	1.16
4.59246611595	0.632	0.052	1.16
4.5951859951	0.656	0.052	1.036
4.59789896011	0.656	0.052	1.036
4.60061216354	0.652	0.052	0.884
4.60333299637	0.652	0.052	0.884
4.60604596138	0.664	0.032	0.74
4.60875797272	0.664	0.032	0.74
4.61147212982	0.688	0.036	0.604
4.6141910553	0.708	0.036	0.472
4.61690402031	0.708	0.036	0.472
4.61961817741	0.696	0.032	0.332
4.62233114243	0.696	0.032	0.332
4.62505102158	0.68	0.016	0.2
4.62776517868	0.68	0.016	0.2
4.63047719002	0.656	0.016	0.076
4.63320016861	0.656	0.016	0.076
4.63591504097	0.648	0.008	-0.02
4.63863015175	0.648	0.008	-0.02
4.64134502411	0.624	-0.008	-0.144
4.64406704903	0.624	-0.008	-0.144
4.64679312706	0.6	-0.028	-0.244
4.64951109886	0.6	-0.028	-0.244
4.65222811699	0.556	-0.028	-0.36
4.65495109558	0.524	-0.044	-0.42
4.65766906738	0.524	-0.044	-0.42
4.66038918495	0.492	-0.06	-0.496
4.66311097145	0.492	-0.06	-0.496
4.66583013535	0.452	-0.068	-0.56
4.66854715347	0.452	-0.068	-0.56
4.67126202583	0.408	-0.092	-0.624
4.67398619652	0.408	-0.092	-0.624
4.67670702934	0.356	-0.096	-0.64
4.67942404747	0.356	-0.096	-0.64
4.68214201927	0.308	-0.116	-0.672
4.68486618996	0.308	-0.116	-0.672
4.68758201599	0.244	-0.136	-0.688
4.69029903412	0.192	-0.164	-0.696
4.69302105904	0.192	-0.164	-0.696
4.69573807716	0.12	-0.176	-0.692
4.69846200943	0.12	-0.176	-0.692
4.70117807388	0.068	-0.188	-0.672
4.70389509201	0.068	-0.188	-0.672
4.70661306381	0.0	-0.192	-0.632
4.70932102203	0.0	-0.192	-0.632
4.71202898026	-0.044	-0.22	-0.588
4.71475410461	-0.044	-0.22	-0.588
4.71747517586	-0.112	-0.24	-0.548
4.72019219398	-0.112	-0.24	-0.548
4.72292613983	-0.16	-0.244	-0.488
4.72564411163	-0.16	-0.244	-0.488
4.72836112976	-0.216	-0.248	-0.408
4.73108005524	-0.284	-0.264	-0.328
4.73380303383	-0.284	-0.264	-0.328
4.73652100563	-0.336	-0.284	-0.216
4.73923897743	-0.336	-0.284	-0.216
4.74195599556	-0.396	-0.28	-0.12
4.74467897415	-0.396	-0.28	-0.12
4.74739718437	-0.452	-0.284	-0.008
4.75011396408	-0.452	-0.284	-0.008
4.7528321743	-0.492	-0.28	0.112
4.7556180954	-0.492	-0.28	0.112
4.75833702087	-0.556	-0.292	0.232
4.76105904579	-0.556	-0.292	0.232
4.76378297806	-0.564	-0.304	0.368
4.76649212837	-0.564	-0.304	0.368
4.76920104027	-0.596	-0.312	0.504
4.77191114426	-0.636	-0.304	0.644
4.77468919754	-0.636	-0.304	0.644
4.77740812302	-0.664	-0.288	0.776
4.78012704849	-0.664	-0.288	0.776
4.78287410736	-0.68	-0.3	0.932
4.78560519218	-0.68	-0.3	0.932
4.78832101822	-0.692	-0.288	1.072
4.79103708267	-0.692	-0.288	1.072
4.79377412796	-0.7	-0.288	1.228
4.79649209976	-0.7	-0.288	1.228
4.79921913147	-0.724	-0.272	1.356
4.80194115639	-0.724	-0.272	1.356
4.80468916893	-0.716	-0.28	1.5
4.80740308762	-0.716	-0.28	1.5
4.81011915207	-0.708	-0.276	1.624
4.81283712387	-0.696	-0.264	1.76
4.81558513641	-0.696	-0.264	1.76
4.81830406189	-0.684	-0.264	1.884
4.82102012634	-0.684	-0.264	1.884
4.82374310493	-0.672	-0.252	2.004
4.82646203041	-0.672	-0.252	2.004
4.83645701408	-0.62	-0.232	2.044
4.83925199509	-0.592	-0.212	2.044
4.84197616577	-0.592	-0.212	2.044
4.84471106529	-0.556	-0.204	2.044
4.84743213654	-0.556	-0.204	2.044
4.85015106201	-0.524	-0.172	2.044
4.85288405418	-0.524	-0.172	2.044
4.85560107231	-0.468	-0.172	2.044
4.85832118988	-0.468	-0.172	2.044
4.86104011536	-0.424	-0.164	2.044
4.86376309395	-0.376	-0.152	2.044
4.8664829731	-0.376	-0.152	2.044
4.86919903755	-0.316	-0.132	2.044
4.87191700935	-0.316	-0.132	2.044
4.87469005585	-0.272	-0.108	2.044
4.87740898132	-0.272	-0.108	2.044
4.88012599945	-0.216	-0.096	2.044
4.88287806511	-0.216	-0.096	2.044
4.88559603691	-0.16	-0.08	2.044
4.88831305504	-0.16	-0.08	2.044
4.89103102684	-0.104	-0.068	2.044
4.89376115799	-0.104	-0.068	2.044
4.89647817612	-0.04	-0.048	2.044
4.89919614792	0.016	-0.028	2.044
4.90191197395	0.016	-0.028	2.044
4.90466213226	0.056	-0.02	2.044
4.90737915039	0.056	-0.02	2.044
4.91009497643	0.14	-0.02	2.044
4.91281199455	0.14	-0.02	2.044
4.91553401947	0.2	0.008	2.044
4.91824698448	0.2	0.008	2.044
4.92096018791	0.264	0.04	2.044
4.92368102074	0.264	0.04	2.044
4.92639398575	0.316	0.028	2.044
4.92910814285	0.316	0.028	2.044
4.93182206154	0.364	0.028	2.044
4.93454217911	0.364	0.028	2.044
4.93726301193	0.424	0.04	1.928
4.93997812271	0.46	0.048	1.804
4.94269108772	0.46	0.048	1.804
4.94541215897	0.504	0.048	1.692
4.94812512398	0.504	0.048	1.692
4.95083904266	0.548	0.06	1.56
4.95355916023	0.548	0.06	1.56
4.95627212524	0.572	0.048	1.428
4.95899605751	0.572	0.048	1.428
4.9617099762	0.62	0.036	1.288
4.96443009377	0.62	0.036	1.288
4.96713709831	0.636	0.06	1.14
4.96984505653	0.636	0.06	1.14
4.97255110741	0.664	0.06	1.012
4.97527003288	0.664	0.06	1.012
4.97799396515	0.672	0.044	0.86
4.98076510429	0.684	0.048	0.716
4.98348808289	0.684	0.048	0.716
4.98620414734	0.692	0.044	0.572
4.9889190197	0.692	0.044	0.572
4.9916331768	0.692	0.056	0.436
4.99435400963	0.692	0.056	0.436
4.99706697464	0.676	0.036	0.316
4.99977898598	0.676	0.036	0.316
