Timestamp 	 X-Axis 	 Y-Axis 	 Z-Axis
0.000308036804199	0.504	-0.296	2.028
0.00337696075439	0.504	-0.296	2.028
0.00626015663147	0.528	-0.312	2.044
0.00914096832275	0.464	-0.284	2.044
0.0120179653168	0.464	-0.284	2.044
0.0149099826813	0.192	-0.204	2.044
0.0177891254425	0.192	-0.204	2.044
0.0206651687622	-0.104	-0.144	1.992
0.0235471725464	-0.104	-0.144	1.992
0.0264360904694	-0.36	-0.068	1.116
0.0293140411377	-0.504	0.024	0.22
0.0321869850159	-0.504	0.024	0.22
0.0350611209869	-0.564	0.064	-0.508
0.0379409790039	-0.564	0.064	-0.508
0.0408401489258	-0.532	0.052	-0.868
0.0437159538269	-0.532	0.052	-0.868
0.0465919971466	-0.356	0.004	-0.796
0.0494749546051	-0.356	0.004	-0.796
0.0523509979248	-0.024	-0.108	-0.316
0.0552270412445	0.244	-0.156	0.464
0.0581040382385	0.244	-0.156	0.464
0.0609781742096	0.42	-0.216	1.356
0.0638530254364	0.42	-0.216	1.356
0.0667321681976	0.524	-0.292	2.044
0.0696170330048	0.524	-0.292	2.044
0.0724999904633	0.52	-0.304	2.044
0.075394153595	0.412	-0.268	2.044
0.0782761573792	0.412	-0.268	2.044
0.0811700820923	0.144	-0.2	2.044
0.0840561389923	0.144	-0.2	2.044
0.0869500637054	-0.144	-0.116	1.812
0.0898339748383	-0.144	-0.116	1.812
0.0927159786224	-0.388	-0.036	0.944
0.0956001281738	-0.508	0.032	0.06
0.098482131958	-0.508	0.032	0.06
0.101361989975	-0.54	0.06	-0.596
0.104252099991	-0.54	0.06	-0.596
0.107141017914	-0.488	0.048	-0.896
0.110025167465	-0.488	0.048	-0.896
0.112907171249	-0.288	-0.004	-0.74
0.115797042847	-0.288	-0.004	-0.74
0.118680953979	0.008	-0.084	-0.192
0.121567964554	0.26	-0.16	0.632
0.124454021454	0.26	-0.16	0.632
0.127346038818	0.436	-0.252	1.528
0.130244970322	0.436	-0.252	1.528
0.133126974106	0.508	-0.3	2.044
0.136021137238	0.508	-0.3	2.044
0.138903141022	0.492	-0.308	2.044
0.141783952713	0.356	-0.256	2.044
0.144665002823	0.356	-0.256	2.044
0.147552967072	0.1	-0.188	2.044
0.150434970856	0.1	-0.188	2.044
0.153316020966	-0.2	-0.1	1.664
0.156200170517	-0.2	-0.1	1.664
0.159082174301	-0.412	-0.036	0.752
0.161973953247	-0.516	0.036	-0.096
0.164855957031	-0.516	0.036	-0.096
0.167739152908	-0.54	0.064	-0.688
0.170634031296	-0.54	0.064	-0.688
0.17352604866	-0.48	0.04	-0.888
0.176411151886	-0.48	0.04	-0.888
0.179299116135	-0.252	-0.024	-0.656
0.182182073593	0.064	-0.112	-0.04
0.185064077377	0.064	-0.112	-0.04
0.187951087952	0.324	-0.184	0.808
0.19083404541	0.324	-0.184	0.808
0.19371509552	0.476	-0.264	1.704
0.196603059769	0.476	-0.264	1.704
0.199485063553	0.528	-0.3	2.044
0.202366113663	0.528	-0.3	2.044
0.205248117447	0.504	-0.292	2.044
0.208135128021	0.336	-0.244	2.044
0.211030006409	0.336	-0.244	2.044
0.213912010193	0.016	-0.152	2.044
0.216794013977	0.016	-0.152	2.044
0.219679117203	-0.26	-0.092	1.5
0.222558021545	-0.26	-0.092	1.5
0.225443124771	-0.452	-0.012	0.58
0.22832608223	-0.544	0.044	-0.236
0.231209039688	-0.544	0.044	-0.236
0.234091043472	-0.568	0.064	-0.764
0.236974000931	-0.568	0.064	-0.764
0.239856004715	-0.452	0.024	-0.868
0.242748022079	-0.452	0.024	-0.868
0.245637178421	-0.18	-0.06	-0.552
0.248519182205	0.148	-0.14	0.12
0.251399993896	0.148	-0.14	0.12
0.254281044006	0.372	-0.192	0.988
0.257174968719	0.372	-0.192	0.988
0.260058164597	0.504	-0.272	1.864
0.26294708252	0.504	-0.272	1.864
0.265841007233	0.532	-0.312	2.044
0.268722057343	0.468	-0.296	2.044
0.271603107452	0.468	-0.296	2.044
0.274485111237	0.272	-0.22	2.044
0.277371168137	0.272	-0.22	2.044
0.280254125595	-0.052	-0.16	2.044
0.283136129379	-0.052	-0.16	2.044
0.286024093628	-0.304	-0.068	1.308
0.288907051086	-0.304	-0.068	1.308
0.291789054871	-0.484	0.0	0.396
0.294661998749	-0.548	0.048	-0.368
0.297549009323	-0.548	0.048	-0.368
0.300431966782	-0.528	0.06	-0.828
0.303313016891	-0.528	0.06	-0.828
0.306202173233	-0.4	0.004	-0.864
0.309091091156	-0.4	0.004	-0.864
0.31197309494	-0.12	-0.06	-0.456
0.314856052399	0.192	-0.132	0.276
0.317742109299	0.192	-0.132	0.276
0.320621967316	0.408	-0.216	1.188
0.323513031006	0.408	-0.216	1.188
0.326400995255	0.5	-0.284	2.032
0.329277992249	0.5	-0.284	2.032
0.332154989243	0.512	-0.312	2.044
0.335036039352	0.444	-0.284	2.044
0.337918996811	0.444	-0.284	2.044
0.340799093246	0.212	-0.208	2.044
0.343680143356	0.212	-0.208	2.044
0.346567153931	-0.104	-0.144	1.98
0.349450111389	-0.104	-0.144	1.98
0.352336168289	-0.356	-0.068	1.132
0.355220079422	-0.356	-0.068	1.132
0.358108997345	-0.484	0.004	0.216
0.360989093781	-0.544	0.068	-0.492
0.363871097565	-0.544	0.068	-0.492
0.366760969162	-0.524	0.056	-0.872
0.369644165039	-0.524	0.056	-0.872
0.37252497673	-0.36	-0.004	-0.792
0.375414133072	-0.36	-0.004	-0.792
0.37829709053	-0.04	-0.08	-0.336
0.381179094315	0.236	-0.148	0.456
0.384060144424	0.236	-0.148	0.456
0.386945962906	0.416	-0.236	1.36
0.38982796669	0.416	-0.236	1.36
0.3927090168	0.488	-0.304	2.044
0.395596027374	0.488	-0.304	2.044
0.3984811306	0.524	-0.312	2.044
0.401364088058	0.42	-0.268	2.044
0.404256105423	0.42	-0.268	2.044
0.407138109207	0.156	-0.204	2.044
0.410020112991	0.156	-0.204	2.044
0.412901163101	-0.164	-0.112	1.84
0.41578412056	-0.164	-0.112	1.84
0.418666124344	-0.38	-0.048	0.928
0.421547174454	-0.52	0.032	0.056
0.424427032471	-0.52	0.032	0.056
0.427355051041	-0.556	0.056	-0.596
0.430241107941	-0.556	0.056	-0.596
0.433123111725	-0.512	0.052	-0.888
0.436005115509	-0.512	0.052	-0.888
0.438887119293	-0.312	-0.024	-0.74
0.441780090332	-0.312	-0.024	-0.74
0.444664001465	0.004	-0.096	-0.184
0.447551965714	0.3	-0.176	0.628
0.450433969498	0.3	-0.176	0.628
0.453314065933	0.448	-0.248	1.54
0.456196069717	0.448	-0.248	1.54
0.459076166153	0.528	-0.3	2.044
0.461955070496	0.528	-0.3	2.044
0.464835166931	0.512	-0.308	2.044
0.467720985413	0.372	-0.256	2.044
0.470602035522	0.372	-0.256	2.044
0.473482131958	0.096	-0.184	2.044
0.476369142532	0.096	-0.184	2.044
0.479249954224	-0.22	-0.104	1.648
0.482131004333	-0.22	-0.104	1.648
0.485022068024	-0.424	-0.028	0.768
0.487913131714	-0.528	0.04	-0.092
0.490796089172	-0.528	0.04	-0.092
0.493677139282	-0.556	0.064	-0.7
0.496556997299	-0.556	0.064	-0.7
0.499438047409	-0.472	0.036	-0.888
0.502321004868	-0.472	0.036	-0.888
0.505202054977	-0.244	-0.036	-0.644
0.508090019226	0.072	-0.104	-0.024
0.510970115662	0.072	-0.104	-0.024
0.513849973679	0.332	-0.192	0.824
0.516736030579	0.332	-0.192	0.824
0.519616127014	0.492	-0.288	1.724
0.522495985031	0.492	-0.288	1.724
0.525382041931	0.512	-0.296	2.044
0.528263092041	0.512	-0.296	2.044
0.531147003174	0.476	-0.296	2.044
0.534028053284	0.32	-0.252	2.044
0.536910057068	0.32	-0.252	2.044
0.539791107178	0.024	-0.164	2.044
0.542670965195	0.024	-0.164	2.044
0.545557022095	-0.26	-0.1	1.468
0.548439025879	-0.26	-0.1	1.468
0.551321029663	-0.448	-0.028	0.572
0.554203033447	-0.532	0.064	-0.26
0.557090044022	-0.532	0.064	-0.26
0.559971094131	-0.54	0.072	-0.772
0.562852144241	-0.54	0.072	-0.772
0.565747976303	-0.432	0.024	-0.872
0.568629980087	-0.432	0.024	-0.872
0.571511983871	-0.176	-0.044	-0.556
0.574393987656	0.144	-0.124	0.132
0.577353000641	0.144	-0.124	0.132
0.580235958099	0.36	-0.192	1.004
0.583122968674	0.36	-0.192	1.004
0.586009979248	0.484	-0.276	1.884
0.588891029358	0.484	-0.276	1.884
0.591772079468	0.504	-0.308	2.044
0.594652175903	0.464	-0.292	2.044
0.597537994385	0.464	-0.292	2.044
0.600419044495	0.276	-0.236	2.044
0.603300094604	0.276	-0.236	2.044
0.606186151505	-0.052	-0.152	2.044
0.609068155289	-0.052	-0.152	2.044
0.61194896698	-0.324	-0.084	1.3
0.614830970764	-0.324	-0.084	1.3
0.617712974548	-0.484	-0.004	0.372
0.620604038239	-0.552	0.06	-0.392
0.623486995697	-0.552	0.06	-0.392
0.626374959946	-0.532	0.052	-0.84
0.62925696373	-0.532	0.052	-0.84
0.632137060165	-0.408	0.02	-0.848
0.635018110275	-0.408	0.02	-0.848
0.637901067734	-0.128	-0.052	-0.44
0.640788078308	0.2	-0.14	0.3
0.643666982651	0.2	-0.14	0.3
0.646562099457	0.416	-0.212	1.176
0.649444103241	0.416	-0.212	1.176
0.652325153351	0.508	-0.288	2.044
0.655205965042	0.508	-0.288	2.044
0.658087968826	0.532	-0.316	2.044
0.660968065262	0.452	-0.272	2.044
0.663849115372	0.452	-0.272	2.044
0.666740179062	0.212	-0.204	2.044
0.669620037079	0.212	-0.204	2.044
0.672502994537	-0.104	-0.148	1.976
0.675394058228	-0.104	-0.148	1.976
0.678276062012	-0.356	-0.072	1.096
0.681158065796	-0.356	-0.072	1.096
0.68404006958	-0.504	0.016	0.216
0.68692612648	-0.568	0.064	-0.516
0.689808130264	-0.568	0.064	-0.516
0.692689180374	-0.532	0.048	-0.872
0.69557595253	-0.532	0.048	-0.872
0.69845700264	-0.344	-0.004	-0.792
0.701339006424	-0.344	-0.004	-0.792
0.704221010208	-0.032	-0.076	-0.3
0.707108974457	0.248	-0.164	0.476
0.709998130798	0.248	-0.164	0.476
0.712879180908	0.424	-0.236	1.376
0.715767145157	0.424	-0.236	1.376
0.718647003174	0.54	-0.312	2.044
0.721527099609	0.54	-0.312	2.044
0.724406957626	0.528	-0.312	2.044
0.727375030518	0.408	-0.276	2.044
0.730260133743	0.408	-0.276	2.044
0.73313999176	0.132	-0.204	2.044
0.736021995544	0.132	-0.204	2.044
0.73890209198	-0.164	-0.12	1.8
0.741784095764	-0.164	-0.12	1.8
0.744665145874	-0.392	-0.044	0.896
0.747552156448	-0.512	0.036	0.032
0.750432014465	-0.512	0.036	0.032
0.753314971924	-0.58	0.068	-0.588
0.756201982498	-0.58	0.068	-0.588
0.759083986282	-0.5	0.048	-0.888
0.761962175369	-0.5	0.048	-0.888
0.764840126038	-0.288	-0.012	-0.712
0.767724990845	-0.288	-0.012	-0.712
0.770612955093	0.02	-0.1	-0.168
0.773493051529	0.288	-0.16	0.664
0.776375055313	0.288	-0.16	0.664
0.779273033142	0.444	-0.256	1.564
0.782154083252	0.444	-0.256	1.564
0.785035133362	0.52	-0.308	2.044
0.787922143936	0.52	-0.308	2.044
0.790807008743	0.512	-0.304	2.044
0.793688058853	0.36	-0.26	2.044
0.796576023102	0.36	-0.26	2.044
0.79945898056	0.092	-0.184	2.044
0.80234003067	0.092	-0.184	2.044
0.80522108078	-0.212	-0.108	1.624
0.808120012283	-0.212	-0.108	1.624
0.811002016068	-0.416	-0.02	0.724
0.813883066177	-0.516	0.04	-0.112
0.816764116287	-0.516	0.04	-0.112
0.819645166397	-0.548	0.068	-0.7
0.822525978088	-0.548	0.068	-0.7
0.825412034988	-0.464	0.056	-0.908
0.828294992447	-0.464	0.056	-0.908
0.831176042557	-0.252	-0.032	-0.64
0.834058046341	0.072	-0.124	-0.012
0.836941003799	0.072	-0.124	-0.012
0.839822053909	0.332	-0.196	0.848
0.842703104019	0.332	-0.196	0.848
0.845592021942	0.468	-0.26	1.724
0.848473072052	0.468	-0.26	1.724
0.851354122162	0.524	-0.312	2.044
0.854233026505	0.524	-0.312	2.044
0.857115030289	0.492	-0.296	2.044
0.859995126724	0.32	-0.252	2.044
0.862874031067	0.32	-0.252	2.044
0.865761041641	0.02	-0.156	2.044
0.868641138077	0.02	-0.156	2.044
0.871520996094	-0.276	-0.088	1.452
0.874402999878	-0.276	-0.088	1.452
0.877321958542	-0.448	-0.016	0.532
0.880203962326	-0.552	0.056	-0.268
0.883085012436	-0.552	0.056	-0.268
0.885967969894	-0.556	0.064	-0.776
0.888869047165	-0.556	0.064	-0.776
0.891752958298	-0.44	0.024	-0.876
0.894646167755	-0.44	0.024	-0.876
0.897530078888	-0.172	-0.056	-0.528
0.900413036346	0.152	-0.136	0.152
0.903293132782	0.152	-0.136	0.152
0.906174182892	0.38	-0.208	1.044
0.909054994583	0.38	-0.208	1.044
0.911935091019	0.496	-0.264	1.904
0.914816141129	0.496	-0.264	1.904
0.91770195961	0.548	-0.3	2.044
0.92058300972	0.0	0.0	0.0
0.923434972763	0.464	-0.296	2.044
0.926321029663	0.26	-0.22	2.044
0.929201126099	0.26	-0.22	2.044
0.932080984116	-0.076	-0.152	2.044
0.934967041016	-0.076	-0.152	2.044
0.937849998474	-0.316	-0.088	1.268
0.940732002258	-0.316	-0.088	1.268
0.943613052368	-0.48	-0.012	0.348
0.946501016617	-0.556	0.064	-0.416
0.949383020401	-0.556	0.064	-0.416
0.952264070511	-0.54	0.052	-0.832
0.955146074295	-0.54	0.052	-0.832
0.958034038544	-0.388	0.008	-0.836
0.960915088654	-0.388	0.008	-0.836
0.963797092438	-0.092	-0.068	-0.408
0.966679096222	0.212	-0.136	0.332
0.969570159912	0.212	-0.136	0.332
0.972450971603	0.4	-0.216	1.232
0.975331068039	0.4	-0.216	1.232
0.978218078613	0.508	-0.292	2.044
0.981099128723	0.508	-0.292	2.044
0.983980178833	0.52	-0.316	2.044
0.986862182617	0.44	-0.276	2.044
0.989742040634	0.44	-0.276	2.044
0.99262213707	0.2	-0.224	2.044
0.995501995087	0.2	-0.224	2.044
0.998382091522	-0.12	-0.136	1.96
1.00126314163	-0.12	-0.136	1.96
1.00414395332	-0.376	-0.068	1.084
1.0070309639	-0.376	-0.068	1.084
1.00991296768	-0.484	0.008	0.188
1.01279306412	-0.552	0.072	-0.52
1.01568007469	-0.552	0.072	-0.52
1.0185611248	-0.512	0.052	-0.872
1.02144408226	-0.512	0.052	-0.872
1.02435398102	-0.344	0.004	-0.78
1.02724313736	-0.344	0.004	-0.78
1.03012514114	-0.036	-0.084	-0.288
1.03300714493	0.26	-0.16	0.504
1.03588795662	0.26	-0.16	0.504
1.03876805305	0.42	-0.232	1.408
1.04164910316	0.42	-0.232	1.408
1.04453015327	0.504	-0.292	2.044
1.04741501808	0.504	-0.292	2.044
1.05030608177	0.52	-0.308	2.044
1.05318713188	0.4	-0.264	2.044
1.05606818199	0.4	-0.264	2.044
1.05894708633	0.148	-0.228	2.044
1.06182718277	0.148	-0.228	2.044
1.06470704079	-0.172	-0.12	1.784
1.06759810448	-0.172	-0.12	1.784
1.07048106194	-0.4	-0.032	0.88
1.07336306572	-0.4	-0.032	0.88
1.07677912712	-0.52	0.036	0.016
1.07966899872	-0.556	0.056	-0.624
1.08255314827	-0.556	0.056	-0.624
1.08544206619	-0.508	0.044	-0.88
1.0883231163	-0.508	0.044	-0.88
1.09120512009	-0.284	-0.024	-0.712
1.0940861702	0.016	-0.092	-0.148
1.09696912766	0.016	-0.092	-0.148
1.09985017776	0.308	-0.176	0.688
1.10273003578	0.308	-0.176	0.688
1.10561704636	0.46	-0.248	1.588
1.10849809647	0.46	-0.248	1.588
1.11137914658	0.54	-0.3	2.044
1.11426210403	0.512	-0.292	2.044
1.11714911461	0.512	-0.292	2.044
1.12003016472	0.356	-0.26	2.044
1.12291097641	0.356	-0.26	2.044
1.12580013275	0.08	-0.176	2.044
1.12868118286	0.08	-0.176	2.044
1.13157296181	-0.24	-0.112	1.62
1.13445615768	-0.24	-0.112	1.62
1.13734412193	-0.432	-0.032	0.696
1.14022612572	-0.536	0.048	-0.144
1.1431081295	-0.536	0.048	-0.144
1.14599609375	-0.564	0.072	-0.728
1.14887714386	-0.564	0.072	-0.728
1.15175795555	-0.468	0.032	-0.88
1.15463900566	-0.468	0.032	-0.88
1.15752506256	-0.232	-0.036	-0.624
1.16040706635	0.096	-0.12	0.016
1.16328716278	0.096	-0.12	0.016
1.1661670208	0.348	-0.18	0.876
1.16904711723	0.348	-0.18	0.876
1.17194700241	0.472	-0.256	1.76
1.1748290062	0.472	-0.256	1.76
1.17771100998	0.532	-0.3	2.044
1.18059206009	0.476	-0.288	2.044
1.18347215652	0.476	-0.288	2.044
1.1863591671	0.312	-0.236	2.044
1.18923807144	0.312	-0.236	2.044
1.19211816788	-0.004	-0.164	2.044
1.19500017166	-0.004	-0.164	2.044
1.19788599014	-0.268	-0.088	1.428
1.20076918602	-0.452	-0.024	0.52
1.20365405083	-0.452	-0.024	0.52
1.20654201508	-0.54	0.044	-0.28
1.20942306519	-0.54	0.044	-0.28
1.2123260498	-0.548	0.064	-0.788
1.21520805359	-0.548	0.064	-0.788
1.21809506416	-0.42	0.0	-0.864
1.22096800804	-0.42	0.0	-0.864
1.22384095192	-0.176	-0.068	-0.516
1.22672915459	0.156	-0.136	0.176
1.22960996628	0.156	-0.136	0.176
1.23249101639	0.376	-0.196	1.064
1.23537611961	0.376	-0.196	1.064
1.23825716972	0.492	-0.276	1.936
1.24113798141	0.492	-0.276	1.936
1.24401807785	0.512	-0.32	2.044
1.24690818787	0.464	-0.292	2.044
1.24978995323	0.464	-0.292	2.044
1.25267004967	0.252	-0.216	2.044
1.25555610657	0.252	-0.216	2.044
1.25843596458	-0.052	-0.152	2.044
1.26131701469	-0.052	-0.152	2.044
1.2641980648	-0.328	-0.076	1.24
1.26708602905	-0.472	0.012	0.328
1.26996612549	-0.472	0.012	0.328
1.27284598351	-0.556	0.068	-0.42
1.27573299408	-0.556	0.068	-0.42
1.27861499786	-0.532	0.056	-0.836
1.28149604797	-0.532	0.056	-0.836
1.28437709808	-0.384	0.008	-0.836
1.28725910187	-0.384	0.008	-0.836
1.290143013	-0.108	-0.064	-0.408
1.29303812981	0.192	-0.14	0.352
1.29592108727	0.192	-0.14	0.352
1.29880213737	0.412	-0.228	1.236
1.30168318748	0.412	-0.228	1.236
1.3045630455	0.5	-0.292	2.044
1.30744218826	0.5	-0.292	2.044
1.31031298637	0.532	-0.32	2.044
1.31318712234	0.44	-0.28	2.044
1.31606507301	0.44	-0.28	2.044
1.31895112991	0.196	-0.208	2.044
1.32183718681	0.196	-0.208	2.044
1.3247179985	-0.12	-0.136	1.924
1.32760596275	-0.12	-0.136	1.924
1.33048915863	-0.368	-0.068	1.06
1.33337116241	-0.512	0.024	0.172
1.33626699448	-0.512	0.024	0.172
1.33914804459	-0.56	0.072	-0.536
1.34203004837	-0.56	0.072	-0.536
1.34491300583	-0.52	0.048	-0.876
1.34779500961	-0.52	0.048	-0.876
1.35067510605	-0.336	-0.016	-0.776
1.35355710983	-0.028	-0.08	-0.272
1.35644602776	-0.028	-0.08	-0.272
1.35932803154	0.268	-0.164	0.516
1.36220812798	0.268	-0.164	0.516
1.36508798599	0.436	-0.228	1.408
1.36797308922	0.436	-0.228	1.408
1.37085413933	0.528	-0.3	2.044
1.37374401093	0.528	-0.3	2.044
1.37662601471	0.524	-0.312	2.044
1.37950611115	0.392	-0.256	2.044
1.3823890686	0.392	-0.256	2.044
1.38526916504	0.136	-0.196	2.044
1.38815617561	0.136	-0.196	2.044
1.39103603363	-0.176	-0.108	1.772
1.39391803741	-0.176	-0.108	1.772
1.39680600166	-0.392	-0.04	0.864
1.3996860981	-0.516	0.028	0.024
1.40256714821	-0.516	0.028	0.024
1.40544700623	-0.556	0.06	-0.64
1.40832901001	-0.556	0.06	-0.64
1.41121006012	-0.488	0.048	-0.892
1.41409111023	-0.488	0.048	-0.892
1.41697311401	-0.268	-0.02	-0.708
1.41985607147	0.032	-0.104	-0.128
1.42273712158	0.032	-0.104	-0.128
1.42562699318	0.296	-0.168	0.692
1.42850708961	0.296	-0.168	0.692
1.43138813972	0.44	-0.24	1.592
1.43427014351	0.44	-0.24	1.592
1.43715000153	0.524	-0.312	2.044
1.44003200531	0.524	-0.312	2.044
1.44291305542	0.5	-0.3	2.044
1.4457950592	0.348	-0.248	2.044
1.44867610931	0.348	-0.248	2.044
1.45155715942	0.084	-0.188	2.044
1.45444703102	0.084	-0.188	2.044
1.45736312866	-0.224	-0.12	1.596
1.46024513245	-0.224	-0.12	1.596
1.46312713623	-0.424	-0.028	0.688
1.4660141468	-0.528	0.044	-0.152
1.46889615059	-0.528	0.044	-0.152
1.47178816795	-0.556	0.064	-0.716
1.47467017174	-0.556	0.064	-0.716
1.47755718231	-0.46	0.04	-0.88
1.480437994	-0.46	0.04	-0.88
1.48331999779	-0.252	-0.036	-0.616
1.48620915413	0.084	-0.12	0.02
1.48908901215	0.084	-0.12	0.02
1.49196815491	0.34	-0.188	0.892
1.49484801292	0.34	-0.188	0.892
1.49772810936	0.476	-0.26	1.78
1.50060915947	0.476	-0.26	1.78
1.50348901749	0.532	-0.312	2.044
1.50637698174	0.488	-0.296	2.044
1.50925707817	0.488	-0.296	2.044
1.51213717461	0.308	-0.236	2.044
1.51502203941	0.308	-0.236	2.044
1.51790809631	0.008	-0.156	2.044
1.52080011368	0.008	-0.156	2.044
1.52368116379	-0.28	-0.084	1.432
1.52656912804	-0.28	-0.084	1.432
1.52945017815	-0.452	-0.004	0.508
1.53233098984	-0.54	0.06	-0.296
1.53522205353	-0.54	0.06	-0.296
1.53811001778	-0.564	0.064	-0.788
1.54099106789	-0.564	0.064	-0.788
1.543872118	-0.428	0.012	-0.876
1.54675912857	-0.428	0.012	-0.876
1.54964113235	-0.164	-0.06	-0.508
1.55252313614	0.16	-0.128	0.184
1.55540895462	0.16	-0.128	0.184
1.55829000473	0.392	-0.208	1.064
1.56117415428	0.392	-0.208	1.064
1.5640540123	0.472	-0.256	1.944
1.56693601608	0.472	-0.256	1.944
1.56982016563	0.536	-0.312	2.044
1.57269906998	0.46	-0.28	2.044
1.5755879879	0.46	-0.28	2.044
1.57846999168	0.256	-0.224	2.044
1.58134913445	0.256	-0.224	2.044
1.58422803879	-0.068	-0.152	2.044
1.58711600304	-0.068	-0.152	2.044
1.58999800682	-0.34	-0.08	1.224
1.5928800106	-0.484	0.0	0.312
1.59575915337	-0.484	0.0	0.312
1.59863209724	-0.544	0.044	-0.428
1.60151314735	-0.544	0.044	-0.428
1.60440015793	-0.532	0.056	-0.848
1.60735607147	-0.532	0.056	-0.848
1.61023902893	-0.38	0.0	-0.84
1.61311197281	-0.38	0.0	-0.84
1.61600208282	-0.092	-0.064	-0.392
1.61888718605	0.216	-0.144	0.372
1.62176799774	0.216	-0.144	0.372
1.62464809418	0.412	-0.22	1.268
1.62753510475	0.412	-0.22	1.268
1.63041615486	0.496	-0.296	2.044
1.63329601288	0.496	-0.296	2.044
1.63617801666	0.536	-0.308	2.044
1.6390581131	0.432	-0.28	2.044
1.64193797112	0.432	-0.28	2.044
1.64481806755	0.18	-0.212	2.044
1.64770412445	0.18	-0.212	2.044
1.65060114861	-0.128	-0.136	1.932
1.65348315239	-0.128	-0.136	1.932
1.65636610985	-0.368	-0.044	1.02
1.65924811363	-0.504	0.032	0.128
1.66212797165	-0.504	0.032	0.128
1.66500711441	-0.54	0.064	-0.54
1.66789507866	-0.54	0.064	-0.54
1.67077612877	-0.508	0.048	-0.872
1.67365598679	-0.508	0.048	-0.872
1.67654395103	-0.324	-0.004	-0.764
1.67942595482	-0.324	-0.004	-0.764
1.6823079586	-0.032	-0.084	-0.256
1.68518996239	0.268	-0.168	0.544
1.68807506561	0.268	-0.168	0.544
1.69095396996	0.424	-0.232	1.464
1.69383716583	0.424	-0.232	1.464
1.6967279911	0.504	-0.3	2.044
1.69960999489	0.504	-0.3	2.044
1.70249009132	0.516	-0.312	2.044
1.70537614822	0.388	-0.248	2.044
1.70825815201	0.388	-0.248	2.044
1.71114015579	0.128	-0.188	2.044
1.71402096748	0.128	-0.188	2.044
1.71690702438	-0.18	-0.12	1.744
1.71978902817	-0.18	-0.12	1.744
1.72267508507	-0.392	-0.044	0.836
1.72556114197	-0.508	0.044	-0.036
1.72846698761	-0.508	0.044	-0.036
1.73134899139	-0.56	0.068	-0.652
1.73423099518	-0.56	0.068	-0.652
1.73711204529	-0.492	0.036	-0.896
1.73999714851	-0.492	0.036	-0.896
1.7428791523	-0.276	-0.032	-0.688
1.74577116966	0.044	-0.104	-0.108
1.7486550808	0.044	-0.104	-0.108
1.75153613091	0.308	-0.18	0.74
1.75441598892	0.308	-0.18	0.74
1.75737309456	0.456	-0.252	1.636
1.76025509834	0.456	-0.252	1.636
1.76313614845	0.536	-0.316	2.044
1.76602315903	0.536	-0.316	2.044
1.76890301704	0.516	-0.3	2.044
1.77178311348	0.336	-0.244	2.044
1.7746629715	0.336	-0.244	2.044
1.7775580883	0.064	-0.164	2.044
1.78044009209	0.064	-0.164	2.044
1.78332400322	-0.244	-0.096	1.568
1.78621315956	-0.244	-0.096	1.568
1.78909397125	-0.432	-0.024	0.648
1.79197502136	-0.536	0.044	-0.188
1.79485607147	-0.536	0.044	-0.188
1.79774212837	-0.56	0.084	-0.756
1.80062413216	-0.56	0.084	-0.756
1.80350518227	-0.452	0.008	-0.884
1.80639195442	-0.452	0.008	-0.884
1.80927395821	-0.2	-0.048	-0.596
1.81215596199	0.104	-0.12	0.068
1.81503605843	0.104	-0.12	0.068
1.81791710854	0.356	-0.188	0.932
1.82079696655	0.356	-0.188	0.932
1.82367610931	0.492	-0.264	1.824
1.82656311989	0.492	-0.264	1.824
1.8294479847	0.54	-0.308	2.044
1.83232712746	0.472	-0.296	2.044
1.83520817757	0.472	-0.296	2.044
1.83809018135	0.288	-0.232	2.044
1.84096908569	0.288	-0.232	2.044
1.84384918213	-0.012	-0.168	2.044
1.84673595428	-0.012	-0.168	2.044
1.84961700439	-0.296	-0.084	1.372
1.85249900818	-0.296	-0.084	1.372
1.85538601875	-0.472	-0.012	0.448
1.85830903053	-0.54	0.048	-0.336
1.86119198799	-0.54	0.048	-0.336
1.8640730381	-0.544	0.052	-0.808
1.86696004868	-0.544	0.052	-0.808
1.86984205246	-0.4	0.016	-0.86
1.87272715569	-0.4	0.016	-0.86
1.87561511993	-0.148	-0.056	-0.476
1.87849807739	0.172	-0.136	0.228
1.8813791275	0.172	-0.136	0.228
1.88425898552	0.392	-0.208	1.116
1.88714599609	0.392	-0.208	1.116
1.89002609253	0.496	-0.276	1.984
1.89290714264	0.496	-0.276	1.984
1.89579296112	0.528	-0.312	2.044
1.89867401123	0.464	-0.292	2.044
1.90155410767	0.464	-0.292	2.044
1.90443396568	0.216	-0.204	2.044
1.90738415718	0.216	-0.204	2.044
1.91026616096	-0.076	-0.152	2.036
1.91314816475	-0.076	-0.152	2.036
1.91603803635	-0.344	-0.068	1.184
1.91892409325	-0.496	0.008	0.272
1.92180395126	-0.496	0.008	0.272
1.9246840477	-0.56	0.068	-0.476
1.9275701046	-0.56	0.068	-0.476
1.93045210838	-0.54	0.056	-0.856
1.9333319664	-0.54	0.056	-0.856
1.93621516228	-0.376	0.004	-0.836
1.93910717964	-0.376	0.004	-0.836
1.9419901371	-0.044	-0.096	-0.348
1.94487214088	0.228	-0.148	0.416
1.9477519989	0.228	-0.148	0.416
1.95063209534	0.42	-0.232	1.312
1.95351099968	0.42	-0.232	1.312
1.95639300346	0.504	-0.288	2.044
1.9592730999	0.504	-0.288	2.044
1.96221399307	0.544	-0.328	2.044
1.96509814262	0.428	-0.268	2.044
1.96798396111	0.428	-0.268	2.044
1.97086501122	0.168	-0.216	2.044
1.97374510765	0.168	-0.216	2.044
1.97662615776	-0.136	-0.112	1.864
1.97950816154	-0.136	-0.112	1.864
1.98239016533	-0.388	-0.04	0.988
1.98527216911	-0.512	0.028	0.104
1.98815798759	-0.512	0.028	0.104
1.99103808403	-0.568	0.068	-0.572
1.99391913414	-0.568	0.068	-0.572
1.99680614471	-0.528	0.056	-0.892
1.99968910217	-0.528	0.056	-0.892
2.00257015228	-0.312	-0.008	-0.764
2.00545907021	-0.016	-0.092	-0.22
2.00834417343	-0.016	-0.092	-0.22
2.01122617722	0.28	-0.164	0.588
2.01410603523	0.28	-0.164	0.588
2.01698708534	0.44	-0.24	1.484
2.01988601685	0.44	-0.24	1.484
2.02276706696	0.516	-0.304	2.044
2.02565407753	0.516	-0.304	2.044
2.02853512764	0.52	-0.3	2.044
2.03141498566	0.388	-0.26	2.044
2.03429603577	0.388	-0.26	2.044
2.03717708588	0.108	-0.196	2.044
2.04005813599	0.108	-0.196	2.044
2.0429391861	-0.2	-0.112	1.708
2.04582715034	-0.2	-0.112	1.708
2.04870915413	-0.416	-0.024	0.796
2.05159306526	-0.516	0.048	-0.06
2.05447506905	-0.516	0.048	-0.06
2.05736112595	-0.548	0.064	-0.676
2.06024312973	-0.548	0.064	-0.676
2.06312513351	-0.492	0.04	-0.888
2.06601309776	-0.492	0.04	-0.888
2.06889510155	-0.248	-0.016	-0.684
2.07177710533	0.06	-0.108	-0.072
2.07465910912	0.06	-0.108	-0.072
2.07754516602	0.32	-0.18	0.776
2.08042597771	0.32	-0.18	0.776
2.08330702782	0.464	-0.248	1.672
2.08619403839	0.464	-0.248	1.672
2.08907413483	0.52	-0.308	2.044
2.09195399284	0.52	-0.308	2.044
2.09483504295	0.492	-0.304	2.044
2.0977230072	0.328	-0.248	2.044
2.10061407089	0.328	-0.248	2.044
2.103495121	0.052	-0.176	2.044
2.10638213158	0.052	-0.176	2.044
2.10926318169	-0.24	-0.104	1.52
2.11214399338	-0.24	-0.104	1.52
2.11502504349	-0.436	-0.024	0.604
2.11791205406	-0.528	0.048	-0.216
2.12079405785	-0.528	0.048	-0.216
2.12367510796	-0.564	0.076	-0.748
2.12656402588	-0.564	0.076	-0.748
2.12944507599	-0.444	0.032	-0.888
2.1323261261	-0.444	0.032	-0.888
2.13520812988	-0.2	-0.048	-0.568
2.13809609413	0.124	-0.096	0.072
2.14097809792	0.124	-0.096	0.072
2.14385795593	0.36	-0.192	0.968
2.14674401283	0.36	-0.192	0.968
2.14962410927	0.488	-0.268	1.844
2.15250515938	0.488	-0.268	1.844
2.15538716316	0.528	-0.304	2.044
2.15826797485	0.48	-0.296	2.044
2.16114997864	0.48	-0.296	2.044
2.16403007507	0.288	-0.232	2.044
2.16691112518	0.288	-0.232	2.044
2.16979217529	-0.024	-0.16	2.044
2.17267298698	-0.024	-0.16	2.044
2.17556095123	-0.316	-0.076	1.356
2.17844295502	-0.316	-0.076	1.356
2.18133497238	-0.472	-0.016	0.42
2.18421697617	-0.548	0.052	-0.364
2.18711018562	-0.548	0.052	-0.364
2.18999195099	-0.548	0.06	-0.82
2.1928730011	-0.548	0.06	-0.82
2.19576001167	-0.42	0.004	-0.848
2.19864106178	-0.42	0.004	-0.848
2.20152211189	-0.136	-0.064	-0.476
2.204403162	0.184	-0.132	0.264
2.20736718178	0.184	-0.132	0.264
2.21025013924	0.42	-0.228	1.156
2.21313095093	0.42	-0.228	1.156
2.21601295471	0.508	-0.284	2.004
2.21889400482	0.508	-0.284	2.004
2.22177410126	0.532	-0.304	2.044
2.22465395927	0.46	-0.28	2.044
2.22757005692	0.46	-0.28	2.044
2.23045611382	0.22	-0.224	2.044
2.23333716393	0.22	-0.224	2.044
2.23621797562	-0.096	-0.156	2.008
2.2390999794	-0.096	-0.156	2.008
2.24198198318	-0.352	-0.052	1.14
2.24486303329	-0.496	0.012	0.228
2.24774813652	-0.496	0.012	0.228
2.25062918663	-0.552	0.056	-0.48
2.25350999832	-0.552	0.056	-0.48
2.25639200211	-0.528	0.048	-0.868
2.25927400589	-0.528	0.048	-0.868
2.26216411591	-0.352	-0.004	-0.816
2.26504611969	-0.352	-0.004	-0.816
2.26793408394	-0.06	-0.072	-0.324
2.27081799507	0.24	-0.152	0.448
2.27369713783	0.24	-0.152	0.448
2.27658700943	0.424	-0.224	1.344
2.27946901321	0.424	-0.224	1.344
2.28234910965	0.512	-0.292	2.044
2.28523015976	0.512	-0.292	2.044
2.28811597824	0.524	-0.312	2.044
2.29099702835	0.42	-0.26	2.044
2.29387712479	0.42	-0.26	2.044
2.2967581749	0.144	-0.196	2.044
2.29963803291	0.144	-0.196	2.044
2.30251908302	-0.14	-0.148	1.844
2.30540513992	-0.14	-0.148	1.844
2.30827999115	-0.384	-0.052	0.952
2.31115412712	-0.5	0.028	0.068
2.31402301788	-0.5	0.028	0.068
2.31689596176	-0.548	0.064	-0.596
2.31978416443	-0.548	0.064	-0.596
2.32266616821	-0.52	0.04	-0.88
2.32555508614	-0.52	0.04	-0.88
2.32843613625	-0.296	-0.012	-0.736
2.33131814003	-0.296	-0.012	-0.736
2.33420109749	0.004	-0.096	-0.192
2.33708310127	0.272	-0.152	0.632
2.33996295929	0.272	-0.152	0.632
2.34285211563	0.444	-0.248	1.54
2.34573912621	0.444	-0.248	1.54
2.34862017632	0.516	-0.296	2.044
2.35150003433	0.516	-0.296	2.044
2.35438108444	0.504	-0.3	2.044
2.35726118088	0.368	-0.26	2.044
2.36014318466	0.368	-0.26	2.044
2.36302399635	0.096	-0.18	2.044
2.36591315269	0.096	-0.18	2.044
2.36879396439	-0.216	-0.104	1.644
2.3716750145	-0.216	-0.104	1.644
2.37455606461	-0.416	-0.064	0.74
2.37743711472	-0.524	0.048	-0.1
2.3803191185	-0.524	0.048	-0.1
2.38320016861	-0.56	0.072	-0.704
2.38608813286	-0.56	0.072	-0.704
2.38896918297	-0.484	0.04	-0.892
2.39184999466	-0.484	0.04	-0.892
2.39473199844	-0.248	-0.044	-0.64
2.39761900902	0.076	-0.112	-0.02
2.40050005913	0.076	-0.112	-0.02
2.40338206291	0.332	-0.196	0.828
2.40626311302	0.332	-0.196	0.828
2.40914607048	0.48	-0.256	1.716
2.41202712059	0.48	-0.256	1.716
2.41490697861	0.532	-0.3	2.044
2.41779208183	0.532	-0.3	2.044
2.42067313194	0.5	-0.284	2.044
2.42355895042	0.328	-0.24	2.044
2.42644715309	0.328	-0.24	2.044
2.42932915688	0.024	-0.152	2.044
2.43220901489	0.024	-0.152	2.044
2.435090065	-0.276	-0.092	1.476
2.43797516823	-0.276	-0.092	1.476
2.4408621788	-0.464	-0.012	0.552
2.44374418259	-0.548	0.04	-0.252
2.44663214684	-0.548	0.04	-0.252
2.44951200485	-0.548	0.064	-0.776
2.45239400864	-0.548	0.064	-0.776
2.45527696609	-0.432	0.012	-0.872
2.45816612244	-0.432	0.012	-0.872
2.46104717255	-0.176	-0.06	-0.536
2.46392798424	0.144	-0.128	0.148
2.46681308746	0.144	-0.128	0.148
2.4696931839	0.376	-0.2	1.028
2.47257304192	0.376	-0.2	1.028
2.47545909882	0.5	-0.272	1.904
2.47833609581	0.5	-0.272	1.904
2.48121213913	0.52	-0.296	2.044
2.48409295082	0.52	-0.296	2.044
2.48697900772	0.468	-0.296	2.044
2.48985815048	0.26	-0.216	2.044
2.49273896217	0.26	-0.216	2.044
2.49562501907	-0.052	-0.156	2.044
2.49851107597	-0.052	-0.156	2.044
2.50139212608	-0.328	-0.072	1.26
2.50428295135	-0.328	-0.072	1.26
2.50717115402	-0.48	0.004	0.364
2.51005005836	-0.548	0.06	-0.404
2.5129301548	-0.548	0.06	-0.404
2.51581716537	-0.532	0.056	-0.832
2.51869797707	-0.532	0.056	-0.832
2.5215780735	-0.384	0.008	-0.84
2.5244910717	-0.384	0.008	-0.84
2.52737998962	-0.104	-0.04	-0.424
2.5302631855	0.192	-0.14	0.332
2.53314304352	0.192	-0.14	0.332
2.53602409363	0.404	-0.236	1.228
2.53890514374	0.404	-0.236	1.228
2.54178595543	0.492	-0.276	2.044
2.54466915131	0.492	-0.276	2.044
2.54755496979	0.504	-0.312	2.044
2.5504360199	0.436	-0.288	2.044
2.55331707001	0.436	-0.288	2.044
2.55620408058	0.196	-0.216	2.044
2.55908417702	0.196	-0.216	2.044
2.56196403503	-0.104	-0.14	1.956
2.56484603882	-0.104	-0.14	1.956
2.56773304939	-0.356	-0.064	1.08
2.57061505318	-0.356	-0.064	1.08
2.57349705696	-0.488	0.02	0.168
2.5763771534	-0.544	0.068	-0.52
2.57925915718	-0.544	0.068	-0.52
2.5821390152	-0.516	0.048	-0.868
2.58503103256	-0.516	0.048	-0.868
2.58792114258	-0.34	-0.008	-0.788
2.59080410004	-0.34	-0.008	-0.788
2.59368610382	-0.028	-0.088	-0.284
2.59657406807	0.252	-0.156	0.512
2.59945416451	0.252	-0.156	0.512
2.60233616829	0.428	-0.232	1.408
2.60521697998	0.428	-0.232	1.408
2.60809898376	0.524	-0.3	2.044
2.61097812653	0.524	-0.3	2.044
2.61385798454	0.516	-0.308	2.044
2.61673903465	0.412	-0.264	2.044
2.61961913109	0.412	-0.264	2.044
2.6225001812	0.128	-0.2	2.044
2.62538599968	0.128	-0.2	2.044
2.62826609612	-0.172	-0.12	1.784
2.6311480999	-0.172	-0.12	1.784
2.6340341568	-0.4	-0.036	0.892
2.63691616058	-0.52	0.044	0.02
2.6397960186	-0.52	0.044	0.02
2.64267611504	-0.544	0.056	-0.636
2.64556312561	-0.544	0.056	-0.636
2.64844512939	-0.504	0.044	-0.892
2.6513261795	-0.504	0.044	-0.892
2.6542069912	-0.276	-0.016	-0.712
2.65709114075	-0.276	-0.016	-0.712
2.65997314453	0.032	-0.108	-0.14
2.66285300255	0.304	-0.188	0.68
2.66575098038	0.304	-0.188	0.68
2.66863203049	0.46	-0.248	1.592
2.6715130806	0.46	-0.248	1.592
2.67439413071	0.536	-0.304	2.044
2.67732310295	0.536	-0.304	2.044
2.68020510674	0.476	-0.304	2.044
2.68308615685	0.352	-0.248	2.044
2.68597316742	0.352	-0.248	2.044
2.68885397911	0.072	-0.176	2.044
2.69173502922	0.072	-0.176	2.044
2.69461512566	-0.232	-0.1	1.612
2.69750213623	-0.232	-0.1	1.612
2.70038414001	-0.436	-0.012	0.7
2.70326495171	-0.532	0.044	-0.156
2.70615315437	-0.532	0.044	-0.156
2.70903396606	-0.56	0.06	-0.72
2.71191501617	-0.56	0.06	-0.72
2.71479701996	-0.464	0.024	-0.904
2.71768403053	-0.464	0.024	-0.904
2.72056508064	-0.224	-0.036	-0.636
2.72345113754	-0.224	-0.036	-0.636
2.72634005547	0.096	-0.108	0.028
2.7292201519	0.34	-0.192	0.888
2.73210000992	0.34	-0.192	0.888
2.73498010635	0.484	-0.26	1.768
2.73786497116	0.484	-0.26	1.768
2.74074602127	0.52	-0.304	2.044
2.74362611771	0.52	-0.304	2.044
2.74652218819	0.48	-0.296	2.044
2.74940299988	0.316	-0.232	2.044
2.75228404999	0.316	-0.232	2.044
2.75516414642	0.004	-0.16	2.044
2.758051157	0.004	-0.16	2.044
2.76093006134	-0.28	-0.088	1.404
2.76381206512	-0.28	-0.088	1.404
2.76670312881	-0.448	-0.02	0.496
2.7695851326	-0.544	0.056	-0.304
2.77246618271	-0.544	0.056	-0.304
2.77541613579	-0.544	0.064	-0.804
2.77834296227	-0.544	0.064	-0.804
2.78123617172	-0.424	0.016	-0.864
2.7841219902	-0.424	0.016	-0.864
2.78701400757	-0.144	-0.056	-0.496
2.78989815712	0.156	-0.12	0.188
2.79278206825	0.156	-0.12	0.188
2.79567313194	0.38	-0.208	1.088
2.79855513573	0.38	-0.208	1.088
2.80143713951	0.488	-0.28	1.956
2.80432200432	0.488	-0.28	1.956
2.80720996857	0.52	-0.316	2.044
2.81010818481	0.468	-0.288	2.044
2.8129940033	0.468	-0.288	2.044
2.81588315964	0.252	-0.22	2.044
2.81878113747	0.252	-0.22	2.044
2.82166409492	-0.072	-0.152	2.044
2.82454800606	-0.072	-0.152	2.044
2.82744717598	-0.332	-0.06	1.212
2.83032512665	-0.332	-0.06	1.212
2.83320212364	-0.5	0.012	0.308
2.83607816696	-0.556	0.064	-0.444
2.83896517754	-0.556	0.064	-0.444
2.84186911583	-0.556	0.068	-0.84
2.84475207329	-0.556	0.068	-0.84
2.84764099121	-0.388	0.004	-0.828
2.85052514076	-0.388	0.004	-0.828
2.85340714455	-0.088	-0.08	-0.384
2.8563041687	0.22	-0.148	0.372
2.8592171669	0.22	-0.148	0.372
2.86210012436	0.412	-0.22	1.272
2.86498308182	0.412	-0.22	1.272
2.86787104607	0.516	-0.284	2.044
2.87075209618	0.516	-0.284	2.044
2.87363409996	0.524	-0.316	2.044
2.87652301788	0.452	-0.284	2.044
2.87940502167	0.452	-0.284	2.044
2.88228797913	0.176	-0.212	2.044
2.88516998291	0.176	-0.212	2.044
2.88806509972	-0.128	-0.144	1.896
2.89094996452	-0.128	-0.144	1.896
2.89383196831	-0.384	-0.048	1.016
2.89671802521	-0.516	0.024	0.124
2.89960002899	-0.516	0.024	0.124
2.90248417854	-0.552	0.06	-0.56
2.90537214279	-0.552	0.06	-0.56
2.90826416016	-0.512	0.044	-0.872
2.91114807129	-0.512	0.044	-0.872
2.91403603554	-0.336	0.0	-0.756
2.91691708565	-0.336	0.0	-0.756
2.91979217529	-0.016	-0.088	-0.236
2.92267608643	0.28	-0.16	0.556
2.92556405067	0.28	-0.16	0.556
2.92844605446	0.44	-0.244	1.468
2.93132805824	0.44	-0.244	1.468
2.93420910835	0.52	-0.292	2.044
2.93709301949	0.52	-0.292	2.044
2.93997597694	0.508	-0.3	2.044
2.94285798073	0.384	-0.272	2.044
2.94574999809	0.384	-0.272	2.044
2.94863295555	0.12	-0.212	2.044
2.95151400566	0.12	-0.212	2.044
2.95439815521	-0.196	-0.116	1.72
2.95731806755	-0.196	-0.116	1.72
2.96020197868	-0.404	-0.036	0.816
2.96308517456	-0.516	0.036	-0.052
2.96597313881	-0.516	0.036	-0.052
2.96885609627	-0.54	0.064	-0.664
2.97173905373	-0.54	0.064	-0.664
2.97462105751	-0.476	0.044	-0.896
2.97751116753	-0.476	0.044	-0.896
2.98039507866	-0.26	-0.032	-0.672
2.98327803612	0.056	-0.08	-0.092
2.98617815971	0.056	-0.08	-0.092
2.98907017708	0.312	-0.18	0.752
2.99195599556	0.312	-0.18	0.752
2.99483895302	0.464	-0.268	1.664
2.99772810936	0.464	-0.268	1.664
3.00061011314	0.524	-0.32	2.044
3.00349402428	0.524	-0.32	2.044
3.00638198853	0.496	-0.292	2.044
3.00926399231	0.332	-0.252	2.044
3.01214599609	0.332	-0.252	2.044
3.0150270462	0.044	-0.172	2.044
3.01793217659	0.044	-0.172	2.044
3.02081513405	-0.26	-0.092	1.536
3.02374005318	-0.26	-0.092	1.536
3.02663516998	-0.432	-0.024	0.616
3.02951312065	-0.544	0.048	-0.212
3.03238916397	-0.544	0.048	-0.212
3.03526997566	-0.556	0.056	-0.752
3.03816199303	-0.556	0.056	-0.752
3.04104804993	-0.456	0.008	-0.88
3.04393410683	-0.456	0.008	-0.88
3.04682517052	-0.204	-0.04	-0.584
3.04971003532	0.116	-0.12	0.08
3.05259299278	0.116	-0.12	0.08
3.05548214912	0.352	-0.192	0.96
3.05836701393	0.352	-0.192	0.96
3.06124997139	0.496	-0.268	1.828
3.06413412094	0.496	-0.268	1.828
3.06702399254	0.516	-0.316	2.044
3.0699160099	0.48	-0.3	2.044
3.07280015945	0.48	-0.3	2.044
3.07568907738	0.288	-0.224	2.044
3.07857298851	0.288	-0.224	2.044
3.08146095276	-0.024	-0.16	2.044
3.08434605598	-0.024	-0.16	2.044
3.08723711967	-0.296	-0.088	1.352
3.09012317657	-0.296	-0.088	1.352
3.09300708771	-0.476	-0.008	0.424
3.09591007233	-0.548	0.048	-0.36
3.0988240242	-0.548	0.048	-0.36
3.10170817375	-0.548	0.056	-0.812
3.10459303856	-0.548	0.056	-0.812
3.10748410225	-0.416	0.012	-0.86
3.11036801338	-0.416	0.012	-0.86
3.11325216293	-0.12	-0.076	-0.448
3.1161441803	0.184	-0.14	0.252
3.11902618408	0.184	-0.14	0.252
3.12192106247	0.4	-0.212	1.144
3.12480902672	0.4	-0.212	1.144
3.12770104408	0.496	-0.284	2.008
3.1305911541	0.496	-0.284	2.008
3.13347506523	0.532	-0.308	2.044
3.13635802269	0.456	-0.288	2.044
3.13924217224	0.456	-0.288	2.044
3.14212417603	0.228	-0.212	2.044
3.14500617981	0.228	-0.212	2.044
3.14789700508	-0.096	-0.128	1.988
3.15079116821	-0.096	-0.128	1.988
3.15367507935	-0.352	-0.08	1.152
3.15656113625	-0.488	0.004	0.236
3.15944314003	-0.488	0.004	0.236
3.16232800484	-0.556	0.068	-0.476
3.16521310806	-0.556	0.068	-0.476
3.16809797287	-0.524	0.044	-0.864
3.17098712921	-0.524	0.044	-0.864
3.17387008667	-0.368	-0.012	-0.8
3.17675495148	-0.06	-0.072	-0.332
3.17964100838	-0.06	-0.072	-0.332
3.18252515793	0.212	-0.144	0.444
3.18541312218	0.212	-0.144	0.444
3.18829607964	0.416	-0.236	1.348
3.19117808342	0.416	-0.236	1.348
3.19407200813	0.512	-0.292	2.044
3.19696211815	0.512	-0.292	2.044
3.19984412193	0.516	-0.308	2.044
3.20273303986	0.408	-0.268	2.044
3.2056210041	0.408	-0.268	2.044
3.20850515366	0.152	-0.204	2.044
3.21138715744	0.152	-0.204	2.044
3.21427416801	-0.144	-0.128	1.852
3.2171599865	-0.144	-0.128	1.852
3.22004413605	-0.368	-0.056	0.94
3.22292804718	-0.508	0.024	0.068
3.2258169651	-0.508	0.024	0.068
3.22869300842	-0.556	0.072	-0.592
3.23157811165	-0.556	0.072	-0.592
3.23449397087	-0.508	0.052	-0.884
3.23742413521	-0.508	0.052	-0.884
3.24031496048	-0.312	-0.028	-0.752
3.24320101738	0.0	-0.092	-0.196
3.24608302116	0.0	-0.092	-0.196
3.24895906448	0.288	-0.172	0.624
3.25184106827	0.288	-0.172	0.624
3.25472307205	0.432	-0.24	1.524
3.25761318207	0.432	-0.24	1.524
3.26050114632	0.524	-0.316	2.044
3.26338195801	0.508	-0.304	2.044
3.2662730217	0.508	-0.304	2.044
3.26915502548	0.368	-0.256	2.044
3.27203798294	0.368	-0.256	2.044
3.27492308617	0.096	-0.176	2.044
3.27781200409	0.096	-0.176	2.044
3.28069496155	-0.216	-0.104	1.676
3.28358006477	-0.216	-0.104	1.676
3.2864689827	-0.416	-0.028	0.76
3.28935408592	-0.508	0.028	-0.084
3.29223895073	-0.508	0.028	-0.084
3.29512214661	-0.56	0.064	-0.692
3.29802107811	-0.56	0.064	-0.692
3.30090403557	-0.48	0.048	-0.896
3.30379104614	-0.48	0.048	-0.896
3.30668401718	-0.248	-0.032	-0.656
3.30956816673	0.072	-0.12	-0.044
3.31246113777	0.072	-0.12	-0.044
3.31540608406	0.32	-0.184	0.808
3.31829404831	0.32	-0.184	0.808
3.32117795944	0.468	-0.26	1.712
3.32406210899	0.468	-0.26	1.712
3.32695102692	0.532	-0.308	2.044
3.3298330307	0.492	-0.304	2.044
3.33271598816	0.492	-0.304	2.044
3.33560299873	0.324	-0.252	2.044
3.33848810196	0.324	-0.252	2.044
3.34136915207	0.02	-0.16	2.044
3.34425210953	0.02	-0.16	2.044
3.34714102745	-0.284	-0.092	1.488
3.35002708435	-0.452	-0.024	0.56
3.35291218758	-0.452	-0.024	0.56
3.35580205917	-0.54	0.056	-0.244
3.35868501663	-0.54	0.056	-0.244
3.36156702042	-0.552	0.072	-0.776
3.36444997787	-0.552	0.072	-0.776
3.36734199524	-0.432	0.012	-0.868
3.37022805214	-0.432	0.012	-0.868
3.37311196327	-0.188	-0.056	-0.548
3.37600111961	0.144	-0.116	0.124
3.3788831234	0.144	-0.116	0.124
3.38176512718	0.368	-0.216	1.016
3.38464713097	0.368	-0.216	1.016
3.38753700256	0.492	-0.276	1.88
3.39041900635	0.492	-0.276	1.88
3.39332795143	0.524	-0.308	2.044
3.39621806145	0.464	-0.288	2.044
3.39909315109	0.464	-0.288	2.044
3.40196800232	0.276	-0.236	2.044
3.40484404564	0.276	-0.236	2.044
3.40773105621	-0.048	-0.156	2.044
3.4106221199	-0.048	-0.156	2.044
3.41350507736	-0.316	-0.08	1.292
3.41639113426	-0.472	0.008	0.384
3.41927504539	-0.472	0.008	0.384
3.42215704918	-0.552	0.06	-0.388
3.42504000664	-0.552	0.06	-0.388
3.42792701721	-0.528	0.056	-0.832
3.43080115318	-0.528	0.056	-0.832
3.43367600441	-0.396	0.004	-0.844
3.43655705452	-0.124	-0.068	-0.452
3.43944716454	-0.124	-0.068	-0.452
3.44233417511	0.2	-0.132	0.3
3.44521617889	0.2	-0.132	0.3
3.4481151104	0.404	-0.212	1.208
3.45099902153	0.404	-0.212	1.208
3.45388102531	0.512	-0.304	2.044
3.45676517487	0.512	-0.304	2.044
3.45964717865	0.524	-0.308	2.044
3.46252918243	0.452	-0.28	2.044
3.46541714668	0.452	-0.28	2.044
3.46830105782	0.212	-0.212	2.044
3.4711830616	0.212	-0.212	2.044
3.47408914566	-0.112	-0.152	1.972
3.47697997093	-0.112	-0.152	1.972
3.47986412048	-0.364	-0.06	1.084
3.48275399208	-0.5	0.024	0.196
3.48563313484	-0.5	0.024	0.196
3.48851108551	-0.564	0.08	-0.516
3.49139404297	-0.564	0.08	-0.516
3.49427604675	-0.516	0.048	-0.868
3.49716114998	-0.516	0.048	-0.868
3.50004506111	-0.356	0.0	-0.788
3.50292110443	-0.04	-0.084	-0.3
3.50581002235	-0.04	-0.084	-0.3
3.50869607925	0.264	-0.152	0.472
3.51157712936	0.264	-0.152	0.472
3.5144610405	0.432	-0.232	1.384
3.51734900475	0.432	-0.232	1.384
3.52023100853	0.528	-0.296	2.044
3.52311396599	0.52	-0.308	2.044
3.52600216866	0.52	-0.308	2.044
3.52888703346	0.408	-0.26	2.044
3.53177118301	0.408	-0.26	2.044
3.53465414047	0.14	-0.188	2.044
3.5375430584	0.14	-0.188	2.044
3.54042601585	-0.172	-0.12	1.804
3.54330897331	-0.172	-0.12	1.804
3.5462141037	-0.388	-0.06	0.912
3.54909801483	-0.508	0.032	0.028
3.55199313164	-0.508	0.032	0.028
3.554885149	-0.564	0.068	-0.628
3.5577750206	-0.564	0.068	-0.628
3.56065917015	-0.5	0.044	-0.888
3.56353902817	-0.5	0.044	-0.888
3.56642413139	-0.3	-0.012	-0.72
3.56930804253	0.016	-0.1	-0.152
3.5721950531	0.016	-0.1	-0.152
3.57507801056	0.304	-0.172	0.672
3.57798504829	0.304	-0.172	0.672
3.58086895943	0.456	-0.248	1.564
3.58375096321	0.456	-0.248	1.564
3.58664107323	0.524	-0.3	2.044
3.58952403069	0.5	-0.296	2.044
3.59240317345	0.5	-0.296	2.044
3.59528398514	0.356	-0.256	2.044
3.59817314148	0.356	-0.256	2.044
3.60105609894	0.096	-0.192	2.044
3.6039390564	0.096	-0.192	2.044
3.60682296753	-0.228	-0.104	1.608
3.60970807076	-0.424	-0.028	0.7
3.61259198189	-0.424	-0.028	0.7
3.6154820919	-0.536	0.036	-0.132
3.61837005615	-0.536	0.036	-0.132
3.62125301361	-0.552	0.076	-0.712
3.62414908409	-0.552	0.076	-0.712
3.62704014778	-0.46	0.036	-0.892
3.62991595268	-0.46	0.036	-0.892
3.63279104233	-0.24	-0.04	-0.624
3.63568305969	0.088	-0.116	0.008
3.63856911659	0.088	-0.116	0.008
3.64145302773	0.328	-0.192	0.868
3.64434099197	0.328	-0.192	0.868
3.6472260952	0.468	-0.256	1.748
3.65012001991	0.468	-0.256	1.748
3.6530020237	0.536	-0.308	2.044
3.65588402748	0.484	-0.288	2.044
3.65881299973	0.484	-0.288	2.044
3.66170215607	0.316	-0.24	2.044
3.66458511353	0.316	-0.24	2.044
3.66747403145	0.016	-0.156	2.044
3.67035603523	0.016	-0.156	2.044
3.67323899269	-0.28	-0.084	1.432
3.67613005638	-0.456	-0.012	0.5
3.67901110649	-0.456	-0.012	0.5
3.6818921566	-0.536	0.06	-0.284
3.68477511406	-0.536	0.06	-0.284
3.6876680851	-0.548	0.064	-0.776
3.69055318832	-0.548	0.064	-0.776
3.69343495369	-0.424	0.016	-0.864
3.69632005692	-0.176	-0.06	-0.52
3.69920396805	-0.176	-0.06	-0.52
3.70208716393	0.152	-0.128	0.18
3.70496916771	0.152	-0.128	0.18
3.70786309242	0.376	-0.2	1.06
3.71074604988	0.376	-0.2	1.06
3.71362805367	0.504	-0.28	1.924
3.71652603149	0.504	-0.28	1.924
3.71940803528	0.536	-0.316	2.044
3.7222931385	0.484	-0.308	2.044
3.72517609596	0.484	-0.308	2.044
3.72806406021	0.256	-0.22	2.044
3.73094797134	0.256	-0.22	2.044
3.73382997513	-0.06	-0.144	2.044
3.73671507835	-0.06	-0.144	2.044
3.73959898949	-0.332	-0.076	1.24
3.74248313904	-0.488	-0.008	0.332
3.74537205696	-0.488	-0.008	0.332
3.74825596809	-0.552	0.06	-0.432
3.75114202499	-0.552	0.06	-0.432
3.75402617455	-0.528	0.044	-0.844
3.75691604614	-0.528	0.044	-0.844
3.75979995728	-0.4	0.004	-0.824
3.7626850605	-0.1	-0.068	-0.396
3.76557517052	-0.1	-0.068	-0.396
3.76846003532	0.216	-0.148	0.348
3.77134299278	0.216	-0.148	0.348
3.77422499657	0.416	-0.22	1.252
3.77710795403	0.416	-0.22	1.252
3.77999210358	0.492	-0.28	2.044
3.78287410736	0.528	-0.308	2.044
3.78576207161	0.528	-0.308	2.044
3.78864598274	0.428	-0.276	2.044
3.79152798653	0.428	-0.276	2.044
3.79441213608	0.196	-0.208	2.044
3.79738497734	0.196	-0.208	2.044
3.80028295517	-0.12	-0.124	1.928
3.80316901207	-0.384	-0.06	1.036
3.80606007576	-0.384	-0.06	1.036
3.80894303322	-0.504	0.016	0.148
3.81182599068	-0.504	0.016	0.148
3.81470799446	-0.544	0.068	-0.528
3.81759905815	-0.544	0.068	-0.528
3.82048296928	-0.504	0.048	-0.88
3.82336616516	-0.504	0.048	-0.88
3.82625699043	-0.332	-0.008	-0.784
3.82913708687	-0.028	-0.084	-0.26
3.83203005791	-0.028	-0.084	-0.26
3.83490800858	0.272	-0.16	0.532
3.83779501915	0.272	-0.16	0.532
3.84068608284	0.424	-0.232	1.44
3.84356999397	0.424	-0.232	1.44
3.84645795822	0.508	-0.3	2.044
3.8493411541	0.516	-0.3	2.044
3.85222411156	0.516	-0.3	2.044
3.85510611534	0.392	-0.256	2.044
3.85800814629	0.392	-0.256	2.044
3.86089015007	0.124	-0.2	2.044
3.86377215385	0.124	-0.2	2.044
3.86666417122	-0.184	-0.112	1.764
3.86954712868	-0.404	-0.04	0.844
3.87243008614	-0.404	-0.04	0.844
3.87531399727	-0.516	0.036	-0.024
3.8782119751	-0.516	0.036	-0.024
3.88109612465	-0.564	0.064	-0.644
3.88398003578	-0.564	0.064	-0.644
3.88687205315	-0.496	0.036	-0.892
3.88975596428	-0.28	-0.028	-0.696
3.8926410675	-0.28	-0.028	-0.696
3.89553117752	0.032	-0.104	-0.112
3.89841604233	0.032	-0.104	-0.112
3.90129899979	0.308	-0.18	0.72
3.9041891098	0.308	-0.18	0.72
3.90707302094	0.452	-0.248	1.628
3.90995502472	0.452	-0.248	1.628
3.91283798218	0.524	-0.304	2.044
3.91572618484	0.508	-0.304	2.044
3.9186091423	0.508	-0.304	2.044
3.92149114609	0.344	-0.232	2.044
3.92437314987	0.344	-0.232	2.044
3.92725610733	0.084	-0.172	2.044
3.9301571846	0.084	-0.172	2.044
3.93304109573	-0.232	-0.1	1.58
3.93593215942	-0.428	-0.028	0.664
3.93882703781	-0.428	-0.028	0.664
3.94170999527	-0.528	0.052	-0.184
3.94459295273	-0.528	0.052	-0.184
3.94748401642	-0.564	0.072	-0.732
3.9503660202	-0.564	0.072	-0.732
3.95324802399	-0.456	0.02	-0.892
3.95613718033	-0.216	-0.052	-0.6
3.95903015137	-0.216	-0.052	-0.6
3.9619140625	0.104	-0.116	0.036
3.96479701996	0.104	-0.116	0.036
3.96768403053	0.348	-0.196	0.904
3.97056818008	0.348	-0.196	0.904
3.97344899178	0.48	-0.264	1.788
3.97633600235	0.524	-0.312	2.044
3.9792201519	0.524	-0.312	2.044
3.98210000992	0.488	-0.3	2.044
3.9849820137	0.488	-0.3	2.044
3.98787117004	0.3	-0.232	2.044
3.99075198174	0.3	-0.232	2.044
3.99363517761	0.004	-0.136	2.044
3.99652409554	0.004	-0.136	2.044
3.99940609932	-0.296	-0.084	1.38
4.00229001045	-0.46	-0.02	0.472
4.00517296791	-0.46	-0.02	0.472
4.00808310509	-0.532	0.056	-0.312
4.01096701622	-0.532	0.056	-0.312
4.01384997368	-0.548	0.056	-0.808
4.01673316956	-0.548	0.056	-0.808
4.0196211338	-0.42	0.008	-0.868
4.02250409126	-0.156	-0.06	-0.496
4.02539300919	-0.156	-0.06	-0.496
4.02827095985	0.16	-0.124	0.22
4.03114509583	0.16	-0.124	0.22
4.03402900696	0.388	-0.2	1.104
4.03690910339	0.388	-0.2	1.104
4.03980398178	0.488	-0.276	1.956
4.04269003868	0.52	-0.312	2.044
4.0455789566	0.52	-0.312	2.044
4.04846096039	0.456	-0.272	2.044
4.05134510994	0.456	-0.272	2.044
4.05422711372	0.24	-0.22	2.044
4.05710911751	0.24	-0.22	2.044
4.05999207497	-0.08	-0.152	2.044
4.0628759861	-0.08	-0.152	2.044
4.06576895714	-0.336	-0.092	1.204
4.06865310669	-0.476	0.008	0.292
4.07153606415	-0.476	0.008	0.292
4.07441902161	-0.548	0.06	-0.46
4.07733607292	-0.548	0.06	-0.46
4.08021998405	-0.524	0.056	-0.832
4.08310317993	-0.524	0.056	-0.832
4.08599114418	-0.364	-0.004	-0.816
4.08887505531	-0.076	-0.072	-0.376
4.09176015854	-0.076	-0.072	-0.376
4.09464406967	0.216	-0.144	0.388
4.09753203392	0.216	-0.144	0.388
4.1004140377	0.424	-0.208	1.292
4.10329699516	0.424	-0.208	1.292
4.10618901253	0.5	-0.288	2.044
4.10907506943	0.524	-0.324	2.044
4.11196017265	0.524	-0.324	2.044
4.11484503746	0.432	-0.28	2.044
4.11773395538	0.432	-0.28	2.044
4.12062907219	0.156	-0.188	2.044
4.12351417542	0.156	-0.188	2.044
4.12640404701	-0.12	-0.136	1.888
4.12928795815	-0.388	-0.052	1.0
4.13216900826	-0.388	-0.052	1.0
4.13509917259	-0.508	0.02	0.116
4.1380109787	-0.508	0.02	0.116
4.14089417458	-0.552	0.068	-0.568
4.14377903938	-0.552	0.068	-0.568
4.14667010307	-0.52	0.044	-0.88
4.14955306053	-0.324	-0.024	-0.76
4.15243911743	-0.324	-0.024	-0.76
4.15532708168	0.008	-0.08	-0.228
4.15821409225	0.008	-0.08	-0.228
4.16109895706	0.28	-0.164	0.588
4.16398215294	0.28	-0.164	0.588
4.16686606407	0.444	-0.244	1.464
4.16974902153	0.444	-0.244	1.464
4.17263317108	0.52	-0.304	2.044
4.175522089	0.524	-0.312	2.044
4.17840695381	0.524	-0.312	2.044
4.1812889576	0.396	-0.26	2.044
4.18417000771	0.396	-0.26	2.044
4.18707418442	0.108	-0.192	2.044
4.1899561882	0.108	-0.192	2.044
4.19283914566	-0.216	-0.096	1.74
4.19572901726	-0.416	-0.04	0.812
4.19861698151	-0.416	-0.04	0.812
4.20150995255	-0.524	0.036	-0.056
4.20439815521	-0.524	0.036	-0.056
4.2073431015	-0.548	0.064	-0.668
4.21023011208	-0.548	0.064	-0.668
4.21311402321	-0.484	0.04	-0.892
4.21600413322	-0.26	-0.04	-0.684
4.2188911438	-0.26	-0.04	-0.684
4.22177600861	0.044	-0.112	-0.076
4.22465896606	0.044	-0.112	-0.076
4.22754502296	0.328	-0.196	0.764
4.23041915894	0.328	-0.196	0.764
4.23329305649	0.472	-0.26	1.676
4.23617315292	0.528	-0.308	2.044
4.23905801773	0.528	-0.308	2.044
4.24194097519	0.504	-0.296	2.044
4.24482703209	0.504	-0.296	2.044
4.24771618843	0.332	-0.256	2.044
4.25060200691	0.332	-0.256	2.044
4.2534840107	0.06	-0.172	2.044
4.25636816025	0.06	-0.172	2.044
4.25925016403	-0.256	-0.096	1.536
4.26213407516	-0.436	-0.012	0.592
4.26501917839	-0.436	-0.012	0.592
4.26791000366	-0.528	0.048	-0.212
4.27079415321	-0.528	0.048	-0.212
4.27367711067	-0.552	0.064	-0.748
4.27656698227	-0.552	0.064	-0.748
4.27944898605	-0.448	0.02	-0.884
4.28234601021	-0.192	-0.056	-0.584
4.28523302078	-0.192	-0.056	-0.584
4.28812813759	0.116	-0.116	0.088
4.29101109505	0.116	-0.116	0.088
4.29389309883	0.36	-0.196	0.964
4.29677605629	0.36	-0.196	0.964
4.29965996742	0.46	-0.264	1.84
4.3025431633	0.532	-0.32	2.044
4.30543017387	0.532	-0.32	2.044
4.30831313133	0.48	-0.296	2.044
4.31119418144	0.48	-0.296	2.044
4.31408810616	0.292	-0.228	2.044
4.3169760704	0.292	-0.228	2.044
4.31985807419	-0.016	-0.152	2.044
4.3227481842	-0.304	-0.088	1.348
4.32563900948	-0.304	-0.088	1.348
4.32852315903	-0.468	-0.008	0.432
4.33140611649	-0.468	-0.008	0.432
4.33429217339	-0.54	0.048	-0.352
4.33717703819	-0.54	0.048	-0.352
4.34006214142	-0.548	0.068	-0.808
4.34294509888	-0.548	0.068	-0.808
4.3458340168	-0.412	0.0	-0.86
4.34871196747	-0.136	-0.064	-0.468
4.35159611702	-0.136	-0.064	-0.468
4.35448098183	0.18	-0.124	0.244
4.35737013817	0.18	-0.124	0.244
4.36025309563	0.396	-0.216	1.144
4.36314702034	0.396	-0.216	1.144
4.36603713036	0.5	-0.288	2.0
4.36891317368	0.528	-0.304	2.044
4.37179517746	0.528	-0.304	2.044
4.37467718124	0.468	-0.284	2.044
4.37757015228	0.468	-0.284	2.044
4.38045501709	0.232	-0.216	2.044
4.3833360672	0.232	-0.216	2.044
4.38622713089	-0.096	-0.14	2.0
4.38911008835	-0.364	-0.088	1.16
4.39199399948	-0.364	-0.088	1.16
4.39488005638	-0.488	0.016	0.252
4.39776396751	-0.488	0.016	0.252
4.40063905716	-0.556	0.068	-0.484
4.4035141468	-0.556	0.068	-0.484
4.40639400482	-0.532	0.06	-0.86
4.40928196907	-0.368	-0.012	-0.804
4.41216802597	-0.368	-0.012	-0.804
4.41505098343	-0.056	-0.072	-0.344
4.41794204712	-0.056	-0.072	-0.344
4.42082595825	0.224	-0.144	0.44
4.42371106148	0.224	-0.144	0.44
4.42660212517	0.44	-0.224	1.328
4.42947816849	0.44	-0.224	1.328
4.43235301971	0.508	-0.296	2.044
4.43522906303	0.52	-0.316	2.044
4.43811297417	0.52	-0.316	2.044
4.44099998474	0.412	-0.264	2.044
4.44389414787	0.412	-0.264	2.044
4.4467830658	0.16	-0.192	2.044
4.44966697693	0.16	-0.192	2.044
4.45255017281	-0.148	-0.124	1.844
4.4554400444	-0.396	-0.04	0.948
4.45833897591	-0.396	-0.04	0.948
4.46122312546	-0.508	0.032	0.08
4.46411705017	-0.508	0.032	0.08
4.46700906754	-0.536	0.06	-0.596
4.46989417076	-0.536	0.06	-0.596
4.47277808189	-0.492	0.056	-0.88
4.47566795349	-0.308	-0.016	-0.74
4.47855210304	-0.308	-0.016	-0.74
4.48143601418	-0.008	-0.084	-0.196
4.48431897163	-0.008	-0.084	-0.196
4.48720908165	0.292	-0.168	0.624
4.49010896683	0.292	-0.168	0.624
4.4929921627	0.44	-0.236	1.536
4.49588108063	0.532	-0.308	2.044
4.49876904488	0.532	-0.308	2.044
4.50165104866	0.508	-0.304	2.044
4.50453305244	0.508	-0.304	2.044
4.50742316246	0.368	-0.256	2.044
4.51030397415	0.368	-0.256	2.044
4.51319003105	0.104	-0.188	2.044
4.51607918739	0.104	-0.188	2.044
4.51896309853	-0.216	-0.116	1.664
4.52184700966	-0.428	-0.024	0.76
4.5247399807	-0.428	-0.024	0.76
4.52763104439	-0.516	0.044	-0.096
4.53051495552	-0.516	0.044	-0.096
4.5333969593	-0.564	0.072	-0.704
4.53628206253	-0.564	0.072	-0.704
4.53916716576	-0.476	0.024	-0.888
4.54205012321	-0.248	-0.04	-0.66
4.54493403435	-0.248	-0.04	-0.66
4.54782509804	0.068	-0.112	-0.028
4.5507080555	0.068	-0.112	-0.028
4.55359196663	0.324	-0.18	0.82
4.55648398399	0.324	-0.18	0.82
4.55936717987	0.468	-0.244	1.708
4.562251091	0.528	-0.304	2.044
4.56513309479	0.528	-0.304	2.044
4.56802105904	0.5	-0.312	2.044
4.57090306282	0.5	-0.312	2.044
4.57378101349	0.316	-0.244	2.044
4.57666516304	0.316	-0.244	2.044
4.57954907417	0.024	-0.16	2.044
4.58243298531	-0.272	-0.092	1.48
4.58531713486	-0.272	-0.092	1.48
4.58820796013	-0.444	-0.02	0.564
4.59109210968	-0.444	-0.02	0.564
4.59397506714	-0.54	0.052	-0.256
4.59686398506	-0.54	0.052	-0.256
4.59974718094	-0.564	0.068	-0.764
4.60263514519	-0.564	0.068	-0.764
4.60553407669	-0.44	0.016	-0.904
4.60841798782	-0.176	-0.06	-0.548
4.61130309105	-0.176	-0.06	-0.548
4.61418700218	0.136	-0.116	0.132
4.61706995964	0.136	-0.116	0.132
4.61995315552	0.388	-0.188	1.012
4.62283611298	0.388	-0.188	1.012
4.62572407722	0.48	-0.268	1.876
4.62860107422	0.524	-0.312	2.044
4.63147616386	0.524	-0.312	2.044
4.63436102867	0.472	-0.284	2.044
4.63724112511	0.472	-0.284	2.044
4.64014196396	0.268	-0.224	2.044
4.64302611351	0.268	-0.224	2.044
4.64591908455	-0.04	-0.156	2.044
4.64880418777	-0.328	-0.084	1.284
4.65168809891	-0.328	-0.084	1.284
4.65457201004	-0.492	-0.004	0.368
4.65745615959	-0.492	-0.004	0.368
4.66033911705	-0.548	0.04	-0.396
4.66322112083	-0.548	0.04	-0.396
4.66613006592	-0.532	0.064	-0.836
4.66901302338	-0.396	0.0	-0.844
4.67194008827	-0.396	0.0	-0.844
4.67482113838	-0.112	-0.064	-0.432
4.67771315575	-0.112	-0.064	-0.432
4.68059706688	0.204	-0.14	0.32
4.68347907066	0.204	-0.14	0.32
4.68637609482	0.42	-0.212	1.212
4.68925905228	0.42	-0.212	1.212
4.69214510918	0.5	-0.288	2.044
4.69502401352	0.516	-0.292	2.044
4.69791316986	0.516	-0.292	2.044
4.70079612732	0.444	-0.276	2.044
4.7036781311	0.444	-0.276	2.044
4.7065680027	0.204	-0.204	2.044
4.70945000648	0.204	-0.204	2.044
4.71233201027	-0.112	-0.144	1.96
4.71521615982	-0.368	-0.056	1.076
4.71810603142	-0.368	-0.056	1.076
4.72099018097	-0.504	0.02	0.184
4.72387218475	-0.504	0.02	0.184
4.72676110268	-0.544	0.068	-0.532
4.72964406013	-0.544	0.068	-0.532
4.73252701759	-0.52	0.024	-0.856
4.73541998863	-0.348	-0.012	-0.796
4.73830604553	-0.348	-0.012	-0.796
4.74119114876	-0.04	-0.084	-0.288
4.74407410622	-0.04	-0.084	-0.288
4.74696612358	0.252	-0.156	0.512
4.74984908104	0.252	-0.156	0.512
4.75273108482	0.436	-0.244	1.42
4.75562000275	0.52	-0.296	2.044
4.75850296021	0.52	-0.296	2.044
4.76138496399	0.524	-0.308	2.044
4.76426815987	0.524	-0.308	2.044
4.7671661377	0.412	-0.26	2.044
4.7700650692	0.412	-0.26	2.044
4.77294802666	0.132	-0.192	2.044
4.77583599091	0.132	-0.192	2.044
4.77872014046	-0.164	-0.12	1.788
4.78160715103	-0.4	-0.04	0.884
4.78449106216	-0.4	-0.04	0.884
4.78738117218	-0.508	0.036	0.0
4.79025506973	-0.508	0.036	0.0
4.79312896729	-0.556	0.068	-0.64
4.79601812363	-0.556	0.068	-0.64
4.79890108109	-0.508	0.044	-0.896
4.80178403854	-0.284	-0.036	-0.692
4.804666996	-0.284	-0.036	-0.692
4.80755710602	0.028	-0.1	-0.136
4.81044101715	0.028	-0.1	-0.136
4.81332397461	0.308	-0.172	0.696
4.81620597839	0.308	-0.172	0.696
4.81908917427	0.448	-0.256	1.592
4.82197213173	0.532	-0.304	2.044
4.82485818863	0.532	-0.304	2.044
4.82774400711	0.504	-0.3	2.044
4.83061814308	0.504	-0.3	2.044
4.83349204063	0.36	-0.256	2.044
4.8363711834	0.36	-0.256	2.044
4.83925700188	0.084	-0.16	2.044
4.84215402603	-0.232	-0.1	1.588
4.84504008293	-0.232	-0.1	1.588
4.84794902802	-0.44	-0.028	0.684
4.85083413124	-0.44	-0.028	0.684
4.85371613503	-0.524	0.048	-0.148
4.85660099983	-0.524	0.048	-0.148
4.85948610306	-0.552	0.076	-0.72
4.86236906052	-0.552	0.076	-0.72
4.86525416374	-0.468	0.032	-0.892
4.86814498901	-0.22	-0.044	-0.616
4.87103199959	-0.22	-0.044	-0.616
4.87391710281	0.096	-0.12	0.024
4.87680506706	0.096	-0.12	0.024
4.87968707085	0.34	-0.192	0.896
4.88257098198	0.34	-0.192	0.896
4.88545918465	0.488	-0.268	1.776
4.88834309578	0.52	-0.312	2.044
4.89122700691	0.52	-0.312	2.044
4.89410996437	0.476	-0.308	2.044
4.89699196815	0.476	-0.308	2.044
4.89987516403	0.304	-0.232	2.044
4.90275597572	0.304	-0.232	2.044
4.9056391716	-0.008	-0.164	2.044
4.90852308273	-0.288	-0.096	1.404
4.91140604019	-0.288	-0.096	1.404
4.91429495811	-0.456	-0.02	0.484
4.91718506813	-0.456	-0.02	0.484
4.92006802559	-0.536	0.06	-0.3
4.92295312881	-0.536	0.06	-0.3
4.92584204674	-0.544	0.052	-0.792
4.92873501778	-0.416	0.02	-0.872
4.931620121	-0.416	0.02	-0.872
4.93450212479	-0.152	-0.06	-0.504
4.93739318848	-0.152	-0.06	-0.504
4.94027805328	0.164	-0.12	0.208
4.94316005707	0.164	-0.12	0.208
4.94604802132	0.384	-0.208	1.088
4.94893097878	0.384	-0.208	1.088
4.95181298256	0.5	-0.276	1.948
4.95469403267	0.516	-0.304	2.044
4.95758414268	0.516	-0.304	2.044
4.96047115326	0.46	-0.284	2.044
4.96335411072	0.46	-0.284	2.044
4.96624207497	0.244	-0.232	2.044
4.9691259861	0.244	-0.232	2.044
4.97200918198	-0.076	-0.144	2.044
4.97489309311	-0.34	-0.08	1.204
4.9777841568	-0.34	-0.08	1.204
4.98067116737	-0.496	0.008	0.288
4.98355317116	-0.496	0.008	0.288
4.98644304276	-0.56	0.072	-0.448
4.98932600021	-0.56	0.072	-0.448
4.99220895767	-0.532	0.068	-0.848
4.99509310722	-0.38	-0.008	-0.824
4.99798202515	-0.38	-0.008	-0.824
