Timestamp 	 X-Axis 	 Y-Axis 	 Z-Axis
0.000311136245728	0.064	-0.184	1.992
0.00245404243469	0.064	-0.184	1.992
0.00441312789917	-0.004	-0.308	2.044
0.00636219978333	-0.004	-0.308	2.044
0.00831007957458	-0.112	0.072	-1.164
0.0102760791779	-0.112	0.072	-1.164
0.0122241973877	-0.112	0.072	-1.164
0.0141761302948	0.028	-0.056	0.636
0.0161221027374	0.028	-0.056	0.636
0.0180780887604	0.028	-0.056	0.636
0.0200231075287	0.056	-0.372	2.044
0.021968126297	0.056	-0.372	2.044
0.0239160060883	-0.128	-0.06	-0.232
0.0258631706238	-0.128	-0.06	-0.232
0.0278260707855	-0.128	-0.06	-0.232
0.0297729969025	-0.048	0.06	-0.624
0.0317220687866	-0.048	0.06	-0.624
0.0336780548096	0.076	-0.34	2.044
0.0356252193451	0.076	-0.34	2.044
0.0375690460205	0.076	-0.34	2.044
0.0395131111145	-0.056	-0.184	1.136
0.0414600372314	-0.056	-0.184	1.136
0.0434091091156	-0.056	-0.184	1.136
0.0453591346741	-0.052	0.124	-1.356
0.0473051071167	-0.052	0.124	-1.356
0.0492510795593	0.072	-0.216	2.044
0.0512051582336	0.072	-0.216	2.044
0.0531542301178	0.072	-0.216	2.044
0.0551171302795	-0.008	-0.3	2.044
0.0570690631866	-0.008	-0.3	2.044
0.0590209960938	-0.088	0.096	-1.308
0.0609681606293	-0.088	0.096	-1.308
0.0629270076752	-0.088	0.096	-1.308
0.064887046814	0.056	-0.084	0.964
0.066840171814	0.056	-0.084	0.964
0.0687921047211	0.056	-0.084	0.964
0.0707511901855	0.044	-0.36	2.044
0.0727100372314	0.044	-0.36	2.044
0.0746622085571	-0.116	-0.02	-0.516
0.0766170024872	-0.116	-0.02	-0.516
0.0785701274872	-0.116	-0.02	-0.516
0.0805242061615	-0.024	0.032	-0.344
0.0824790000916	-0.024	0.032	-0.344
0.0844330787659	0.08	-0.356	2.044
0.0863862037659	0.08	-0.356	2.044
0.0883550643921	0.08	-0.356	2.044
0.0903091430664	-0.06	-0.152	0.788
0.0922811031342	-0.06	-0.152	0.788
0.0942361354828	-0.06	-0.152	0.788
0.0961890220642	-0.076	0.112	-1.228
0.0981431007385	-0.076	0.112	-1.228
0.100096225739	0.056	-0.24	2.044
0.102055072784	0.056	-0.24	2.044
0.104008197784	0.056	-0.24	2.044
0.105960130692	-0.008	-0.26	2.044
0.107914209366	-0.008	-0.26	2.044
0.109876155853	-0.076	0.1	-1.396
0.111836194992	-0.076	0.1	-1.396
0.113790035248	-0.076	0.1	-1.396
0.115755081177	0.064	-0.132	1.332
0.117719173431	0.064	-0.132	1.332
0.119673013687	0.064	-0.132	1.332
0.121626138687	0.036	-0.34	2.044
0.123658180237	0.036	-0.34	2.044
0.125612020493	-0.112	0.008	-0.78
0.127567052841	-0.112	0.008	-0.78
0.129521131516	-0.112	0.008	-0.78
0.131473064423	-0.004	0.0	-0.044
0.133431196213	-0.004	0.0	-0.044
0.135376214981	0.068	-0.376	2.044
0.137330055237	0.068	-0.376	2.044
0.139283180237	0.068	-0.376	2.044
0.141236066818	-0.096	-0.108	0.436
0.143210172653	-0.096	-0.108	0.436
0.145164012909	-0.096	-0.108	0.436
0.147118091583	-0.064	0.092	-1.068
0.149075031281	-0.064	0.092	-1.068
0.151030063629	0.064	-0.276	2.044
0.152987003326	0.064	-0.276	2.044
0.154941082001	0.064	-0.276	2.044
0.156893014908	-0.032	-0.236	1.824
0.158846139908	-0.032	-0.236	1.824
0.160800218582	-0.096	0.132	-1.428
0.162754058838	-0.096	0.132	-1.428
0.164717197418	-0.096	0.132	-1.428
0.166670084	0.064	-0.136	1.672
0.168623209	0.064	-0.136	1.672
0.170575141907	0.064	-0.136	1.672
0.172533035278	0.016	-0.316	2.044
0.174500226974	0.016	-0.316	2.044
0.176453113556	-0.108	0.036	-0.992
0.178416013718	-0.108	0.036	-0.992
0.180370092392	-0.108	0.036	-0.992
0.182330131531	0.024	-0.02	0.288
0.184282064438	0.024	-0.02	0.288
0.186233997345	0.056	-0.36	2.044
0.188187122345	0.056	-0.36	2.044
0.190139055252	0.056	-0.36	2.044
0.192097187042	-0.096	-0.08	0.088
0.194051027298	-0.096	-0.08	0.088
0.196005105972	-0.096	-0.08	0.088
0.197958230972	-0.044	0.068	-0.852
0.199911117554	-0.044	0.068	-0.852
0.201871156693	0.076	-0.3	2.044
0.203824043274	0.076	-0.3	2.044
0.2057762146	0.076	-0.3	2.044
0.207727193832	0.0	-0.2	1.468
0.209680080414	0.0	-0.2	1.468
0.211625099182	-0.06	0.128	-1.404
0.213651180267	-0.06	0.128	-1.404
0.215606212616	-0.06	0.128	-1.404
0.217561006546	0.072	-0.172	2.016
0.219523191452	0.072	-0.172	2.016
0.221476078033	0.072	-0.172	2.016
0.223435163498	0.016	-0.3	2.044
0.225387096405	0.016	-0.3	2.044
0.227338075638	-0.096	0.064	-1.18
0.229291200638	-0.096	0.064	-1.18
0.231245040894	-0.096	0.064	-1.18
0.233204126358	0.036	-0.052	0.636
0.235157012939	0.036	-0.052	0.636
0.237110137939	0.036	-0.052	0.636
0.239065170288	0.044	-0.372	2.044
0.24101805687	0.044	-0.372	2.044
0.242974042892	-0.136	-0.052	-0.216
0.244933128357	-0.136	-0.052	-0.216
0.246886014938	-0.136	-0.052	-0.216
0.248844146729	-0.048	0.048	-0.616
0.25079703331	-0.048	0.048	-0.616
0.252756118774	0.068	-0.336	2.044
0.254708051682	0.068	-0.336	2.044
0.256660223007	0.068	-0.336	2.044
0.258612155914	-0.076	-0.176	1.124
0.260565042496	-0.076	-0.176	1.124
0.26252412796	-0.076	-0.176	1.124
0.264477014542	-0.084	0.124	-1.344
0.266430139542	-0.084	0.124	-1.344
0.268383026123	0.068	-0.22	2.044
0.270339012146	0.068	-0.22	2.044
0.272297143936	0.068	-0.22	2.044
0.274259090424	-0.008	-0.292	2.044
0.276213169098	-0.008	-0.292	2.044
0.278166055679	-0.076	0.108	-1.316
0.280118227005	-0.076	0.108	-1.316
0.282077074051	-0.076	0.108	-1.316
0.284031152725	0.06	-0.076	0.984
0.285982131958	0.06	-0.076	0.984
0.287933111191	0.06	-0.076	0.984
0.289884090424	0.04	-0.356	2.044
0.291846036911	0.04	-0.356	2.044
0.293799161911	-0.116	-0.028	-0.532
0.295753002167	-0.116	-0.028	-0.532
0.297706127167	-0.116	-0.028	-0.532
0.299669027328	-0.024	0.02	-0.332
0.301623106003	-0.024	0.02	-0.332
0.303610086441	0.064	-0.356	2.044
0.305564165115	0.064	-0.356	2.044
0.307516098022	0.064	-0.356	2.044
0.309469223022	-0.072	-0.148	0.776
0.31142115593	-0.072	-0.148	0.776
0.313381195068	-0.072	-0.148	0.776
0.31533408165	-0.072	0.116	-1.22
0.317286014557	-0.072	0.116	-1.22
0.319239139557	0.072	-0.248	2.044
0.321191072464	0.072	-0.248	2.044
0.323148012161	0.072	-0.248	2.044
0.325100183487	0.0	-0.256	2.044
0.327044010162	0.0	-0.256	2.044
0.328999042511	-0.068	0.096	-1.396
0.330956220627	-0.068	0.096	-1.396
0.33291220665	-0.068	0.096	-1.396
0.33486700058	0.04	-0.104	1.344
0.33682012558	0.04	-0.104	1.344
0.338772058487	0.04	-0.104	1.344
0.340727090836	0.04	-0.352	2.044
0.342719078064	0.04	-0.352	2.044
0.344673156738	-0.116	0.008	-0.792
0.34662604332	-0.116	0.008	-0.792
0.34857916832	-0.116	0.008	-0.792
0.350532054901	-0.008	0.008	-0.04
0.352490186691	-0.008	0.008	-0.04
0.354443073273	0.064	-0.372	2.044
0.35639500618	0.064	-0.372	2.044
0.358347177505	0.064	-0.372	2.044
0.360302209854	-0.1	-0.12	0.4
0.362263202667	-0.1	-0.12	0.4
0.364216089249	-0.1	-0.12	0.4
0.366168022156	-0.068	0.104	-1.076
0.368121147156	-0.068	0.104	-1.076
0.370073080063	0.084	-0.28	2.044
0.372032165527	0.084	-0.28	2.044
0.373984098434	0.084	-0.28	2.044
0.375937223434	-0.04	-0.232	1.808
0.377890110016	-0.04	-0.232	1.808
0.37984418869	-0.096	0.136	-1.436
0.381803035736	-0.096	0.136	-1.436
0.383766174316	-0.096	0.136	-1.436
0.385720014572	0.056	-0.156	1.712
0.387673139572	0.056	-0.156	1.712
0.389625072479	0.056	-0.156	1.712
0.391582012177	0.016	-0.328	2.044
0.393536090851	0.016	-0.328	2.044
0.395494222641	-0.108	0.048	-1.02
0.397447109222	-0.108	0.048	-1.02
0.399399995804	-0.108	0.048	-1.02
0.401353120804	0.012	-0.028	0.308
0.403309106827	0.012	-0.028	0.308
0.405261039734	0.048	-0.376	2.044
0.407212018967	0.048	-0.376	2.044
0.409164190292	0.048	-0.376	2.044
0.411116123199	-0.108	-0.084	0.072
0.413070201874	-0.108	-0.084	0.072
0.415027141571	-0.108	-0.084	0.072
0.416979074478	-0.036	0.084	-0.856
0.418931007385	-0.036	0.084	-0.856
0.420894145966	0.092	-0.312	2.044
0.422849178314	0.092	-0.312	2.044
0.424801111221	0.092	-0.312	2.044
0.426753044128	-0.028	-0.188	1.46
0.428706169128	-0.028	-0.188	1.46
0.430657148361	-0.06	0.128	-1.408
0.432611227036	-0.06	0.128	-1.408
0.434566020966	-0.06	0.128	-1.408
0.436519145966	0.072	-0.184	2.028
0.438480138779	0.072	-0.184	2.028
0.440432071686	0.072	-0.184	2.028
0.442385196686	0.012	-0.3	2.044
0.444338083267	0.012	-0.3	2.044
0.446290016174	-0.092	0.06	-1.192
0.448243141174	-0.092	0.06	-1.192
0.450197219849	-0.092	0.06	-1.192
0.452159166336	0.044	-0.064	0.652
0.454111099243	0.044	-0.064	0.652
0.456064224243	0.044	-0.064	0.652
0.458019018173	0.06	-0.372	2.044
0.459971189499	0.06	-0.372	2.044
0.46192908287	-0.124	-0.056	-0.248
0.463884115219	-0.124	-0.056	-0.248
0.465837001801	-0.124	-0.056	-0.248
0.467791080475	-0.048	0.056	-0.6
0.469742059708	-0.048	0.056	-0.6
0.471695184708	0.072	-0.34	2.044
0.47364616394	0.072	-0.34	2.044
0.475598096848	0.072	-0.34	2.044
0.47754907608	-0.072	-0.172	1.116
0.47950220108	-0.072	-0.172	1.116
0.481464147568	-0.072	-0.172	1.116
0.483424186707	-0.084	0.128	-1.328
0.485376119614	-0.084	0.128	-1.328
0.487329006195	0.068	-0.22	2.044
0.489281177521	0.068	-0.22	2.044
0.491233110428	0.068	-0.22	2.044
0.493198156357	-0.016	-0.276	2.044
0.495151996613	-0.016	-0.276	2.044
0.497106075287	-0.096	0.112	-1.316
0.499059200287	-0.096	0.112	-1.316
0.501011133194	-0.096	0.112	-1.316
0.502968072891	0.036	-0.08	1.012
0.504921197891	0.036	-0.08	1.012
0.506873130798	0.036	-0.08	1.012
0.508824110031	0.036	-0.368	2.044
0.510775089264	0.036	-0.368	2.044
0.512735128403	-0.108	0.0	-0.56
0.514683008194	-0.108	0.0	-0.56
0.516628026962	-0.108	0.0	-0.56
0.518572092056	-0.024	0.028	-0.316
0.520525217056	-0.024	0.028	-0.316
0.522483110428	0.08	-0.348	2.044
0.524435043335	0.08	-0.348	2.044
0.526387214661	0.08	-0.348	2.044
0.528356075287	-0.072	-0.144	0.732
0.530310153961	-0.072	-0.144	0.732
0.532268047333	-0.072	-0.144	0.732
0.534220218658	-0.056	0.1	-1.22
0.53617310524	-0.056	0.1	-1.22
0.538125038147	0.068	-0.248	2.044
0.54007601738	0.068	-0.248	2.044
0.542038202286	0.068	-0.248	2.044
0.543990135193	-0.016	-0.256	2.044
0.545943021774	-0.016	-0.256	2.044
0.54790520668	-0.064	0.08	-1.396
0.549858093262	-0.064	0.08	-1.396
0.551811218262	-0.064	0.08	-1.396
0.553765058517	0.056	-0.124	1.364
0.555718183517	0.056	-0.124	1.364
0.557670116425	0.056	-0.124	1.364
0.559621095657	0.04	-0.344	2.044
0.56157207489	0.04	-0.344	2.044
0.56353020668	-0.088	0.004	-0.796
0.565482139587	-0.088	0.004	-0.796
0.56743311882	-0.088	0.004	-0.796
0.569387197495	-0.004	-0.004	0.008
0.571338176727	-0.004	-0.004	0.008
0.573296070099	0.08	-0.368	2.044
0.575250148773	0.08	-0.368	2.044
0.57720208168	0.08	-0.368	2.044
0.579153060913	-0.092	-0.112	0.392
0.581106185913	-0.092	-0.112	0.392
0.58306312561	-0.092	-0.112	0.392
0.585017204285	-0.064	0.12	-1.064
0.586969137192	-0.064	0.12	-1.064
0.588920116425	0.072	-0.28	2.044
0.590871095657	0.072	-0.28	2.044
0.592828035355	0.072	-0.28	2.044
0.59478020668	-0.052	-0.228	1.784
0.596733093262	-0.052	-0.228	1.784
0.598686218262	-0.1	0.132	-1.432
0.600640058517	-0.1	0.132	-1.432
0.602617025375	-0.1	0.132	-1.432
0.604572057724	0.064	-0.148	1.696
0.606537103653	0.064	-0.148	1.696
0.60848903656	0.064	-0.148	1.696
0.61044216156	0.008	-0.32	2.044
0.612400054932	0.008	-0.32	2.044
0.614351034164	-0.104	0.044	-1.024
0.616305112839	-0.104	0.044	-1.024
0.61825799942	-0.104	0.044	-1.024
0.62021112442	0.032	-0.036	0.328
0.622168064117	0.032	-0.036	0.328
0.624119997025	0.032	-0.036	0.328
0.626070022583	0.072	-0.372	2.044
0.628021001816	0.072	-0.372	2.044
0.629972219467	-0.096	-0.08	0.036
0.631926059723	-0.096	-0.08	0.036
0.633882045746	-0.096	-0.08	0.036
0.635833024979	-0.06	0.068	-0.844
0.637785196304	-0.06	0.068	-0.844
0.639738082886	0.076	-0.316	2.044
0.641691207886	0.076	-0.316	2.044
0.643643140793	0.076	-0.316	2.044
0.6455950737	-0.036	-0.192	1.44
0.647547006607	-0.036	-0.192	1.44
0.649501085281	-0.036	-0.192	1.44
0.651454210281	-0.064	0.116	-1.408
0.653413057327	-0.064	0.116	-1.408
0.655366182327	0.072	-0.168	2.028
0.657326221466	0.072	-0.168	2.028
0.659279108047	0.072	-0.168	2.028
0.66123008728	0.016	-0.3	2.044
0.663187026978	0.016	-0.3	2.044
0.665139198303	-0.084	0.064	-1.196
0.667093038559	-0.084	0.064	-1.196
0.669046163559	-0.084	0.064	-1.196
0.67099905014	0.044	-0.056	0.668
0.672957181931	0.044	-0.056	0.668
0.674908161163	0.044	-0.056	0.668
0.676859140396	0.068	-0.372	2.044
0.678810119629	0.068	-0.372	2.044
0.680760145187	-0.1	-0.044	-0.28
0.682720184326	-0.1	-0.044	-0.28
0.684673070908	-0.1	-0.044	-0.28
0.686626195908	-0.04	0.052	-0.584
0.688579082489	-0.04	0.052	-0.584
0.690531015396	0.08	-0.344	2.044
0.692488193512	0.08	-0.344	2.044
0.694466114044	0.08	-0.344	2.044
0.696420192719	-0.068	-0.172	1.084
0.698374032974	-0.068	-0.172	1.084
0.7003262043	-0.068	-0.172	1.084
0.70228600502	-0.088	0.132	-1.332
0.70423913002	-0.088	0.132	-1.332
0.706192016602	0.06	-0.228	2.044
0.708144187927	0.06	-0.228	2.044
0.710094213486	0.06	-0.228	2.044
0.712056159973	-0.016	-0.308	2.044
0.714009046555	-0.016	-0.308	2.044
0.71596121788	-0.084	0.12	-1.328
0.717913150787	-0.084	0.12	-1.328
0.719866037369	-0.084	0.12	-1.328
0.721826076508	0.052	-0.068	1.04
0.723781108856	0.052	-0.068	1.04
0.725732088089	0.052	-0.068	1.04
0.727682113647	0.044	-0.36	2.044
0.73012804985	0.044	-0.36	2.044
0.732096195221	-0.1	0.004	-0.564
0.734050035477	-0.1	0.004	-0.564
0.736003160477	-0.1	0.004	-0.564
0.737956047058	-0.012	0.028	-0.296
0.739909172058	-0.012	0.028	-0.296
0.74186706543	0.076	-0.356	2.044
0.74382019043	0.076	-0.356	2.044
0.745772123337	0.076	-0.356	2.044
0.747724056244	-0.088	-0.12	0.756
0.74967622757	-0.088	-0.12	0.756
0.751712083817	-0.064	0.104	-1.208
0.753674030304	-0.064	0.104	-1.208
0.755637168884	-0.064	0.104	-1.208
0.757597208023	0.072	-0.248	2.044
0.75954914093	0.072	-0.248	2.044
0.761502027512	0.072	-0.248	2.044
0.763456106186	-0.004	-0.248	2.044
0.765407085419	-0.004	-0.248	2.044
0.767372131348	-0.068	0.1	-1.408
0.769326210022	-0.068	0.1	-1.408
0.771279096603	-0.068	0.1	-1.408
0.773235082626	0.068	-0.108	1.376
0.775190114975	0.068	-0.108	1.376
0.777142047882	0.036	-0.344	2.044
0.779093027115	0.036	-0.344	2.044
0.781043052673	0.036	-0.344	2.044
0.782997131348	-0.092	-0.024	-0.816
0.784960031509	-0.092	-0.024	-0.816
0.786914110184	-0.092	-0.024	-0.816
0.788866996765	0.008	0.0	0.012
0.79080915451	0.008	0.0	0.012
0.792753219604	0.06	-0.372	2.044
0.79473400116	0.06	-0.372	2.044
0.79668712616	0.06	-0.372	2.044
0.798639059067	-0.084	-0.108	0.368
0.800592184067	-0.084	-0.108	0.368
0.802551031113	-0.064	0.092	-1.024
0.804505109787	-0.064	0.092	-1.024
0.806457042694	-0.064	0.092	-1.024
0.80840921402	0.08	-0.284	2.044
0.810360193253	0.08	-0.284	2.044
0.81231713295	0.08	-0.284	2.044
0.814268112183	-0.052	-0.232	1.764
0.81622505188	-0.052	-0.232	1.764
0.81817817688	-0.124	0.148	-1.412
0.820132017136	-0.124	0.148	-1.412
0.822110176086	-0.124	0.148	-1.412
0.824064016342	0.068	-0.16	1.74
0.826017141342	0.068	-0.16	1.74
0.827968120575	0.024	-0.32	2.044
0.829919099808	0.024	-0.32	2.044
0.831877231598	0.024	-0.32	2.044
0.833829164505	-0.092	0.048	-1.028
0.835781097412	-0.092	0.048	-1.028
0.837733030319	-0.092	0.048	-1.028
0.839684009552	0.016	-0.024	0.352
0.841709136963	0.016	-0.024	0.352
0.843664169312	0.068	-0.372	2.044
0.845621109009	0.068	-0.372	2.044
0.84757399559	0.068	-0.372	2.044
0.849526166916	-0.1	-0.072	0.024
0.851479053497	-0.1	-0.072	0.024
0.853437185287	-0.028	0.048	-0.812
0.855390071869	-0.028	0.048	-0.812
0.857343196869	-0.028	0.048	-0.812
0.859295129776	0.08	-0.304	2.044
0.861246109009	0.08	-0.304	2.044
0.863202095032	0.08	-0.304	2.044
0.865154027939	-0.028	-0.2	1.416
0.867107152939	-0.028	-0.2	1.416
0.869059085846	-0.076	0.116	-1.404
0.87101316452	-0.076	0.116	-1.404
0.872968196869	-0.076	0.116	-1.404
0.87492108345	0.072	-0.188	2.044
0.876886129379	0.072	-0.188	2.044
0.878839015961	0.028	-0.3	2.044
0.880791187286	0.028	-0.3	2.044
0.882747173309	0.028	-0.3	2.044
0.884700059891	-0.096	0.056	-1.2
0.886652231216	-0.096	0.056	-1.2
0.888605117798	-0.096	0.056	-1.2
0.890556097031	0.044	-0.06	0.696
0.892513036728	0.044	-0.06	0.696
0.894464015961	0.068	-0.372	2.044
0.896416187286	0.068	-0.372	2.044
0.898368120193	0.068	-0.372	2.044
0.900320053101	-0.1	-0.04	-0.288
0.902279138565	-0.1	-0.04	-0.288
0.904233217239	-0.036	0.04	-0.552
0.906202077866	-0.036	0.04	-0.552
0.908155202866	-0.036	0.04	-0.552
0.910108089447	0.068	-0.328	2.044
0.912061214447	0.068	-0.328	2.044
0.914013147354	0.068	-0.328	2.044
0.915964126587	-0.064	-0.164	1.056
0.917916059494	-0.064	-0.164	1.056
0.919869184494	-0.084	0.12	-1.332
0.92182803154	-0.084	0.12	-1.332
0.92378115654	-0.084	0.12	-1.332
0.925734043121	0.076	-0.232	2.044
0.927686214447	0.076	-0.232	2.044
0.92963719368	0.076	-0.232	2.044
0.931598186493	-0.028	-0.272	2.044
0.933558225632	-0.028	-0.272	2.044
0.935511112213	-0.088	0.12	-1.34
0.937466144562	-0.088	0.12	-1.34
0.939419031143	-0.088	0.12	-1.34
0.941371202469	0.048	-0.1	1.064
0.943327188492	0.048	-0.1	1.064
0.945279121399	0.036	-0.368	2.044
0.947230100632	0.036	-0.368	2.044
0.949182033539	0.036	-0.368	2.044
0.951134204865	-0.112	0.004	-0.572
0.95308804512	-0.112	0.004	-0.572
0.95504117012	-0.112	0.004	-0.572
0.956993103027	-0.012	0.016	-0.276
0.958945035934	-0.012	0.016	-0.276
0.960898160934	0.072	-0.352	2.044
0.962855100632	0.072	-0.352	2.044
0.964808225632	0.072	-0.352	2.044
0.966763019562	-0.068	-0.136	0.696
0.968716144562	-0.068	-0.136	0.696
0.970668077469	-0.056	0.092	-1.18
0.972653150558	-0.056	0.092	-1.18
0.974608182907	-0.056	0.092	-1.18
0.976561069489	0.072	-0.248	2.044
0.978512048721	0.072	-0.248	2.044
0.980464220047	0.072	-0.248	2.044
0.982421159744	-0.008	-0.24	2.044
0.984374046326	-0.008	-0.24	2.044
0.986336231232	-0.08	0.1	-1.408
0.988290071487	-0.08	0.1	-1.408
0.990243196487	-0.08	0.1	-1.408
0.992202043533	0.072	-0.124	1.416
0.994154214859	0.072	-0.124	1.416
0.996105194092	0.044	-0.34	2.044
0.998068094254	0.044	-0.34	2.044
1.00002002716	0.044	-0.34	2.044
1.00197815895	-0.112	0.024	-0.836
1.00393199921	-0.112	0.024	-0.836
1.00588417053	-0.112	0.024	-0.836
1.00783610344	-0.008	0.0	0.04
1.00978016853	-0.008	0.0	0.04
1.01173019409	0.068	-0.364	2.044
1.01368308067	0.068	-0.364	2.044
1.01563501358	0.068	-0.364	2.044
1.01758718491	-0.064	-0.112	0.332
1.01953911781	-0.064	-0.112	0.332
1.02149105072	-0.064	0.1	-1.024
1.02345013618	-0.064	0.1	-1.024
1.02540206909	-0.064	0.1	-1.024
1.02735805511	0.076	-0.288	2.044
1.02931022644	0.076	-0.288	2.044
1.03127408028	0.076	-0.288	2.044
1.03322815895	-0.044	-0.224	1.744
1.03518104553	-0.044	-0.224	1.744
1.03713512421	-0.104	0.128	-1.436
1.03908705711	-0.104	0.128	-1.436
1.04105019569	-0.104	0.128	-1.436
1.04300522804	0.064	-0.148	1.748
1.04496121407	0.064	-0.148	1.748
1.0469121933	-0.008	-0.32	2.044
1.04886507988	-0.008	-0.32	2.044
1.05081701279	-0.008	-0.32	2.044
1.05277514458	-0.1	0.064	-1.036
1.05472803116	-0.1	0.064	-1.036
1.05668401718	-0.1	0.064	-1.036
1.05864214897	0.032	-0.032	0.364
1.0605931282	0.032	-0.032	0.364
1.0625500679	0.064	-0.372	2.044
1.06450104713	0.064	-0.372	2.044
1.06645321846	0.064	-0.372	2.044
1.06840515137	-0.08	-0.068	0.008
1.07035708427	-0.08	-0.068	0.008
1.07231521606	-0.036	0.072	-0.8
1.07426714897	-0.036	0.072	-0.8
1.07621908188	-0.036	0.072	-0.8
1.07817101479	0.076	-0.312	2.044
1.08012223244	0.076	-0.312	2.044
1.08207511902	0.076	-0.312	2.044
1.08402705193	-0.036	-0.192	1.388
1.08597922325	-0.036	-0.192	1.388
1.08793520927	-0.056	0.124	-1.404
1.08988809586	-0.056	0.124	-1.404
1.09184718132	-0.056	0.124	-1.404
1.0938000679	0.056	-0.196	2.044
1.09576320648	0.056	-0.196	2.044
1.09771609306	0.004	-0.3	2.044
1.0996670723	0.004	-0.3	2.044
1.1016190052	0.004	-0.3	2.044
1.10361003876	-0.104	0.064	-1.208
1.10556411743	-0.104	0.064	-1.208
1.10751700401	-0.104	0.064	-1.208
1.10947108269	0.04	-0.056	0.72
1.11142301559	0.04	-0.056	0.72
1.11337900162	0.06	-0.376	2.044
1.11533117294	0.06	-0.376	2.044
1.11728310585	0.06	-0.376	2.044
1.11924600601	-0.108	-0.036	-0.312
1.12120103836	-0.108	-0.036	-0.312
1.12315917015	-0.108	-0.036	-0.312
1.12511301041	-0.044	0.048	-0.536
1.12706613541	-0.044	0.048	-0.536
1.12901902199	0.08	-0.352	2.044
1.13097119331	0.08	-0.352	2.044
1.13293218613	0.08	-0.352	2.044
1.13488507271	-0.06	-0.172	1.036
1.13683819771	-0.06	-0.172	1.036
1.13879013062	-0.084	0.132	-1.316
1.1407430172	-0.084	0.132	-1.316
1.14270305634	-0.084	0.132	-1.316
1.14465618134	0.068	-0.224	2.044
1.14660811424	0.068	-0.224	2.044
1.14856219292	0.068	-0.224	2.044
1.15052318573	-0.028	-0.276	2.044
1.15248322487	-0.028	-0.276	2.044
1.15443706512	-0.116	0.124	-1.34
1.15639019012	-0.116	0.124	-1.34
1.15834212303	-0.116	0.124	-1.34
1.16029500961	0.044	-0.1	1.08
1.16224813461	0.044	-0.1	1.08
1.16419911385	0.036	-0.356	2.044
1.16615104675	0.036	-0.356	2.044
1.16810202599	0.036	-0.356	2.044
1.17005419731	-0.096	0.0	-0.6
1.17202615738	-0.096	0.0	-0.6
1.17397212982	-0.096	0.0	-0.6
1.17591714859	-0.016	0.02	-0.26
1.1778690815	-0.016	0.02	-0.26
1.17982411385	0.096	-0.352	2.044
1.18178105354	0.096	-0.352	2.044
1.18373322487	0.096	-0.352	2.044
1.18568611145	-0.08	-0.136	0.676
1.18763709068	-0.08	-0.136	0.676
1.18958902359	-0.056	0.088	-1.192
1.19154119492	-0.056	0.088	-1.192
1.19349503517	-0.056	0.088	-1.192
1.1954472065	0.064	-0.256	2.044
1.1973991394	0.064	-0.256	2.044
1.19935107231	0.064	-0.256	2.044
1.20130205154	-0.008	-0.244	2.044
1.20326018333	-0.008	-0.244	2.044
1.2052230835	-0.072	0.096	-1.412
1.2071762085	-0.072	0.096	-1.412
1.20913219452	-0.072	0.096	-1.412
1.21108412743	0.064	-0.12	1.428
1.2130420208	0.064	-0.12	1.428
1.21499300003	0.052	-0.356	2.044
1.21694302559	0.052	-0.356	2.044
1.21889519691	0.052	-0.356	2.044
1.22084617615	-0.096	0.016	-0.844
1.22280406952	-0.096	0.016	-0.844
1.22475814819	-0.096	0.016	-0.844
1.22670912743	0.008	-0.012	0.044
1.22865915298	0.008	-0.012	0.044
1.23061013222	0.092	-0.368	2.044
1.23256611824	0.092	-0.368	2.044
1.23451900482	0.092	-0.368	2.044
1.23647022247	-0.088	-0.112	0.34
1.23842310905	-0.088	-0.112	0.34
1.24037718773	-0.072	0.092	-1.008
1.24233102798	-0.072	0.092	-1.008
1.24428415298	-0.072	0.092	-1.008
1.24623608589	0.064	-0.28	2.044
1.24818611145	0.064	-0.28	2.044
1.25013804436	0.064	-0.28	2.044
1.25209522247	-0.04	-0.212	1.72
1.25404906273	-0.04	-0.212	1.72
1.25600099564	-0.12	0.12	-1.42
1.25795412064	-0.12	0.12	-1.42
1.25994110107	-0.12	0.12	-1.42
1.26190114021	0.06	-0.164	1.772
1.26385307312	0.06	-0.164	1.772
1.26580500603	-0.012	-0.32	2.044
1.26775813103	-0.012	-0.32	2.044
1.26971316338	-0.012	-0.32	2.044
1.27166700363	-0.088	0.056	-1.048
1.27362012863	-0.088	0.056	-1.048
1.27557206154	-0.088	0.056	-1.048
1.27752423286	0.02	-0.032	0.412
1.2794752121	0.02	-0.032	0.412
1.28142619133	0.068	-0.368	2.044
1.28338313103	0.068	-0.368	2.044
1.28533506393	0.068	-0.368	2.044
1.28728699684	-0.084	-0.08	0.0
1.28923201561	-0.084	-0.08	0.0
1.29117512703	-0.084	-0.08	0.0
1.29312419891	-0.036	0.068	-0.8
1.29507803917	-0.036	0.068	-0.8
1.29703021049	0.088	-0.324	2.044
1.29897999763	0.088	-0.324	2.044
1.30093502998	0.088	-0.324	2.044
1.3028922081	-0.048	-0.188	1.384
1.30484604836	-0.048	-0.188	1.384
1.30679702759	-0.08	0.12	-1.396
1.30875015259	-0.08	0.12	-1.396
1.31070303917	-0.08	0.12	-1.396
1.31272602081	0.06	-0.18	2.044
1.31473016739	0.06	-0.18	2.044
1.3166911602	0.016	-0.296	2.044
1.31864500046	0.016	-0.296	2.044
1.3206050396	0.016	-0.296	2.044
1.32256221771	-0.092	0.076	-1.232
1.32451701164	-0.092	0.076	-1.232
1.32647109032	-0.092	0.076	-1.232
1.32842421532	0.036	-0.056	0.728
1.3304271698	0.036	-0.056	0.728
1.33238816261	0.072	-0.36	2.044
1.33434104919	0.072	-0.36	2.044
1.33629322052	0.072	-0.36	2.044
1.3382461071	-0.092	-0.044	-0.312
1.34020113945	-0.092	-0.044	-0.312
1.34216117859	-0.028	0.048	-0.54
1.34411406517	-0.028	0.048	-0.54
1.34606814384	-0.028	0.048	-0.54
1.34802103043	0.072	-0.34	2.044
1.34997415543	0.072	-0.34	2.044
1.35193014145	0.072	-0.34	2.044
1.35388302803	-0.064	-0.164	1.02
1.3558371067	-0.064	-0.164	1.02
1.3577902317	-0.08	0.116	-1.296
1.35974311829	-0.08	0.116	-1.296
1.36170816422	-0.08	0.116	-1.296
1.36366319656	0.088	-0.228	2.044
1.36561512947	0.088	-0.228	2.044
1.36756706238	0.088	-0.228	2.044
1.36953210831	-0.028	-0.284	2.044
1.37148523331	-0.028	-0.284	2.044
1.37344503403	-0.092	0.128	-1.348
1.37539815903	-0.092	0.128	-1.348
1.37735319138	-0.092	0.128	-1.348
1.37930703163	0.052	-0.084	1.096
1.38125801086	0.052	-0.084	1.096
1.38321113586	0.032	-0.364	2.044
1.38516521454	0.032	-0.364	2.044
1.38711714745	0.032	-0.364	2.044
1.38906908035	-0.088	0.008	-0.6
1.39102506638	-0.088	0.008	-0.6
1.3929810524	-0.088	0.008	-0.6
1.39493322372	-0.016	0.02	-0.252
1.39688515663	-0.016	0.02	-0.252
1.39883708954	0.076	-0.356	2.044
1.40080714226	0.076	-0.356	2.044
1.40276217461	0.076	-0.356	2.044
1.40470719337	-0.068	-0.14	0.66
1.40665221214	-0.068	-0.14	0.66
1.40859603882	-0.06	0.104	-1.18
1.41054201126	-0.06	0.104	-1.18
1.41249203682	-0.06	0.104	-1.18
1.41444802284	0.076	-0.256	2.044
1.41640114784	0.076	-0.256	2.044
1.41835522652	0.076	-0.256	2.044
1.42030715942	-0.032	-0.248	2.044
1.42226815224	-0.032	-0.248	2.044
1.42423200607	-0.068	0.112	-1.412
1.42618608475	-0.068	0.112	-1.412
1.42813801765	-0.068	0.112	-1.412
1.43009209633	0.048	-0.12	1.432
1.43204522133	0.048	-0.12	1.432
1.43399119377	0.048	-0.348	2.044
1.43593502045	0.048	-0.348	2.044
1.43787908554	0.048	-0.348	2.044
1.43982315063	-0.096	0.016	-0.852
1.44177317619	-0.096	0.016	-0.852
1.44373011589	-0.096	0.016	-0.852
1.44568300247	0.0	0.004	0.068
1.44762420654	0.0	0.004	0.068
1.44956803322	0.076	-0.384	2.044
1.45152306557	0.076	-0.384	2.044
1.45348215103	0.076	-0.384	2.044
1.45543313026	-0.084	-0.108	0.308
1.45738816261	-0.084	-0.108	0.308
1.45933914185	-0.068	0.1	-0.996
1.46129107475	-0.068	0.1	-0.996
1.46324920654	-0.068	0.1	-0.996
1.46520400047	0.084	-0.284	2.044
1.46715521812	0.084	-0.284	2.044
1.46910619736	0.084	-0.284	2.044
1.47105717659	-0.052	-0.22	1.716
1.47301220894	-0.052	-0.22	1.716
1.47496509552	-0.116	0.124	-1.432
1.47691822052	-0.116	0.124	-1.432
1.47888016701	-0.116	0.124	-1.432
1.48084807396	0.072	-0.148	1.792
1.48281121254	0.072	-0.148	1.792
1.48476314545	-0.024	-0.316	2.044
1.48671603203	-0.024	-0.316	2.044
1.4886841774	-0.024	-0.316	2.044
1.49063706398	-0.104	0.072	-1.06
1.49259519577	-0.104	0.072	-1.06
1.49454808235	-0.104	0.072	-1.06
1.49650001526	0.02	-0.024	0.412
1.49845218658	0.02	-0.024	0.412
1.50040411949	0.064	-0.368	2.044
1.50236010551	0.064	-0.368	2.044
1.50431203842	0.064	-0.368	2.044
1.50626420975	-0.064	-0.056	-0.032
1.50821709633	-0.064	-0.056	-0.032
1.51020002365	-0.048	0.064	-0.78
1.51215910912	-0.048	0.064	-0.78
1.51411414146	-0.048	0.064	-0.78
1.51606607437	0.092	-0.324	2.044
1.51801919937	0.092	-0.324	2.044
1.5199701786	0.092	-0.324	2.044
1.52193021774	-0.032	-0.208	1.364
1.523884058	-0.032	-0.208	1.364
1.52583622932	-0.076	0.12	-1.396
1.5278031826	-0.076	0.12	-1.396
1.52975916862	-0.076	0.12	-1.396
1.53171920776	0.076	-0.192	2.044
1.53368115425	0.076	-0.192	2.044
1.53563523293	0.076	-0.192	2.044
1.53758811951	0.016	-0.288	2.044
1.53954005241	0.016	-0.288	2.044
1.54149222374	-0.092	0.064	-1.232
1.54345417023	-0.092	0.064	-1.232
1.54541015625	-0.092	0.064	-1.232
1.54736399651	0.044	-0.064	0.752
1.54931616783	0.044	-0.064	0.752
1.55126714706	0.068	-0.372	2.044
1.55322217941	0.068	-0.372	2.044
1.55517411232	0.068	-0.372	2.044
1.55712604523	-0.104	-0.028	-0.328
1.55907917023	-0.104	-0.028	-0.328
1.56103610992	-0.104	-0.028	-0.328
1.56299614906	-0.032	0.036	-0.536
1.56494903564	-0.032	0.036	-0.536
1.56690001488	0.08	-0.34	2.044
1.56885409355	0.08	-0.34	2.044
1.57080507278	0.08	-0.34	2.044
1.5727660656	-0.044	-0.156	1.004
1.5747191906	-0.044	-0.156	1.004
1.5766890049	-0.08	0.116	-1.32
1.57864308357	-0.08	0.116	-1.32
1.58059620857	-0.08	0.116	-1.32
1.58255410194	0.076	-0.224	2.044
1.58450722694	0.076	-0.224	2.044
1.58646011353	0.076	-0.224	2.044
1.58842110634	-0.028	-0.268	2.044
1.59037423134	-0.028	-0.268	2.044
1.59232807159	-0.116	0.096	-1.34
1.59428405762	-0.116	0.096	-1.34
1.59623813629	-0.116	0.096	-1.34
1.5981900692	0.056	-0.084	1.112
1.6001431942	0.056	-0.084	1.112
1.60210108757	0.024	-0.352	2.044
1.60405802727	0.024	-0.352	2.044
1.60601019859	0.024	-0.352	2.044
1.60796308517	-0.084	0.0	-0.612
1.60991001129	-0.084	0.0	-0.612
1.61186122894	-0.084	0.0	-0.612
1.61380600929	-0.012	0.02	-0.22
1.61575818062	-0.012	0.02	-0.22
1.61771202087	0.072	-0.36	2.044
1.61966300011	0.072	-0.36	2.044
1.62161517143	0.072	-0.36	2.044
1.62365007401	-0.056	-0.132	0.668
1.6256070137	-0.056	-0.132	0.668
1.6275601387	-0.056	0.116	-1.196
1.62951517105	-0.056	0.116	-1.196
1.63146805763	-0.056	0.116	-1.196
1.63343000412	0.076	-0.272	2.044
1.63537406921	0.076	-0.272	2.044
1.63731813431	0.076	-0.272	2.044
1.6392621994	-0.024	-0.244	2.04
1.64120912552	-0.024	-0.244	2.04
1.64317703247	-0.084	0.104	-1.412
1.64513611794	-0.084	0.104	-1.412
1.64708900452	-0.084	0.104	-1.412
1.64904522896	0.068	-0.116	1.452
1.65099716187	0.068	-0.116	1.452
1.65295505524	0.036	-0.344	2.044
1.65490603447	0.036	-0.344	2.044
1.65687203407	0.036	-0.344	2.044
1.65882301331	-0.096	0.012	-0.868
1.66077709198	-0.096	0.012	-0.868
1.66273117065	-0.096	0.012	-0.868
1.66470217705	0.024	-0.02	0.096
1.66665410995	0.024	-0.02	0.096
1.66860604286	0.076	-0.368	2.044
1.67055702209	0.076	-0.368	2.044
1.67251110077	0.076	-0.368	2.044
1.67446517944	-0.068	-0.112	0.296
1.67641806602	-0.068	-0.112	0.296
1.67837119102	-0.056	0.092	-0.996
1.68032312393	-0.056	0.092	-0.996
1.68228316307	-0.056	0.092	-0.996
1.68423604965	0.088	-0.296	2.044
1.68618702888	0.088	-0.296	2.044
1.68813920021	0.088	-0.296	2.044
1.69009304047	-0.032	-0.228	1.696
1.69205212593	-0.032	-0.228	1.696
1.69400906563	-0.128	0.128	-1.42
1.69596219063	-0.128	0.128	-1.42
1.69792509079	-0.128	0.128	-1.42
1.69987916946	0.064	-0.144	1.796
1.70183706284	0.064	-0.144	1.796
1.70378804207	-0.016	-0.32	2.044
1.70574307442	-0.016	-0.32	2.044
1.70769619942	-0.016	-0.32	2.044
1.709649086	-0.116	0.072	-1.072
1.71171116829	-0.116	0.072	-1.072
1.71367001534	-0.116	0.072	-1.072
1.71562409401	0.02	-0.04	0.416
1.71757602692	0.02	-0.04	0.416
1.71952819824	0.04	-0.364	2.044
1.72148323059	0.04	-0.364	2.044
1.72344303131	0.04	-0.364	2.044
1.72539901733	-0.076	-0.068	-0.028
1.72735404968	-0.076	-0.068	-0.028
1.72930908203	-0.044	0.068	-0.78
1.73126101494	-0.044	0.068	-0.78
1.73322105408	-0.044	0.068	-0.78
1.73517513275	0.084	-0.332	2.044
1.7371301651	0.084	-0.332	2.044
1.73908305168	0.084	-0.332	2.044
1.74103522301	-0.032	-0.192	1.34
1.74299407005	-0.032	-0.192	1.34
1.7449491024	-0.08	0.128	-1.388
1.7469022274	-0.08	0.128	-1.388
1.74885511398	-0.08	0.128	-1.388
1.75080800056	0.072	-0.196	2.044
1.75279808044	0.072	-0.196	2.044
1.75475406647	0.012	-0.292	2.044
1.75670719147	0.012	-0.292	2.044
1.75865912437	0.012	-0.292	2.044
1.7606241703	-0.092	0.072	-1.236
1.76258420944	-0.092	0.072	-1.236
1.7645380497	-0.092	0.072	-1.236
1.7664911747	0.044	-0.064	0.76
1.7684431076	0.044	-0.064	0.76
1.7703962326	0.072	-0.364	2.044
1.7723531723	0.072	-0.364	2.044
1.77430510521	0.072	-0.364	2.044
1.77625823021	-0.096	-0.044	-0.344
1.77821207047	-0.096	-0.044	-0.344
1.78016614914	-0.028	0.044	-0.508
1.78212404251	-0.028	0.044	-0.508
1.78407716751	-0.028	0.044	-0.508
1.78603410721	0.08	-0.344	2.044
1.78798604012	0.08	-0.344	2.044
1.78993821144	0.08	-0.344	2.044
1.7918920517	-0.064	-0.152	0.984
1.79384613037	-0.064	-0.152	0.984
1.79579901695	-0.084	0.124	-1.3
1.79775214195	-0.084	0.124	-1.3
1.79971599579	-0.084	0.124	-1.3
1.80167722702	0.068	-0.228	2.044
1.80362915993	0.068	-0.228	2.044
1.80558109283	-0.028	-0.284	2.044
1.80754518509	-0.028	-0.284	2.044
1.80950021744	-0.028	-0.284	2.044
1.81145310402	-0.124	0.116	-1.344
1.81341314316	-0.124	0.116	-1.344
1.81537008286	-0.124	0.116	-1.344
1.81732702255	0.056	-0.096	1.112
1.81927919388	0.056	-0.096	1.112
1.82123112679	0.028	-0.352	2.044
1.82319021225	0.028	-0.352	2.044
1.82514405251	0.028	-0.352	2.044
1.82709717751	-0.092	-0.012	-0.612
1.82905006409	-0.092	-0.012	-0.612
1.83100318909	-0.092	-0.012	-0.612
1.83295702934	-0.012	0.008	-0.216
1.83490204811	-0.012	0.008	-0.216
1.83684706688	0.076	-0.36	2.044
1.83879113197	0.076	-0.36	2.044
1.84074807167	0.076	-0.36	2.044
1.84277200699	-0.06	-0.132	0.64
1.84473109245	-0.06	-0.132	0.64
1.84668707848	-0.064	0.096	-1.168
1.84866023064	-0.064	0.096	-1.168
1.85061502457	-0.064	0.096	-1.168
1.85257411003	0.072	-0.256	2.044
1.85452604294	0.072	-0.256	2.044
1.85647821426	-0.024	-0.244	2.02
1.85843300819	-0.024	-0.244	2.02
1.86038517952	-0.024	-0.244	2.02
1.86234903336	-0.084	0.136	-1.42
1.8643040657	-0.084	0.136	-1.42
1.86625909805	-0.084	0.136	-1.42
1.86821222305	0.06	-0.116	1.472
1.87016415596	0.06	-0.116	1.472
1.87211799622	0.04	-0.336	2.044
1.87407207489	0.04	-0.336	2.044
1.87602806091	0.04	-0.336	2.044
1.87798118591	-0.1	0.016	-0.872
1.87993502617	-0.1	0.016	-0.872
1.88189601898	-0.1	0.016	-0.872
1.88385009766	0.004	-0.008	0.092
1.88580012321	0.004	-0.008	0.092
1.8877530098	0.084	-0.364	2.044
1.8897061348	0.084	-0.364	2.044
1.89166402817	0.084	-0.364	2.044
1.89361715317	-0.064	-0.116	0.296
1.89557123184	-0.064	-0.116	0.296
1.89754509926	-0.056	0.076	-0.988
1.89949917793	-0.056	0.076	-0.988
1.90145206451	-0.056	0.076	-0.988
1.90341114998	0.08	-0.292	2.044
1.90536808968	0.08	-0.292	2.044
1.9073240757	0.08	-0.292	2.044
1.9092772007	-0.044	-0.216	1.68
1.91123008728	-0.044	-0.216	1.68
1.9131860733	-0.1	0.116	-1.432
1.9151391983	-0.1	0.116	-1.432
1.91710209846	-0.1	0.116	-1.432
1.91905617714	0.08	-0.164	1.824
1.9210100174	0.08	-0.164	1.824
1.92296910286	-0.004	-0.328	2.044
1.92492222786	-0.004	-0.328	2.044
1.92687511444	-0.004	-0.328	2.044
1.92882919312	-0.116	0.084	-1.084
1.93078303337	-0.116	0.084	-1.084
1.93274307251	-0.116	0.084	-1.084
1.93469619751	0.028	-0.02	0.424
1.93667316437	0.028	-0.02	0.424
1.93865323067	0.052	-0.368	2.044
1.94061017036	0.052	-0.368	2.044
1.94256901741	0.052	-0.368	2.044
1.94452404976	-0.084	-0.056	-0.048
1.94647908211	-0.084	-0.056	-0.048
1.94843220711	-0.052	0.064	-0.764
1.95038509369	-0.052	0.064	-0.764
1.95233917236	-0.052	0.064	-0.764
1.95429301262	0.06	-0.312	2.044
1.95624423027	0.06	-0.312	2.044
1.95819616318	0.06	-0.312	2.044
1.96014904976	-0.044	-0.188	1.34
1.9621090889	-0.044	-0.188	1.34
1.96406316757	-0.072	0.12	-1.384
1.96601700783	-0.072	0.12	-1.384
1.96797513962	-0.072	0.12	-1.384
1.96992921829	0.068	-0.196	2.044
1.97189807892	0.068	-0.196	2.044
1.97385120392	0.004	-0.292	2.044
1.97580599785	0.004	-0.292	2.044
1.97776007652	0.004	-0.292	2.044
1.97971200943	-0.092	0.064	-1.228
1.98167109489	-0.092	0.064	-1.228
1.98364114761	-0.092	0.064	-1.228
1.98559617996	0.032	-0.06	0.776
1.98754715919	0.032	-0.06	0.776
1.98949813843	0.072	-0.38	2.044
1.99144816399	0.072	-0.38	2.044
1.9934091568	0.072	-0.38	2.044
1.99536013603	-0.1	-0.036	-0.356
1.99731707573	-0.1	-0.036	-0.356
1.9992711544	-0.02	0.04	-0.5
2.00122022629	-0.02	0.04	-0.5
2.00317406654	-0.02	0.04	-0.5
2.00512218475	0.096	-0.348	2.044
2.00707411766	0.096	-0.348	2.044
2.00903105736	0.096	-0.348	2.044
2.01098322868	-0.036	-0.168	0.976
2.0129430294	-0.036	-0.168	0.976
2.01489520073	-0.076	0.124	-1.3
2.01685023308	-0.076	0.124	-1.3
2.01880407333	-0.076	0.124	-1.3
2.02075600624	0.072	-0.228	2.044
2.02271509171	0.072	-0.228	2.044
2.0246860981	-0.032	-0.264	2.044
2.02664899826	-0.032	-0.264	2.044
2.02860617638	-0.032	-0.264	2.044
2.03055906296	-0.124	0.124	-1.344
2.03251314163	-0.124	0.124	-1.344
2.03446006775	-0.124	0.124	-1.344
2.03640508652	0.052	-0.1	1.136
2.03835010529	0.052	-0.1	1.136
2.04029512405	0.024	-0.356	2.044
2.04224610329	0.024	-0.356	2.044
2.04420399666	0.024	-0.356	2.044
2.04615712166	-0.1	0.012	-0.644
2.04811000824	-0.1	0.012	-0.644
2.05006504059	-0.016	0.02	-0.208
2.05202412605	-0.016	0.02	-0.208
2.05397701263	-0.016	0.02	-0.208
2.05593013763	0.076	-0.356	2.044
2.05788707733	0.076	-0.356	2.044
2.05983805656	0.076	-0.356	2.044
2.06179714203	-0.052	-0.132	0.604
2.06376314163	-0.052	-0.132	0.604
2.06571817398	-0.06	0.104	-1.164
2.06767106056	-0.06	0.104	-1.164
2.06962418556	-0.06	0.104	-1.164
2.07157611847	0.076	-0.268	2.044
2.07353210449	0.076	-0.268	2.044
2.0754840374	-0.02	-0.248	2.004
2.0774371624	-0.02	-0.248	2.004
2.07939219475	-0.02	-0.248	2.004
2.08136105537	-0.064	0.12	-1.404
2.08331608772	-0.064	0.12	-1.404
2.08526802063	-0.064	0.12	-1.404
2.08722019196	0.052	-0.12	1.476
2.08917808533	0.052	-0.12	1.476
2.09113001823	0.036	-0.336	2.044
2.09308815002	0.036	-0.336	2.044
2.09503912926	0.036	-0.336	2.044
2.09699201584	-0.116	0.032	-0.864
2.09894609451	-0.116	0.032	-0.864
2.10090923309	-0.004	0.0	0.112
2.10285902023	-0.004	0.0	0.112
2.10481214523	-0.004	0.0	0.112
2.10676002502	0.08	-0.372	2.044
2.10871315002	0.08	-0.372	2.044
2.11066508293	0.08	-0.372	2.044
2.1127011776	-0.084	-0.092	0.268
2.11465716362	-0.084	-0.092	0.268
2.11661100388	-0.068	0.1	-0.976
2.11856722832	-0.068	0.1	-0.976
2.12052106857	-0.068	0.1	-0.976
2.12248110771	0.08	-0.28	2.044
2.12443423271	0.08	-0.28	2.044
2.12638616562	-0.032	-0.216	1.664
2.1283390522	-0.032	-0.216	1.664
2.1302921772	-0.032	-0.216	1.664
2.13225507736	-0.08	0.108	-1.412
2.13420915604	-0.08	0.108	-1.412
2.1361720562	-0.08	0.108	-1.412
2.13812708855	0.064	-0.164	1.816
2.14007902145	0.064	-0.164	1.816
2.14203715324	-0.016	-0.32	2.044
2.14399123192	-0.016	-0.32	2.044
2.1459441185	-0.016	-0.32	2.044
2.14789700508	-0.124	0.08	-1.088
2.1498541832	-0.124	0.08	-1.088
2.15180802345	-0.124	0.08	-1.088
2.1537630558	0.02	-0.048	0.44
2.1557161808	0.02	-0.048	0.44
2.15766716003	0.052	-0.372	2.044
2.15963220596	0.052	-0.372	2.044
2.16158604622	0.052	-0.372	2.044
2.16353917122	-0.076	-0.06	-0.056
2.16549301147	-0.076	-0.06	-0.056
2.16744613647	-0.072	0.068	-0.74
2.16940021515	-0.072	0.068	-0.74
2.17135310173	-0.072	0.068	-0.74
2.17331218719	0.088	-0.332	2.044
2.1752641201	0.088	-0.332	2.044
2.17721819878	0.088	-0.332	2.044
2.1791741848	-0.048	-0.188	1.324
2.18112707138	-0.048	-0.188	1.324
2.18308711052	-0.068	0.124	-1.388
2.18504309654	-0.068	0.124	-1.388
2.18699717522	-0.068	0.124	-1.388
2.18894910812	0.072	-0.184	2.044
2.19091105461	0.072	-0.184	2.044
2.19291210175	0.004	-0.292	2.044
2.19486713409	0.004	-0.292	2.044
2.196819067	0.004	-0.292	2.044
2.19877099991	-0.1	0.064	-1.236
2.20072603226	-0.1	0.064	-1.236
2.20271205902	-0.1	0.064	-1.236
2.2046661377	0.04	-0.072	0.776
2.20661711693	0.04	-0.072	0.776
2.20857000351	0.068	-0.356	2.044
2.21052622795	0.068	-0.356	2.044
2.21248412132	0.068	-0.356	2.044
2.21443605423	-0.104	-0.032	-0.348
2.21639108658	-0.104	-0.032	-0.348
2.21834611893	-0.036	0.044	-0.496
2.22029900551	-0.036	0.044	-0.496
2.22225904465	-0.036	0.044	-0.496
2.22421216965	0.096	-0.34	2.044
2.22616505623	0.096	-0.34	2.044
2.22811818123	0.096	-0.34	2.044
2.23007011414	-0.04	-0.152	0.96
2.23202419281	-0.04	-0.152	0.96
2.23397016525	-0.072	0.112	-1.292
2.2359161377	-0.072	0.112	-1.292
2.23786020279	-0.072	0.112	-1.292
2.23980808258	0.088	-0.232	2.044
2.24176001549	0.088	-0.232	2.044
2.24371600151	-0.028	-0.272	2.044
2.24567914009	-0.028	-0.272	2.044
2.24765205383	-0.028	-0.272	2.044
2.24960923195	-0.116	0.112	-1.364
2.25156521797	-0.116	0.112	-1.364
2.25352501869	-0.116	0.112	-1.364
2.25547814369	0.048	-0.096	1.132
2.25743222237	0.048	-0.096	1.132
2.25938415527	0.016	-0.348	2.044
2.26133608818	0.016	-0.348	2.044
2.26329517365	0.016	-0.348	2.044
2.2652490139	-0.096	0.012	-0.648
2.2672021389	-0.096	0.012	-0.648
2.26915502548	-0.008	0.008	-0.204
2.27111005783	-0.008	0.008	-0.204
2.27306604385	-0.008	0.008	-0.204
2.27501821518	0.076	-0.36	2.044
2.27696919441	0.076	-0.36	2.044
2.27892017365	0.076	-0.36	2.044
2.28087520599	-0.044	-0.136	0.62
2.28283500671	-0.044	-0.136	0.62
2.28478717804	-0.052	0.092	-1.16
2.28674006462	-0.052	0.092	-1.16
2.28870606422	-0.052	0.092	-1.16
2.29065918922	0.076	-0.268	2.044
2.29261207581	0.076	-0.268	2.044
2.29456520081	-0.02	-0.244	2.004
2.29651904106	-0.02	-0.244	2.004
2.29847407341	-0.02	-0.244	2.004
2.30044007301	-0.072	0.104	-1.42
2.30240011215	-0.072	0.104	-1.42
2.3043551445	-0.072	0.104	-1.42
2.30630803108	0.052	-0.124	1.488
2.30826020241	0.052	-0.124	1.488
2.31021213531	0.036	-0.332	2.044
2.3121650219	0.036	-0.332	2.044
2.31411910057	0.036	-0.332	2.044
2.31607103348	-0.1	0.016	-0.876
2.3180232048	-0.1	0.016	-0.876
2.31997609138	0.008	-0.008	0.104
2.32193517685	0.008	-0.008	0.104
2.32388520241	0.008	-0.008	0.104
2.32583618164	0.084	-0.356	2.044
2.32780122757	0.084	-0.356	2.044
2.32975411415	0.084	-0.356	2.044
2.33171606064	-0.076	-0.096	0.288
2.33366918564	-0.076	-0.096	0.288
2.33562111855	-0.068	0.092	-0.988
2.33757519722	-0.068	0.092	-0.988
2.3395280838	-0.068	0.092	-0.988
2.34148001671	0.076	-0.288	2.044
2.34343910217	0.076	-0.288	2.044
2.34539318085	-0.028	-0.216	1.672
2.3473470211	-0.028	-0.216	1.672
2.34930109978	-0.028	-0.216	1.672
2.35125422478	-0.1	0.128	-1.428
2.35320901871	-0.1	0.128	-1.428
2.35517406464	-0.1	0.128	-1.428
2.35712718964	0.072	-0.164	1.808
2.35907912254	0.072	-0.164	1.808
2.36103606224	-0.012	-0.324	2.044
2.36299705505	-0.012	-0.324	2.044
2.36495018005	-0.012	-0.324	2.044
2.36690306664	-0.092	0.072	-1.08
2.36885809898	-0.092	0.072	-1.08
2.37081623077	-0.092	0.072	-1.08
2.37277507782	0.032	-0.036	0.436
2.37472701073	0.032	-0.036	0.436
2.37670302391	0.056	-0.368	2.044
2.37865710258	0.056	-0.368	2.044
2.38060903549	0.056	-0.368	2.044
2.38256216049	-0.064	-0.06	-0.036
2.38451600075	-0.064	-0.06	-0.036
2.38646912575	-0.052	0.064	-0.752
2.38842105865	-0.052	0.064	-0.752
2.39037418365	-0.052	0.064	-0.752
2.39233112335	0.088	-0.328	2.044
2.3942861557	0.088	-0.328	2.044
2.39623808861	0.088	-0.328	2.044
2.39818906784	-0.036	-0.196	1.336
2.40014219284	-0.036	-0.196	1.336
2.40210223198	-0.084	0.136	-1.396
2.40404820442	-0.084	0.136	-1.396
2.40599322319	-0.084	0.136	-1.396
2.40794110298	0.064	-0.196	2.044
2.40989613533	0.064	-0.196	2.044
2.41184520721	0.004	-0.296	2.044
2.41380000114	0.004	-0.296	2.044
2.41575217247	0.004	-0.296	2.044
2.41770601273	-0.088	0.076	-1.244
2.41965913773	-0.088	0.076	-1.244
2.42161607742	-0.088	0.076	-1.244
2.42360210419	0.04	-0.052	0.776
2.42555618286	0.04	-0.052	0.776
2.42750811577	0.064	-0.368	2.044
2.42946004868	0.064	-0.368	2.044
2.43141222	0.064	-0.368	2.044
2.4333691597	-0.108	-0.036	-0.352
2.43531513214	-0.108	-0.036	-0.352
2.43725919724	-0.032	0.044	-0.504
2.439204216	-0.032	0.044	-0.504
2.44115114212	-0.032	0.044	-0.504
2.44310903549	0.076	-0.344	2.044
2.44506502151	0.076	-0.344	2.044
2.44701719284	0.076	-0.344	2.044
2.4489710331	-0.032	-0.168	0.972
2.45092320442	-0.032	-0.168	0.972
2.45288610458	-0.076	0.116	-1.296
2.45483922958	-0.076	0.116	-1.296
2.45680809021	-0.076	0.116	-1.296
2.45876216888	0.068	-0.232	2.044
2.46071314812	0.068	-0.232	2.044
2.46269607544	-0.036	-0.276	2.044
2.46467399597	-0.036	-0.276	2.044
2.46662807465	-0.036	-0.276	2.044
2.46858119965	-0.128	0.12	-1.352
2.4705350399	-0.128	0.12	-1.352
2.47249007225	-0.128	0.12	-1.352
2.47444415092	0.06	-0.104	1.108
2.47639703751	0.06	-0.104	1.108
2.47834801674	0.02	-0.356	2.044
2.48034000397	0.02	-0.356	2.044
2.48230600357	0.02	-0.356	2.044
2.48426008224	-0.116	0.012	-0.652
2.48621320724	-0.116	0.012	-0.652
2.4881670475	-0.02	0.016	-0.208
2.49012207985	-0.02	0.016	-0.208
2.49208116531	-0.02	0.016	-0.208
2.4940340519	0.048	-0.352	2.044
2.49598622322	0.048	-0.352	2.044
2.49793815613	0.048	-0.352	2.044
2.49989008904	-0.056	-0.136	0.628
2.50184822083	-0.056	-0.136	0.628
2.50381422043	-0.068	0.112	-1.168
2.50576901436	-0.068	0.112	-1.168
2.50772309303	-0.068	0.112	-1.168
2.50967621803	0.088	-0.272	2.044
2.51170706749	0.088	-0.272	2.044
2.51366901398	-0.024	-0.244	2.004
2.51562309265	-0.024	-0.244	2.004
2.51757621765	-0.024	-0.244	2.004
2.51953816414	-0.084	0.12	-1.416
2.52149510384	-0.084	0.12	-1.416
2.52345609665	-0.084	0.12	-1.416
2.52540922165	0.068	-0.128	1.496
2.52736115456	0.068	-0.128	1.496
2.52931523323	0.056	-0.344	2.044
2.53126811981	0.056	-0.344	2.044
2.53322601318	0.056	-0.344	2.044
2.53517723083	-0.112	0.028	-0.876
2.53713321686	-0.112	0.028	-0.876
2.53908705711	0.008	-0.012	0.112
2.54103922844	0.008	-0.012	0.112
2.54299902916	0.008	-0.012	0.112
2.54495215416	0.084	-0.372	2.044
2.54690408707	0.084	-0.372	2.044
2.54885601997	0.084	-0.372	2.044
2.55080699921	-0.084	-0.1	0.264
2.552765131	-0.084	-0.1	0.264
2.55472207069	-0.068	0.088	-0.98
2.55667519569	-0.068	0.088	-0.98
2.5586271286	-0.068	0.088	-0.98
2.56058001518	0.096	-0.296	2.044
2.56254005432	0.096	-0.296	2.044
2.56449222565	-0.032	-0.216	1.692
2.56644511223	-0.032	-0.216	1.692
2.56839799881	-0.032	-0.216	1.692
2.57035303116	-0.108	0.112	-1.428
2.57231211662	-0.108	0.112	-1.428
2.57427811623	-0.108	0.112	-1.428
2.5762321949	0.076	-0.164	1.828
2.57818412781	0.076	-0.164	1.828
2.58013606071	-0.008	-0.32	2.044
2.5820941925	-0.008	-0.32	2.044
2.58404803276	-0.008	-0.32	2.044
2.58600211143	-0.12	0.084	-1.072
2.58795404434	-0.12	0.084	-1.072
2.58990621567	0.032	-0.036	0.452
2.59185814857	0.032	-0.036	0.452
2.59381008148	0.032	-0.036	0.452
2.59576106071	0.056	-0.36	2.044
2.59771323204	0.056	-0.36	2.044
2.59966421127	0.056	-0.36	2.044
2.60166811943	-0.064	-0.072	-0.056
2.6036272049	-0.064	-0.072	-0.056
2.60558009148	-0.052	0.068	-0.756
2.60753321648	-0.052	0.068	-0.756
2.60948801041	-0.052	0.068	-0.756
2.61144018173	0.08	-0.32	2.044
2.61339902878	0.08	-0.32	2.044
2.61535000801	-0.044	-0.18	1.308
2.61730504036	-0.044	-0.18	1.308
2.61925816536	-0.044	-0.18	1.308
2.62121200562	-0.068	0.12	-1.388
2.62317109108	-0.068	0.12	-1.388
2.6251270771	-0.068	0.12	-1.388
2.6270802021	0.072	-0.192	2.044
2.62904119492	0.072	-0.192	2.044
2.63099813461	0.0	-0.284	2.044
2.63295602798	0.0	-0.284	2.044
2.63489603996	0.0	-0.284	2.044
2.63683199883	-0.116	0.076	-1.224
2.63877916336	-0.116	0.076	-1.224
2.64073705673	0.032	-0.064	0.792
2.64275622368	0.032	-0.064	0.792
2.64470911026	0.032	-0.064	0.792
2.64666008949	0.052	-0.364	2.044
2.6486120224	0.052	-0.364	2.044
2.65056705475	0.052	-0.364	2.044
2.65252614021	-0.112	-0.036	-0.372
2.65448021889	-0.112	-0.036	-0.372
2.65643405914	-0.04	0.048	-0.5
2.65838313103	-0.04	0.048	-0.5
2.66033220291	-0.04	0.048	-0.5
2.66228222847	0.076	-0.336	2.044
2.6642370224	0.076	-0.336	2.044
2.66619300842	-0.048	-0.172	0.96
2.66814613342	-0.048	-0.172	0.96
2.67009902	-0.048	-0.172	0.96
2.672052145	-0.048	0.096	-1.3
2.67400503159	-0.048	0.096	-1.3
2.67595815659	-0.048	0.096	-1.3
2.67791104317	0.068	-0.224	2.044
2.67986321449	0.068	-0.224	2.044
2.68182420731	-0.016	-0.268	2.044
2.68378806114	-0.016	-0.268	2.044
2.68574213982	-0.016	-0.268	2.044
2.68770813942	-0.112	0.116	-1.356
2.68966221809	-0.112	0.116	-1.356
2.69161605835	0.06	-0.104	1.152
2.69360113144	0.06	-0.104	1.152
2.69555616379	0.06	-0.104	1.152
2.69751000404	0.02	-0.352	2.044
2.69946503639	0.02	-0.352	2.044
2.70141720772	0.02	-0.352	2.044
2.70337414742	-0.104	0.004	-0.632
2.70532822609	-0.104	0.004	-0.632
2.70728111267	-0.016	0.02	-0.208
2.7092320919	-0.016	0.02	-0.208
2.71118402481	-0.016	0.02	-0.208
2.71313905716	0.08	-0.364	2.044
2.71509122849	0.08	-0.364	2.044
2.71704411507	0.08	-0.364	2.044
2.7189950943	-0.052	-0.136	0.612
2.72095012665	-0.052	-0.136	0.612
2.72291016579	-0.06	0.104	-1.156
2.72486710548	-0.06	0.104	-1.156
2.72682023048	-0.06	0.104	-1.156
2.72878217697	0.072	-0.26	2.044
2.73073816299	0.072	-0.26	2.044
2.73269605637	-0.02	-0.24	1.992
2.73465204239	-0.02	-0.24	1.992
2.73660516739	-0.02	-0.24	1.992
2.73856902122	-0.068	0.116	-1.42
2.7405230999	-0.068	0.116	-1.42
2.74248123169	-0.068	0.116	-1.42
2.74443411827	0.068	-0.136	1.504
2.74638700485	0.068	-0.136	1.504
2.7483382225	0.02	-0.34	2.044
2.75028920174	0.02	-0.34	2.044
2.75224113464	0.02	-0.34	2.044
2.75419402122	-0.116	0.032	-0.896
2.75615119934	-0.116	0.032	-0.896
2.75810313225	0.0	-0.012	0.12
2.76004600525	0.0	-0.012	0.12
2.76199817657	0.0	-0.012	0.12
2.76394104958	0.084	-0.38	2.044
2.76589417458	0.084	-0.38	2.044
2.7678592205	0.084	-0.38	2.044
2.76981115341	-0.084	-0.104	0.256
2.77176904678	-0.084	-0.104	0.256
2.77372217178	-0.052	0.092	-0.96
2.77567410469	-0.052	0.092	-0.96
2.77762913704	-0.052	0.092	-0.96
2.77958202362	0.092	-0.308	2.044
2.78153419495	0.092	-0.308	2.044
2.78349208832	-0.02	-0.22	1.648
2.78545117378	-0.02	-0.22	1.648
2.78740501404	-0.02	-0.22	1.648
2.78935813904	-0.092	0.124	-1.416
2.79131007195	-0.092	0.124	-1.416
2.79328513145	-0.092	0.124	-1.416
2.79523801804	0.056	-0.168	1.844
2.79718899727	0.056	-0.168	1.844
2.79914116859	-0.004	-0.32	2.044
2.80109500885	-0.004	-0.32	2.044
2.80309510231	-0.004	-0.32	2.044
2.80505108833	-0.144	0.076	-1.092
2.80700421333	-0.144	0.076	-1.092
2.80897402763	0.024	-0.04	0.476
2.81092619896	0.024	-0.04	0.476
2.81288409233	0.024	-0.04	0.476
2.81483411789	0.044	-0.376	2.044
2.81678819656	0.044	-0.376	2.044
2.81874012947	0.044	-0.376	2.044
2.82069206238	-0.084	-0.056	-0.1
2.82272720337	-0.084	-0.056	-0.1
2.82468318939	-0.052	0.064	-0.728
2.82663917542	-0.052	0.064	-0.728
2.82859110832	-0.052	0.064	-0.728
2.83054423332	0.08	-0.328	2.044
2.8324971199	0.08	-0.328	2.044
2.83444213867	-0.028	-0.188	1.264
2.83638811111	-0.028	-0.188	1.264
2.83833312988	-0.028	-0.188	1.264
2.84027910233	-0.076	0.128	-1.372
2.84223103523	-0.076	0.128	-1.372
2.84418606758	-0.076	0.128	-1.372
2.84614419937	0.068	-0.2	2.044
2.84810614586	0.068	-0.2	2.044
2.85005903244	-0.012	-0.284	2.044
2.85201907158	-0.012	-0.284	2.044
2.85397315025	-0.012	-0.284	2.044
2.85592603683	-0.08	0.084	-1.256
2.85788011551	-0.08	0.084	-1.256
2.85983300209	0.036	-0.056	0.82
2.86179018021	0.036	-0.056	0.82
2.86375403404	0.036	-0.056	0.82
2.86570715904	0.06	-0.36	2.044
2.86765813828	0.06	-0.36	2.044
2.86960911751	0.06	-0.36	2.044
2.87156105042	-0.108	-0.036	-0.368
2.87351918221	-0.108	-0.036	-0.368
2.87547302246	-0.032	0.04	-0.464
2.87742900848	-0.032	0.04	-0.464
2.87938117981	-0.032	0.04	-0.464
2.88133621216	0.092	-0.348	2.044
2.8832950592	0.092	-0.348	2.044
2.88524723053	-0.048	-0.164	0.928
2.88720202446	-0.048	-0.164	0.928
2.88915705681	-0.048	-0.164	0.928
2.89110922813	-0.068	0.12	-1.28
2.89306807518	-0.068	0.12	-1.28
2.89502120018	-0.068	0.12	-1.28
2.89697623253	0.08	-0.236	2.044
2.89892816544	0.08	-0.236	2.044
2.90087914467	-0.02	-0.264	2.044
2.90284800529	-0.02	-0.264	2.044
2.90480422974	-0.02	-0.264	2.044
2.9067671299	-0.104	0.112	-1.376
2.90872120857	-0.104	0.112	-1.376
2.91067314148	0.052	-0.1	1.184
2.91269207001	0.052	-0.1	1.184
2.91464710236	0.052	-0.1	1.184
2.91659903526	0.028	-0.356	2.044
2.91855120659	0.028	-0.356	2.044
2.92050218582	0.028	-0.356	2.044
2.92246317863	-0.116	0.012	-0.676
2.92441821098	-0.116	0.012	-0.676
2.92637109756	-0.008	0.02	-0.176
2.92832303047	-0.008	0.02	-0.176
2.9302752018	-0.008	0.02	-0.176
2.93223404884	0.076	-0.356	2.044
2.93418622017	0.076	-0.356	2.044
2.93613910675	-0.056	-0.116	0.568
2.93809700012	-0.056	-0.116	0.568
2.94005012512	-0.056	-0.116	0.568
2.94200921059	-0.064	0.092	-1.128
2.94396209717	-0.064	0.092	-1.128
2.94591617584	-0.064	0.092	-1.128
2.94786810875	0.084	-0.28	2.044
2.94981908798	0.084	-0.28	2.044
2.95177721977	-0.028	-0.24	1.964
2.9537332058	-0.028	-0.24	1.964
2.9556851387	-0.028	-0.24	1.964
2.95764803886	-0.08	0.116	-1.42
2.95960116386	-0.08	0.116	-1.42
2.96155619621	0.064	-0.136	1.544
2.96351408958	0.064	-0.136	1.544
2.96546506882	0.064	-0.136	1.544
2.96742105484	0.024	-0.328	2.044
2.96937608719	0.024	-0.328	2.044
2.9713280201	0.024	-0.328	2.044
2.97328615189	-0.108	0.02	-0.92
2.97523903847	-0.108	0.02	-0.92
2.97719407082	0.008	0.016	0.156
2.9791431427	0.008	0.016	0.156
2.98109221458	0.008	0.016	0.156
2.98304820061	0.072	-0.36	2.044
2.98501610756	0.072	-0.36	2.044
2.98696923256	0.072	-0.36	2.044
2.98892021179	-0.08	-0.096	0.22
2.9908721447	-0.08	-0.096	0.22
2.99282813072	-0.064	0.088	-0.944
2.9947810173	-0.064	0.088	-0.944
2.99673318863	-0.064	0.088	-0.944
2.99868917465	0.08	-0.292	2.044
3.00064206123	0.08	-0.292	2.044
3.00260210037	-0.016	-0.216	1.616
3.00455617905	-0.016	-0.216	1.616
3.0065100193	-0.016	-0.216	1.616
3.0084631443	-0.068	0.124	-1.42
3.010420084	-0.068	0.124	-1.42
3.01238918304	-0.068	0.124	-1.42
3.0143430233	0.072	-0.168	1.88
3.01629519463	0.072	-0.168	1.88
3.01824903488	0.004	-0.312	2.044
3.02020120621	0.004	-0.312	2.044
3.02215909958	0.004	-0.312	2.044
3.02411222458	-0.116	0.076	-1.116
3.02606701851	-0.116	0.076	-1.116
3.0280251503	0.024	-0.04	0.508
3.02997612953	0.024	-0.04	0.508
3.03193020821	0.024	-0.04	0.508
3.03387618065	0.052	-0.368	2.044
3.03582119942	0.052	-0.368	2.044
3.03776621819	0.052	-0.368	2.044
3.03970909119	-0.092	-0.048	-0.1
3.0417611599	-0.092	-0.048	-0.1
3.04372119904	-0.048	0.068	-0.704
3.04567909241	-0.048	0.068	-0.704
3.04763102531	-0.048	0.068	-0.704
3.04958605766	0.068	-0.332	2.044
3.05153918266	0.068	-0.332	2.044
3.05349802971	-0.036	-0.192	1.264
3.05545115471	-0.036	-0.192	1.264
3.05740618706	-0.036	-0.192	1.264
3.05936217308	-0.072	0.128	-1.368
3.06131410599	-0.072	0.128	-1.368
3.0632750988	-0.072	0.128	-1.368
3.06523013115	0.068	-0.208	2.044
3.06719207764	0.068	-0.208	2.044
3.06914305687	-0.012	-0.284	2.044
3.07109618187	-0.012	-0.284	2.044
3.07305312157	-0.012	-0.284	2.044
3.07500600815	-0.084	0.084	-1.26
3.07695817947	-0.084	0.084	-1.26
3.07891106606	0.052	-0.056	0.852
3.08087921143	0.052	-0.056	0.852
3.08283209801	0.052	-0.056	0.852
3.08478403091	0.064	-0.368	2.044
3.08673620224	0.064	-0.368	2.044
3.08869218826	0.064	-0.368	2.044
3.09064507484	-0.104	-0.032	-0.424
3.09260606766	-0.104	-0.032	-0.424
3.09455919266	-0.028	0.044	-0.448
3.09651303291	-0.028	0.044	-0.448
3.09846711159	-0.028	0.044	-0.448
3.10042119026	0.088	-0.344	2.044
3.10237812996	0.088	-0.344	2.044
3.10433101654	-0.04	-0.172	0.912
3.10628414154	-0.04	-0.172	0.912
3.10823607445	-0.04	-0.172	0.912
3.11018919945	-0.068	0.132	-1.28
3.1121430397	-0.068	0.132	-1.28
3.11409902573	-0.068	0.132	-1.28
3.11605119705	0.072	-0.244	2.044
3.11800312996	0.072	-0.244	2.044
3.11995720863	-0.016	-0.272	2.044
3.12192702293	-0.016	-0.272	2.044
3.12388110161	-0.016	-0.272	2.044
3.12583422661	-0.104	0.104	-1.368
3.12779307365	-0.104	0.104	-1.368
3.12974905968	0.056	-0.104	1.2
3.13170909882	0.056	-0.104	1.2
3.13366103172	0.056	-0.104	1.2
3.13561320305	0.02	-0.352	2.044
3.13756608963	0.02	-0.352	2.044
3.13951706886	0.02	-0.352	2.044
3.14146900177	-0.128	0.028	-0.684
3.143430233	-0.128	0.028	-0.684
3.14538621902	-0.028	0.02	-0.152
3.14733910561	-0.028	0.02	-0.152
3.1492960453	-0.028	0.02	-0.152
3.15124821663	0.064	-0.364	2.044
3.15320420265	0.064	-0.364	2.044
3.15515613556	-0.044	-0.12	0.552
3.15710902214	-0.044	-0.12	0.552
3.15906000137	-0.044	-0.12	0.552
3.16103005409	-0.068	0.12	-1.14
3.16298508644	-0.068	0.12	-1.14
3.16493701935	-0.068	0.12	-1.14
3.16694021225	0.08	-0.276	2.044
3.16890907288	0.08	-0.276	2.044
3.17086219788	-0.024	-0.236	1.944
3.1728219986	-0.024	-0.236	1.944
3.1747751236	-0.024	-0.236	1.944
3.17676615715	-0.06	0.104	-1.416
3.17872214317	-0.06	0.104	-1.416
3.1806781292	0.064	-0.136	1.552
3.18266916275	0.064	-0.136	1.552
3.1846241951	0.064	-0.136	1.552
3.18657708168	0.012	-0.328	2.044
3.18852901459	0.012	-0.328	2.044
3.19048118591	0.012	-0.328	2.044
3.19243216515	-0.116	0.036	-0.928
3.19438719749	-0.116	0.036	-0.928
3.1963391304	0.008	-0.012	0.184
3.19829010963	0.008	-0.012	0.184
3.20024108887	0.008	-0.012	0.184
3.20220017433	0.072	-0.372	2.044
3.20415210724	0.072	-0.372	2.044
3.20610308647	-0.096	-0.108	0.208
3.20805621147	-0.096	-0.108	0.208
3.21001410484	-0.096	-0.108	0.208
3.21197199821	-0.056	0.096	-0.94
3.21392512321	-0.056	0.096	-0.94
3.2158780098	-0.056	0.096	-0.94
3.2178440094	0.072	-0.288	2.044
3.21979522705	0.072	-0.288	2.044
3.22175312042	-0.012	-0.212	1.6
3.223706007	-0.012	-0.212	1.6
3.22566223145	-0.012	-0.212	1.6
3.2276160717	-0.072	0.12	-1.424
3.22956800461	-0.072	0.12	-1.424
3.23153018951	0.08	-0.172	1.888
3.23348617554	0.08	-0.172	1.888
3.23543000221	0.08	-0.172	1.888
3.23737502098	0.016	-0.312	2.044
3.2393181324	0.016	-0.312	2.044
3.24126720428	0.016	-0.312	2.044
3.243227005	-0.128	0.072	-1.12
3.24518609047	-0.128	0.072	-1.12
3.24713802338	0.048	-0.048	0.52
3.24909114838	0.048	-0.048	0.52
3.25104212761	0.048	-0.048	0.52
3.25300002098	0.048	-0.372	2.044
3.25495219231	0.048	-0.372	2.044
3.25692009926	-0.08	-0.056	-0.124
3.25887513161	-0.08	-0.056	-0.124
3.26082801819	-0.08	-0.056	-0.124
3.26278710365	-0.044	0.06	-0.704
3.26474022865	-0.044	0.06	-0.704
3.26669502258	-0.044	0.06	-0.704
3.26864814758	0.088	-0.344	2.044
3.27060604095	0.088	-0.344	2.044
3.2725610733	-0.028	-0.188	1.244
3.27451610565	-0.028	-0.188	1.244
3.27646803856	-0.028	-0.188	1.244
3.27842116356	-0.088	0.124	-1.368
3.28037500381	-0.088	0.124	-1.368
3.28233122826	-0.088	0.124	-1.368
3.28428411484	0.076	-0.208	2.044
3.28624820709	0.076	-0.208	2.044
3.28820014	0.0	-0.284	2.044
3.29014706612	0.0	-0.284	2.044
3.29209804535	0.0	-0.284	2.044
3.29404211044	-0.084	0.08	-1.272
3.29599618912	-0.084	0.08	-1.272
3.29795002937	0.048	-0.072	0.872
3.29990005493	0.048	-0.072	0.872
3.30186104774	0.048	-0.072	0.872
3.30381608009	0.02	-0.34	2.044
3.30577015877	0.02	-0.34	2.044
3.30772209167	0.02	-0.34	2.044
3.30967402458	-0.12	-0.02	-0.428
3.31168913841	-0.12	-0.02	-0.428
3.31365013123	-0.02	0.04	-0.436
3.31560301781	-0.02	0.04	-0.436
3.31755399704	-0.02	0.04	-0.436
3.31950712204	0.084	-0.34	2.044
3.32146215439	0.084	-0.34	2.044
3.32342100143	-0.052	-0.156	0.884
3.32537317276	-0.052	-0.156	0.884
3.32732605934	-0.052	-0.156	0.884
3.32928013802	-0.06	0.12	-1.268
3.33123707771	-0.06	0.12	-1.268
3.33319115639	-0.06	0.12	-1.268
3.33514213562	0.076	-0.24	2.044
3.33710622787	0.076	-0.24	2.044
3.33905911446	0.024	-0.268	2.044
3.34102106094	0.024	-0.268	2.044
3.34297919273	0.024	-0.268	2.044
3.34494519234	-0.116	0.1	-1.376
3.34689903259	-0.116	0.1	-1.376
3.34885120392	0.052	-0.112	1.224
3.35080218315	0.052	-0.112	1.224
3.3527610302	0.052	-0.112	1.224
3.35471510887	0.012	-0.348	2.044
3.35666799545	0.012	-0.348	2.044
3.35862016678	0.012	-0.348	2.044
3.36057114601	-0.144	0.016	-0.716
3.36253499985	-0.144	0.016	-0.716
3.36448812485	-0.004	0.0	-0.136
3.36643218994	-0.004	0.0	-0.136
3.36837720871	-0.004	0.0	-0.136
3.37032413483	0.056	-0.36	2.044
3.3722820282	0.056	-0.36	2.044
3.3742351532	-0.088	-0.116	0.548
3.37618923187	-0.088	-0.116	0.548
3.37814211845	-0.088	-0.116	0.548
3.38009405136	-0.06	0.112	-1.116
3.38205313683	-0.06	0.112	-1.116
3.3840072155	-0.06	0.112	-1.116
3.38596105576	0.072	-0.284	2.044
3.38791322708	0.072	-0.284	2.044
3.38986420631	-0.008	-0.252	1.924
3.39183211327	-0.008	-0.252	1.924
3.39378714561	-0.008	-0.252	1.924
3.3957490921	-0.084	0.136	-1.416
3.39770317078	-0.084	0.136	-1.416
3.39965701103	0.064	-0.136	1.58
3.40161204338	0.064	-0.136	1.58
3.40355920792	0.064	-0.136	1.58
3.40550303459	0.028	-0.336	2.044
3.40744709969	0.028	-0.336	2.044
3.40939307213	0.028	-0.336	2.044
3.4113380909	-0.108	0.048	-0.936
3.41329622269	-0.108	0.048	-0.936
3.41525316238	0.016	-0.008	0.196
3.41720819473	0.016	-0.008	0.196
3.41916012764	0.016	-0.008	0.196
3.42111110687	0.064	-0.368	2.044
3.42307400703	0.064	-0.368	2.044
3.42502903938	-0.096	-0.088	0.188
3.42698216438	-0.096	-0.088	0.188
3.42893505096	-0.096	-0.088	0.188
3.43088722229	-0.052	0.1	-0.92
3.43286013603	-0.052	0.1	-0.92
3.4348051548	-0.052	0.1	-0.92
3.43675017357	0.072	-0.296	2.044
3.43869400024	0.072	-0.296	2.044
3.44063806534	-0.02	-0.212	1.588
3.44258904457	-0.02	-0.212	1.588
3.44454503059	-0.02	-0.212	1.588
3.44649910927	-0.084	0.124	-1.408
3.44845199585	-0.084	0.124	-1.408
3.45041704178	0.064	-0.176	1.912
3.45238113403	0.064	-0.176	1.912
3.45433306694	0.064	-0.176	1.912
3.45628499985	0.02	-0.324	2.044
3.45823812485	0.02	-0.324	2.044
3.46018910408	0.02	-0.324	2.044
3.46214699745	-0.128	0.088	-1.132
3.4641020298	-0.128	0.088	-1.132
3.46605706215	0.028	-0.04	0.544
3.46800804138	0.028	-0.04	0.544
3.46996116638	0.028	-0.04	0.544
3.47901415825	-0.112	-0.06	-0.152
3.48107600212	-0.04	0.036	-0.684
3.48305416107	-0.04	0.036	-0.684
3.48501110077	-0.04	0.036	-0.684
3.48696422577	0.076	-0.328	2.044
3.4889330864	0.076	-0.328	2.044
3.49089312553	0.076	-0.328	2.044
3.49285912514	-0.024	-0.188	1.24
3.49481320381	-0.024	-0.188	1.24
3.49676704407	-0.08	0.136	-1.364
3.49872207642	-0.08	0.136	-1.364
3.50067615509	-0.08	0.136	-1.364
3.50268816948	0.076	-0.204	2.044
3.50464320183	0.076	-0.204	2.044
3.50659608841	-0.012	-0.288	2.044
3.50854802132	-0.012	-0.288	2.044
3.51050114632	-0.012	-0.288	2.044
3.51248502731	-0.088	0.108	-1.28
3.51444101334	-0.088	0.108	-1.28
3.51639509201	-0.088	0.108	-1.28
3.51834702492	0.032	-0.06	0.9
3.52030515671	0.032	-0.06	0.9
3.52226305008	0.052	-0.36	2.044
3.52421617508	0.052	-0.36	2.044
3.52616715431	0.052	-0.36	2.044
3.52812218666	-0.12	-0.02	-0.456
3.53007912636	-0.12	-0.02	-0.456
3.53203821182	-0.028	0.04	-0.412
3.5339910984	-0.028	0.04	-0.412
3.53595709801	-0.028	0.04	-0.412
3.53791022301	0.088	-0.348	2.044
3.53986215591	0.088	-0.348	2.044
3.54182100296	0.088	-0.348	2.044
3.54377317429	-0.068	-0.164	0.868
3.54572916031	-0.068	-0.164	0.868
3.54768204689	-0.06	0.12	-1.264
3.54963612556	-0.06	0.12	-1.264
3.55159401894	-0.06	0.12	-1.264
3.55355000496	0.084	-0.236	2.044
3.55550312996	0.084	-0.236	2.044
3.55745506287	0.008	-0.264	2.044
3.5594060421	0.008	-0.264	2.044
3.56136202812	0.008	-0.264	2.044
3.56332111359	-0.096	0.112	-1.38
3.56527304649	-0.096	0.112	-1.38
3.56723713875	-0.096	0.112	-1.38
3.5691921711	0.06	-0.116	1.248
3.571144104	0.06	-0.116	1.248
3.57310199738	0.052	-0.344	2.044
3.5750541687	0.052	-0.344	2.044
3.57701015472	0.052	-0.344	2.044
3.57896709442	-0.144	0.02	-0.72
3.58092308044	-0.144	0.02	-0.72
3.58293914795	-0.012	0.008	-0.116
3.58489608765	-0.012	0.008	-0.116
3.58685112	-0.012	0.008	-0.116
3.58880519867	0.064	-0.364	2.044
3.59075808525	0.064	-0.364	2.044
3.59271717072	0.064	-0.364	2.044
3.5946700573	-0.068	-0.124	0.508
3.59662508965	-0.068	-0.124	0.508
3.59857821465	-0.068	0.108	-1.108
3.6005320549	-0.068	0.108	-1.108
3.60249304771	-0.068	0.108	-1.108
3.60444712639	0.072	-0.268	2.044
3.6063990593	0.072	-0.268	2.044
3.60835003853	-0.012	-0.248	1.924
3.61030507088	-0.012	-0.248	1.924
3.61226820946	-0.012	-0.248	1.924
3.61422300339	-0.08	0.128	-1.424
3.61617612839	-0.08	0.128	-1.424
3.61813020706	-0.08	0.128	-1.424
3.62008309364	0.06	-0.132	1.592
3.62205004692	0.06	-0.132	1.592
3.62400317192	0.024	-0.32	2.044
3.62595820427	0.024	-0.32	2.044
3.62791109085	0.024	-0.32	2.044
3.62986302376	-0.104	0.048	-0.948
3.63184022903	-0.104	0.048	-0.948
3.63378810883	0.012	-0.016	0.22
3.63573122025	0.012	-0.016	0.22
3.63767504692	0.012	-0.016	0.22
3.63961720467	0.068	-0.356	2.044
3.6415681839	0.068	-0.356	2.044
3.6435251236	0.068	-0.356	2.044
3.64547801018	-0.1	-0.088	0.14
3.64743113518	-0.1	-0.088	0.14
3.64938521385	-0.052	0.08	-0.924
3.65133810043	-0.052	0.08	-0.924
3.6532971859	-0.052	0.08	-0.924
3.65525221825	0.08	-0.288	2.044
3.65720701218	0.08	-0.288	2.044
3.65916013718	0.08	-0.288	2.044
3.66111207008	-0.024	-0.208	1.572
3.66306614876	-0.024	-0.208	1.572
3.6650249958	-0.06	0.116	-1.428
3.66697907448	-0.06	0.116	-1.428
3.66893219948	-0.06	0.116	-1.428
3.67088508606	0.072	-0.176	1.932
3.67286801338	0.072	-0.176	1.932
3.67482113838	0.02	-0.312	2.044
3.67678308487	0.02	-0.312	2.044
3.67873501778	0.02	-0.312	2.044
3.6806871891	-0.128	0.068	-1.132
3.68267822266	-0.128	0.068	-1.132
3.68463110924	-0.128	0.068	-1.132
3.68658399582	0.028	-0.056	0.548
3.68853616714	0.028	-0.056	0.548
3.69048905373	0.052	-0.364	2.044
3.69244718552	0.052	-0.364	2.044
3.6944000721	0.052	-0.364	2.044
3.696352005	-0.096	-0.052	-0.152
3.69830608368	-0.096	-0.052	-0.152
3.70026016235	-0.048	0.06	-0.66
3.70222401619	-0.048	0.06	-0.66
3.70417809486	-0.048	0.06	-0.66
3.70613312721	0.084	-0.332	2.044
3.70808601379	0.084	-0.332	2.044
3.71003818512	0.084	-0.332	2.044
3.7119910717	-0.044	-0.188	1.216
3.71394610405	-0.044	-0.188	1.216
3.71589922905	-0.068	0.14	-1.372
3.71785306931	-0.068	0.14	-1.372
3.71980619431	-0.068	0.14	-1.372
3.72178602219	0.08	-0.208	2.044
3.72373819351	0.08	-0.208	2.044
3.72568821907	0.0	-0.288	2.044
3.72763204575	0.0	-0.288	2.044
3.72957706451	0.0	-0.288	2.044
3.73154211044	-0.084	0.092	-1.28
3.73350715637	-0.084	0.092	-1.28
3.73546099663	-0.084	0.092	-1.28
3.7374150753	0.036	-0.068	0.888
3.73936510086	0.036	-0.068	0.888
3.74131608009	0.044	-0.36	2.044
3.74327516556	0.044	-0.36	2.044
3.74522900581	0.044	-0.36	2.044
3.74718117714	-0.116	-0.012	-0.456
3.74913406372	-0.116	-0.012	-0.456
3.75108718872	-0.048	0.044	-0.416
3.75304412842	-0.048	0.044	-0.416
3.754997015	-0.048	0.044	-0.416
3.75695014	0.084	-0.352	2.044
3.75890207291	0.084	-0.352	2.044
3.76086711884	0.084	-0.352	2.044
3.76283121109	-0.072	-0.156	0.864
3.76478505135	-0.072	-0.156	0.864
3.76673603058	-0.06	0.128	-1.264
3.76869010925	-0.06	0.128	-1.264
3.77064418793	-0.06	0.128	-1.264
3.77260303497	0.068	-0.24	2.044
3.77455615997	0.068	-0.24	2.044
3.77650713921	0.004	-0.268	2.044
3.77846002579	0.004	-0.268	2.044
3.78041100502	0.004	-0.268	2.044
3.78236913681	-0.092	0.112	-1.38
3.78432321548	-0.092	0.112	-1.38
3.78628802299	-0.092	0.112	-1.38
3.78824210167	0.06	-0.12	1.248
3.79019522667	0.06	-0.12	1.248
3.79214811325	0.032	-0.352	2.044
3.79410409927	0.032	-0.352	2.044
3.79605603218	0.032	-0.352	2.044
3.79800820351	-0.132	0.024	-0.724
3.79997301102	-0.132	0.024	-0.724
3.80193400383	-0.02	0.012	-0.108
3.80388903618	-0.02	0.012	-0.108
3.8058412075	-0.02	0.012	-0.108
3.80779314041	0.072	-0.356	2.044
3.80974602699	0.072	-0.356	2.044
3.81170415878	0.072	-0.356	2.044
3.81365609169	-0.076	-0.12	0.496
3.8156080246	-0.076	-0.12	0.496
3.81756305695	-0.068	0.112	-1.104
3.81951618195	-0.068	0.112	-1.104
3.82146811485	-0.068	0.112	-1.104
3.82343006134	0.076	-0.288	2.044
3.82538414001	0.076	-0.288	2.044
3.8273370266	-0.02	-0.24	1.9
3.82928800583	-0.02	-0.24	1.9
3.83124113083	-0.02	-0.24	1.9
3.83319401741	-0.08	0.136	-1.42
3.83513903618	-0.08	0.136	-1.42
3.83708405495	-0.08	0.136	-1.42
3.83902907372	0.072	-0.136	1.58
3.84099721909	0.072	-0.136	1.58
3.84295606613	0.008	-0.34	2.044
3.8449151516	0.008	-0.34	2.044
3.84686613083	0.008	-0.34	2.044
3.84881806374	-0.104	0.036	-0.952
3.85077214241	-0.104	0.036	-0.952
3.85273122787	0.008	-0.012	0.228
3.85468506813	0.008	-0.012	0.228
3.85663700104	0.008	-0.012	0.228
3.85858821869	0.068	-0.364	2.044
3.8605401516	0.068	-0.364	2.044
3.86249804497	0.068	-0.364	2.044
3.8644490242	-0.096	-0.092	0.152
3.86640405655	-0.096	-0.092	0.152
3.86835503578	-0.04	0.076	-0.904
3.87030816078	-0.04	0.076	-0.904
3.87226200104	-0.04	0.076	-0.904
3.87421703339	0.084	-0.3	2.044
3.87616920471	0.084	-0.3	2.044
3.87811923027	0.084	-0.3	2.044
3.88007211685	-0.028	-0.2	1.544
3.88203215599	-0.028	-0.2	1.544
3.88399004936	-0.052	0.124	-1.416
3.88594317436	-0.052	0.124	-1.416
3.88789701462	-0.052	0.124	-1.416
3.88985109329	0.076	-0.168	1.94
3.89181017876	0.076	-0.168	1.94
3.89376211166	0.016	-0.308	2.044
3.89572310448	0.016	-0.308	2.044
3.89767718315	0.016	-0.308	2.044
3.89962911606	-0.116	0.068	-1.152
3.90158200264	-0.116	0.068	-1.152
3.9035410881	-0.116	0.068	-1.152
3.90549612045	0.024	-0.052	0.564
3.90745019913	0.024	-0.052	0.564
3.90940022469	0.052	-0.372	2.044
3.91135406494	0.052	-0.372	2.044
3.91331005096	0.052	-0.372	2.044
3.91526722908	-0.116	-0.06	-0.172
3.91722011566	-0.116	-0.06	-0.172
3.91917419434	-0.048	0.052	-0.66
3.92112803459	-0.048	0.052	-0.66
3.92308712006	-0.048	0.052	-0.66
3.92503905296	0.068	-0.328	2.044
3.9269900322	0.068	-0.328	2.044
3.92894506454	0.068	-0.328	2.044
3.93089818954	-0.032	-0.18	1.18
3.93285822868	-0.032	-0.18	1.18
3.93481016159	-0.088	0.12	-1.348
3.93676304817	-0.088	0.12	-1.348
3.93871617317	-0.088	0.12	-1.348
3.94067001343	0.088	-0.216	2.044
3.94265413284	0.088	-0.216	2.044
3.94461107254	-0.008	-0.288	2.044
3.94656610489	-0.008	-0.288	2.044
3.94851922989	-0.008	-0.288	2.044
3.95048117638	-0.08	0.132	-1.308
3.95243620872	-0.08	0.132	-1.308
3.95439100266	-0.08	0.132	-1.308
3.95634412766	0.048	-0.072	0.928
3.95829606056	0.048	-0.072	0.928
3.96024703979	0.04	-0.36	2.044
3.96220707893	0.04	-0.36	2.044
3.96415901184	0.04	-0.36	2.044
3.96611022949	-0.116	-0.024	-0.464
3.96806406975	-0.116	-0.024	-0.464
3.9700191021	-0.024	0.032	-0.396
3.97197818756	-0.024	0.032	-0.396
3.97393202782	-0.024	0.032	-0.396
3.97590517998	0.08	-0.344	2.044
3.97785902023	0.08	-0.344	2.044
3.97981119156	0.08	-0.344	2.044
3.9817700386	-0.068	-0.16	0.824
3.98372220993	-0.068	-0.16	0.824
3.98567605019	-0.052	0.108	-1.24
3.98763012886	-0.052	0.108	-1.24
3.98958206177	-0.052	0.108	-1.24
3.99153518677	0.08	-0.24	2.044
3.99349617958	0.08	-0.24	2.044
3.99544906616	0.004	-0.26	2.044
3.99740219116	0.004	-0.26	2.044
3.99935412407	0.004	-0.26	2.044
4.00130820274	-0.092	0.104	-1.384
4.00326800346	-0.092	0.104	-1.384
4.00523614883	-0.092	0.104	-1.384
4.00719022751	0.056	-0.128	1.284
4.00915813446	0.056	-0.128	1.284
4.01111006737	0.044	-0.348	2.044
4.01306915283	0.044	-0.348	2.044
4.01502108574	0.044	-0.348	2.044
4.01698708534	-0.132	0.024	-0.748
4.01894116402	-0.132	0.024	-0.748
4.0208940506	-0.012	0.0	-0.092
4.02284622192	-0.012	0.0	-0.092
4.0247900486	-0.012	0.0	-0.092
4.02673602104	0.06	-0.372	2.044
4.02868819237	0.06	-0.372	2.044
4.03064012527	0.06	-0.372	2.044
4.03259420395	-0.08	-0.12	0.48
4.03454017639	-0.08	-0.12	0.48
4.03649806976	-0.08	0.104	-1.092
4.03844499588	-0.08	0.104	-1.092
4.04039216042	-0.08	0.104	-1.092
4.04239606857	0.072	-0.28	2.044
4.04435300827	0.072	-0.28	2.044
4.04630708694	-0.024	-0.248	1.872
4.04826116562	-0.024	-0.248	1.872
4.05021500587	-0.024	-0.248	1.872
4.05217409134	-0.1	0.14	-1.428
4.05412721634	-0.1	0.14	-1.428
4.05608105659	-0.1	0.14	-1.428
4.05803704262	0.068	-0.144	1.636
4.05999803543	0.068	-0.144	1.636
4.0619571209	0.004	-0.332	2.044
4.06390810013	0.004	-0.332	2.044
4.06586623192	0.004	-0.332	2.044
4.06781816483	-0.1	0.056	-0.972
4.06977105141	-0.1	0.056	-0.972
4.07173013687	0.016	-0.016	0.244
4.07368302345	0.016	-0.016	0.244
4.07563400269	0.016	-0.016	0.244
4.07758522034	0.06	-0.36	2.044
4.07953619957	0.06	-0.36	2.044
4.08148908615	0.06	-0.36	2.044
4.08344507217	-0.1	-0.092	0.136
4.08539700508	-0.1	-0.092	0.136
4.08734917641	-0.04	0.088	-0.892
4.08930516243	-0.04	0.088	-0.892
4.09125804901	-0.04	0.088	-0.892
4.09321808815	0.08	-0.296	2.044
4.09517002106	0.08	-0.296	2.044
4.09712719917	-0.032	-0.208	1.528
4.09908103943	-0.032	-0.208	1.528
4.10103321075	-0.032	-0.208	1.528
4.1029920578	-0.06	0.132	-1.416
4.10495710373	-0.06	0.132	-1.416
4.1069149971	-0.06	0.132	-1.416
4.10886716843	0.08	-0.164	1.956
4.11081814766	0.08	-0.164	1.956
4.11277723312	0.004	-0.304	2.044
4.11474013329	0.004	-0.304	2.044
4.11669301987	0.004	-0.304	2.044
4.1186439991	-0.116	0.068	-1.156
4.12059807777	-0.116	0.068	-1.156
4.12255907059	-0.116	0.068	-1.156
4.12451410294	0.028	-0.052	0.588
4.12646913528	0.028	-0.052	0.588
4.12842106819	0.06	-0.38	2.044
4.13037419319	0.06	-0.38	2.044
4.132335186	0.06	-0.38	2.044
4.13428711891	-0.12	-0.048	-0.204
4.13624215126	-0.12	-0.048	-0.204
4.13819718361	-0.04	0.064	-0.656
4.14015007019	-0.04	0.064	-0.656
4.14210820198	-0.04	0.064	-0.656
4.14406204224	0.068	-0.336	2.044
4.14601421356	0.068	-0.336	2.044
4.14796710014	0.068	-0.336	2.044
4.1499171257	-0.036	-0.2	1.172
4.15189409256	-0.036	-0.2	1.172
4.15384912491	-0.084	0.132	-1.344
4.15580320358	-0.084	0.132	-1.344
4.15775918961	-0.084	0.132	-1.344
4.15971207619	0.072	-0.208	2.044
4.16166615486	0.072	-0.208	2.044
4.16361904144	-0.012	-0.288	2.044
4.16557002068	-0.012	-0.288	2.044
4.16752409935	-0.012	-0.288	2.044
4.16949009895	-0.088	0.1	-1.292
4.17144417763	-0.088	0.1	-1.292
4.17340421677	-0.088	0.1	-1.292
4.17535710335	0.056	-0.076	0.924
4.17731022835	0.056	-0.076	0.924
4.17926120758	0.048	-0.36	2.044
4.18121218681	0.048	-0.36	2.044
4.18317222595	0.048	-0.36	2.044
4.1851401329	-0.112	-0.004	-0.484
4.18710017204	-0.112	-0.004	-0.484
4.18905520439	-0.02	0.036	-0.38
4.1910071373	-0.02	0.036	-0.38
4.19296908379	-0.02	0.036	-0.38
4.19492506981	0.068	-0.348	2.044
4.19687604904	0.068	-0.348	2.044
4.19882822037	0.068	-0.348	2.044
4.20078015327	-0.076	-0.164	0.82
4.20274114609	-0.076	-0.164	0.82
4.20469403267	-0.06	0.12	-1.252
4.20664715767	-0.06	0.12	-1.252
4.2085981369	-0.06	0.12	-1.252
4.21055221558	0.084	-0.244	2.044
4.21251010895	0.084	-0.244	2.044
4.21446204185	0.004	-0.264	2.044
4.21641421318	0.004	-0.264	2.044
4.2183701992	0.004	-0.264	2.044
4.22032308578	-0.088	0.096	-1.384
4.22228217125	-0.088	0.096	-1.384
4.22425603867	-0.088	0.096	-1.384
4.22621107101	0.076	-0.12	1.292
4.22816419601	0.076	-0.12	1.292
4.23011517525	0.04	-0.36	2.044
4.2320690155	0.04	-0.36	2.044
4.23401618004	0.04	-0.36	2.044
4.23596119881	-0.136	0.024	-0.752
4.23790621758	-0.136	0.024	-0.752
4.23985099792	0.0	-0.004	-0.072
4.24179506302	0.0	-0.004	-0.072
4.24374508858	0.0	-0.004	-0.072
4.24569010735	0.052	-0.356	2.044
4.24764609337	0.052	-0.356	2.044
4.24960112572	0.052	-0.356	2.044
4.25155615807	-0.084	-0.12	0.468
4.2535161972	-0.084	-0.12	0.468
4.25546908379	-0.076	0.116	-1.1
4.25742411613	-0.076	0.116	-1.1
4.25937604904	-0.076	0.116	-1.1
4.26132917404	0.068	-0.272	2.044
4.26328706741	0.068	-0.272	2.044
4.26524019241	-0.02	-0.24	1.856
4.26719403267	-0.02	-0.24	1.856
4.26914620399	-0.02	-0.24	1.856
4.27109909058	-0.1	0.124	-1.428
4.27306699753	-0.1	0.124	-1.428
4.27502012253	-0.1	0.124	-1.428
4.27697205544	0.06	-0.132	1.64
4.27893805504	0.06	-0.132	1.64
4.28091001511	0.024	-0.324	2.044
4.28286910057	0.024	-0.324	2.044
4.28482222557	0.024	-0.324	2.044
4.28677606583	-0.104	0.044	-0.972
4.28872919083	-0.104	0.044	-0.972
4.29068303108	0.032	-0.032	0.268
4.29267001152	0.032	-0.032	0.268
4.29462122917	0.032	-0.032	0.268
4.29657316208	0.076	-0.364	2.044
4.29852604866	0.076	-0.364	2.044
4.30047821999	0.076	-0.364	2.044
4.30243611336	-0.096	-0.088	0.116
4.30439019203	-0.096	-0.088	0.116
4.30634307861	-0.044	0.076	-0.88
4.30830001831	-0.044	0.076	-0.88
4.31025218964	-0.044	0.076	-0.88
4.31220602989	0.08	-0.3	2.044
4.31415915489	0.08	-0.3	2.044
4.3161110878	-0.024	-0.2	1.508
4.3180642128	-0.024	-0.2	1.508
4.32001709938	-0.024	-0.2	1.508
4.32198905945	-0.052	0.124	-1.416
4.32394218445	-0.052	0.124	-1.416
4.3258960247	-0.052	0.124	-1.416
4.32784819603	0.076	-0.172	1.972
4.32980418205	0.076	-0.172	1.972
4.33176207542	0.02	-0.312	2.044
4.33372402191	0.02	-0.312	2.044
4.33567619324	0.02	-0.312	2.044
4.33762907982	-0.112	0.08	-1.164
4.33958506584	-0.112	0.08	-1.164
4.34153699875	-0.112	0.08	-1.164
4.34349703789	0.032	-0.06	0.604
4.34545111656	0.032	-0.06	0.604
4.34740304947	0.052	-0.364	2.044
4.34935522079	0.052	-0.364	2.044
4.35130620003	0.052	-0.364	2.044
4.35326218605	-0.12	-0.048	-0.204
4.3552172184	-0.12	-0.048	-0.204
4.35717105865	-0.052	0.052	-0.64
4.35912418365	-0.052	0.052	-0.64
4.36109018326	-0.052	0.052	-0.64
4.36305117607	0.072	-0.336	2.044
4.36500310898	0.072	-0.336	2.044
4.36695504189	0.072	-0.336	2.044
4.36892604828	-0.044	-0.172	1.152
4.37088012695	-0.044	-0.172	1.152
4.37284111977	-0.076	0.14	-1.348
4.37479305267	-0.076	0.14	-1.348
4.37674713135	-0.076	0.14	-1.348
4.3787021637	0.068	-0.22	2.044
4.38065314293	0.068	-0.22	2.044
4.3826110363	0.004	-0.3	2.044
4.38456320763	0.004	-0.3	2.044
4.38651514053	0.004	-0.3	2.044
4.38847613335	-0.08	0.104	-1.3
4.39043021202	-0.08	0.104	-1.3
4.39238500595	-0.08	0.104	-1.3
4.39433908463	0.048	-0.076	0.96
4.39629220963	0.048	-0.076	0.96
4.39824318886	0.044	-0.36	2.044
4.40019822121	0.044	-0.36	2.044
4.40215706825	0.044	-0.36	2.044
4.40410113335	-0.108	-0.016	-0.492
4.40604710579	-0.108	-0.016	-0.492
4.40799212456	-0.02	0.028	-0.356
4.40994000435	-0.02	0.028	-0.356
4.41189002991	-0.02	0.028	-0.356
4.41384720802	0.084	-0.348	2.044
4.4158000946	0.084	-0.348	2.044
4.41775417328	0.084	-0.348	2.044
4.41970515251	-0.1	-0.14	0.808
4.42166399956	-0.1	-0.14	0.808
4.42361807823	-0.056	0.116	-1.24
4.42557406425	-0.056	0.116	-1.24
4.4275290966	-0.056	0.116	-1.24
4.4294860363	0.088	-0.24	2.044
4.43143820763	0.088	-0.24	2.044
4.43339419365	0.0	-0.26	2.044
4.43533015251	0.0	-0.26	2.044
4.43726706505	0.0	-0.26	2.044
4.43920302391	-0.084	0.112	-1.396
4.44115018845	-0.084	0.112	-1.396
4.44311904907	-0.084	0.112	-1.396
4.44507813454	0.06	-0.112	1.316
4.44703006744	0.06	-0.112	1.316
4.44899320602	0.052	-0.352	2.044
4.45094609261	0.052	-0.352	2.044
4.45290517807	0.052	-0.352	2.044
4.45485806465	-0.104	0.004	-0.752
4.45681118965	-0.104	0.004	-0.752
4.458766222	0.0	-0.004	-0.06
4.46071314812	0.0	-0.004	-0.06
4.46269011497	0.0	-0.004	-0.06
4.46463513374	0.076	-0.372	2.044
4.46658802032	0.076	-0.372	2.044
4.46854019165	0.076	-0.372	2.044
4.47049212456	-0.08	-0.116	0.464
4.47244715691	-0.08	-0.116	0.464
4.47440099716	-0.072	0.092	-1.072
4.47635412216	-0.072	0.092	-1.072
4.47830700874	-0.072	0.092	-1.072
4.48026013374	0.084	-0.284	2.044
4.48221921921	0.084	-0.284	2.044
4.48417115211	-0.02	-0.236	1.848
4.48612523079	-0.02	-0.236	1.848
4.48808717728	-0.02	-0.236	1.848
4.49004602432	-0.104	0.152	-1.436
4.49200510979	-0.104	0.152	-1.436
4.49395918846	-0.104	0.152	-1.436
4.49591207504	0.06	-0.14	1.64
4.49788808823	0.06	-0.14	1.64
4.49984002113	0.004	-0.324	2.044
4.50179815292	0.004	-0.324	2.044
4.50375008583	0.004	-0.324	2.044
4.50570416451	-0.096	0.052	-0.976
4.50765705109	-0.096	0.052	-0.976
4.50961017609	0.012	-0.012	0.268
4.51155900955	0.012	-0.012	0.268
4.51351904869	0.012	-0.012	0.268
4.51547312737	0.064	-0.364	2.044
4.51743102074	0.064	-0.364	2.044
4.51938509941	0.064	-0.364	2.044
4.5213432312	-0.096	-0.08	0.112
4.52329707146	-0.096	-0.08	0.112
4.52525019646	-0.036	0.06	-0.868
4.52720308304	-0.036	0.06	-0.868
4.52915811539	-0.036	0.06	-0.868
4.53111004829	0.08	-0.3	2.044
4.53306317329	0.08	-0.3	2.044
4.53501415253	0.08	-0.3	2.044
4.53698611259	-0.032	-0.2	1.504
4.53894019127	-0.032	-0.2	1.504
4.54089307785	-0.052	0.128	-1.416
4.54284715652	-0.052	0.128	-1.416
4.54480099678	-0.052	0.128	-1.416
4.54675412178	0.076	-0.184	1.972
4.54870605469	0.076	-0.184	1.972
4.55066204071	0.024	-0.312	2.044
4.5526611805	0.024	-0.312	2.044
4.55461621284	0.024	-0.312	2.044
4.55656909943	-0.108	0.072	-1.176
4.55861020088	-0.108	0.072	-1.176
4.5605661869	0.02	-0.052	0.616
4.56252622604	0.02	-0.052	0.616
4.56447815895	0.02	-0.052	0.616
4.56642913818	0.068	-0.372	2.044
4.56838107109	0.068	-0.372	2.044
4.57033514977	0.068	-0.372	2.044
4.57229399681	-0.132	-0.052	-0.212
4.57424712181	-0.132	-0.052	-0.212
4.57620120049	-0.04	0.052	-0.628
4.57815504074	-0.04	0.052	-0.628
4.58010721207	-0.04	0.052	-0.628
4.58207011223	0.06	-0.316	2.044
4.58402299881	0.06	-0.316	2.044
4.58597707748	0.06	-0.316	2.044
4.58792901039	-0.056	-0.172	1.136
4.58988308907	-0.056	-0.172	1.136
4.59184217453	-0.092	0.124	-1.34
4.59380221367	-0.092	0.124	-1.34
4.59575605392	-0.092	0.124	-1.34
4.59770822525	0.08	-0.224	2.044
4.59965920448	0.08	-0.224	2.044
4.60161399841	-0.008	-0.288	2.044
4.60360312462	-0.008	-0.288	2.044
4.60561418533	-0.008	-0.288	2.044
4.60758209229	-0.088	0.116	-1.308
4.60953712463	-0.088	0.116	-1.308
4.61149501801	0.044	-0.08	0.968
4.61344814301	0.044	-0.08	0.968
4.61540007591	0.044	-0.08	0.968
4.61735415459	0.064	-0.352	2.044
4.61930704117	0.064	-0.352	2.044
4.62125921249	0.064	-0.352	2.044
4.62321305275	-0.108	-0.02	-0.504
4.62516903877	-0.108	-0.02	-0.504
4.62712311745	-0.016	0.036	-0.344
4.62907600403	-0.016	0.036	-0.344
4.63102912903	-0.016	0.036	-0.344
4.63300514221	0.088	-0.352	2.044
4.63495111465	0.088	-0.352	2.044
4.63689613342	0.088	-0.352	2.044
4.63884019852	-0.076	-0.152	0.784
4.64078521729	-0.076	-0.152	0.784
4.64277005196	-0.064	0.108	-1.232
4.64472818375	-0.064	0.108	-1.232
4.64668512344	-0.064	0.108	-1.232
4.64864110947	0.076	-0.236	2.044
4.65059399605	0.076	-0.236	2.044
4.65254712105	-0.028	-0.256	2.044
4.65450000763	-0.028	-0.256	2.044
4.6564540863	-0.028	-0.256	2.044
4.65840816498	-0.084	0.108	-1.396
4.66036105156	-0.084	0.108	-1.396
4.66232609749	-0.084	0.108	-1.396
4.66428112984	0.064	-0.12	1.328
4.66623520851	0.064	-0.12	1.328
4.66818618774	0.04	-0.348	2.044
4.67013812065	0.04	-0.348	2.044
4.67210817337	0.04	-0.348	2.044
4.67406201363	-0.124	0.024	-0.776
4.6760160923	-0.124	0.024	-0.776
4.6779820919	-0.008	-0.004	-0.04
4.67993807793	-0.008	-0.004	-0.04
4.68191719055	-0.008	-0.004	-0.04
4.68387007713	0.076	-0.372	2.044
4.68582201004	0.076	-0.372	2.044
4.68777418137	0.076	-0.372	2.044
4.68972706795	-0.076	-0.108	0.424
4.69168806076	-0.076	-0.108	0.424
4.69364023209	-0.076	0.104	-1.068
4.69559216499	-0.076	0.104	-1.068
4.69754910469	-0.076	0.104	-1.068
4.6995010376	0.08	-0.284	2.044
4.70145320892	0.08	-0.284	2.044
4.70341420174	-0.032	-0.232	1.832
4.70536804199	-0.032	-0.232	1.832
4.70732021332	-0.032	-0.232	1.832
4.70927119255	-0.1	0.132	-1.42
4.71122407913	-0.1	0.132	-1.42
4.71318101883	-0.1	0.132	-1.42
4.7151350975	0.064	-0.152	1.668
4.71710515022	0.064	-0.152	1.668
4.7190580368	0.012	-0.32	2.044
4.72102308273	0.012	-0.32	2.044
4.7229821682	0.012	-0.32	2.044
4.7249341011	-0.104	0.052	-0.988
4.7268872261	-0.104	0.052	-0.988
4.72884011269	0.012	-0.024	0.288
4.73079419136	0.012	-0.024	0.288
4.73275613785	0.012	-0.024	0.288
4.73470807076	0.056	-0.364	2.044
4.73666000366	0.056	-0.364	2.044
4.73861312866	0.056	-0.364	2.044
4.74056506157	-0.076	-0.08	0.1
4.74252414703	-0.076	-0.08	0.1
4.74447822571	-0.048	0.076	-0.86
4.74643206596	-0.048	0.076	-0.86
4.74838519096	-0.048	0.076	-0.86
4.75033712387	0.084	-0.312	2.044
4.75229120255	0.084	-0.312	2.044
4.75424408913	-0.024	-0.2	1.48
4.75620102882	-0.024	-0.2	1.48
4.75815606117	-0.024	-0.2	1.48
4.76012301445	-0.056	0.124	-1.412
4.76208519936	-0.056	0.124	-1.412
4.76404118538	-0.056	0.124	-1.412
4.76599407196	0.084	-0.192	2.016
4.76794505119	0.084	-0.192	2.016
4.76991200447	0.024	-0.308	2.044
4.77190518379	0.024	-0.308	2.044
4.77385902405	0.024	-0.308	2.044
4.77581119537	-0.1	0.068	-1.172
4.7777671814	-0.1	0.068	-1.172
4.77972006798	0.052	-0.06	0.628
4.78167700768	0.052	-0.06	0.628
4.78363013268	0.052	-0.06	0.628
4.78558301926	0.068	-0.372	2.044
4.78753519058	0.068	-0.372	2.044
4.78948712349	0.068	-0.372	2.044
4.7914390564	-0.128	-0.052	-0.224
4.793405056	-0.128	-0.052	-0.224
4.795358181	-0.064	0.052	-0.608
4.79731106758	-0.064	0.052	-0.608
4.79926419258	-0.064	0.052	-0.608
4.80121803284	0.072	-0.336	2.044
4.8031771183	0.072	-0.336	2.044
4.80513000488	-0.068	-0.18	1.132
4.80708217621	-0.068	-0.18	1.132
4.80904817581	-0.068	-0.18	1.132
4.81100606918	-0.088	0.124	-1.34
4.81296610832	-0.088	0.124	-1.34
4.81491923332	-0.088	0.124	-1.34
4.81687307358	0.072	-0.228	2.044
4.81882619858	0.072	-0.228	2.044
4.82077908516	-0.004	-0.288	2.044
4.82273817062	-0.004	-0.288	2.044
4.824696064	-0.004	-0.288	2.044
4.82666015625	-0.1	0.112	-1.3
4.82861399651	-0.1	0.112	-1.3
4.83056712151	0.052	-0.08	0.984
4.83252120018	0.052	-0.08	0.984
4.83446621895	0.052	-0.08	0.984
4.83641004562	0.036	-0.356	2.044
4.83835315704	0.036	-0.356	2.044
4.84029722214	0.036	-0.356	2.044
4.84224820137	-0.104	-0.016	-0.52
4.84420609474	-0.104	-0.016	-0.52
4.84616017342	-0.024	0.032	-0.332
4.84812521935	-0.024	0.032	-0.332
4.85008907318	-0.024	0.032	-0.332
4.85204911232	0.092	-0.344	2.044
4.85400605202	0.092	-0.344	2.044
4.85595917702	-0.068	-0.152	0.764
4.85793399811	-0.068	-0.152	0.764
4.85988712311	-0.068	-0.152	0.764
4.86184620857	-0.068	0.112	-1.224
4.86380004883	-0.068	0.112	-1.224
4.86575508118	-0.068	0.112	-1.224
4.86770820618	0.064	-0.244	2.044
4.86966013908	0.064	-0.244	2.044
4.87161111832	-0.004	-0.256	2.044
4.87356805801	-0.004	-0.256	2.044
4.87552213669	-0.004	-0.256	2.044
4.87747502327	-0.08	0.108	-1.388
4.87942814827	-0.08	0.108	-1.388
4.88139200211	0.064	-0.12	1.328
4.88335108757	0.064	-0.12	1.328
4.88530611992	0.064	-0.12	1.328
4.88725805283	0.052	-0.352	2.044
4.88921308517	0.052	-0.352	2.044
4.89116716385	0.052	-0.352	2.044
4.89312601089	-0.124	0.012	-0.784
4.89507913589	-0.124	0.012	-0.784
4.89704203606	-0.004	0.0	-0.028
4.89898920059	-0.004	0.0	-0.028
4.90093421936	-0.004	0.0	-0.028
4.90288519859	0.06	-0.368	2.044
4.90483808517	0.06	-0.368	2.044
4.90679216385	0.06	-0.368	2.044
4.90874409676	-0.1	-0.12	0.424
4.91069602966	-0.1	-0.12	0.424
4.91271615028	-0.08	0.096	-1.06
4.91467618942	-0.08	0.096	-1.06
4.91663002968	-0.08	0.096	-1.06
4.91858315468	0.072	-0.284	2.044
4.92053604126	0.072	-0.284	2.044
4.92249512672	-0.016	-0.232	1.816
4.92444801331	-0.016	-0.232	1.816
4.92640113831	-0.016	-0.232	1.816
4.92835402489	-0.1	0.144	-1.424
4.93030810356	-0.1	0.144	-1.424
4.93226718903	-0.1	0.144	-1.424
4.93422007561	0.064	-0.152	1.676
4.93618321419	0.064	-0.152	1.676
4.93813705444	0.02	-0.328	2.044
4.94009017944	0.02	-0.328	2.044
4.94204711914	0.02	-0.328	2.044
4.94401407242	-0.092	0.052	-0.996
4.94597220421	-0.092	0.052	-0.996
4.94792509079	0.016	-0.024	0.296
4.94987607002	0.016	-0.024	0.296
4.95183300972	0.016	-0.024	0.296
4.95378899574	0.056	-0.376	2.044
4.95574212074	0.056	-0.376	2.044
4.95769309998	0.056	-0.376	2.044
4.95964503288	-0.092	-0.076	0.104
4.96159911156	-0.092	-0.076	0.104
4.9635591507	-0.044	0.072	-0.852
4.9655110836	-0.044	0.072	-0.852
4.9674642086	-0.044	0.072	-0.852
4.96942019463	0.076	-0.304	2.044
4.97137212753	0.076	-0.304	2.044
4.97333216667	-0.032	-0.2	1.48
4.97528815269	-0.032	-0.2	1.48
4.97724318504	-0.032	-0.2	1.48
4.97919607162	-0.056	0.132	-1.408
4.98114919662	-0.056	0.132	-1.408
4.98310899734	-0.056	0.132	-1.408
4.98507118225	0.08	-0.184	2.0
4.98702502251	0.08	-0.184	2.0
4.98897600174	0.028	-0.304	2.044
4.99093723297	0.028	-0.304	2.044
4.99289608002	0.028	-0.304	2.044
4.99484920502	-0.1	0.076	-1.192
4.9968020916	-0.1	0.076	-1.192
4.99875617027	0.036	-0.06	0.62
