Timestamp 	 X-Axis 	 Y-Axis 	 Z-Axis
0.000313997268677	-0.052	0.196	-1.588
0.00342297554016	-0.052	0.196	-1.588
0.00633692741394	0.152	-0.412	2.044
0.00924301147461	-0.056	0.068	-0.796
0.0121550559998	-0.056	0.068	-0.796
0.0150809288025	0.008	-0.244	2.044
0.0179870128632	0.008	-0.244	2.044
0.0208940505981	-0.08	-0.108	0.548
0.0238010883331	-0.08	-0.108	0.548
0.0267179012299	-0.016	-0.152	0.584
0.0296230316162	-0.116	-0.212	2.036
0.0325310230255	-0.116	-0.212	2.036
0.0354390144348	0.08	0.004	-0.752
0.038341999054	0.08	0.004	-0.752
0.0412659645081	-0.044	-0.272	2.044
0.0441739559174	-0.044	-0.272	2.044
0.0470819473267	-0.06	0.136	-1.568
0.0499970912933	-0.016	-0.324	2.044
0.0529050827026	-0.016	-0.324	2.044
0.0558099746704	-0.024	0.168	-1.612
0.0587170124054	-0.024	0.168	-1.612
0.0616230964661	0.072	-0.364	2.044
0.0645279884338	0.072	-0.364	2.044
0.0674319267273	-0.036	0.052	-0.86
0.0703480243683	0.072	-0.328	2.044
0.0732591152191	0.072	-0.328	2.044
0.0761830806732	-0.08	-0.08	0.444
0.079097032547	-0.08	-0.08	0.444
0.0820240974426	0.088	-0.228	0.704
0.0849409103394	0.088	-0.228	0.704
0.0878639221191	-0.14	-0.224	1.932
0.0907781124115	-0.032	0.008	-0.672
0.093691110611	-0.032	0.008	-0.672
0.0966041088104	-0.1	-0.204	2.044
0.0995209217072	-0.1	-0.204	2.044
0.102435112	-0.028	0.16	-1.548
0.105356931686	-0.028	0.16	-1.548
0.108277082443	0.164	-0.364	2.044
0.11118888855	-0.024	0.144	-1.632
0.114101886749	-0.024	0.144	-1.632
0.1170129776	0.08	-0.288	2.044
0.11993098259	0.08	-0.288	2.044
0.122843980789	-0.052	0.064	-0.96
0.12575507164	-0.052	0.064	-0.96
0.128674030304	-0.068	-0.384	2.044
0.131603002548	-0.096	-0.056	0.332
0.134515047073	-0.096	-0.056	0.332
0.137444972992	0.124	-0.232	0.816
0.140361070633	0.124	-0.232	0.816
0.143270969391	-0.1	-0.204	1.828
0.146181106567	-0.1	-0.204	1.828
0.149100065231	-0.056	0.032	-0.58
0.152014017105	-0.068	-0.308	2.044
0.154932975769	-0.068	-0.308	2.044
0.157855033875	0.004	0.124	-1.496
0.1607670784	0.004	0.124	-1.496
0.163688898087	-0.04	-0.448	2.044
0.166604995728	-0.04	-0.448	2.044
0.169524908066	-0.004	0.164	-1.652
0.172450065613	0.176	-0.252	2.044
0.175373077393	0.176	-0.252	2.044
0.178292989731	-0.108	0.076	-1.024
0.181209087372	-0.108	0.076	-1.024
0.184122085571	0.084	-0.34	2.044
0.187035083771	0.084	-0.34	2.044
0.189951896667	-0.096	-0.068	0.22
0.192864894867	-0.004	-0.204	0.94
0.195776939392	-0.004	-0.204	0.94
0.198695898056	-0.1	-0.188	1.728
0.201611042023	-0.1	-0.188	1.728
0.204521894455	-0.012	0.016	-0.488
0.20743393898	0.044	-0.244	2.044
0.210352897644	0.044	-0.244	2.044
0.21327996254	0.032	0.124	-1.448
0.216192007065	0.032	0.124	-1.448
0.219105958939	0.052	-0.272	2.044
0.22202205658	0.052	-0.272	2.044
0.224935054779	-0.048	0.204	-1.684
0.227857112885	-0.028	-0.372	2.044
0.230768918991	-0.028	-0.372	2.044
0.233683109283	-0.072	0.104	-1.108
0.236597061157	-0.072	0.104	-1.108
0.239509105682	0.124	-0.264	2.044
0.242422103882	0.124	-0.264	2.044
0.245343923569	-0.044	-0.084	0.108
0.248262882233	-0.012	-0.216	1.06
0.251177072525	-0.012	-0.216	1.06
0.254091978073	-0.12	-0.184	1.592
0.257004022598	-0.12	-0.184	1.592
0.259936094284	0.048	-0.06	-0.376
0.262850999832	0.048	-0.06	-0.376
0.265773057938	-0.052	-0.368	2.044
0.26869392395	-0.02	0.104	-1.404
0.271610021591	-0.02	0.104	-1.404
0.274522066116	-0.092	-0.172	2.044
0.27743601799	-0.092	-0.172	2.044
0.280354976654	-0.024	0.208	-1.692
0.283267974854	-0.024	0.208	-1.692
0.286180973053	0.156	-0.452	2.044
0.289099931717	-0.068	0.104	-1.168
0.292011976242	-0.068	0.104	-1.168
0.294925928116	0.048	-0.264	2.044
0.29784488678	0.048	-0.264	2.044
0.300748109818	-0.044	-0.06	-0.012
0.303653001785	-0.044	-0.06	-0.012
0.306559085846	-0.048	-0.256	1.18
0.309470891953	-0.124	-0.168	1.484
0.312392950058	-0.124	-0.168	1.484
0.315308094025	0.076	-0.084	-0.276
0.318228960037	0.076	-0.084	-0.276
0.321141958237	-0.024	-0.268	2.044
0.32405591011	-0.024	-0.268	2.044
0.326980113983	-0.08	0.108	-1.352
0.329895019531	-0.14	-0.28	2.044
0.332806110382	-0.14	-0.28	2.044
0.335716962814	-0.016	0.188	-1.688
0.338624954224	-0.016	0.188	-1.688
0.341536998749	0.076	-0.428	2.044
0.3445789814	0.076	-0.428	2.044
0.347488880157	-0.02	0.1	-1.236
0.350397109985	0.1	-0.316	2.044
0.353302955627	0.1	-0.316	2.044
0.356213092804	-0.084	-0.032	-0.104
0.359126091003	-0.084	-0.032	-0.104
0.362044095993	0.096	-0.288	1.288
0.364957094193	0.096	-0.288	1.288
0.367876052856	-0.144	-0.18	1.372
0.370793104172	-0.016	-0.068	-0.192
0.373707056046	-0.016	-0.068	-0.192
0.376621961594	-0.028	-0.188	2.044
0.379540920258	-0.028	-0.188	2.044
0.38245511055	-0.064	0.092	-1.284
0.385369062424	-0.064	0.092	-1.284
0.388287067413	0.124	-0.332	2.044
0.391200065613	0.004	0.172	-1.704
0.394114017487	0.004	0.172	-1.704
0.397023916245	0.076	-0.312	2.044
0.399943113327	0.076	-0.312	2.044
0.402861118317	-0.064	0.136	-1.308
0.405774116516	-0.064	0.136	-1.308
0.408704042435	-0.072	-0.372	2.044
0.411618947983	-0.068	-0.008	-0.22
0.414532899857	-0.068	-0.008	-0.22
0.417447090149	0.144	-0.26	1.408
0.420362949371	0.144	-0.26	1.408
0.423278093338	-0.104	-0.168	1.26
0.426192998886	-0.104	-0.168	1.26
0.429112911224	-0.02	-0.048	-0.084
0.43202495575	-0.132	-0.264	2.044
0.434942007065	-0.132	-0.264	2.044
0.437861919403	-0.012	0.08	-1.228
0.440773963928	-0.012	0.08	-1.228
0.443686962128	0.036	-0.42	2.044
0.446609020233	0.036	-0.42	2.044
0.449536085129	0.008	0.144	-1.692
0.452450990677	0.064	-0.224	2.044
0.455364942551	0.064	-0.224	2.044
0.458283901215	-0.076	0.148	-1.372
0.461196899414	-0.076	0.148	-1.372
0.464109897614	0.088	-0.356	2.044
0.467021942139	0.088	-0.356	2.044
0.469940900803	-0.064	0.004	-0.312
0.472857952118	-0.012	-0.228	1.504
0.475771903992	-0.012	-0.228	1.504
0.478688955307	-0.088	-0.156	1.14
0.481601953506	-0.088	-0.156	1.14
0.48451590538	0.02	-0.056	0.06
0.487426042557	0.02	-0.056	0.06
0.490351915359	-0.06	-0.264	2.044
0.493271112442	0.052	0.068	-1.152
0.4961810112	0.052	0.068	-1.152
0.499099969864	0.004	-0.256	2.044
0.502012968063	0.004	-0.256	2.044
0.50492310524	-0.036	0.192	-1.684
0.507844924927	-0.06	-0.356	2.044
0.510759115219	-0.06	-0.356	2.044
0.513669967651	-0.072	0.136	-1.42
0.516582965851	-0.072	0.136	-1.42
0.519500017166	0.096	-0.316	2.044
0.522412061691	0.096	-0.316	2.044
0.525322914124	-0.016	-0.008	-0.416
0.528247117996	0.024	-0.292	1.624
0.531158924103	0.024	-0.292	1.624
0.534070968628	-0.124	-0.132	1.032
0.536987066269	-0.124	-0.132	1.032
0.539907932281	0.076	-0.148	0.148
0.542818069458	0.076	-0.148	0.148
0.545730113983	-0.024	-0.32	2.044
0.548650979996	-0.028	0.072	-1.08
0.551556110382	-0.028	0.072	-1.08
0.554462909698	-0.196	-0.196	2.044
0.557368993759	-0.196	-0.196	2.044
0.560286998749	-0.008	0.188	-1.68
0.563201904297	-0.008	0.188	-1.68
0.566114902496	0.196	-0.412	2.044
0.569035053253	-0.048	0.132	-1.472
0.571959018707	-0.048	0.132	-1.472
0.574872970581	0.052	-0.288	2.044
0.577791929245	0.052	-0.288	2.044
0.580703020096	-0.052	0.0	-0.52
0.583674907684	-0.052	0.0	-0.52
0.58661198616	-0.04	-0.328	1.76
0.589526891708	-0.1	-0.116	0.896
0.592433929443	-0.1	-0.116	0.896
0.595340013504	0.108	-0.164	0.26
0.598248958588	0.108	-0.164	0.26
0.601164102554	-0.08	-0.196	2.044
0.604079008102	-0.08	-0.196	2.044
0.606992959976	-0.096	0.064	-0.992
0.60991191864	-0.064	-0.324	2.044
0.612826108932	-0.064	-0.324	2.044
0.615739107132	0.02	0.184	-1.652
0.61865401268	0.02	0.184	-1.652
0.62156701088	0.0	-0.452	2.044
0.624470949173	0.0	-0.452	2.044
0.627387046814	-0.008	0.136	-1.5
0.630301952362	0.164	-0.272	2.044
0.633214950562	0.164	-0.272	2.044
0.636127948761	-0.096	0.012	-0.608
0.639046907425	-0.096	0.012	-0.608
0.641959905624	0.096	-0.32	1.86
0.644872903824	0.096	-0.32	1.86
0.647792100906	-0.14	-0.124	0.788
0.650705099106	-0.012	-0.152	0.352
0.653628110886	-0.012	-0.152	0.352
0.656539916992	-0.076	-0.192	2.044
0.659452915192	-0.076	-0.192	2.044
0.662365913391	-0.052	0.056	-0.94
0.665280103683	-0.052	0.056	-0.94
0.668198108673	0.168	-0.264	2.044
0.67110991478	0.032	0.156	-1.624
0.674026012421	0.032	0.156	-1.624
0.676937103271	0.012	-0.34	2.044
0.679855108261	0.012	-0.34	2.044
0.682770967484	-0.048	0.176	-1.56
0.685683965683	-0.048	0.176	-1.56
0.68860411644	-0.044	-0.34	2.044
0.691519975662	-0.08	0.052	-0.7
0.694431066513	-0.08	0.052	-0.7
0.697344064713	0.14	-0.264	1.98
0.700262069702	0.14	-0.264	1.98
0.703172922134	-0.1	-0.136	0.672
0.70608496666	-0.1	-0.136	0.672
0.709002971649	-0.008	-0.12	0.456
0.71191906929	-0.092	-0.244	2.044
0.71483206749	-0.092	-0.244	2.044
0.717761039734	0.012	0.012	-0.836
0.720673084259	0.012	0.012	-0.836
0.723584890366	-0.004	-0.364	2.044
0.726497888565	-0.004	-0.364	2.044
0.729419946671	-0.004	0.14	-1.604
0.73233294487	-0.036	-0.192	2.044
0.735255002975	-0.036	-0.192	2.044
0.738176107407	-0.052	0.2	-1.588
0.741086959839	-0.052	0.2	-1.588
0.743999958038	0.116	-0.42	2.044
0.746912002563	0.116	-0.42	2.044
0.749828100204	-0.068	0.064	-0.784
0.752742052078	0.004	-0.236	2.044
0.755654096603	0.004	-0.236	2.044
0.758569955826	-0.072	-0.116	0.556
0.761486053467	-0.072	-0.116	0.556
0.764404058456	-0.012	-0.136	0.588
0.767314910889	-0.012	-0.136	0.588
0.770231962204	-0.088	-0.236	2.044
0.773144006729	0.088	0.012	-0.756
0.776053905487	0.088	0.012	-0.756
0.778970956802	-0.044	-0.28	2.044
0.781877040863	-0.044	-0.28	2.044
0.784782886505	-0.06	0.136	-1.572
0.787703990936	-0.06	0.136	-1.572
0.790698051453	-0.044	-0.312	2.044
0.793613910675	-0.02	0.176	-1.608
0.7965259552	-0.02	0.176	-1.608
0.7994389534	0.092	-0.376	2.044
0.802342891693	0.092	-0.376	2.044
0.805247068405	-0.06	0.06	-0.844
0.808161020279	-0.06	0.06	-0.844
0.81107711792	0.068	-0.308	2.044
0.813988924026	-0.092	-0.088	0.444
0.816912889481	-0.092	-0.088	0.444
0.819828033447	0.056	-0.224	0.692
0.82274389267	0.056	-0.224	0.692
0.825659990311	-0.108	-0.208	1.96
0.828579902649	-0.108	-0.208	1.96
0.831492900848	-0.024	0.004	-0.668
0.834408044815	-0.088	-0.2	2.044
0.83732008934	-0.088	-0.2	2.044
0.84023809433	-0.036	0.148	-1.536
0.843152999878	-0.036	0.148	-1.536
0.846067905426	0.172	-0.36	2.044
0.848985910416	-0.024	0.148	-1.632
0.851900100708	-0.024	0.148	-1.632
0.85481595993	0.064	-0.296	2.044
0.857758045197	0.064	-0.296	2.044
0.860673904419	-0.06	0.052	-0.952
0.863585948944	-0.06	0.052	-0.952
0.866498947144	-0.06	-0.368	2.044
0.8694190979	-0.088	-0.068	0.336
0.8723320961	-0.088	-0.068	0.336
0.875246047974	0.136	-0.232	0.82
0.878165006638	0.136	-0.232	0.82
0.881076097488	-0.108	-0.204	1.848
0.883989095688	-0.108	-0.204	1.848
0.886902093887	-0.064	0.012	-0.584
0.889821052551	-0.092	-0.308	2.044
0.892733097076	-0.092	-0.308	2.044
0.89564704895	-0.012	0.144	-1.488
0.8985850811	-0.012	0.144	-1.488
0.901499986649	-0.012	-0.444	2.044
0.904424905777	-0.012	-0.444	2.044
0.907339096069	-0.02	0.148	-1.648
0.910257101059	0.216	-0.256	2.044
0.913171052933	0.216	-0.256	2.044
0.916081905365	-0.1	0.08	-1.024
0.919001102448	-0.1	0.08	-1.024
0.921914100647	0.068	-0.36	2.044
0.924825906754	0.068	-0.36	2.044
0.927742004395	-0.096	-0.064	0.236
0.930655956268	0.036	-0.208	0.908
0.933568954468	0.036	-0.208	0.908
0.936479091644	-0.088	-0.188	1.744
0.939398050308	-0.088	-0.188	1.744
0.942311048508	-0.024	0.02	-0.492
0.94522690773	-0.024	0.02	-0.492
0.948146104813	0.032	-0.24	2.044
0.951059103012	0.024	0.132	-1.452
0.953969955444	0.024	0.132	-1.452
0.956881999969	-0.016	-0.36	2.044
0.959800958633	-0.016	-0.36	2.044
0.962713956833	-0.024	0.188	-1.664
0.965627908707	-0.024	0.188	-1.664
0.968549013138	-0.02	-0.324	2.044
0.971461057663	-0.088	0.1	-1.096
0.974374055862	-0.088	0.1	-1.096
0.977287054062	0.168	-0.276	2.044
0.980213880539	0.168	-0.276	2.044
0.983127117157	-0.068	-0.08	0.124
0.986040115356	-0.068	-0.08	0.124
0.988964080811	-0.02	-0.204	1.036
0.991878032684	-0.112	-0.184	1.628
0.994791030884	-0.112	-0.184	1.628
0.997704029083	0.02	-0.056	-0.4
1.00068998337	0.02	-0.056	-0.4
1.00360393524	0.0	-0.32	2.044
1.00650906563	0.0	-0.32	2.044
1.00942111015	0.0	0.112	-1.404
1.01232600212	-0.02	-0.18	2.044
1.01523900032	-0.02	-0.18	2.044
1.01815509796	-0.024	0.212	-1.688
1.02106809616	-0.024	0.212	-1.688
1.02397990227	0.084	-0.42	2.044
1.02689099312	0.084	-0.42	2.044
1.02980899811	-0.076	0.108	-1.168
1.03272199631	0.028	-0.256	2.044
1.03566193581	0.028	-0.256	2.044
1.03858208656	-0.048	-0.088	0.016
1.04149603844	-0.048	-0.088	0.016
1.04440903664	-0.04	-0.244	1.144
1.04732298851	-0.04	-0.244	1.144
1.05023789406	-0.144	-0.18	1.5
1.05314207077	0.1	-0.096	-0.3
1.05604696274	0.1	-0.096	-0.3
1.05895805359	-0.04	-0.312	2.044
1.06188297272	-0.04	-0.312	2.044
1.06479597092	-0.068	0.088	-1.36
1.06771111488	-0.068	0.088	-1.36
1.0706551075	-0.152	-0.264	2.044
1.07357096672	0.012	0.212	-1.7
1.0764811039	0.012	0.212	-1.7
1.07940101624	0.112	-0.44	2.044
1.08231496811	0.112	-0.44	2.044
1.08522510529	-0.032	0.1	-1.224
1.08866691589	0.12	-0.312	2.044
1.09158992767	0.12	-0.312	2.044
1.0945019722	-0.088	-0.032	-0.084
1.09741592407	-0.088	-0.032	-0.084
1.1003370285	0.036	-0.272	1.264
1.10324692726	0.036	-0.272	1.264
1.10615801811	-0.136	-0.176	1.396
1.1090760231	0.012	-0.092	-0.196
1.11198592186	0.012	-0.092	-0.196
1.11489892006	-0.004	-0.184	2.044
1.11781811714	-0.004	-0.184	2.044
1.12072896957	-0.068	0.1	-1.3
1.1236410141	-0.068	0.1	-1.3
1.12655711174	0.08	-0.316	2.044
1.12947893143	0.004	0.164	-1.7
1.1323890686	0.004	0.164	-1.7
1.13529992104	0.036	-0.356	2.044
1.13821911812	0.036	-0.356	2.044
1.1411280632	-0.048	0.12	-1.28
1.14405202866	-0.048	0.12	-1.28
1.14696598053	-0.036	-0.36	2.044
1.14988088608	-0.076	-0.008	-0.192
1.15279698372	-0.076	-0.008	-0.192
1.15571594238	0.156	-0.268	1.392
1.15863394737	0.156	-0.268	1.392
1.16155099869	-0.128	-0.168	1.284
1.16446495056	-0.128	-0.168	1.284
1.16737794876	-0.028	-0.068	-0.092
1.17030096054	-0.112	-0.256	2.044
1.17321705818	-0.112	-0.256	2.044
1.17612910271	-0.02	0.088	-1.232
1.17904901505	-0.02	0.088	-1.232
1.18196511269	0.092	-0.404	2.044
1.18489408493	0.092	-0.404	2.044
1.18781399727	0.0	0.148	-1.688
1.19071888924	0.116	-0.232	2.044
1.19363093376	0.116	-0.232	2.044
1.19654297829	-0.084	0.144	-1.356
1.19946289062	-0.084	0.144	-1.356
1.20237588882	0.036	-0.384	2.044
1.20528793335	0.036	-0.384	2.044
1.20820808411	-0.076	0.004	-0.296
1.21111989021	0.0	-0.232	1.472
1.21402406693	0.0	-0.232	1.472
1.21693110466	-0.096	-0.16	1.176
1.21985006332	-0.096	-0.16	1.176
1.2227640152	0.004	-0.052	0.004
1.22570109367	0.004	-0.052	0.004
1.22862005234	-0.096	-0.268	2.044
1.23153305054	0.056	0.076	-1.168
1.23444509506	0.056	0.076	-1.168
1.23735809326	-0.004	-0.336	2.044
1.24027490616	-0.004	-0.336	2.044
1.24318909645	-0.02	0.176	-1.696
1.24610209465	-0.02	0.176	-1.696
1.24901890755	-0.092	-0.292	2.044
1.25193190575	-0.064	0.144	-1.408
1.25484609604	-0.064	0.144	-1.408
1.2577650547	0.164	-0.328	2.044
1.26068210602	0.164	-0.328	2.044
1.26359701157	-0.032	-0.016	-0.392
1.26651000977	-0.032	-0.016	-0.392
1.2694299221	0.008	-0.252	1.588
1.27234196663	-0.096	-0.128	1.036
1.27525496483	-0.096	-0.128	1.036
1.27817392349	0.044	-0.112	0.112
1.28108692169	0.044	-0.112	0.112
1.28399801254	-0.008	-0.312	2.044
1.28691005707	0.02	0.076	-1.104
1.28982400894	0.02	0.076	-1.104
1.29273700714	-0.104	-0.172	2.044
1.29564905167	-0.104	-0.172	2.044
1.29856801033	-0.032	0.196	-1.68
1.30147504807	-0.032	0.196	-1.68
1.30437898636	0.148	-0.404	2.044
1.30729603767	-0.072	0.124	-1.432
1.31021499634	-0.072	0.124	-1.432
1.31312799454	0.024	-0.292	2.044
1.31604099274	0.024	-0.292	2.044
1.3189599514	-0.032	-0.008	-0.48
1.32187390327	-0.032	-0.008	-0.48
1.3247859478	-0.024	-0.316	1.704
1.327698946	-0.108	-0.132	0.952
1.33060598373	-0.108	-0.132	0.952
1.33350992203	0.112	-0.168	0.212
1.33641290665	0.112	-0.168	0.212
1.3393239975	-0.06	-0.256	2.044
1.34224295616	-0.06	-0.256	2.044
1.34515595436	-0.064	0.076	-1.044
1.34807610512	-0.204	-0.28	2.044
1.35100603104	-0.204	-0.28	2.044
1.35392093658	0.0	0.196	-1.66
1.3568251133	0.0	0.196	-1.66
1.3597369194	0.148	-0.436	2.044
1.36264801025	0.148	-0.436	2.044
1.36556005478	-0.036	0.12	-1.496
1.36847496033	0.184	-0.268	2.044
1.37138700485	0.184	-0.268	2.044
1.3742980957	-0.096	0.004	-0.572
1.3772110939	-0.096	0.004	-0.572
1.38013005257	0.008	-0.332	1.82
1.38304209709	0.008	-0.332	1.82
1.3859539032	-0.12	-0.12	0.844
1.38888406754	0.028	-0.16	0.308
1.39179491997	0.028	-0.16	0.308
1.39470601082	-0.076	-0.188	2.044
1.39762210846	-0.076	-0.188	2.044
1.40054011345	-0.068	0.052	-0.948
1.40345406532	-0.068	0.052	-0.948
1.4063680172	0.084	-0.292	2.044
1.40928506851	0.02	0.168	-1.64
1.41219592094	0.02	0.168	-1.64
1.41510796547	-0.052	-0.416	2.044
1.41802191734	-0.052	-0.416	2.044
1.42093610764	-0.024	0.148	-1.528
1.42385005951	-0.024	0.148	-1.528
1.42676305771	0.04	-0.308	2.044
1.42970895767	-0.1	0.036	-0.664
1.43262410164	-0.1	0.036	-0.664
1.43553590775	0.152	-0.28	1.912
1.43845391273	0.152	-0.28	1.912
1.44137001038	-0.128	-0.136	0.724
1.44428300858	-0.128	-0.136	0.724
1.4471950531	-0.02	-0.12	0.408
1.45011091232	-0.076	-0.224	2.044
1.45302200317	-0.076	-0.224	2.044
1.4559340477	-0.012	0.024	-0.884
1.45885300636	-0.012	0.024	-0.884
1.46176505089	0.108	-0.308	2.044
1.46467590332	0.108	-0.308	2.044
1.46758794785	0.024	0.164	-1.624
1.47051596642	0.064	-0.228	2.044
1.47342801094	0.064	-0.228	2.044
1.47633910179	-0.052	0.196	-1.568
1.47925901413	-0.052	0.196	-1.568
1.482172966	0.0	-0.388	2.044
1.48507809639	0.0	-0.388	2.044
1.48799991608	-0.076	0.068	-0.74
1.4909119606	0.044	-0.244	2.036
1.49382400513	0.044	-0.244	2.036
1.496737957	-0.08	-0.124	0.616
1.49965596199	-0.08	-0.124	0.616
1.50256896019	-0.012	-0.108	0.54
1.50548100471	-0.012	-0.108	0.54
1.50840091705	-0.12	-0.236	2.044
1.51131510735	0.064	0.0	-0.796
1.51421999931	0.064	0.0	-0.796
1.51712298393	-0.072	-0.356	2.044
1.52004003525	-0.072	-0.356	2.044
1.5229549408	-0.036	0.132	-1.6
1.525867939	-0.036	0.132	-1.6
1.52877998352	-0.1	-0.224	2.044
1.53169798851	-0.032	0.184	-1.596
1.53461098671	-0.032	0.184	-1.596
1.53753709793	0.172	-0.408	2.044
1.54045891762	0.172	-0.408	2.044
1.54337191582	-0.036	0.048	-0.836
1.54628491402	-0.036	0.048	-0.836
1.5492041111	0.048	-0.268	2.044
1.55211997032	-0.076	-0.1	0.504
1.55502510071	-0.076	-0.1	0.504
1.55793190002	0.004	-0.188	0.648
1.56084799767	0.004	-0.188	0.648
1.56376099586	-0.116	-0.228	1.996
1.56667304039	-0.116	-0.228	1.996
1.5695939064	0.048	0.012	-0.716
1.57250809669	-0.036	-0.212	2.044
1.57541894913	-0.036	-0.212	2.044
1.57834196091	-0.072	0.14	-1.552
1.58125710487	-0.072	0.14	-1.552
1.58416795731	0.064	-0.34	2.044
1.58708000183	0.064	-0.34	2.044
1.58999800682	-0.04	0.16	-1.624
1.59291195869	0.016	-0.36	2.044
1.59582400322	0.016	-0.36	2.044
1.59874200821	-0.048	0.064	-0.908
1.60165596008	-0.048	0.064	-0.908
1.60456800461	0.02	-0.348	2.044
1.60748004913	0.02	-0.348	2.044
1.61039400101	-0.08	-0.072	0.392
1.61330604553	0.128	-0.26	0.752
1.61621594429	0.128	-0.26	0.752
1.61912894249	-0.124	-0.22	1.896
1.62204504013	-0.124	-0.22	1.896
1.624958992	-0.06	0.012	-0.64
1.62787890434	-0.06	0.012	-0.64
1.63079190254	-0.108	-0.248	2.044
1.63371610641	-0.02	0.148	-1.528
1.63663101196	-0.02	0.148	-1.528
1.6395471096	0.12	-0.392	2.044
1.6424639225	0.12	-0.392	2.044
1.6453769207	-0.008	0.156	-1.644
1.64829707146	-0.008	0.156	-1.644
1.65121102333	0.176	-0.264	2.044
1.65412306786	-0.084	0.06	-0.996
1.65703701973	-0.084	0.06	-0.996
1.65995597839	-0.04	-0.38	2.044
1.66286897659	-0.04	-0.38	2.044
1.66578292847	-0.08	-0.056	0.272
1.66871404648	-0.08	-0.056	0.272
1.67162799835	0.072	-0.204	0.884
1.67454409599	-0.08	-0.192	1.784
1.6774559021	-0.08	-0.192	1.784
1.68037390709	-0.044	0.028	-0.536
1.68328809738	-0.044	0.028	-0.536
1.68619894981	0.0	-0.276	2.044
1.6891040802	0.0	-0.276	2.044
1.69200992584	0.008	0.14	-1.468
1.69492006302	-0.048	-0.416	2.044
1.69783806801	-0.048	-0.416	2.044
1.70075201988	-0.024	0.176	-1.668
1.7036690712	-0.024	0.176	-1.668
1.70658111572	0.048	-0.272	2.044
1.70950007439	0.048	-0.272	2.044
1.71241593361	-0.092	0.088	-1.076
1.71533894539	0.18	-0.316	2.044
1.71825194359	0.18	-0.316	2.044
1.72116589546	-0.08	-0.08	0.172
1.72407793999	-0.08	-0.08	0.172
1.72699093819	-0.008	-0.2	1.0
1.72990608215	-0.108	-0.184	1.68
1.73282003403	-0.108	-0.184	1.68
1.73573303223	0.012	-0.02	-0.44
1.73865294456	0.012	-0.02	-0.44
1.74155688286	0.048	-0.296	2.044
1.74446105957	0.048	-0.296	2.044
1.7473859787	0.04	0.128	-1.424
1.75030303001	0.06	-0.208	2.044
1.75321602821	0.06	-0.208	2.044
1.75612807274	-0.032	0.216	-1.676
1.75905299187	-0.032	0.216	-1.676
1.76196503639	0.0	-0.408	2.044
1.76486897469	0.0	-0.408	2.044
1.76778101921	-0.08	0.116	-1.144
1.77068710327	0.06	-0.252	2.044
1.7735888958	0.06	-0.252	2.044
1.77649402618	-0.048	-0.064	0.076
1.77940511703	-0.048	-0.064	0.076
1.78231906891	-0.028	-0.224	1.1
1.78523302078	-0.028	-0.224	1.1
1.78815293312	-0.132	-0.168	1.56
1.79106497765	0.072	-0.076	-0.34
1.79397797585	0.072	-0.076	-0.34
1.79690003395	-0.052	-0.372	2.044
1.7998149395	-0.052	-0.372	2.044
1.80272507668	-0.048	0.1	-1.38
1.80563092232	-0.048	0.1	-1.38
1.80854201317	-0.164	-0.212	2.044
1.81145691872	0.0	0.184	-1.704
1.81436109543	0.0	0.184	-1.704
1.8172659874	0.18	-0.452	2.044
1.82018089294	0.18	-0.452	2.044
1.82309603691	-0.056	0.108	-1.2
1.82600903511	-0.056	0.108	-1.2
1.82892990112	0.072	-0.28	2.044
1.8318400383	-0.076	-0.048	-0.044
1.83475399017	-0.076	-0.048	-0.044
1.83766794205	-0.024	-0.256	1.204
1.84058499336	-0.024	-0.256	1.204
1.84349703789	-0.128	-0.18	1.448
1.84641098976	-0.128	-0.18	1.448
1.8493270874	0.044	-0.06	-0.248
1.8522400856	0.0	-0.204	2.044
1.85514593124	0.0	-0.204	2.044
1.85805702209	-0.076	0.096	-1.336
1.86096906662	-0.076	0.096	-1.336
1.86388111115	-0.028	-0.312	2.044
1.86679506302	-0.028	-0.312	2.044
1.86974000931	0.008	0.184	-1.692
1.87265205383	0.0	-0.4	2.044
1.8755569458	0.0	-0.4	2.044
1.87850594521	-0.036	0.096	-1.264
1.88142204285	-0.036	0.096	-1.264
1.88433504105	0.072	-0.364	2.044
1.88724708557	0.072	-0.364	2.044
1.89016509056	-0.076	-0.02	-0.144
1.89308190346	0.132	-0.292	1.328
1.89599609375	0.132	-0.292	1.328
1.89891409874	-0.144	-0.172	1.348
1.90182590485	-0.144	-0.172	1.348
1.90473794937	-0.048	-0.048	-0.148
1.90765094757	-0.048	-0.048	-0.148
1.91056990623	-0.064	-0.208	2.044
1.91348099709	-0.048	0.092	-1.268
1.91639399529	-0.048	0.092	-1.268
1.91931295395	0.148	-0.356	2.044
1.9222240448	0.148	-0.356	2.044
1.92513489723	0.012	0.164	-1.688
1.92804908752	0.012	0.164	-1.688
1.93095993996	0.108	-0.276	2.044
1.93387198448	-0.068	0.136	-1.324
1.93678402901	-0.068	0.136	-1.324
1.93977403641	-0.06	-0.38	2.044
1.94272708893	-0.06	-0.38	2.044
1.94566106796	-0.064	-0.004	-0.236
1.94858288765	-0.064	-0.004	-0.236
1.95149588585	0.108	-0.248	1.436
1.95440888405	-0.112	-0.176	1.22
1.95732092857	-0.112	-0.176	1.22
1.96024894714	-0.008	-0.044	-0.044
1.96316289902	-0.008	-0.044	-0.044
1.96607398987	-0.124	-0.26	2.044
1.96899104118	-0.124	-0.26	2.044
1.97190403938	0.012	0.08	-1.2
1.97481489182	0.02	-0.416	2.044
1.97775888443	0.02	-0.416	2.044
1.98067188263	-0.004	0.16	-1.692
1.98363399506	-0.004	0.16	-1.692
1.9865489006	0.0	-0.228	2.044
1.98945903778	0.0	-0.228	2.044
1.9923620224	-0.08	0.148	-1.376
1.99527406693	0.16	-0.364	2.044
1.99819111824	0.16	-0.364	2.044
2.001101017	-0.06	-0.004	-0.34
2.00401306152	-0.06	-0.004	-0.34
2.00692391396	-0.016	-0.244	1.532
2.00984501839	-0.016	-0.244	1.532
2.01275205612	-0.1	-0.152	1.132
2.01565504074	0.032	-0.064	0.06
2.01856207848	0.032	-0.064	0.06
2.02147388458	-0.036	-0.276	2.044
2.02438688278	-0.036	-0.276	2.044
2.02729988098	0.064	0.088	-1.128
2.03021907806	0.064	0.088	-1.128
2.03312802315	-0.004	-0.224	2.044
2.036039114	-0.024	0.184	-1.688
2.0389559269	-0.024	0.184	-1.688
2.04187893867	-0.032	-0.368	2.044
2.0447909832	-0.032	-0.368	2.044
2.04771399498	-0.048	0.144	-1.44
2.05065894127	-0.048	0.144	-1.44
2.05357289314	0.088	-0.3	2.044
2.05648303032	-0.028	-0.016	-0.436
2.05939698219	-0.028	-0.016	-0.436
2.06230807304	0.028	-0.296	1.644
2.06521892548	0.028	-0.296	1.644
2.06813502312	-0.1	-0.116	0.992
2.07104706764	-0.1	-0.116	0.992
2.07396197319	0.064	-0.148	0.164
2.07687091827	-0.024	-0.32	2.044
2.07978892326	-0.024	-0.32	2.044
2.08270001411	-0.048	0.076	-1.06
2.0856089592	-0.048	0.076	-1.06
2.08852005005	-0.208	-0.2	2.044
2.09143209457	-0.208	-0.2	2.044
2.09434103966	-0.028	0.188	-1.684
2.09725308418	0.208	-0.412	2.044
2.10016989708	0.208	-0.412	2.044
2.10307908058	-0.056	0.116	-1.46
2.10599207878	-0.056	0.116	-1.46
2.10890889168	0.068	-0.28	2.044
2.11181807518	-0.048	-0.012	-0.52
2.11472988129	-0.048	-0.012	-0.52
2.11764097214	-0.028	-0.316	1.736
2.12056088448	-0.028	-0.316	1.736
2.12348294258	-0.108	-0.112	0.888
2.12639403343	-0.108	-0.112	0.888
2.12930989265	0.096	-0.168	0.276
2.13222002983	-0.088	-0.204	2.044
2.13512897491	-0.088	-0.204	2.044
2.13804793358	-0.076	0.06	-1.004
2.14095902443	-0.076	0.06	-1.004
2.14387011528	-0.068	-0.312	2.044
2.14678192139	-0.068	-0.312	2.044
2.14976501465	0.008	0.188	-1.652
2.15267801285	-0.008	-0.456	2.044
2.15559101105	-0.008	-0.456	2.044
2.15850901604	-0.004	0.136	-1.504
2.16141891479	-0.004	0.136	-1.504
2.16433310509	0.176	-0.268	2.044
2.16724300385	0.176	-0.268	2.044
2.17015504837	-0.092	0.02	-0.604
2.17306494713	0.084	-0.332	1.864
2.1759750843	0.084	-0.332	1.864
2.17889094353	-0.132	-0.124	0.796
2.18180203438	-0.132	-0.124	0.796
2.18471193314	0.004	-0.156	0.36
2.18762302399	0.004	-0.156	0.36
2.19053888321	-0.072	-0.18	2.044
2.19344997406	-0.068	0.052	-0.928
2.19636106491	-0.068	0.052	-0.928
2.19927692413	0.144	-0.272	2.044
2.20218992233	0.144	-0.272	2.044
2.20510792732	0.024	0.164	-1.628
2.20802402496	0.024	0.164	-1.628
2.2109310627	-0.008	-0.36	2.044
2.21383404732	-0.028	0.172	-1.552
2.21673703194	-0.028	0.172	-1.552
2.21964693069	-0.044	-0.348	2.044
2.22256207466	-0.044	-0.348	2.044
2.22547388077	-0.072	0.06	-0.7
2.22839093208	-0.072	0.06	-0.7
2.23130106926	0.148	-0.256	1.976
2.23421311378	-0.112	-0.144	0.672
2.23712396622	-0.112	-0.144	0.672
2.24004101753	-0.008	-0.112	0.472
2.24295306206	-0.008	-0.112	0.472
2.24586296082	-0.084	-0.244	2.044
2.24877405167	-0.084	-0.244	2.044
2.25171804428	0.02	0.0	-0.844
2.25462508202	0.02	-0.356	2.044
2.2575480938	0.02	-0.356	2.044
2.26046490669	-0.004	0.144	-1.6
2.26337409019	-0.004	0.144	-1.6
2.26628708839	0.004	-0.204	2.044
2.26920294762	0.004	-0.204	2.044
2.27211308479	-0.052	0.196	-1.584
2.27502393723	0.072	-0.408	2.044
2.27793908119	0.072	-0.408	2.044
2.28084897995	-0.084	0.084	-0.792
2.2837600708	-0.084	0.084	-0.792
2.28668093681	0.02	-0.248	2.044
2.28960990906	0.02	-0.248	2.044
2.29252004623	-0.08	-0.104	0.568
2.29542899132	-0.012	-0.128	0.576
2.29834794998	-0.012	-0.128	0.576
2.30126094818	-0.096	-0.236	2.044
2.30417299271	-0.096	-0.236	2.044
2.30708289146	0.08	0.012	-0.764
2.30999398232	0.08	0.012	-0.764
2.3129029274	-0.056	-0.3	2.044
2.31581401825	-0.052	0.116	-1.572
2.31873011589	-0.052	0.116	-1.572
2.321641922	-0.08	-0.284	2.044
2.32455301285	-0.08	-0.284	2.044
2.3274641037	-0.028	0.176	-1.604
2.33037805557	-0.028	0.176	-1.604
2.333288908	0.136	-0.38	2.044
2.33619904518	-0.044	0.056	-0.852
2.33911204338	-0.044	0.056	-0.852
2.34202194214	0.072	-0.296	2.044
2.34493589401	0.072	-0.296	2.044
2.347853899	-0.076	-0.096	0.468
2.35076498985	-0.076	-0.096	0.468
2.35368895531	0.048	-0.196	0.668
2.35659909248	-0.12	-0.228	1.96
2.35951590538	-0.12	-0.228	1.96
2.36243009567	0.012	0.012	-0.692
2.36533904076	0.012	0.012	-0.692
2.36825895309	-0.06	-0.192	2.044
2.37117099762	-0.06	-0.192	2.044
2.37408208847	-0.052	0.144	-1.548
2.3769929409	0.152	-0.352	2.044
2.37991094589	0.152	-0.352	2.044
2.38281989098	-0.032	0.164	-1.64
2.3857460022	-0.032	0.164	-1.64
2.38866209984	0.052	-0.316	2.044
2.39157390594	0.052	-0.316	2.044
2.39448595047	-0.056	0.056	-0.932
2.39739704132	-0.052	-0.368	2.044
2.40031409264	-0.052	-0.368	2.044
2.40322589874	-0.08	-0.064	0.364
2.40613698959	-0.08	-0.064	0.364
2.40904903412	0.132	-0.24	0.812
2.41195106506	0.132	-0.24	0.812
2.41485190392	-0.124	-0.212	1.864
2.41780900955	-0.052	0.008	-0.608
2.42072510719	-0.052	0.008	-0.608
2.42364907265	-0.108	-0.288	2.044
2.42656207085	-0.108	-0.288	2.044
2.42948007584	-0.012	0.14	-1.508
2.43239498138	-0.012	0.14	-1.508
2.43530893326	0.044	-0.428	2.044
2.43822598457	-0.016	0.144	-1.656
2.4411380291	-0.016	0.144	-1.656
2.44404888153	0.212	-0.248	2.044
2.44695901871	0.212	-0.248	2.044
2.44989705086	-0.1	0.084	-1.012
2.45280694962	-0.1	0.084	-1.012
2.45571804047	0.012	-0.38	2.044
2.45864701271	-0.076	-0.072	0.252
2.46155905724	-0.076	-0.072	0.252
2.46446895599	0.048	-0.204	0.896
2.46737909317	0.048	-0.204	0.896
2.47029495239	-0.08	-0.188	1.752
2.47320795059	-0.08	-0.188	1.752
2.47611999512	-0.028	0.024	-0.516
2.47903609276	0.008	-0.264	2.044
2.48195099831	0.008	-0.264	2.044
2.48486089706	0.024	0.132	-1.468
2.48778104782	0.024	0.132	-1.468
2.49069309235	-0.028	-0.396	2.044
2.4936029911	-0.028	-0.396	2.044
2.49651408195	-0.024	0.184	-1.664
2.49943089485	0.0	-0.304	2.044
2.50233411789	0.0	-0.304	2.044
2.50523591042	-0.092	0.084	-1.084
2.50815296173	-0.092	0.084	-1.084
2.51106500626	0.176	-0.28	2.044
2.51397490501	0.176	-0.28	2.044
2.51688504219	-0.072	-0.076	0.14
2.51980090141	-0.012	-0.212	1.008
2.52271509171	-0.012	-0.212	1.008
2.52562999725	-0.096	-0.172	1.64
2.52854394913	-0.096	-0.172	1.64
2.53146505356	0.032	-0.028	-0.416
2.53437590599	0.032	-0.028	-0.416
2.53728699684	0.024	-0.328	2.044
2.54020500183	0.02	0.124	-1.412
2.54311490059	0.02	0.124	-1.412
2.54602408409	0.024	-0.18	2.044
2.54893994331	0.024	-0.18	2.044
2.55189394951	-0.024	0.224	-1.704
2.55480694771	-0.024	0.224	-1.704
2.55778002739	0.032	-0.424	2.044
2.56069397926	-0.08	0.108	-1.152
2.56360602379	-0.08	0.108	-1.152
2.56651711464	0.04	-0.256	2.044
2.56942796707	0.04	-0.256	2.044
2.57234191895	-0.052	-0.072	0.04
2.57525396347	-0.024	-0.228	1.128
2.57817292213	-0.024	-0.228	1.128
2.58108305931	-0.128	-0.176	1.52
2.58399391174	-0.128	-0.176	1.52
2.58690690994	0.068	-0.08	-0.308
2.58982396126	0.068	-0.08	-0.308
2.59273505211	-0.048	-0.336	2.044
2.59564590454	-0.068	0.088	-1.372
2.59856200218	-0.068	0.088	-1.372
2.60147309303	-0.168	-0.256	2.044
2.60438489914	-0.168	-0.256	2.044
2.60729598999	-0.004	0.204	-1.688
2.61020588875	-0.004	0.204	-1.688
2.61311888695	0.14	-0.444	2.044
2.61602497101	-0.032	0.1	-1.22
2.61893510818	-0.032	0.1	-1.22
2.62185001373	0.108	-0.272	2.044
2.62475991249	0.108	-0.272	2.044
2.62767100334	-0.076	-0.04	-0.068
2.63058900833	-0.076	-0.04	-0.068
2.63349890709	0.004	-0.276	1.244
2.63640999794	-0.136	-0.176	1.424
2.63932704926	-0.136	-0.176	1.424
2.64223909378	0.032	-0.084	-0.228
2.64514899254	0.032	-0.084	-0.228
2.64806008339	0.008	-0.192	2.044
2.65097093582	0.008	-0.192	2.044
2.653881073	-0.068	0.096	-1.312
2.65679192543	0.012	-0.312	2.044
2.65973591805	0.012	-0.312	2.044
2.66265010834	0.016	0.176	-1.684
2.66556096077	0.016	0.176	-1.684
2.66848111153	0.012	-0.376	2.044
2.67139101028	0.012	-0.376	2.044
2.67430305481	-0.036	0.112	-1.268
2.67721295357	0.012	-0.36	2.044
2.68013000488	0.012	-0.36	2.044
2.68304204941	-0.072	-0.008	-0.168
2.68595409393	-0.072	-0.008	-0.168
2.68886494637	0.16	-0.28	1.368
2.69177603722	0.16	-0.28	1.368
2.69469499588	-0.132	-0.16	1.3
2.69762706757	-0.052	-0.06	-0.12
2.70054602623	-0.052	-0.06	-0.12
2.70345711708	-0.088	-0.232	2.044
2.70637202263	-0.088	-0.232	2.044
2.70928907394	-0.02	0.08	-1.248
2.71219992638	-0.02	0.08	-1.248
2.71511101723	0.116	-0.384	2.044
2.71802711487	0.012	0.164	-1.692
2.72093701363	0.012	0.164	-1.692
2.72384810448	0.14	-0.24	2.044
2.72675800323	0.14	-0.24	2.044
2.72976493835	-0.072	0.14	-1.336
2.73268198967	-0.072	0.14	-1.336
2.73559403419	-0.008	-0.388	2.044
2.73851394653	-0.072	-0.004	-0.264
2.74142599106	-0.072	-0.004	-0.264
2.74433708191	0.044	-0.244	1.46
2.74724793434	0.044	-0.244	1.46
2.75016498566	-0.088	-0.164	1.212
2.75307798386	-0.088	-0.164	1.212
2.75598907471	0.016	-0.032	-0.016
2.7589058876	-0.116	-0.26	2.044
2.7618188858	-0.116	-0.26	2.044
2.76472997665	0.036	0.064	-1.18
2.76765298843	0.036	0.064	-1.18
2.77056598663	-0.012	-0.36	2.044
2.77347588539	-0.012	-0.36	2.044
2.77639603615	-0.032	0.164	-1.692
2.77930998802	-0.072	-0.272	2.044
2.78221988678	-0.072	-0.272	2.044
2.78513097763	-0.084	0.16	-1.4
2.78804802895	-0.084	0.16	-1.4
2.7909579277	0.168	-0.328	2.044
2.79388403893	0.168	-0.328	2.044
2.7967979908	-0.04	-0.02	-0.368
2.79973888397	0.0	-0.252	1.576
2.80263710022	0.0	-0.252	1.576
2.80553102493	-0.096	-0.14	1.084
2.80843400955	-0.096	-0.14	1.084
2.81134390831	0.036	-0.096	0.088
2.81424498558	0.036	-0.096	0.088
2.81714606285	-0.012	-0.3	2.044
2.8200609684	0.044	0.064	-1.112
2.82297492027	0.044	0.064	-1.112
2.82590103149	-0.064	-0.168	2.044
2.82881808281	-0.064	-0.168	2.044
2.83172893524	-0.036	0.192	-1.688
2.83464193344	-0.036	0.192	-1.688
2.83755207062	0.108	-0.404	2.044
2.84046888351	-0.068	0.12	-1.444
2.84338402748	-0.068	0.12	-1.444
2.84629511833	0.032	-0.296	2.044
2.84920692444	0.032	-0.296	2.044
2.85211801529	-0.012	-0.02	-0.46
2.85502910614	-0.012	-0.02	-0.46
2.85795903206	-0.02	-0.296	1.692
2.86087489128	-0.104	-0.124	0.956
2.86379694939	-0.104	-0.124	0.956
2.86670804024	0.1	-0.156	0.2
2.86962389946	0.1	-0.156	0.2
2.87253189087	-0.056	-0.284	2.044
2.87544488907	-0.056	-0.284	2.044
2.87836194038	-0.056	0.064	-1.04
2.88127207756	-0.224	-0.26	2.044
2.88418388367	-0.224	-0.26	2.044
2.88710594177	-0.024	0.188	-1.668
2.89004993439	-0.024	0.188	-1.668
2.89296102524	0.188	-0.44	2.044
2.895870924	0.188	-0.44	2.044
2.89878797531	-0.032	0.124	-1.48
2.90169811249	0.164	-0.268	2.044
2.90460801125	0.164	-0.268	2.044
2.90752005577	-0.08	0.004	-0.556
2.91043806076	-0.08	0.004	-0.556
2.91334700584	0.0	-0.344	1.784
2.91624903679	0.0	-0.344	1.784
2.91915297508	-0.124	-0.124	0.852
2.92206692696	0.044	-0.172	0.3
2.92497706413	0.044	-0.172	0.3
2.92788696289	-0.092	-0.184	2.044
2.93079996109	-0.092	-0.184	2.044
2.93371391296	-0.064	0.076	-0.976
2.93662500381	-0.064	0.076	-0.976
2.93955302238	0.06	-0.308	2.044
2.94246411324	0.024	0.168	-1.64
2.94537305832	0.024	0.168	-1.64
2.94828796387	-0.068	-0.424	2.044
2.95119810104	-0.068	-0.424	2.044
2.95411205292	-0.028	0.136	-1.528
2.95702290535	-0.028	0.136	-1.528
2.95993900299	0.068	-0.3	2.044
2.96284890175	-0.096	0.024	-0.648
2.96575903893	-0.096	0.024	-0.648
2.96866989136	0.152	-0.292	1.908
2.97158098221	0.152	-0.292	1.908
2.97449207306	-0.124	-0.132	0.732
2.97740507126	-0.124	-0.132	0.732
2.98032188416	-0.016	-0.132	0.404
2.98323202133	-0.06	-0.22	2.044
2.98614406586	-0.06	-0.22	2.044
2.98906207085	-0.024	0.024	-0.888
2.99197292328	-0.024	0.024	-0.888
2.99488401413	0.116	-0.288	2.044
2.997797966	0.116	-0.288	2.044
3.00070810318	0.016	0.152	-1.62
3.00361800194	0.064	-0.248	2.044
3.00652909279	0.064	-0.248	2.044
3.00943899155	-0.056	0.196	-1.568
3.01234292984	-0.056	0.196	-1.568
3.01524591446	-0.012	-0.396	2.044
3.01815390587	-0.012	-0.396	2.044
3.02107691765	-0.068	0.064	-0.736
3.02398991585	0.06	-0.236	2.004
3.02690005302	0.06	-0.236	2.004
3.02981495857	-0.084	-0.128	0.632
3.03272390366	-0.084	-0.128	0.632
3.03563404083	0.0	-0.108	0.516
3.03853988647	0.0	-0.108	0.516
3.04144001007	-0.108	-0.24	2.044
3.04434895515	0.056	0.0	-0.804
3.04724907875	0.056	0.0	-0.804
3.05015206337	-0.072	-0.376	2.044
3.05306100845	-0.072	-0.376	2.044
3.05601501465	-0.048	0.156	-1.6
3.05893111229	-0.048	0.156	-1.6
3.06184196472	-0.116	-0.224	2.044
3.06475400925	-0.04	0.192	-1.596
3.06766891479	-0.04	0.192	-1.596
3.07058596611	0.164	-0.408	2.044
3.07349705696	0.164	-0.408	2.044
3.07640695572	-0.032	0.08	-0.82
3.07932209969	0.036	-0.268	2.044
3.08223390579	0.036	-0.268	2.044
3.08514404297	-0.084	-0.104	0.508
3.0880548954	-0.084	-0.104	0.508
3.09096693993	0.004	-0.192	0.648
3.09387588501	0.004	-0.192	0.648
3.09678411484	-0.112	-0.224	2.008
3.09973192215	0.052	0.012	-0.724
3.10264992714	0.052	0.012	-0.724
3.10555911064	-0.028	-0.212	2.044
3.10847711563	-0.028	-0.212	2.044
3.11138796806	-0.036	0.14	-1.556
3.11430501938	-0.036	0.14	-1.556
3.11721611023	0.052	-0.348	2.044
3.12013292313	-0.02	0.16	-1.62
3.12304496765	-0.02	0.16	-1.62
3.12595510483	0.032	-0.344	2.044
3.12886595726	0.032	-0.344	2.044
3.13178706169	-0.036	0.052	-0.896
3.13469791412	-0.036	0.052	-0.896
3.1376080513	0.032	-0.352	2.044
3.14052605629	-0.092	-0.076	0.404
3.14343500137	-0.092	-0.076	0.404
3.14634799957	0.128	-0.24	0.736
3.14926409721	0.128	-0.24	0.736
3.15217399597	-0.12	-0.216	1.904
3.1550860405	-0.12	-0.216	1.904
3.15800595284	-0.044	0.008	-0.656
3.16091799736	-0.088	-0.252	2.044
3.16382908821	-0.088	-0.252	2.044
3.16673898697	-0.024	0.144	-1.528
3.16970491409	-0.024	0.144	-1.528
3.17261695862	0.152	-0.384	2.044
3.17552804947	0.152	-0.384	2.044
3.17844700813	-0.02	0.148	-1.64
3.18135905266	0.144	-0.28	2.044
3.18428611755	0.144	-0.28	2.044
3.18719696999	-0.084	0.06	-0.984
3.19011497498	-0.084	0.06	-0.984
3.19302606583	-0.06	-0.38	2.044
3.19593811035	-0.06	-0.38	2.044
3.19885396957	-0.076	-0.06	0.3
3.20176410675	0.116	-0.232	0.852
3.20467805862	0.116	-0.232	0.852
3.20758700371	-0.096	-0.2	1.8
3.21050190926	-0.096	-0.2	1.8
3.2134039402	-0.032	0.036	-0.564
3.21630692482	-0.032	0.036	-0.564
3.21921491623	-0.04	-0.288	2.044
3.22212910652	0.008	0.136	-1.484
3.22503805161	0.008	0.136	-1.484
3.22795510292	-0.056	-0.452	2.044
3.23086595535	-0.056	-0.452	2.044
3.23378992081	0.0	0.16	-1.656
3.23669195175	0.0	0.16	-1.656
3.23959994316	0.12	-0.256	2.044
3.24251198769	-0.1	0.08	-1.048
3.24542307854	-0.1	0.08	-1.048
3.24833798409	0.132	-0.336	2.044
3.25124907494	0.132	-0.336	2.044
3.25415802002	-0.08	-0.076	0.22
3.25706911087	-0.08	-0.076	0.22
3.25998592377	0.0	-0.212	0.96
3.26288795471	-0.096	-0.188	1.696
3.26582288742	-0.096	-0.188	1.696
3.26878094673	0.004	-0.004	-0.464
3.27169299126	0.004	-0.004	-0.464
3.27462410927	0.048	-0.244	2.044
3.27753210068	0.048	-0.244	2.044
3.2804479599	0.02	0.128	-1.436
3.28335809708	0.072	-0.272	2.044
3.28627109528	0.072	-0.272	2.044
3.28918099403	-0.048	0.212	-1.676
3.29209399223	-0.048	0.212	-1.676
3.29500794411	-0.036	-0.384	2.044
3.2979259491	-0.036	-0.384	2.044
3.30083703995	-0.072	0.1	-1.112
3.30375289917	0.104	-0.252	2.044
3.30666399002	0.104	-0.252	2.044
3.30957508087	-0.04	-0.076	0.096
3.31248497963	-0.04	-0.076	0.096
3.31539607048	-0.016	-0.224	1.072
3.3183119297	-0.016	-0.224	1.072
3.32122302055	-0.124	-0.176	1.576
3.3241341114	0.052	-0.06	-0.376
3.32704401016	0.052	-0.06	-0.376
3.32995700836	-0.044	-0.376	2.044
3.33286690712	-0.044	-0.376	2.044
3.3357770443	-0.032	0.104	-1.384
3.33869409561	-0.032	0.104	-1.384
3.34160590172	-0.124	-0.184	2.044
3.34451699257	-0.008	0.204	-1.692
3.34743690491	-0.008	0.204	-1.692
3.3503549099	0.168	-0.452	2.044
3.35326600075	0.168	-0.452	2.044
3.35617589951	-0.068	0.104	-1.184
3.3590939045	-0.068	0.104	-1.184
3.36200594902	0.04	-0.26	2.044
3.3649148941	-0.064	-0.06	-0.016
3.36783194542	-0.064	-0.06	-0.016
3.37075710297	-0.032	-0.26	1.188
3.37366700172	-0.032	-0.26	1.188
3.37657904625	-0.12	-0.168	1.468
3.37949705124	-0.12	-0.168	1.468
3.38240909576	0.064	-0.08	-0.26
3.38532209396	0.0	-0.236	2.044
3.38823199272	0.0	-0.236	2.044
3.39113402367	-0.072	0.1	-1.336
3.39404606819	-0.072	0.1	-1.336
3.39695596695	-0.072	-0.288	2.044
3.39988493919	-0.072	-0.288	2.044
3.40279793739	0.012	0.192	-1.688
3.40570807457	0.036	-0.416	2.044
3.408618927	0.036	-0.416	2.044
3.41152191162	-0.024	0.112	-1.256
3.41442489624	-0.024	0.112	-1.256
3.41732907295	0.096	-0.316	2.044
3.4202439785	0.096	-0.316	2.044
3.42316007614	-0.088	-0.024	-0.124
3.42607307434	0.116	-0.292	1.312
3.42900490761	0.116	-0.292	1.312
3.43191790581	-0.164	-0.176	1.38
3.43482995033	-0.164	-0.176	1.38
3.43774700165	-0.048	-0.072	-0.172
3.44065904617	-0.048	-0.072	-0.172
3.44356989861	-0.06	-0.2	2.044
3.44648003578	-0.052	0.088	-1.268
3.44939208031	-0.052	0.088	-1.268
3.45230388641	0.152	-0.352	2.044
3.45521306992	0.152	-0.352	2.044
3.45813107491	0.0	0.164	-1.712
3.46103310585	0.0	0.164	-1.712
3.46393489838	0.108	-0.284	2.044
3.4668469429	-0.068	0.156	-1.32
3.46976590157	-0.068	0.156	-1.32
3.47267603874	-0.064	-0.388	2.044
3.47559189796	-0.064	-0.388	2.044
3.47850990295	-0.064	-0.004	-0.228
3.48142194748	-0.064	-0.004	-0.228
3.48433303833	0.104	-0.244	1.42
3.48724198341	-0.12	-0.168	1.236
3.49015593529	-0.12	-0.168	1.236
3.49306797981	-0.012	-0.044	-0.068
3.49599099159	-0.012	-0.044	-0.068
3.49890804291	-0.136	-0.256	2.044
3.50181889534	-0.136	-0.256	2.044
3.50472998619	-0.008	0.08	-1.208
3.50763988495	0.012	-0.42	2.044
3.51056003571	0.012	-0.42	2.044
3.51346993446	-0.004	0.164	-1.692
3.51638197899	-0.004	0.164	-1.692
3.51929688454	0.024	-0.232	2.044
3.5222120285	0.024	-0.232	2.044
3.52512097359	-0.064	0.14	-1.372
3.52803301811	0.144	-0.372	2.044
3.53094410896	0.144	-0.372	2.044
3.53385400772	-0.056	0.008	-0.328
3.5367629528	-0.056	0.008	-0.328
3.53970909119	-0.012	-0.232	1.516
3.54261994362	-0.012	-0.232	1.516
3.54553198814	-0.088	-0.156	1.128
3.54844999313	0.02	-0.064	0.044
3.55135798454	0.02	-0.064	0.044
3.5542678833	-0.04	-0.272	2.044
3.55717802048	-0.04	-0.272	2.044
3.560090065	0.056	0.092	-1.136
3.56299901009	0.056	0.092	-1.136
3.56591200829	0.004	-0.248	2.044
3.56882190704	-0.032	0.184	-1.692
3.57173395157	-0.032	0.184	-1.692
3.57464504242	-0.068	-0.344	2.044
3.57755589485	-0.068	-0.344	2.044
3.58047509193	-0.064	0.152	-1.42
3.58338594437	-0.064	0.152	-1.42
3.58629798889	0.116	-0.316	2.044
3.58921289444	-0.028	-0.016	-0.416
3.59213590622	-0.028	-0.016	-0.416
3.59504795074	0.032	-0.296	1.636
3.59796500206	0.032	-0.296	1.636
3.60087490082	-0.104	-0.14	1.032
3.60378599167	-0.104	-0.14	1.032
3.60669589043	0.076	-0.156	0.14
3.60961103439	-0.016	-0.316	2.044
3.61251497269	-0.016	-0.316	2.044
3.61541700363	-0.016	0.064	-1.076
3.61832594872	-0.016	0.064	-1.076
3.62123990059	-0.192	-0.196	2.044
3.62415194511	-0.192	-0.196	2.044
3.62706494331	-0.016	0.196	-1.68
3.62998199463	0.196	-0.404	2.044
3.63289189339	0.196	-0.404	2.044
3.63580107689	-0.06	0.124	-1.452
3.63871788979	-0.06	0.124	-1.452
3.64162898064	0.056	-0.284	2.044
3.64454007149	-0.048	-0.012	-0.508
3.64745092392	-0.048	-0.012	-0.508
3.65036511421	-0.048	-0.316	1.748
3.65327501297	-0.048	-0.316	1.748
3.65618991852	-0.1	-0.12	0.912
3.65910792351	-0.1	-0.12	0.912
3.66201901436	0.104	-0.164	0.24
3.66492795944	-0.084	-0.232	2.044
3.66784310341	-0.084	-0.232	2.044
3.67075300217	-0.088	0.068	-1.024
3.6736741066	-0.088	0.068	-1.024
3.6765859127	-0.116	-0.324	2.044
3.67950296402	-0.116	-0.324	2.044
3.68241596222	0.0	0.184	-1.656
3.68531799316	0.052	-0.456	2.044
3.68823003769	0.052	-0.456	2.044
3.69113993645	-0.024	0.132	-1.508
3.6940510273	-0.024	0.132	-1.508
3.69700193405	0.188	-0.268	2.044
3.69992494583	0.188	-0.268	2.044
3.70283508301	-0.08	0.024	-0.6
3.70576500893	0.056	-0.332	1.836
3.70868206024	0.056	-0.332	1.836
3.711591959	-0.124	-0.136	0.812
3.71450400352	-0.124	-0.136	0.812
3.71741390228	0.012	-0.152	0.336
3.7203309536	0.012	-0.152	0.336
3.72324109077	-0.096	-0.184	2.044
3.72615194321	-0.06	0.068	-0.944
3.72906303406	-0.06	0.068	-0.944
3.73197388649	0.124	-0.276	2.044
3.73488402367	0.124	-0.276	2.044
3.73780608177	0.024	0.156	-1.632
3.74072098732	0.024	0.156	-1.632
3.74363088608	-0.028	-0.388	2.044
3.74654507637	-0.036	0.168	-1.548
3.74946188927	-0.036	0.168	-1.548
3.75237298012	-0.008	-0.328	2.044
3.7552959919	-0.008	-0.328	2.044
3.75821208954	-0.08	0.02	-0.668
3.76112389565	-0.08	0.02	-0.668
3.7640349865	0.172	-0.268	1.948
3.76694393158	-0.108	-0.14	0.704
3.76987195015	-0.108	-0.14	0.704
3.772783041	-0.012	-0.128	0.44
3.77569198608	-0.012	-0.128	0.44
3.77860498428	-0.08	-0.236	2.044
3.78151488304	-0.08	-0.236	2.044
3.78442597389	-0.004	0.02	-0.864
3.78733706474	0.076	-0.324	2.044
3.79025101662	0.076	-0.324	2.044
3.79316091537	0.0	0.152	-1.596
3.79606294632	0.0	0.152	-1.596
3.79896998405	0.04	-0.212	2.044
3.80188703537	0.04	-0.212	2.044
3.80478906631	-0.056	0.2	-1.572
3.80769395828	0.024	-0.416	2.044
3.81059908867	0.024	-0.416	2.044
3.81350302696	-0.072	0.076	-0.76
3.81640601158	-0.072	0.076	-0.76
3.81931495667	0.024	-0.232	2.024
3.82222795486	0.024	-0.232	2.024
3.82513809204	-0.092	-0.116	0.596
3.82805609703	-0.008	-0.132	0.536
3.83096599579	-0.008	-0.132	0.536
3.83388996124	-0.108	-0.232	2.044
3.83682203293	-0.108	-0.232	2.044
3.83974003792	0.068	0.004	-0.788
3.84264993668	0.068	0.004	-0.788
3.84555888176	-0.076	-0.348	2.044
3.84847092628	-0.048	0.132	-1.588
3.85138297081	-0.048	0.132	-1.588
3.85429501534	-0.1	-0.244	2.044
3.85720491409	-0.1	-0.244	2.044
3.86012291908	-0.028	0.184	-1.6
3.86303400993	-0.028	0.184	-1.6
3.86594605446	0.152	-0.388	2.044
3.86886310577	-0.052	0.068	-0.836
3.87178611755	-0.052	0.068	-0.836
3.87469696999	0.048	-0.272	2.044
3.87760591507	0.048	-0.272	2.044
3.88052511215	-0.084	-0.1	0.5
3.88343405724	-0.084	-0.1	0.5
3.88633990288	-0.008	-0.176	0.636
3.8892519474	-0.12	-0.228	1.996
3.89216399193	-0.12	-0.228	1.996
3.89507508278	0.036	0.02	-0.712
3.89800596237	0.036	0.02	-0.712
3.90091490746	-0.024	-0.208	2.044
3.90382599831	-0.024	-0.208	2.044
3.90673804283	-0.044	0.136	-1.536
3.90965390205	0.092	-0.348	2.044
3.91256308556	0.092	-0.348	2.044
3.91547298431	-0.028	0.164	-1.62
3.91839909554	-0.028	0.164	-1.62
3.92130899429	0.028	-0.36	2.044
3.92421889305	0.028	-0.36	2.044
3.9271299839	-0.04	0.064	-0.904
3.93005609512	0.0	-0.356	2.044
3.93295907974	0.0	-0.356	2.044
3.93585991859	-0.088	-0.072	0.404
3.93877792358	-0.088	-0.072	0.404
3.94168710709	0.152	-0.24	0.768
3.94459700584	0.152	-0.24	0.768
3.94750809669	-0.12	-0.212	1.9
3.95042610168	-0.044	0.004	-0.64
3.95333600044	-0.044	0.004	-0.64
3.9562458992	-0.12	-0.232	2.044
3.95916390419	-0.12	-0.232	2.044
3.96207594872	-0.024	0.164	-1.516
3.96498703957	-0.024	0.164	-1.516
3.967897892	0.14	-0.392	2.044
3.97082495689	-0.028	0.132	-1.648
3.97373700142	-0.028	0.132	-1.648
3.97664690018	0.16	-0.26	2.044
3.97956395149	0.16	-0.26	2.044
3.98247289658	-0.084	0.06	-0.98
3.98538303375	-0.084	0.06	-0.98
3.98829889297	-0.052	-0.392	2.044
3.99120998383	-0.072	-0.06	0.296
3.99412298203	-0.072	-0.06	0.296
3.99703407288	0.1	-0.216	0.856
3.999958992	0.1	-0.216	0.856
4.00286889076	-0.076	-0.208	1.804
4.00577998161	-0.076	-0.208	1.804
4.00869202614	-0.044	0.02	-0.552
4.01159596443	-0.04	-0.296	2.044
4.01449894905	-0.04	-0.296	2.044
4.01740598679	0.004	0.136	-1.476
4.02032089233	0.004	0.136	-1.476
4.02323389053	-0.064	-0.444	2.044
4.02614808083	-0.064	-0.444	2.044
4.02906489372	-0.012	0.164	-1.652
4.0319750309	0.14	-0.248	2.044
4.03488588333	0.14	-0.248	2.044
4.03780198097	-0.1	0.08	-1.056
4.04071211815	-0.1	0.08	-1.056
4.04362607002	0.128	-0.328	2.044
4.04653596878	0.128	-0.328	2.044
4.04944610596	-0.092	-0.068	0.2
4.05235791206	0.004	-0.212	0.948
4.05526709557	0.004	-0.212	0.948
4.05817890167	-0.084	-0.184	1.708
4.06109309196	-0.084	-0.184	1.708
4.06400489807	-0.004	0.0	-0.456
4.06690907478	-0.004	0.0	-0.456
4.06981801987	0.044	-0.256	2.044
4.07272791862	0.036	0.124	-1.44
4.07563900948	0.036	0.124	-1.44
4.07855701447	0.056	-0.264	2.044
4.0814909935	0.056	-0.264	2.044
4.08440089226	-0.036	0.192	-1.676
4.08731198311	-0.036	0.192	-1.676
4.09022498131	-0.044	-0.376	2.044
4.09313702583	-0.08	0.104	-1.112
4.09604811668	-0.08	0.104	-1.112
4.09896111488	0.112	-0.24	2.044
4.10187005997	0.112	-0.24	2.044
4.10477995872	-0.048	-0.076	0.1
4.10769510269	-0.048	-0.076	0.1
4.11060810089	-0.016	-0.204	1.048
4.11351895332	-0.12	-0.176	1.608
4.11643004417	-0.12	-0.176	1.608
4.11934709549	0.048	-0.064	-0.384
4.1222589016	0.048	-0.064	-0.384
4.12516999245	-0.024	-0.364	2.044
4.1280810833	-0.024	-0.364	2.044
4.1309928894	-0.02	0.096	-1.392
4.13390398026	-0.072	-0.188	2.044
4.13681507111	-0.072	-0.188	2.044
4.13975906372	-0.008	0.212	-1.696
4.14266991615	-0.008	0.212	-1.696
4.145581007	0.152	-0.452	2.044
4.14849710464	0.152	-0.452	2.044
4.15141105652	-0.068	0.1	-1.18
4.15432500839	0.048	-0.26	2.044
4.15723490715	0.048	-0.26	2.044
4.16015005112	-0.06	-0.064	0.0
4.16306400299	-0.06	-0.064	0.0
4.16596794128	-0.044	-0.24	1.176
4.16888093948	-0.044	-0.24	1.176
4.17179298401	-0.144	-0.16	1.508
4.17470407486	0.084	-0.08	-0.28
4.17766189575	0.084	-0.08	-0.28
4.18058204651	-0.028	-0.288	2.044
4.18349289894	-0.028	-0.288	2.044
4.18640899658	-0.072	0.092	-1.336
4.18932795525	-0.072	0.092	-1.336
4.1922390461	-0.136	-0.272	2.044
4.19515109062	0.016	0.192	-1.7
4.19806599617	0.016	0.192	-1.7
4.20097589493	0.092	-0.444	2.044
4.20388698578	0.092	-0.444	2.044
4.20679688454	-0.024	0.1	-1.252
4.20979309082	0.112	-0.316	2.044
4.21269893646	0.112	-0.316	2.044
4.21560096741	-0.076	-0.036	-0.104
4.21851611137	-0.076	-0.036	-0.104
4.22143101692	0.076	-0.284	1.276
4.22434306145	0.076	-0.284	1.276
4.22725391388	-0.128	-0.188	1.384
4.23017191887	-0.02	-0.076	-0.192
4.23308491707	-0.02	-0.076	-0.192
4.23599791527	-0.024	-0.188	2.044
4.23891496658	-0.024	-0.188	2.044
4.24184203148	-0.064	0.112	-1.304
4.24476408958	-0.064	0.112	-1.304
4.24767494202	0.116	-0.328	2.044
4.25058889389	0.008	0.172	-1.692
4.25349903107	0.008	0.172	-1.692
4.25640892982	0.052	-0.324	2.044
4.25932598114	0.052	-0.324	2.044
4.26223611832	-0.06	0.12	-1.296
4.26514792442	-0.06	0.12	-1.296
4.26806592941	-0.048	-0.364	2.044
4.27097797394	-0.072	-0.004	-0.204
4.27389192581	-0.072	-0.004	-0.204
4.27680301666	0.152	-0.276	1.404
4.27974700928	0.152	-0.276	1.404
4.28266000748	-0.136	-0.172	1.268
4.28557109833	-0.136	-0.172	1.268
4.28848695755	-0.028	-0.06	-0.112
4.29139995575	-0.124	-0.268	2.044
4.29431009293	-0.124	-0.268	2.044
4.29721903801	-0.02	0.088	-1.24
4.30013799667	-0.02	0.088	-1.24
4.30304908752	0.052	-0.416	2.044
4.30597090721	0.052	-0.416	2.044
4.30888104439	0.0	0.156	-1.7
4.31178188324	0.092	-0.216	2.044
4.31469297409	0.092	-0.216	2.044
4.31760311127	-0.076	0.14	-1.356
4.32051992416	-0.076	0.14	-1.356
4.32343101501	0.064	-0.376	2.044
4.32634997368	0.064	-0.376	2.044
4.3292620182	-0.068	0.0	-0.288
4.33217096329	-0.008	-0.236	1.512
4.33508300781	-0.008	-0.236	1.512
4.33799505234	-0.1	-0.16	1.172
4.34090805054	-0.1	-0.16	1.172
4.3438179493	0.012	-0.056	0.012
4.34674692154	0.012	-0.056	0.012
4.34965705872	-0.092	-0.248	2.044
4.35257005692	0.044	0.08	-1.156
4.35547995567	0.044	0.08	-1.156
4.35839390755	-0.004	-0.32	2.044
4.3613049984	-0.004	-0.32	2.044
4.36421704292	-0.016	0.176	-1.684
4.36712694168	-0.016	0.176	-1.684
4.37004089355	-0.08	-0.284	2.044
4.37295103073	-0.068	0.14	-1.412
4.37588095665	-0.068	0.14	-1.412
4.37880396843	0.144	-0.332	2.044
4.38171505928	0.144	-0.332	2.044
4.38462400436	-0.032	-0.008	-0.396
4.38753604889	-0.032	-0.008	-0.396
4.3904531002	0.008	-0.26	1.6
4.39336204529	-0.1	-0.14	1.048
4.39627408981	-0.1	-0.14	1.048
4.39918994904	0.048	-0.112	0.108
4.40210103989	0.048	-0.112	0.108
4.40501093864	0.0	-0.324	2.044
4.40792298317	0.0	-0.324	2.044
4.41081905365	0.016	0.076	-1.1
4.41372108459	-0.12	-0.168	2.044
4.41662406921	-0.12	-0.168	2.044
4.4195330143	-0.036	0.176	-1.68
4.42245101929	-0.036	0.176	-1.68
4.42536592484	0.132	-0.404	2.044
4.42828392982	0.132	-0.404	2.044
4.431194067	-0.064	0.136	-1.456
4.43410491943	0.02	-0.292	2.044
4.43701505661	0.02	-0.292	2.044
4.43993210793	-0.036	0.008	-0.508
4.44284391403	-0.036	0.008	-0.508
4.44575405121	-0.028	-0.324	1.72
4.44866609573	-0.028	-0.324	1.72
4.45157790184	-0.112	-0.136	0.948
4.45448803902	0.124	-0.172	0.216
4.4573969841	0.124	-0.172	0.216
4.46031308174	-0.056	-0.248	2.044
4.4632229805	-0.056	-0.248	2.044
4.46613502502	-0.076	0.072	-1.032
4.46905493736	-0.076	0.072	-1.032
4.47196602821	-0.188	-0.292	2.044
4.47488999367	-0.008	0.188	-1.648
4.47780704498	-0.008	0.188	-1.648
4.48071789742	0.116	-0.44	2.044
4.48362898827	0.116	-0.44	2.044
4.48653793335	-0.052	0.12	-1.496
4.48945999146	-0.052	0.12	-1.496
4.49237203598	0.176	-0.268	2.044
4.49528193474	-0.084	-0.008	-0.572
4.4982008934	-0.084	-0.008	-0.572
4.50111198425	0.02	-0.348	1.816
4.50402188301	0.02	-0.348	1.816
4.50693392754	-0.12	-0.116	0.832
4.50985097885	-0.12	-0.116	0.832
4.5127658844	0.02	-0.152	0.32
4.51567602158	-0.084	-0.188	2.044
4.51859498024	-0.084	-0.188	2.044
4.52150607109	-0.076	0.06	-0.952
4.52441811562	-0.076	0.06	-0.952
4.52732801437	0.124	-0.296	2.044
4.53024196625	0.124	-0.296	2.044
4.53315210342	0.012	0.176	-1.652
4.53606295586	-0.048	-0.404	2.044
4.53898191452	-0.048	-0.404	2.044
4.54189300537	-0.028	0.168	-1.54
4.54480290413	-0.028	0.168	-1.54
4.54775190353	0.0	-0.312	2.044
4.55068802834	0.0	-0.312	2.044
4.55359196663	-0.08	0.036	-0.68
4.55650401115	0.16	-0.28	1.932
4.55941796303	0.16	-0.28	1.932
4.56232905388	-0.12	-0.144	0.712
4.56523990631	-0.12	-0.144	0.712
4.56815290451	0.0	-0.152	0.436
4.57106494904	0.0	-0.152	0.436
4.57396793365	-0.084	-0.22	2.044
4.57687902451	-0.016	0.02	-0.876
4.57979488373	-0.016	0.02	-0.876
4.58270692825	0.1	-0.304	2.044
4.58561706543	0.1	-0.304	2.044
4.58853411674	0.008	0.136	-1.62
4.5914440155	0.008	0.136	-1.62
4.59435510635	0.048	-0.232	2.044
4.59726405144	-0.056	0.196	-1.576
4.60018205643	-0.056	0.196	-1.576
4.60309791565	0.02	-0.392	2.044
4.60600805283	0.02	-0.392	2.044
4.60891890526	-0.076	0.076	-0.748
4.61182308197	-0.076	0.076	-0.748
4.61472606659	0.028	-0.224	2.024
4.61762905121	-0.08	-0.12	0.604
4.62054395676	-0.08	-0.12	0.604
4.62345600128	-0.024	-0.112	0.54
4.62636709213	-0.024	-0.112	0.54
4.62928390503	-0.104	-0.24	2.044
4.63219594955	-0.104	-0.24	2.044
4.63510799408	0.064	0.0	-0.788
4.63801503181	-0.08	-0.372	2.044
4.64092707634	-0.08	-0.372	2.044
4.64383792877	-0.036	0.14	-1.572
4.64674901962	-0.036	0.14	-1.572
4.64966392517	-0.104	-0.24	2.044
4.65258693695	-0.104	-0.24	2.044
4.6554980278	-0.028	0.192	-1.608
4.65841698647	0.168	-0.4	2.044
4.66132903099	0.168	-0.4	2.044
4.66423892975	-0.06	0.064	-0.832
4.66715192795	-0.06	0.064	-0.832
4.67006897926	0.056	-0.272	2.044
4.67297792435	0.056	-0.272	2.044
4.67588806152	-0.092	-0.092	0.516
4.67880511284	0.012	-0.192	0.648
4.6817150116	0.012	-0.192	0.648
4.68462491035	-0.104	-0.22	2.0
4.68753409386	-0.104	-0.22	2.0
4.6904489994	0.032	0.016	-0.712
4.6933619976	0.032	0.016	-0.712
4.69627094269	-0.044	-0.208	2.044
4.69918894768	-0.056	0.136	-1.556
4.70210003853	-0.056	0.136	-1.556
4.70501208305	0.084	-0.344	2.044
4.70792889595	0.084	-0.344	2.044
4.71083903313	0.0	0.164	-1.624
4.71374201775	0.0	0.164	-1.624
4.71664500237	0.012	-0.344	2.044
4.7196199894	-0.04	0.056	-0.912
4.72253489494	-0.04	0.056	-0.912
4.72544693947	0.02	-0.352	2.044
4.72835803032	0.02	-0.352	2.044
4.73126888275	-0.084	-0.068	0.38
4.73418903351	-0.084	-0.068	0.38
4.73709893227	0.108	-0.244	0.756
4.74001908302	-0.124	-0.208	1.892
4.74292993546	-0.124	-0.208	1.892
4.74586200714	-0.048	0.012	-0.644
4.74878001213	-0.048	0.012	-0.644
4.75169110298	-0.096	-0.264	2.044
4.75460505486	-0.096	-0.264	2.044
4.75751590729	-0.02	0.148	-1.52
4.76043391228	0.112	-0.396	2.044
4.76334404945	0.112	-0.396	2.044
4.76625394821	-0.02	0.156	-1.636
4.76916599274	-0.02	0.156	-1.636
4.77207803726	0.2	-0.256	2.044
4.77498793602	0.2	-0.256	2.044
4.77791905403	-0.084	0.068	-0.988
4.78083205223	-0.044	-0.384	2.044
4.78374695778	-0.044	-0.384	2.044
4.78665995598	-0.08	-0.064	0.292
4.78957605362	-0.08	-0.064	0.292
4.79248595238	0.088	-0.208	0.848
4.79539704323	-0.092	-0.196	1.788
4.79831504822	-0.092	-0.196	1.788
4.80121803284	-0.04	0.004	-0.548
4.80412101746	-0.04	0.004	-0.548
4.80702400208	-0.032	-0.28	2.044
4.80993103981	-0.032	-0.28	2.044
4.81283593178	0.02	0.144	-1.476
4.81574892998	-0.056	-0.432	2.044
4.81865906715	-0.056	-0.432	2.044
4.82157301903	-0.008	0.168	-1.672
4.82448506355	-0.008	0.168	-1.672
4.82739710808	0.072	-0.264	2.044
4.83031702042	0.072	-0.264	2.044
4.8332259655	-0.092	0.088	-1.068
4.8361389637	0.172	-0.328	2.044
4.83905506134	0.172	-0.328	2.044
4.84197902679	-0.08	-0.072	0.176
4.84489107132	-0.08	-0.072	0.176
4.84780788422	-0.012	-0.2	0.98
4.85072088242	-0.012	-0.2	0.98
4.85363101959	-0.1	-0.184	1.684
4.85654211044	0.008	-0.012	-0.444
4.85946011543	0.008	-0.012	-0.444
4.86237001419	0.048	-0.272	2.044
4.86528110504	0.048	-0.272	2.044
4.86819696426	0.036	0.12	-1.432
4.87110710144	0.036	0.12	-1.432
4.87403488159	0.052	-0.212	2.044
4.87694597244	-0.028	0.208	-1.684
4.87986302376	-0.028	0.208	-1.684
4.88277602196	-0.02	-0.4	2.044
4.88568592072	-0.02	-0.4	2.044
4.88859891891	-0.072	0.1	-1.12
4.89151096344	-0.072	0.1	-1.12
4.89442205429	0.084	-0.248	2.044
4.89734101295	-0.044	-0.076	0.068
4.90025997162	-0.044	-0.076	0.068
4.90317106247	-0.024	-0.216	1.096
4.90608406067	-0.024	-0.216	1.096
4.90900206566	-0.12	-0.2	1.568
4.91192698479	-0.12	-0.2	1.568
4.91483902931	0.072	-0.08	-0.344
4.9177570343	-0.052	-0.364	2.044
4.92067193985	-0.052	-0.364	2.044
4.92358398438	-0.052	0.104	-1.384
4.92649507523	-0.052	0.104	-1.384
4.92940688133	-0.164	-0.216	2.044
4.93231892586	-0.164	-0.216	2.044
4.93523001671	0.0	0.2	-1.684
4.93815398216	0.168	-0.448	2.044
4.94106388092	0.168	-0.448	2.044
4.9439740181	-0.06	0.112	-1.216
4.94688606262	-0.06	0.112	-1.216
4.94980406761	0.076	-0.276	2.044
4.95271492004	0.076	-0.276	2.044
4.95562601089	-0.056	-0.044	-0.04
4.95853805542	-0.02	-0.26	1.212
4.96144890785	-0.02	-0.26	1.212
4.96436309814	-0.12	-0.172	1.448
4.96727490425	-0.12	-0.172	1.448
4.97019791603	0.064	-0.08	-0.252
4.97310996056	0.064	-0.08	-0.252
4.97602009773	0.008	-0.212	2.044
4.97895908356	-0.088	0.084	-1.32
4.98186993599	-0.088	0.084	-1.32
4.98478102684	-0.024	-0.308	2.044
4.98769307137	-0.024	-0.308	2.044
4.99060606956	0.0	0.184	-1.692
4.99351000786	0.0	0.184	-1.692
4.99641299248	0.012	-0.412	2.044
4.99932789803	-0.032	0.1	-1.26
