Timestamp 	 X-Axis 	 Y-Axis 	 Z-Axis
0.000310897827148	-0.04	0.1	-0.592
0.00237679481506	-0.04	0.1	-0.592
0.00425696372986	-0.04	0.1	-0.592
0.0061309337616	0.116	-0.176	2.044
0.00800395011902	0.116	-0.176	2.044
0.00989985466003	0.116	-0.176	2.044
0.0117788314819	0.028	-0.364	2.044
0.0136499404907	0.028	-0.364	2.044
0.0155217647552	-0.116	-0.072	-0.38
0.0174088478088	-0.116	-0.072	-0.38
0.0192837715149	-0.116	-0.072	-0.38
0.0211579799652	-0.064	0.1	-0.904
0.0230298042297	-0.064	0.1	-0.904
0.0249028205872	-0.064	0.1	-0.904
0.0267939567566	0.1	-0.14	2.044
0.0287358760834	0.1	-0.14	2.044
0.0306129455566	0.048	-0.352	2.044
0.0324938297272	0.048	-0.352	2.044
0.0343668460846	0.048	-0.352	2.044
0.0362370014191	-0.112	-0.144	0.04
0.0381088256836	-0.112	-0.144	0.04
0.0399849414825	-0.112	-0.144	0.04
0.0418629646301	-0.096	0.1	-1.132
0.0437359809875	-0.096	0.1	-1.132
0.0456078052521	-0.096	0.1	-1.132
0.0474798679352	0.08	-0.08	1.636
0.0493619441986	0.08	-0.08	1.636
0.051234960556	0.084	-0.336	2.044
0.0531208515167	0.084	-0.336	2.044
0.0549969673157	0.084	-0.336	2.044
0.0568869113922	-0.1	-0.192	0.544
0.0587589740753	-0.1	-0.192	0.544
0.0606329441071	-0.1	-0.192	0.544
0.0625038146973	-0.116	0.084	-1.248
0.064377784729	-0.116	0.084	-1.248
0.0662519931793	0.064	-0.016	1.16
0.068128824234	0.064	-0.016	1.16
0.0700118541718	0.064	-0.016	1.16
0.0718967914581	0.096	-0.312	2.044
0.0737779140472	0.096	-0.312	2.044
0.0756578445435	0.096	-0.312	2.044
0.0775377750397	-0.084	-0.248	1.036
0.0794219970703	-0.084	-0.248	1.036
0.0813038349152	-0.084	-0.248	1.036
0.0831849575043	-0.136	0.064	-1.276
0.0850818157196	-0.136	0.064	-1.276
0.086963891983	0.048	0.02	0.652
0.0888569355011	0.048	0.02	0.652
0.0907349586487	0.048	0.02	0.652
0.0926108360291	0.112	-0.304	2.044
0.0944907665253	0.112	-0.304	2.044
0.0963718891144	0.112	-0.304	2.044
0.0982508659363	-0.044	-0.3	1.536
0.1001329422	-0.044	-0.3	1.536
0.102012872696	-0.136	0.032	-1.184
0.103893995285	-0.136	0.032	-1.184
0.105783939362	-0.136	0.032	-1.184
0.107664823532	0.024	0.064	0.188
0.109546899796	0.024	0.064	0.188
0.111437797546	0.024	0.064	0.188
0.1133248806	0.112	-0.256	2.044
0.115205764771	0.112	-0.256	2.044
0.117083787918	-0.02	-0.324	2.004
0.118974924088	-0.02	-0.324	2.004
0.120857954025	-0.02	-0.324	2.004
0.122738838196	-0.164	0.008	-0.976
0.124618768692	-0.164	0.008	-0.976
0.126498937607	-0.164	0.008	-0.976
0.128379821777	-0.028	0.1	-0.26
0.130266904831	-0.028	0.1	-0.26
0.132144927979	-0.028	0.1	-0.26
0.134024858475	0.108	-0.224	2.044
0.135904788971	0.108	-0.224	2.044
0.137798786163	-0.008	-0.344	2.044
0.139680862427	-0.008	-0.344	2.044
0.141565799713	-0.008	-0.344	2.044
0.143447875977	-0.152	-0.044	-0.684
0.14532995224	-0.152	-0.044	-0.684
0.147211790085	-0.152	-0.044	-0.684
0.149098873138	-0.044	0.112	-0.644
0.150979995728	-0.044	0.112	-0.644
0.152862787247	0.112	-0.184	2.044
0.154742002487	0.112	-0.184	2.044
0.156620979309	0.112	-0.184	2.044
0.158509969711	0.048	-0.368	2.044
0.160392999649	0.048	-0.368	2.044
0.162270784378	0.048	-0.368	2.044
0.164150953293	-0.132	-0.088	-0.312
0.166032791138	-0.132	-0.088	-0.312
0.16792678833	-0.072	0.1	-0.948
0.169810771942	-0.072	0.1	-0.948
0.171690940857	-0.072	0.1	-0.948
0.173563957214	0.104	-0.124	2.036
0.175434827805	0.104	-0.124	2.036
0.177306890488	0.104	-0.124	2.036
0.179182767868	0.08	-0.364	2.044
0.181064844131	0.08	-0.364	2.044
0.182943820953	0.08	-0.364	2.044
0.184827804565	-0.12	-0.152	0.12
0.186708927155	-0.12	-0.152	0.12
0.188588857651	-0.104	0.096	-1.16
0.19047498703	-0.104	0.096	-1.16
0.192363977432	-0.104	0.096	-1.16
0.194245815277	0.084	-0.064	1.576
0.196124792099	0.084	-0.064	1.576
0.198000907898	0.084	-0.064	1.576
0.199882984161	0.076	-0.332	2.044
0.201762914658	0.076	-0.332	2.044
0.203634977341	-0.092	-0.204	0.612
0.205506801605	-0.092	-0.204	0.612
0.207389831543	-0.092	-0.204	0.612
0.209265947342	-0.128	0.092	-1.276
0.211159944534	-0.128	0.092	-1.276
0.213039875031	-0.128	0.092	-1.276
0.214919805527	0.052	-0.012	1.08
0.216799974442	0.052	-0.012	1.08
0.218688964844	0.052	-0.012	1.08
0.220567941666	0.108	-0.324	2.044
0.222445964813	0.108	-0.324	2.044
0.224338769913	-0.076	-0.248	1.108
0.226218938828	-0.076	-0.248	1.108
0.228098869324	-0.076	-0.248	1.108
0.229989767075	-0.148	0.06	-1.26
0.231870889664	-0.148	0.06	-1.26
0.233751773834	-0.148	0.06	-1.26
0.235631942749	0.04	0.024	0.584
0.237508773804	0.04	0.024	0.584
0.239400863647	0.12	-0.292	2.044
0.241280794144	0.12	-0.292	2.044
0.243158817291	0.12	-0.292	2.044
0.245037794113	-0.048	-0.3	1.612
0.246915817261	-0.048	-0.3	1.612
0.248800992966	-0.048	-0.3	1.612
0.250680923462	-0.12	0.036	-1.156
0.252562999725	-0.12	0.036	-1.156
0.254442930222	-0.12	0.036	-1.156
0.25633597374	0.02	0.064	0.1
0.25821185112	0.02	0.064	0.1
0.260097980499	0.128	-0.248	2.044
0.261979818344	0.128	-0.248	2.044
0.263868808746	0.128	-0.248	2.044
0.265748977661	-0.012	-0.332	2.044
0.267627954483	-0.012	-0.332	2.044
0.269512891769	-0.012	-0.332	2.044
0.271404981613	-0.144	-0.008	-0.944
0.273286819458	-0.144	-0.008	-0.944
0.275167942047	-0.012	0.104	-0.32
0.277045965195	-0.012	0.104	-0.32
0.27892780304	-0.012	0.104	-0.32
0.280811786652	0.112	-0.22	2.044
0.282691955566	0.112	-0.22	2.044
0.284569978714	0.112	-0.22	2.044
0.28644990921	-0.008	-0.356	2.044
0.288351774216	-0.008	-0.356	2.044
0.290237903595	-0.144	-0.048	-0.644
0.292118787766	-0.144	-0.048	-0.644
0.293999910355	-0.144	-0.048	-0.644
0.295880794525	-0.036	0.108	-0.704
0.29776096344	-0.036	0.108	-0.704
0.299710988998	-0.036	0.108	-0.704
0.301592826843	0.112	-0.164	2.044
0.303471803665	0.112	-0.164	2.044
0.305350780487	0.112	-0.164	2.044
0.307229995728	0.032	-0.348	2.044
0.30911397934	0.032	-0.348	2.044
0.310992956161	-0.12	-0.096	-0.264
0.312875986099	-0.12	-0.096	-0.264
0.31475687027	-0.12	-0.096	-0.264
0.316645860672	-0.068	0.092	-0.98
0.318529844284	-0.068	0.092	-0.98
0.320412874222	-0.068	0.092	-0.98
0.322291851044	0.108	-0.128	1.984
0.324170827866	0.108	-0.128	1.984
0.326047897339	0.064	-0.352	2.044
0.327928781509	0.064	-0.352	2.044
0.329815864563	0.064	-0.352	2.044
0.331693887711	-0.116	-0.156	0.2
0.333572864532	-0.116	-0.156	0.2
0.33545088768	-0.116	-0.156	0.2
0.337330818176	-0.104	0.096	-1.188
0.339215993881	-0.104	0.096	-1.188
0.341095924377	0.076	-0.068	1.5
0.342970848083	0.076	-0.068	1.5
0.344847917557	0.076	-0.068	1.5
0.346727848053	0.088	-0.332	2.044
0.348608970642	0.088	-0.332	2.044
0.350487947464	0.088	-0.332	2.044
0.352376937866	-0.08	-0.212	0.68
0.354256868362	-0.08	-0.212	0.68
0.356135845184	-0.08	-0.212	0.68
0.358015775681	-0.136	0.092	-1.26
0.35990190506	-0.136	0.092	-1.26
0.36178278923	0.056	-0.004	1.012
0.363661766052	0.056	-0.004	1.012
0.365538835526	0.056	-0.004	1.012
0.367419958115	0.116	-0.316	2.044
0.369314908981	0.116	-0.316	2.044
0.371193885803	0.116	-0.316	2.044
0.373072862625	-0.076	-0.252	1.192
0.374954938889	-0.076	-0.252	1.192
0.376841783524	-0.14	0.06	-1.268
0.378723859787	-0.14	0.06	-1.268
0.380609989166	-0.14	0.06	-1.268
0.382488965988	0.036	0.044	0.504
0.384375810623	0.036	0.044	0.504
0.386251926422	0.036	0.044	0.504
0.388126850128	0.12	-0.276	2.044
0.39001083374	0.12	-0.276	2.044
0.391890764236	0.12	-0.276	2.044
0.393770933151	-0.056	-0.332	1.692
0.395650863647	-0.056	-0.332	1.692
0.397529840469	-0.144	0.024	-1.132
0.399422883987	-0.144	0.024	-1.132
0.401295900345	-0.144	0.024	-1.132
0.403167963028	0.02	0.076	0.04
0.405045986176	0.02	0.076	0.04
0.406914949417	0.02	0.076	0.04
0.408788919449	0.124	-0.244	2.044
0.410671949387	0.124	-0.244	2.044
0.412550926208	-0.024	-0.344	2.044
0.414430856705	-0.024	-0.344	2.044
0.416323900223	-0.024	-0.344	2.044
0.418203830719	-0.132	-0.012	-0.908
0.420091867447	-0.132	-0.012	-0.908
0.421981811523	-0.132	-0.012	-0.908
0.423862934113	-0.024	0.096	-0.396
0.425743818283	-0.024	0.096	-0.396
0.427623987198	-0.024	0.096	-0.396
0.429503917694	0.124	-0.2	2.044
0.431381940842	0.124	-0.2	2.044
0.433273792267	0.004	-0.356	2.044
0.435154914856	0.004	-0.356	2.044
0.437033891678	0.004	-0.356	2.044
0.43891787529	-0.136	-0.052	-0.576
0.440803766251	-0.136	-0.052	-0.576
0.44268488884	-0.136	-0.052	-0.576
0.444564819336	-0.048	0.112	-0.736
0.446443796158	-0.048	0.112	-0.736
0.448339939117	0.104	-0.16	2.044
0.450224876404	0.104	-0.16	2.044
0.452103853226	0.104	-0.16	2.044
0.453980922699	0.044	-0.348	2.044
0.455860853195	0.044	-0.348	2.044
0.457740783691	0.044	-0.348	2.044
0.459649801254	-0.12	-0.104	-0.192
0.461530923843	-0.12	-0.104	-0.192
0.463432788849	-0.08	0.104	-1.012
0.465313911438	-0.08	0.104	-1.012
0.467193841934	-0.08	0.104	-1.012
0.469079971313	0.096	-0.112	1.904
0.470958948135	0.096	-0.112	1.904
0.47284078598	0.096	-0.112	1.904
0.474728822708	0.068	-0.332	2.044
0.476608991623	0.068	-0.332	2.044
0.478485822678	0.068	-0.332	2.044
0.480377912521	-0.116	-0.164	0.268
0.482259988785	-0.116	-0.164	0.268
0.484138965607	-0.104	0.084	-1.208
0.486018896103	-0.104	0.084	-1.208
0.487899780273	-0.104	0.084	-1.208
0.489787817001	0.072	-0.048	1.412
0.491666793823	0.072	-0.048	1.412
0.493548870087	0.072	-0.048	1.412
0.495436906815	0.096	-0.332	2.044
0.497315883636	0.096	-0.332	2.044
0.499199867249	-0.08	-0.22	0.768
0.50107884407	-0.08	-0.22	0.768
0.502957820892	-0.08	-0.22	0.768
0.504838943481	-0.132	0.08	-1.28
0.506718873978	-0.132	0.08	-1.28
0.50861287117	-0.132	0.08	-1.28
0.510493993759	0.064	0.0	0.928
0.51237487793	0.064	0.0	0.928
0.514242887497	0.112	-0.304	2.044
0.516121864319	0.112	-0.304	2.044
0.517999887466	0.112	-0.304	2.044
0.51988697052	-0.06	-0.264	1.256
0.521771907806	-0.06	-0.264	1.256
0.523651838303	-0.06	-0.264	1.256
0.525531768799	-0.144	0.064	-1.236
0.527433872223	-0.144	0.064	-1.236
0.529320955276	-0.144	0.064	-1.236
0.531200885773	0.024	0.048	0.428
0.533077955246	0.024	0.048	0.428
0.534952878952	0.108	-0.28	2.044
0.536834955215	0.108	-0.28	2.044
0.538714885712	0.108	-0.28	2.044
0.540593862534	-0.048	-0.308	1.748
0.54247379303	-0.048	-0.308	1.748
0.544366836548	-0.048	-0.308	1.748
0.546246767044	-0.144	0.02	-1.112
0.548126935959	-0.144	0.02	-1.112
0.55001282692	0.004	0.072	-0.028
0.551894903183	0.004	0.072	-0.028
0.553772926331	0.004	0.072	-0.028
0.555650949478	0.128	-0.252	2.044
0.5575299263	0.128	-0.252	2.044
0.559419870377	0.128	-0.252	2.044
0.561299800873	-0.004	-0.344	2.044
0.56317782402	-0.004	-0.344	2.044
0.565057992935	-0.004	-0.344	2.044
0.566937923431	-0.128	-0.028	-0.86
0.568822860718	-0.128	-0.028	-0.86
0.570703983307	-0.016	0.096	-0.444
0.572582960129	-0.016	0.096	-0.444
0.574461936951	-0.016	0.096	-0.444
0.576355934143	0.12	-0.208	2.044
0.578234910965	0.12	-0.208	2.044
0.580138921738	0.12	-0.208	2.044
0.582018852234	0.012	-0.36	2.044
0.58390879631	0.012	-0.36	2.044
0.5857899189	-0.136	-0.06	-0.536
0.58767080307	-0.136	-0.06	-0.536
0.589555978775	-0.136	-0.06	-0.536
0.591449975967	-0.06	0.116	-0.816
0.593329906464	-0.06	0.116	-0.816
0.595208883286	-0.06	0.116	-0.816
0.597087860107	0.104	-0.16	2.044
0.598971843719	0.104	-0.16	2.044
0.600845813751	0.044	-0.348	2.044
0.602717876434	0.044	-0.348	2.044
0.60458779335	0.044	-0.348	2.044
0.60645699501	-0.124	-0.112	-0.12
0.608341932297	-0.124	-0.112	-0.12
0.610232830048	-0.124	-0.112	-0.12
0.612118959427	-0.084	0.096	-1.052
0.613997936249	-0.084	0.096	-1.052
0.615878820419	-0.084	0.096	-1.052
0.617758989334	0.092	-0.104	1.828
0.619668960571	0.092	-0.104	1.828
0.621548891068	0.068	-0.34	2.044
0.62343788147	0.068	-0.34	2.044
0.625317811966	0.068	-0.34	2.044
0.627196788788	-0.108	-0.176	0.364
0.629083871841	-0.108	-0.176	0.364
0.630965948105	-0.108	-0.176	0.364
0.632856845856	-0.116	0.092	-1.216
0.634737968445	-0.116	0.092	-1.216
0.636616945267	0.08	-0.048	1.344
0.638499975204	0.08	-0.048	1.344
0.640392780304	0.08	-0.048	1.344
0.642271995544	0.096	-0.328	2.044
0.644149780273	0.096	-0.328	2.044
0.646028995514	0.096	-0.328	2.044
0.647907972336	-0.096	-0.228	0.828
0.649794816971	-0.096	-0.228	0.828
0.651673793793	-0.096	-0.228	0.828
0.653554916382	-0.124	0.072	-1.284
0.655446767807	-0.124	0.072	-1.284
0.657326936722	0.048	0.008	0.852
0.659208774567	0.048	0.008	0.852
0.661084890366	0.048	0.008	0.852
0.662959814072	0.124	-0.288	2.044
0.664840936661	0.124	-0.288	2.044
0.666718959808	0.124	-0.288	2.044
0.668623924255	-0.06	-0.272	1.348
0.670506000519	-0.06	-0.272	1.348
0.672398805618	-0.148	0.052	-1.228
0.674279928207	-0.148	0.052	-1.228
0.676160812378	-0.148	0.052	-1.228
0.6780397892	0.02	0.052	0.372
0.679917812347	0.02	0.052	0.372
0.681794881821	0.02	0.052	0.372
0.683669805527	0.128	-0.264	2.044
0.685558795929	0.128	-0.264	2.044
0.687452793121	-0.044	-0.316	1.82
0.689340829849	-0.044	-0.316	1.82
0.691220998764	-0.044	-0.316	1.82
0.69310092926	-0.152	0.008	-1.076
0.694978952408	-0.152	0.008	-1.076
0.696864843369	-0.152	0.008	-1.076
0.698746919632	-0.036	0.096	-0.096
0.700625896454	-0.036	0.096	-0.096
0.703013896942	0.116	-0.24	2.044
0.704904794693	0.116	-0.24	2.044
0.706784963608	0.116	-0.24	2.044
0.708700895309	-0.016	-0.336	2.044
0.710582971573	-0.016	-0.336	2.044
0.71247792244	-0.016	-0.336	2.044
0.714357852936	-0.136	-0.028	-0.824
0.716237783432	-0.136	-0.028	-0.824
0.718118906021	-0.028	0.096	-0.496
0.720005989075	-0.028	0.096	-0.496
0.721885919571	-0.028	0.096	-0.496
0.723764896393	0.12	-0.192	2.044
0.725643873215	0.12	-0.192	2.044
0.727527856827	0.12	-0.192	2.044
0.729413986206	0.024	-0.356	2.044
0.731292963028	0.024	-0.356	2.044
0.733170986176	0.024	-0.356	2.044
0.735048770905	-0.128	-0.076	-0.496
0.736929893494	-0.128	-0.076	-0.496
0.738833904266	-0.068	0.116	-0.852
0.740714788437	-0.068	0.116	-0.852
0.742594957352	-0.068	0.116	-0.852
0.744490861893	0.112	-0.14	2.044
0.746369838715	0.112	-0.14	2.044
0.748247861862	0.112	-0.14	2.044
0.750131845474	0.04	-0.356	2.044
0.75201177597	0.04	-0.356	2.044
0.753891944885	-0.108	-0.12	-0.06
0.755776882172	-0.108	-0.12	-0.06
0.757656812668	-0.108	-0.12	-0.06
0.759537935257	-0.088	0.116	-1.084
0.761419773102	-0.088	0.116	-1.084
0.763299942017	-0.088	0.116	-1.084
0.765196800232	0.092	-0.072	1.768
0.767075777054	0.092	-0.072	1.768
0.768962860107	0.064	-0.336	2.044
0.770841836929	0.064	-0.336	2.044
0.772720813751	0.064	-0.336	2.044
0.774598836899	-0.1	-0.176	0.424
0.776493787766	-0.1	-0.176	0.424
0.778372764587	-0.1	-0.176	0.424
0.780258893967	-0.112	0.1	-1.236
0.782139778137	-0.112	0.1	-1.236
0.784019947052	-0.112	0.1	-1.236
0.785903930664	0.068	-0.044	1.28
0.787781953812	0.068	-0.044	1.28
0.789662837982	0.088	-0.324	2.044
0.791556835175	0.088	-0.324	2.044
0.793449878693	0.088	-0.324	2.044
0.79532790184	-0.092	-0.24	0.904
0.797207832336	-0.092	-0.24	0.904
0.799092769623	-0.092	-0.24	0.904
0.800971984863	-0.124	0.056	-1.272
0.802845001221	-0.124	0.056	-1.272
0.804715871811	0.052	0.004	0.788
0.806582927704	0.052	0.004	0.788
0.808453798294	0.052	0.004	0.788
0.810335874557	0.12	-0.292	2.044
0.81221985817	0.12	-0.292	2.044
0.814101934433	0.12	-0.292	2.044
0.815982818604	-0.056	-0.284	1.416
0.817862987518	-0.056	-0.284	1.416
0.819749832153	-0.056	-0.284	1.416
0.821630001068	-0.144	0.044	-1.22
0.823509931564	-0.144	0.044	-1.22
0.825392961502	0.028	0.092	0.284
0.827268838882	0.028	0.092	0.284
0.82915186882	0.028	0.092	0.284
0.831027984619	0.112	-0.26	2.044
0.832907915115	0.112	-0.26	2.044
0.834785938263	0.112	-0.26	2.044
0.836662769318	-0.056	-0.324	1.892
0.838542938232	-0.056	-0.324	1.892
0.840436935425	-0.164	0.012	-1.04
0.842317819595	-0.164	0.012	-1.04
0.844209909439	-0.164	0.012	-1.04
0.846089839935	0.0	0.092	-0.156
0.847960948944	0.0	0.092	-0.156
0.849831819534	0.0	0.092	-0.156
0.851702928543	0.112	-0.232	2.044
0.853580951691	0.112	-0.232	2.044
0.855471849442	-0.016	-0.336	2.044
0.857353925705	-0.016	-0.336	2.044
0.85924077034	-0.016	-0.336	2.044
0.861121892929	-0.136	-0.04	-0.776
0.863001823425	-0.136	-0.04	-0.776
0.864883899689	-0.136	-0.04	-0.776
0.866764783859	-0.024	0.1	-0.548
0.8686439991	-0.024	0.1	-0.548
0.87052488327	-0.024	0.1	-0.548
0.872432947159	0.116	-0.184	2.044
0.874312877655	0.116	-0.184	2.044
0.876191854477	0.024	-0.36	2.044
0.878069877625	0.024	-0.36	2.044
0.879954814911	0.024	-0.36	2.044
0.881833791733	-0.136	-0.064	-0.428
0.883713960648	-0.136	-0.064	-0.428
0.885592937469	-0.136	-0.064	-0.428
0.887490987778	-0.064	0.104	-0.872
0.889381885529	-0.064	0.104	-0.872
0.89126086235	0.104	-0.144	2.044
0.893137931824	0.104	-0.144	2.044
0.895015954971	0.104	-0.144	2.044
0.896905899048	0.056	-0.34	2.044
0.898786783218	0.056	-0.34	2.044
0.900664806366	0.056	-0.34	2.044
0.902545928955	-0.108	-0.124	0.0
0.904430866241	-0.108	-0.124	0.0
0.906303882599	-0.108	-0.124	0.0
0.908175945282	-0.096	0.104	-1.112
0.910060882568	-0.096	0.104	-1.112
0.91193985939	0.08	-0.092	1.696
0.913818836212	0.08	-0.092	1.696
0.91569685936	0.08	-0.092	1.696
0.917573928833	0.096	-0.336	2.044
0.919465780258	0.096	-0.336	2.044
0.921347856522	0.096	-0.336	2.044
0.923225879669	-0.104	-0.18	0.48
0.925105810165	-0.104	-0.18	0.48
0.92698597908	-0.112	0.092	-1.24
0.928867816925	-0.112	0.092	-1.24
0.930751800537	-0.112	0.092	-1.24
0.932631969452	0.072	-0.024	1.224
0.934510946274	0.072	-0.024	1.224
0.936404943466	0.072	-0.024	1.224
0.938283920288	0.1	-0.312	2.044
0.9401679039	0.1	-0.312	2.044
0.942045927048	-0.088	-0.248	0.976
0.94392490387	-0.088	-0.248	0.976
0.945803880692	-0.088	-0.248	0.976
0.947681903839	-0.14	0.068	-1.272
0.949571847916	-0.14	0.068	-1.272
0.951465845108	-0.14	0.068	-1.272
0.95334982872	0.048	0.016	0.72
0.955225944519	0.048	0.016	0.72
0.957100868225	0.048	0.016	0.72
0.958982944489	0.124	-0.304	2.044
0.960874795914	0.124	-0.304	2.044
0.962753772736	-0.044	-0.296	1.468
0.964632987976	-0.044	-0.296	1.468
0.966511964798	-0.044	-0.296	1.468
0.968407869339	-0.128	0.044	-1.2
0.970295906067	-0.128	0.044	-1.2
0.972175836563	-0.128	0.044	-1.2
0.974054813385	0.016	0.06	0.236
0.975931882858	0.016	0.06	0.236
0.977806806564	0.124	-0.264	2.044
0.979687929153	0.124	-0.264	2.044
0.981569766998	0.124	-0.264	2.044
0.983446836472	-0.032	-0.32	1.956
0.985340833664	-0.032	-0.32	1.956
0.987219810486	-0.032	-0.32	1.956
0.989108800888	-0.152	0.02	-1.012
0.990989923477	-0.152	0.02	-1.012
0.992882966995	-0.152	0.02	-1.012
0.994762897491	-0.016	0.096	-0.22
0.996641874313	-0.016	0.096	-0.22
0.998520851135	0.112	-0.22	2.044
1.00041294098	0.112	-0.22	2.044
1.00229287148	0.112	-0.22	2.044
1.00416278839	-0.012	-0.344	2.044
1.00603485107	-0.012	-0.344	2.044
1.00790691376	-0.012	-0.344	2.044
1.00979399681	-0.14	-0.032	-0.744
1.01167988777	-0.14	-0.032	-0.744
1.01355981827	-0.036	0.104	-0.608
1.01543998718	-0.036	0.104	-0.608
1.01732087135	-0.036	0.104	-0.608
1.01920986176	0.116	-0.184	2.044
1.0210878849	0.116	-0.184	2.044
1.02296686172	0.116	-0.184	2.044
1.02484679222	0.016	-0.348	2.044
1.02672576904	0.016	-0.348	2.044
1.02860498428	-0.124	-0.092	-0.376
1.03048586845	-0.124	-0.092	-0.376
1.03236794472	-0.124	-0.092	-0.376
1.03424882889	-0.068	0.1	-0.912
1.03612780571	-0.068	0.1	-0.912
1.03800678253	-0.068	0.1	-0.912
1.03989291191	0.096	-0.128	2.044
1.04177188873	0.096	-0.128	2.044
1.04365086555	0.096	-0.128	2.044
1.0455288887	0.056	-0.348	2.044
1.04740977287	0.056	-0.348	2.044
1.04929685593	-0.108	-0.14	0.068
1.05117678642	-0.108	-0.14	0.068
1.05305480957	-0.108	-0.14	0.068
1.05494379997	-0.1	0.104	-1.128
1.05682587624	-0.1	0.104	-1.128
1.05870699883	-0.1	0.104	-1.128
1.06058692932	0.096	-0.076	1.62
1.06246495247	0.096	-0.076	1.62
1.06435585022	0.072	-0.336	2.044
1.06623983383	0.072	-0.336	2.044
1.06811785698	0.072	-0.336	2.044
1.07000279427	-0.096	-0.192	0.54
1.07188177109	-0.096	-0.192	0.54
1.07376194	-0.096	-0.192	0.54
1.0756418705	-0.12	0.096	-1.256
1.07753276825	-0.12	0.096	-1.256
1.07941389084	-0.12	0.096	-1.256
1.08129477501	0.056	-0.028	1.136
1.08317279816	0.056	-0.028	1.136
1.0850508213	0.096	-0.324	2.044
1.08692884445	0.096	-0.324	2.044
1.08881378174	0.096	-0.324	2.044
1.09069299698	-0.088	-0.252	1.044
1.0925719738	-0.088	-0.252	1.044
1.09444999695	-0.088	-0.252	1.044
1.09634900093	-0.152	0.064	-1.272
1.0982298851	-0.152	0.064	-1.272
1.10011577606	0.048	0.024	0.652
1.10199284554	0.048	0.024	0.652
1.10386896133	0.048	0.024	0.652
1.10574793816	0.12	-0.296	2.044
1.10763692856	0.12	-0.296	2.044
1.10952377319	0.12	-0.296	2.044
1.11140298843	-0.056	-0.3	1.536
1.11328577995	-0.056	-0.3	1.536
1.11516690254	-0.136	0.036	-1.176
1.11704683304	-0.136	0.036	-1.176
1.11892795563	-0.136	0.036	-1.176
1.12080979347	0.012	0.06	0.176
1.12268877029	0.012	0.06	0.176
1.12456488609	0.012	0.06	0.176
1.12644100189	0.124	-0.26	2.044
1.12835788727	0.124	-0.26	2.044
1.13024497032	0.124	-0.26	2.044
1.13212299347	-0.016	-0.324	2.0
1.13399887085	-0.016	-0.324	2.0
1.13587784767	-0.148	0.004	-0.996
1.13775682449	-0.148	0.004	-0.996
1.13966798782	-0.148	0.004	-0.996
1.14154791832	-0.012	0.092	-0.268
1.14342784882	-0.012	0.092	-0.268
1.14530992508	-0.012	0.092	-0.268
1.1471889019	0.116	-0.22	2.044
1.1490688324	0.116	-0.22	2.044
1.15094685555	-0.004	-0.348	2.044
1.15282893181	-0.004	-0.348	2.044
1.15470790863	-0.004	-0.348	2.044
1.15658783913	-0.14	-0.044	-0.696
1.15846681595	-0.14	-0.044	-0.696
1.1603808403	-0.14	-0.044	-0.696
1.16226291656	-0.036	0.1	-0.644
1.1641459465	-0.036	0.1	-0.644
1.16602492332	-0.036	0.1	-0.644
1.16790294647	0.104	-0.184	2.044
1.16978478432	0.104	-0.184	2.044
1.17165589333	0.028	-0.352	2.044
1.17352581024	0.028	-0.352	2.044
1.17540097237	0.028	-0.352	2.044
1.17727398872	-0.124	-0.084	-0.32
1.17915081978	-0.124	-0.084	-0.32
1.18103384972	-0.124	-0.084	-0.32
1.18291497231	-0.076	0.104	-0.94
1.1847949028	-0.076	0.104	-0.94
1.18667387962	0.096	-0.128	2.044
1.18855285645	0.096	-0.128	2.044
1.19043779373	0.096	-0.128	2.044
1.19233489037	0.06	-0.34	2.044
1.1942179203	0.06	-0.34	2.044
1.19609689713	0.06	-0.34	2.044
1.19797492027	-0.104	-0.156	0.12
1.19985795021	-0.104	-0.156	0.12
1.20172977448	-0.096	0.096	-1.172
1.20360088348	-0.096	0.096	-1.172
1.20547199249	-0.096	0.096	-1.172
1.20734477043	0.076	-0.072	1.576
1.2092218399	0.076	-0.072	1.576
1.21110391617	0.076	-0.072	1.576
1.21302199364	0.092	-0.328	2.044
1.21490192413	0.092	-0.328	2.044
1.2167828083	0.092	-0.328	2.044
1.21866083145	-0.08	-0.204	0.604
1.22057199478	-0.08	-0.204	0.604
1.22245383263	-0.116	0.088	-1.272
1.22435498238	-0.116	0.088	-1.272
1.22623682022	-0.116	0.088	-1.272
1.22811579704	0.068	-0.028	1.08
1.23000097275	0.068	-0.028	1.08
1.2318789959	0.068	-0.028	1.08
1.23375797272	0.104	-0.316	2.044
1.23563599586	0.104	-0.316	2.044
1.23751378059	-0.08	-0.248	1.116
1.23941993713	-0.08	-0.248	1.116
1.24130177498	-0.08	-0.248	1.116
1.24318194389	-0.136	0.064	-1.26
1.24506187439	-0.136	0.064	-1.26
1.24693989754	-0.136	0.064	-1.26
1.24882292747	0.036	0.028	0.592
1.25069880486	0.036	0.028	0.592
1.25257778168	0.036	0.028	0.592
1.25445389748	0.116	-0.288	2.044
1.25635385513	0.116	-0.288	2.044
1.25823378563	-0.048	-0.304	1.6
1.26011991501	-0.048	-0.304	1.6
1.2619998455	-0.048	-0.304	1.6
1.263879776	-0.136	0.016	-1.16
1.2657699585	-0.136	0.016	-1.16
1.26765084267	-0.136	0.016	-1.16
1.26953577995	0.016	0.064	0.112
1.27141785622	0.016	0.064	0.112
1.27329587936	0.124	-0.248	2.044
1.27517485619	0.124	-0.248	2.044
1.27705192566	0.124	-0.248	2.044
1.27893090248	-0.024	-0.336	2.044
1.28086996078	-0.024	-0.336	2.044
1.28275179863	-0.024	-0.336	2.044
1.28463196754	-0.148	0.0	-0.944
1.28650379181	-0.148	0.0	-0.944
1.28837990761	-0.028	0.096	-0.324
1.29027199745	-0.028	0.096	-0.324
1.29215097427	-0.028	0.096	-0.324
1.2940299511	0.124	-0.212	2.044
1.29590797424	0.124	-0.212	2.044
1.29778790474	0.124	-0.212	2.044
1.29966783524	0.004	-0.352	2.044
1.3015499115	0.004	-0.352	2.044
1.30342888832	0.004	-0.352	2.044
1.30530881882	-0.132	-0.048	-0.652
1.30718994141	-0.132	-0.048	-0.652
1.30907583237	-0.052	0.116	-0.688
1.3109588623	-0.052	0.116	-0.688
1.31283998489	-0.052	0.116	-0.688
1.31471896172	0.116	-0.164	2.044
1.31659793854	0.116	-0.164	2.044
1.31848597527	0.116	-0.164	2.044
1.32038283348	0.036	-0.348	2.044
1.3222618103	0.036	-0.348	2.044
1.32414078712	-0.124	-0.092	-0.264
1.32602190971	-0.124	-0.092	-0.264
1.32790279388	-0.124	-0.092	-0.264
1.32979083061	-0.08	0.092	-0.972
1.33167099953	-0.08	0.092	-0.972
1.33355093002	-0.08	0.092	-0.972
1.33543086052	0.108	-0.116	1.964
1.33731198311	0.108	-0.116	1.964
1.33919978142	0.056	-0.348	2.044
1.34107780457	0.056	-0.348	2.044
1.34295678139	0.056	-0.348	2.044
1.3448369503	-0.112	-0.16	0.184
1.34671592712	-0.112	-0.16	0.184
1.34859585762	-0.112	-0.16	0.184
1.35047578812	-0.104	0.092	-1.176
1.3523747921	-0.104	0.092	-1.176
1.35425591469	-0.104	0.092	-1.176
1.35613584518	0.08	-0.068	1.516
1.35801482201	0.08	-0.068	1.516
1.35989880562	0.092	-0.328	2.044
1.36177897453	0.092	-0.328	2.044
1.36365699768	0.092	-0.328	2.044
1.36553478241	-0.084	-0.2	0.66
1.36743092537	-0.084	-0.2	0.66
1.36932182312	-0.084	-0.2	0.66
1.37121081352	-0.148	0.08	-1.264
1.37309098244	-0.148	0.08	-1.264
1.37496995926	0.06	-0.012	1.032
1.37685084343	0.06	-0.012	1.032
1.37872982025	0.06	-0.012	1.032
1.3806078434	0.104	-0.312	2.044
1.38248586655	0.104	-0.312	2.044
1.38438391685	0.104	-0.312	2.044
1.38626194	-0.068	-0.268	1.172
1.3881418705	-0.068	-0.268	1.172
1.39002799988	-0.068	-0.268	1.172
1.39190793037	-0.152	0.056	-1.256
1.39378786087	-0.152	0.056	-1.256
1.39566683769	0.04	0.028	0.528
1.39755678177	0.04	0.028	0.528
1.39944195747	0.04	0.028	0.528
1.40131187439	0.12	-0.3	2.044
1.4031829834	0.12	-0.3	2.044
1.40505194664	0.12	-0.3	2.044
1.40692281723	-0.052	-0.32	1.66
1.40880179405	-0.052	-0.32	1.66
1.41068387032	-0.148	0.024	-1.136
1.4125649929	-0.148	0.024	-1.136
1.41444396973	-0.148	0.024	-1.136
1.41634488106	0.02	0.076	0.056
1.41822195053	0.02	0.076	0.056
1.42010498047	0.02	0.076	0.056
1.42197990417	0.112	-0.244	2.044
1.42386889458	0.112	-0.244	2.044
1.42574882507	0.112	-0.244	2.044
1.42762994766	-0.016	-0.344	2.044
1.42951083183	-0.016	-0.344	2.044
1.43140983582	-0.144	-0.012	-0.916
1.43329286575	-0.144	-0.012	-0.916
1.43517494202	-0.144	-0.012	-0.916
1.43705487251	-0.024	0.12	-0.38
1.43894100189	-0.024	0.12	-0.38
1.44082188606	-0.024	0.12	-0.38
1.44270086288	0.112	-0.208	2.044
1.44457983971	0.112	-0.208	2.044
1.44645881653	-0.004	-0.352	2.044
1.44835877419	-0.004	-0.352	2.044
1.45024490356	-0.004	-0.352	2.044
1.45212578773	-0.144	-0.06	-0.596
1.4540348053	-0.144	-0.06	-0.596
1.45592093468	-0.144	-0.06	-0.596
1.45780277252	-0.048	0.104	-0.728
1.45968389511	-0.048	0.104	-0.728
1.4615688324	0.104	-0.168	2.044
1.46344780922	0.104	-0.168	2.044
1.46532797813	0.104	-0.168	2.044
1.46720695496	0.032	-0.344	2.044
1.46909093857	0.032	-0.344	2.044
1.47096991539	0.032	-0.344	2.044
1.47284984589	-0.152	-0.104	-0.18
1.47472977638	-0.152	-0.104	-0.18
1.47662091255	-0.152	-0.104	-0.18
1.47849988937	-0.076	0.096	-1.004
1.4804008007	-0.076	0.096	-1.004
1.48228192329	0.092	-0.112	1.92
1.48415994644	0.092	-0.112	1.92
1.48604178429	0.092	-0.112	1.92
1.48791980743	0.06	-0.348	2.044
1.48980784416	0.06	-0.348	2.044
1.49168682098	0.06	-0.348	2.044
1.49356484413	-0.116	-0.168	0.244
1.49544787407	-0.116	-0.168	0.244
1.49732899666	-0.108	0.084	-1.192
1.49921584129	-0.108	0.084	-1.192
1.50109696388	-0.108	0.084	-1.192
1.50297689438	0.076	-0.064	1.448
1.50485682487	0.076	-0.064	1.448
1.5067358017	0.076	-0.064	1.448
1.50861382484	0.096	-0.332	2.044
1.51049280167	0.096	-0.332	2.044
1.51239085197	-0.096	-0.208	0.728
1.51427388191	-0.096	-0.208	0.728
1.51615476608	-0.096	-0.208	0.728
1.51803398132	-0.124	0.08	-1.28
1.51991987228	-0.124	0.08	-1.28
1.52179980278	-0.124	0.08	-1.28
1.52368092537	0.052	-0.004	0.952
1.52555894852	0.052	-0.004	0.952
1.52745199203	0.052	-0.004	0.952
1.52934789658	0.116	-0.312	2.044
1.53122782707	0.116	-0.312	2.044
1.53310489655	-0.068	-0.272	1.244
1.53498387337	-0.068	-0.272	1.244
1.53686594963	-0.068	-0.272	1.244
1.5387468338	-0.148	0.06	-1.244
1.5406267643	-0.148	0.06	-1.244
1.54250597954	-0.148	0.06	-1.244
1.54440784454	0.0	0.04	0.48
1.54627895355	0.0	0.04	0.48
1.54814696312	0.112	-0.276	2.044
1.55003190041	0.112	-0.276	2.044
1.55191087723	0.112	-0.276	2.044
1.55378985405	-0.044	-0.308	1.736
1.55566978455	-0.044	-0.308	1.736
1.55755090714	-0.044	-0.308	1.736
1.55945587158	-0.14	0.024	-1.124
1.56133794785	-0.14	0.024	-1.124
1.56321883202	-0.14	0.024	-1.124
1.56509780884	0.004	0.064	0.008
1.56697297096	0.004	0.064	0.008
1.56885099411	0.128	-0.244	2.044
1.57072997093	0.128	-0.244	2.044
1.57261180878	0.128	-0.244	2.044
1.57448983192	-0.016	-0.344	2.044
1.57638978958	-0.016	-0.344	2.044
1.57827091217	-0.016	-0.344	2.044
1.58015799522	-0.144	-0.028	-0.884
1.5820479393	-0.144	-0.028	-0.884
1.5839278698	-0.028	0.1	-0.424
1.58580899239	-0.028	0.1	-0.424
1.58768796921	-0.028	0.1	-0.424
1.58957290649	0.116	-0.208	2.044
1.59145998955	0.116	-0.208	2.044
1.59334087372	0.116	-0.208	2.044
1.59521889687	0.012	-0.348	2.044
1.59709787369	0.012	-0.348	2.044
1.59898281097	-0.136	-0.052	-0.56
1.60085678101	-0.136	-0.052	-0.56
1.6027328968	-0.136	-0.052	-0.56
1.6046037674	-0.052	0.108	-0.776
1.6064748764	-0.052	0.108	-0.776
1.60836791992	-0.052	0.108	-0.776
1.61025381088	0.108	-0.16	2.044
1.61213779449	0.108	-0.16	2.044
1.61401581764	0.108	-0.16	2.044
1.61589479446	0.04	-0.352	2.044
1.61777377129	0.04	-0.352	2.044
1.61965894699	-0.112	-0.108	-0.156
1.62153887749	-0.112	-0.108	-0.156
1.62343597412	-0.112	-0.108	-0.156
1.62531876564	-0.076	0.116	-1.028
1.62719988823	-0.076	0.116	-1.028
1.62908482552	-0.076	0.116	-1.028
1.63096785545	0.088	-0.1	1.852
1.63284897804	0.088	-0.1	1.852
1.63473677635	0.068	-0.348	2.044
1.6366147995	0.068	-0.348	2.044
1.63849377632	0.068	-0.348	2.044
1.6403927803	-0.116	-0.164	0.304
1.64227294922	-0.116	-0.164	0.304
1.64415192604	-0.116	-0.164	0.304
1.64603090286	-0.104	0.088	-1.212
1.64793992043	-0.104	0.088	-1.212
1.64982891083	-0.104	0.088	-1.212
1.65170884132	0.08	-0.056	1.38
1.65358877182	0.08	-0.056	1.38
1.65546894073	0.088	-0.324	2.044
1.65735077858	0.088	-0.324	2.044
1.65923500061	0.088	-0.324	2.044
1.66111683846	-0.08	-0.228	0.812
1.66299581528	-0.08	-0.228	0.812
1.66487789154	-0.08	-0.228	0.812
1.66675686836	-0.132	0.064	-1.268
1.66863584518	-0.132	0.064	-1.268
1.67051696777	0.068	0.004	0.868
1.67241191864	0.068	0.004	0.868
1.67428779602	0.068	0.004	0.868
1.67616391182	0.116	-0.3	2.044
1.67804098129	0.116	-0.3	2.044
1.67991995811	0.116	-0.3	2.044
1.68179893494	-0.06	-0.276	1.3
1.68367886543	-0.06	-0.276	1.3
1.68555784225	-0.144	0.056	-1.232
1.68746685982	-0.144	0.056	-1.232
1.68935799599	-0.144	0.056	-1.232
1.69123983383	0.036	0.044	0.396
1.69311499596	0.036	0.044	0.396
1.69499087334	0.036	0.044	0.396
1.69686579704	0.112	-0.272	2.044
1.69874596596	0.112	-0.272	2.044
1.70062279701	0.112	-0.272	2.044
1.70250082016	-0.044	-0.316	1.788
1.70440077782	-0.044	-0.316	1.788
1.70628190041	-0.164	0.02	-1.072
1.70816087723	-0.164	0.02	-1.072
1.71004676819	-0.164	0.02	-1.072
1.7119269371	0.004	0.088	-0.06
1.71380591393	0.004	0.088	-0.06
1.71568393707	0.004	0.088	-0.06
1.71756196022	0.124	-0.244	2.044
1.71946883202	0.124	-0.244	2.044
1.72135090828	-0.024	-0.336	2.044
1.72323083878	-0.024	-0.336	2.044
1.72511076927	-0.024	-0.336	2.044
1.72698998451	-0.14	-0.02	-0.836
1.7288749218	-0.14	-0.02	-0.836
1.73075580597	-0.14	-0.02	-0.836
1.73263597488	-0.02	0.096	-0.48
1.73451495171	-0.02	0.096	-0.48
1.73641395569	-0.02	0.096	-0.48
1.73829388618	0.116	-0.204	2.044
1.74018788338	0.116	-0.204	2.044
1.7420668602	0.032	-0.356	2.044
1.74394488335	0.032	-0.356	2.044
1.74582481384	0.032	-0.356	2.044
1.74770593643	-0.132	-0.056	-0.492
1.74961876869	-0.132	-0.056	-0.492
1.75149989128	-0.132	-0.056	-0.492
1.75338387489	-0.06	0.108	-0.824
1.75526499748	-0.06	0.108	-0.824
1.7571439743	0.1	-0.152	2.044
1.75902891159	0.1	-0.152	2.044
1.76090884209	0.1	-0.152	2.044
1.76278781891	0.052	-0.36	2.044
1.76466679573	0.052	-0.36	2.044
1.7665438652	0.052	-0.36	2.044
1.76843976974	-0.12	-0.12	-0.092
1.7703268528	-0.12	-0.12	-0.092
1.77220678329	-0.088	0.108	-1.072
1.77408599854	-0.088	0.108	-1.072
1.77596497536	-0.088	0.108	-1.072
1.77784776688	0.088	-0.088	1.804
1.77972793579	0.088	-0.088	1.804
1.78160977364	0.088	-0.088	1.804
1.78348779678	0.076	-0.328	2.044
1.78536891937	0.076	-0.328	2.044
1.78724884987	0.076	-0.328	2.044
1.78913378716	-0.108	-0.18	0.384
1.79101395607	-0.108	-0.18	0.384
1.79291176796	-0.104	0.084	-1.232
1.79479289055	-0.104	0.084	-1.232
1.79667282104	-0.104	0.084	-1.232
1.79855298996	0.076	-0.048	1.312
1.80044579506	0.076	-0.048	1.312
1.80231785774	0.076	-0.048	1.312
1.80418896675	0.1	-0.32	2.044
1.80606198311	0.1	-0.32	2.044
1.8079328537	-0.084	-0.232	0.872
1.80981993675	-0.084	-0.232	0.872
1.81170487404	-0.084	-0.232	0.872
1.81358599663	-0.128	0.056	-1.292
1.81548380852	-0.128	0.056	-1.292
1.81736779213	-0.128	0.056	-1.292
1.81925487518	0.052	0.008	0.82
1.82112979889	0.052	0.008	0.82
1.82300496101	0.108	-0.3	2.044
1.82488584518	0.108	-0.3	2.044
1.82676482201	0.108	-0.3	2.044
1.82864189148	-0.056	-0.288	1.376
1.83052277565	-0.056	-0.288	1.376
1.83242297173	-0.056	-0.288	1.376
1.83430290222	-0.144	0.056	-1.228
1.83618688583	-0.144	0.056	-1.228
1.83806681633	-0.144	0.056	-1.228
1.83995389938	0.016	0.056	0.324
1.84183096886	0.016	0.056	0.324
1.84370684624	0.116	-0.276	2.044
1.84559583664	0.116	-0.276	2.044
1.84749388695	0.116	-0.276	2.044
1.84937477112	-0.032	-0.32	1.864
1.85125398636	-0.032	-0.32	1.864
1.85313296318	-0.032	-0.32	1.864
1.85501289368	-0.136	0.008	-1.044
1.85689282417	-0.136	0.008	-1.044
1.85877895355	0.0	0.08	-0.128
1.86064887047	0.0	0.08	-0.128
1.86251878738	0.0	0.08	-0.128
1.86442089081	0.12	-0.228	2.044
1.8663289547	0.12	-0.228	2.044
1.86820983887	0.12	-0.228	2.044
1.87009477615	-0.02	-0.324	2.044
1.87197589874	-0.02	-0.324	2.044
1.87385797501	-0.02	-0.324	2.044
1.8757379055	-0.136	-0.024	-0.804
1.877617836	-0.136	-0.024	-0.804
1.87950277328	-0.036	0.104	-0.536
1.88138484955	-0.036	0.104	-0.536
1.88326478004	-0.036	0.104	-0.536
1.88514399529	0.12	-0.184	2.044
1.88702178001	0.12	-0.184	2.044
1.8889029026	0.12	-0.184	2.044
1.89078187943	0.008	-0.352	2.044
1.89265990257	0.008	-0.352	2.044
1.89454078674	-0.128	-0.076	-0.444
1.89644098282	-0.128	-0.076	-0.444
1.8983309269	-0.128	-0.076	-0.444
1.90022182465	-0.068	0.104	-0.86
1.90210485458	-0.068	0.104	-0.86
1.90398383141	-0.068	0.104	-0.86
1.90586400032	0.12	-0.148	2.044
1.90774178505	0.12	-0.148	2.044
1.90968799591	0.052	-0.352	2.044
1.91157078743	0.052	-0.352	2.044
1.91346478462	0.052	-0.352	2.044
1.91534399986	-0.116	-0.12	-0.02
1.91722297668	-0.116	-0.12	-0.02
1.91911077499	-0.116	-0.12	-0.02
1.92099285126	-0.088	0.108	-1.1
1.9228758812	-0.088	0.108	-1.1
1.92475795746	-0.088	0.108	-1.1
1.92663693428	0.096	-0.096	1.712
1.92853093147	0.096	-0.096	1.712
1.93041086197	0.076	-0.352	2.044
1.93228983879	0.076	-0.352	2.044
1.93416786194	0.076	-0.352	2.044
1.93604683876	-0.1	-0.184	0.448
1.93792796135	-0.1	-0.184	0.448
1.93981385231	-0.1	-0.184	0.448
1.94169282913	-0.148	0.1	-1.24
1.94357085228	-0.148	0.1	-1.24
1.94546580315	0.064	-0.036	1.244
1.94734382629	0.064	-0.036	1.244
1.94922685623	0.064	-0.036	1.244
1.95111584663	0.1	-0.332	2.044
1.9529979229	0.1	-0.332	2.044
1.95487785339	0.1	-0.332	2.044
1.95675587654	-0.092	-0.244	0.94
1.95863699913	-0.092	-0.244	0.94
1.96053481102	-0.124	0.068	-1.28
1.96241593361	-0.124	0.068	-1.28
1.96429586411	-0.124	0.068	-1.28
1.9661757946	0.052	0.016	0.744
1.96805286407	0.052	0.016	0.744
1.96993494034	0.052	0.016	0.744
1.97180986404	0.116	-0.292	2.044
1.97368884087	0.116	-0.292	2.044
1.97556686401	0.116	-0.292	2.044
1.9774479866	-0.04	-0.288	1.424
1.97933292389	-0.04	-0.288	1.424
1.98121595383	-0.148	0.044	-1.208
1.98310899734	-0.148	0.044	-1.208
1.98499083519	-0.148	0.044	-1.208
1.98687291145	0.032	0.056	0.256
1.98874998093	0.032	0.056	0.256
1.99062585831	0.032	0.056	0.256
1.99250388145	0.128	-0.264	2.044
1.9943819046	0.128	-0.264	2.044
1.99626088142	-0.028	-0.328	1.92
1.99813985825	-0.028	-0.328	1.92
2.00001883507	-0.028	-0.328	1.92
2.0018928051	-0.148	0.016	-1.024
2.00377678871	-0.148	0.016	-1.024
2.00564980507	-0.148	0.016	-1.024
2.00752186775	-0.008	0.096	-0.176
2.0093998909	-0.008	0.096	-0.176
2.01128697395	-0.008	0.096	-0.176
2.01316976547	0.112	-0.22	2.044
2.01504993439	0.112	-0.22	2.044
2.01692986488	-0.004	-0.34	2.044
2.01881289482	-0.004	-0.34	2.044
2.02069282532	-0.004	-0.34	2.044
2.02258396149	-0.144	-0.028	-0.76
2.02448177338	-0.144	-0.028	-0.76
2.02636384964	-0.144	-0.028	-0.76
2.02824497223	-0.036	0.104	-0.584
2.03013086319	-0.036	0.104	-0.584
2.03201079369	0.1	-0.176	2.044
2.03388977051	0.1	-0.176	2.044
2.03576779366	0.1	-0.176	2.044
2.0376458168	0.024	-0.352	2.044
2.03952980042	0.024	-0.352	2.044
2.041410923	0.024	-0.352	2.044
2.04328894615	-0.128	-0.076	-0.4
2.04517197609	-0.128	-0.076	-0.4
2.04705190659	-0.128	-0.076	-0.4
2.04893493652	-0.072	0.092	-0.892
2.05081486702	-0.072	0.092	-0.892
2.05269289017	0.104	-0.14	2.044
2.05457186699	0.104	-0.14	2.044
2.05647993088	0.104	-0.14	2.044
2.0583589077	0.064	-0.348	2.044
2.06024479866	0.064	-0.348	2.044
2.06212282181	0.064	-0.348	2.044
2.06400084496	-0.108	-0.136	0.04
2.06588077545	-0.108	-0.136	0.04
2.06775999069	-0.08	0.108	-1.128
2.06967186928	-0.08	0.108	-1.128
2.0715508461	-0.08	0.108	-1.128
2.07343387604	0.084	-0.084	1.684
2.07531189919	0.084	-0.084	1.684
2.07718992233	0.084	-0.084	1.684
2.07907676697	0.076	-0.34	2.044
2.08095693588	0.076	-0.34	2.044
2.0828359127	-0.1	-0.188	0.52
2.0847158432	-0.1	-0.188	0.52
2.08659482002	-0.1	-0.188	0.52
2.08848977089	-0.132	0.096	-1.256
2.09037280083	-0.132	0.096	-1.256
2.09225177765	-0.132	0.096	-1.256
2.09413099289	0.068	-0.036	1.176
2.09600877762	0.068	-0.036	1.176
2.09789085388	0.068	-0.036	1.176
2.09977579117	0.096	-0.316	2.044
2.10165596008	0.096	-0.316	2.044
2.10353398323	-0.084	-0.244	1.012
2.10541582108	-0.084	-0.244	1.012
2.1072947979	-0.084	-0.244	1.012
2.10919094086	-0.124	0.064	-1.28
2.111109972	-0.124	0.064	-1.28
2.11299395561	-0.124	0.064	-1.28
2.11487388611	0.044	0.016	0.692
2.11674880981	0.044	0.016	0.692
2.11862492561	0.116	-0.292	2.044
2.12050700188	0.116	-0.292	2.044
2.12238693237	0.116	-0.292	2.044
2.12426400185	-0.06	-0.288	1.504
2.12614297867	-0.06	-0.288	1.504
2.12802577019	-0.06	-0.288	1.504
2.12991285324	-0.136	0.036	-1.184
2.13179278374	-0.136	0.036	-1.184
2.13367199898	0.02	0.056	0.204
2.13554787636	0.02	0.056	0.204
2.13742494583	0.02	0.056	0.204
2.13930797577	0.12	-0.268	2.044
2.14118599892	0.12	-0.268	2.044
2.14306378365	0.12	-0.268	2.044
2.14494490623	-0.02	-0.324	1.968
2.14682483673	-0.02	-0.324	1.968
2.14870381355	-0.02	-0.324	1.968
2.15058398247	-0.144	0.0	-1.012
2.15247392654	-0.144	0.0	-1.012
2.1543469429	-0.008	0.104	-0.236
2.15622997284	-0.008	0.104	-0.236
2.15810990334	-0.008	0.104	-0.236
2.1599957943	0.128	-0.232	2.044
2.16188383102	0.128	-0.232	2.044
2.16376280785	0.128	-0.232	2.044
2.16565394402	-0.004	-0.34	2.044
2.16753387451	-0.004	-0.34	2.044
2.16942191124	-0.14	-0.04	-0.712
2.1712949276	-0.14	-0.04	-0.712
2.17316794395	-0.14	-0.04	-0.712
2.17503976822	-0.032	0.108	-0.604
2.17691278458	-0.032	0.108	-0.604
2.17879080772	-0.032	0.108	-0.604
2.18067383766	0.116	-0.18	2.044
2.18255376816	0.116	-0.18	2.044
2.18445396423	0.116	-0.18	2.044
2.18633699417	0.028	-0.352	2.044
2.1882147789	0.028	-0.352	2.044
2.19010090828	-0.128	-0.088	-0.336
2.19198179245	-0.128	-0.088	-0.336
2.19386291504	-0.128	-0.088	-0.336
2.19574284554	-0.068	0.104	-0.944
2.19762182236	-0.068	0.104	-0.944
2.1995279789	-0.068	0.104	-0.944
2.20140695572	0.1	-0.132	2.044
2.20327687263	0.1	-0.132	2.044
2.20514798164	0.06	-0.352	2.044
2.20701694489	0.06	-0.352	2.044
2.20889282227	0.06	-0.352	2.044
2.21077489853	-0.088	-0.152	0.088
2.21265482903	-0.088	-0.152	0.088
2.21455383301	-0.088	-0.152	0.088
2.21645498276	-0.092	0.1	-1.152
2.21833586693	-0.092	0.1	-1.152
2.22022390366	0.08	-0.08	1.604
2.2221019268	0.08	-0.08	1.604
2.22397994995	0.08	-0.08	1.604
2.2258579731	0.084	-0.336	2.044
2.22773790359	0.084	-0.336	2.044
2.22964286804	0.084	-0.336	2.044
2.23154377937	-0.092	-0.2	0.572
2.23342585564	-0.092	-0.2	0.572
2.23530387878	-0.092	-0.2	0.572
2.23718285561	-0.124	0.08	-1.264
2.23906993866	-0.124	0.08	-1.264
2.24095082283	0.056	-0.024	1.104
2.24282979965	0.056	-0.024	1.104
2.24471092224	0.056	-0.024	1.104
2.24658894539	0.076	-0.312	2.044
2.2484869957	0.076	-0.312	2.044
2.25036787987	0.076	-0.312	2.044
2.25224590302	-0.084	-0.256	1.072
2.25412487984	-0.084	-0.256	1.072
2.25600481033	-0.132	0.06	-1.272
2.25788497925	-0.132	0.06	-1.272
2.25977087021	-0.132	0.06	-1.272
2.26164984703	0.044	0.032	0.604
2.26354694366	0.044	0.032	0.604
2.26542496681	0.044	0.032	0.604
2.26731085777	0.12	-0.276	2.044
2.26919579506	0.12	-0.276	2.044
2.27107477188	0.12	-0.276	2.044
2.27295780182	-0.052	-0.304	1.576
2.27483892441	-0.052	-0.304	1.576
2.27671790123	-0.152	0.032	-1.172
2.27859687805	-0.152	0.032	-1.172
2.28049588203	-0.152	0.032	-1.172
2.2823767662	0.016	0.056	0.144
2.284252882	0.016	0.056	0.144
2.28612780571	0.016	0.056	0.144
2.28800487518	0.12	-0.256	2.044
2.28988981247	0.12	-0.256	2.044
2.29176998138	-0.02	-0.336	2.044
2.29364895821	-0.02	-0.336	2.044
2.29554796219	-0.02	-0.336	2.044
2.29742980003	-0.152	0.0	-0.952
2.29930782318	-0.152	0.0	-0.952
2.30117988586	-0.152	0.0	-0.952
2.3030538559	-0.012	0.092	-0.296
2.30493497849	-0.012	0.092	-0.296
2.30681490898	0.12	-0.22	2.044
2.30869483948	0.12	-0.22	2.044
2.31057286263	0.12	-0.22	2.044
2.31247282028	0.004	-0.344	2.044
2.3143529892	0.004	-0.344	2.044
2.31623077393	0.004	-0.344	2.044
2.3181078434	-0.136	-0.028	-0.66
2.32000398636	-0.136	-0.028	-0.66
2.3218858242	-0.136	-0.028	-0.66
2.32376599312	-0.052	0.108	-0.676
2.32564496994	-0.052	0.108	-0.676
2.32754278183	0.112	-0.18	2.044
2.32943582535	0.112	-0.18	2.044
2.33131790161	0.112	-0.18	2.044
2.33319592476	0.036	-0.336	2.044
2.33507299423	0.036	-0.336	2.044
2.33695292473	0.036	-0.336	2.044
2.3388338089	-0.136	-0.092	-0.28
2.34071278572	-0.136	-0.092	-0.28
2.34259200096	-0.06	0.096	-0.964
2.34448981285	-0.06	0.096	-0.964
2.34637188911	-0.06	0.096	-0.964
2.34825086594	0.1	-0.124	2.004
2.35013580322	0.1	-0.124	2.004
2.35201382637	0.1	-0.124	2.004
2.35389399529	0.072	-0.36	2.044
2.35577082634	0.072	-0.36	2.044
2.35764884949	0.072	-0.36	2.044
2.35955190659	-0.104	-0.156	0.144
2.36143898964	-0.104	-0.156	0.144
2.36331892014	-0.1	0.092	-1.176
2.36519885063	-0.1	0.092	-1.176
2.36707687378	-0.1	0.092	-1.176
2.36896491051	0.076	-0.068	1.54
2.37084388733	0.076	-0.068	1.54
2.37273097038	0.076	-0.068	1.54
2.37460899353	0.1	-0.324	2.044
2.37650585175	0.1	-0.324	2.044
2.37838578224	-0.088	-0.204	0.64
2.3802728653	-0.088	-0.204	0.64
2.38215184212	-0.088	-0.204	0.64
2.38403177261	-0.112	0.088	-1.26
2.38591194153	-0.112	0.088	-1.26
2.38783192635	-0.112	0.088	-1.26
2.38971877098	0.06	-0.012	1.052
2.39160299301	0.06	-0.012	1.052
2.39348387718	0.108	-0.316	2.044
2.395362854	0.108	-0.316	2.044
2.39724087715	0.108	-0.316	2.044
2.39912486076	-0.076	-0.252	1.136
2.40099787712	-0.076	-0.252	1.136
2.40287089348	-0.076	-0.252	1.136
2.40474081039	-0.136	0.06	-1.264
2.4066119194	-0.136	0.06	-1.264
2.40850186348	-0.136	0.06	-1.264
2.41038799286	0.048	0.032	0.56
2.4122698307	0.048	0.032	0.56
2.4141459465	0.124	-0.28	2.044
2.416025877	0.124	-0.28	2.044
2.41790390015	0.124	-0.28	2.044
2.41979289055	-0.056	-0.3	1.656
2.42168688774	-0.056	-0.3	1.656
2.42356777191	-0.056	-0.3	1.656
2.42545890808	-0.14	0.024	-1.148
2.42733883858	-0.14	0.024	-1.148
2.42921996117	0.004	0.072	0.076
2.43109488487	0.004	0.072	0.076
2.43297195435	0.004	0.072	0.076
2.43484687805	0.124	-0.26	2.044
2.4367249012	0.124	-0.26	2.044
2.43860292435	0.124	-0.26	2.044
2.44050693512	-0.016	-0.328	2.044
2.44238781929	-0.016	-0.328	2.044
2.4442679882	-0.016	-0.328	2.044
2.44614982605	-0.132	0.004	-0.944
2.44803285599	-0.132	0.004	-0.944
2.44991898537	-0.02	0.092	-0.352
2.45179796219	-0.02	0.092	-0.352
2.45367598534	-0.02	0.092	-0.352
2.45557188988	0.104	-0.216	2.044
2.45745396614	0.104	-0.216	2.044
2.45933794975	0.104	-0.216	2.044
2.4612159729	0.004	-0.352	2.044
2.46309399605	0.004	-0.352	2.044
2.46497392654	-0.132	-0.052	-0.62
2.46685576439	-0.132	-0.052	-0.62
2.46873688698	-0.132	-0.052	-0.62
2.4706158638	-0.048	0.112	-0.716
2.47251486778	-0.048	0.112	-0.716
2.47439599037	-0.048	0.112	-0.716
2.47627592087	0.116	-0.176	2.044
2.47816777229	0.116	-0.176	2.044
2.48005700111	0.008	-0.348	2.044
2.48193597794	0.008	-0.348	2.044
2.48381400108	0.008	-0.348	2.044
2.48569178581	-0.136	-0.1	-0.232
2.48757576942	-0.136	-0.1	-0.232
2.48946499825	-0.136	-0.1	-0.232
2.49134683609	-0.08	0.108	-1.004
2.49322676659	-0.08	0.108	-1.004
2.49510598183	-0.08	0.108	-1.004
2.496986866	0.096	-0.124	1.94
2.49886679649	0.096	-0.124	1.94
2.50074481964	0.064	-0.34	2.044
2.50262188911	0.064	-0.34	2.044
2.50451779366	0.064	-0.34	2.044
2.50640082359	-0.112	-0.164	0.236
2.50828099251	-0.112	-0.164	0.236
2.51016688347	-0.112	-0.164	0.236
2.51204681396	-0.096	0.084	-1.192
2.51392793655	-0.096	0.084	-1.192
2.51580786705	0.104	-0.068	1.476
2.51768493652	0.104	-0.068	1.476
2.51958584785	0.104	-0.068	1.476
2.52146697044	0.096	-0.328	2.044
2.52334594727	0.096	-0.328	2.044
2.52522492409	0.096	-0.328	2.044
2.52710294724	-0.08	-0.208	0.704
2.52899098396	-0.08	-0.208	0.704
2.53087997437	-0.136	0.084	-1.28
2.53275990486	-0.136	0.084	-1.28
2.53463888168	-0.136	0.084	-1.28
2.53654193878	0.072	-0.016	0.984
2.5384209156	0.072	-0.016	0.984
2.54030585289	0.072	-0.016	0.984
2.54218292236	0.108	-0.32	2.044
2.54406094551	0.108	-0.32	2.044
2.54594087601	0.108	-0.32	2.044
2.54781985283	-0.064	-0.264	1.212
2.54970192909	-0.064	-0.264	1.212
2.55158495903	-0.144	0.068	-1.252
2.5534658432	-0.144	0.068	-1.252
2.55534696579	-0.144	0.068	-1.252
2.55722594261	0.036	0.04	0.496
2.55910778046	0.036	0.04	0.496
2.5609858036	0.036	0.04	0.496
2.56286096573	0.124	-0.276	2.044
2.56474280357	0.124	-0.276	2.044
2.5666217804	-0.044	-0.308	1.7
2.56852078438	-0.044	-0.308	1.7
2.57040286064	-0.044	-0.308	1.7
2.57228088379	-0.168	0.024	-1.12
2.57416081429	-0.168	0.024	-1.12
2.57604193687	-0.168	0.024	-1.12
2.57792186737	0.008	0.072	0.008
2.57980394363	0.008	0.072	0.008
2.58167886734	0.008	0.072	0.008
2.58358287811	0.124	-0.248	2.044
2.58546495438	0.124	-0.248	2.044
2.58734297752	-0.008	-0.364	2.044
2.58922886848	-0.008	-0.364	2.044
2.59110784531	-0.008	-0.364	2.044
2.59298992157	-0.14	-0.016	-0.896
2.59487390518	-0.14	-0.016	-0.896
2.59675478935	-0.14	-0.016	-0.896
2.59863495827	-0.024	0.1	-0.4
2.60053086281	-0.024	0.1	-0.4
2.60240387917	0.116	-0.216	2.044
2.60427498817	0.116	-0.216	2.044
2.60614585876	0.116	-0.216	2.044
2.60801696777	0.024	-0.356	2.044
2.60990190506	0.024	-0.356	2.044
2.61178684235	0.024	-0.356	2.044
2.61366486549	-0.14	-0.048	-0.588
2.61556482315	-0.14	-0.048	-0.588
2.61744785309	-0.048	0.116	-0.76
2.61933493614	-0.048	0.116	-0.76
2.62121486664	-0.048	0.116	-0.76
2.6230969429	0.104	-0.164	2.044
2.62497878075	0.104	-0.164	2.044
2.62685680389	0.104	-0.164	2.044
2.62873697281	0.036	-0.352	2.044
2.63061690331	0.036	-0.352	2.044
2.63251495361	0.036	-0.352	2.044
2.63439488411	-0.12	-0.096	-0.184
2.63628387451	-0.12	-0.096	-0.184
2.63816595078	-0.084	0.108	-1.036
2.64005279541	-0.084	0.108	-1.036
2.64193296432	-0.084	0.108	-1.036
2.64381194115	0.1	-0.124	1.892
2.64568996429	0.1	-0.124	1.892
2.64758992195	0.1	-0.124	1.892
2.64947795868	0.072	-0.336	2.044
2.65135598183	0.072	-0.336	2.044
2.653236866	-0.1	-0.168	0.272
2.65511584282	-0.1	-0.168	0.272
2.65699577332	-0.1	-0.168	0.272
2.65887594223	-0.096	0.08	-1.196
2.66075396538	-0.096	0.08	-1.196
2.66263198853	-0.096	0.08	-1.196
2.66452980042	0.08	-0.044	1.412
2.66640877724	0.08	-0.044	1.412
2.66828680038	0.08	-0.044	1.412
2.67017197609	0.096	-0.328	2.044
2.67204999924	0.096	-0.328	2.044
2.67392897606	-0.084	-0.22	0.76
2.67580890656	-0.084	-0.22	0.76
2.67769885063	-0.084	-0.22	0.76
2.67959880829	-0.12	0.088	-1.292
2.68148684502	-0.12	0.088	-1.292
2.68336796761	-0.12	0.088	-1.292
2.6852478981	0.06	0.004	0.916
2.68712282181	0.06	0.004	0.916
2.689016819	0.104	-0.316	2.044
2.69089579582	0.104	-0.316	2.044
2.69277381897	0.104	-0.316	2.044
2.69465279579	-0.06	-0.272	1.272
2.6965508461	-0.06	-0.272	1.272
2.69847989082	-0.06	-0.272	1.272
2.70036196709	-0.144	0.06	-1.236
2.70224285126	-0.144	0.06	-1.236
2.70412182808	0.032	0.044	0.432
2.70599985123	0.032	0.044	0.432
2.70787477493	0.032	0.044	0.432
2.7097568512	0.12	-0.268	2.044
2.71163988113	0.12	-0.268	2.044
2.7135207653	0.12	-0.268	2.044
2.71539878845	-0.06	-0.304	1.784
2.71727895737	-0.06	-0.304	1.784
2.71916484833	-0.06	-0.304	1.784
2.72104692459	-0.14	0.016	-1.1
2.72292590141	-0.14	0.016	-1.1
2.72480583191	0.0	0.092	-0.032
2.72667479515	0.0	0.092	-0.032
2.7285618782	0.0	0.092	-0.032
2.73043584824	0.12	-0.228	2.044
2.73231482506	0.12	-0.228	2.044
2.73419499397	0.12	-0.228	2.044
2.73607397079	-0.028	-0.336	2.044
2.73795580864	-0.028	-0.336	2.044
2.73983979225	-0.148	-0.02	-0.856
2.74173092842	-0.148	-0.02	-0.856
2.74361395836	-0.148	-0.02	-0.856
2.7454969883	-0.016	0.096	-0.448
2.74737787247	-0.016	0.096	-0.448
2.74925780296	-0.016	0.096	-0.448
2.75113892555	0.136	-0.192	2.044
2.75301980972	0.136	-0.192	2.044
2.75489878654	0.136	-0.192	2.044
2.75677800179	0.008	-0.34	2.044
2.75865578651	0.008	-0.34	2.044
2.7605779171	-0.132	-0.052	-0.54
2.76246380806	-0.132	-0.052	-0.54
2.76434397697	-0.132	-0.052	-0.54
2.76622486115	-0.06	0.116	-0.784
2.76810479164	-0.06	0.116	-0.784
2.76999592781	-0.06	0.116	-0.784
2.77187585831	0.104	-0.152	2.044
2.77375483513	0.104	-0.152	2.044
2.77563285828	0.044	-0.348	2.044
2.77751493454	0.044	-0.348	2.044
2.7794008255	0.044	-0.348	2.044
2.78128099442	-0.12	-0.116	-0.132
2.78316187859	-0.12	-0.116	-0.132
2.78504395485	-0.12	-0.116	-0.132
2.78692483902	-0.092	0.108	-1.044
2.78880691528	-0.092	0.108	-1.044
2.79068589211	0.092	-0.112	1.844
2.7925798893	0.092	-0.112	1.844
2.79447078705	0.092	-0.112	1.844
2.79635095596	0.076	-0.332	2.044
2.79823184013	0.076	-0.332	2.044
2.8001139164	0.076	-0.332	2.044
2.80198597908	-0.116	-0.172	0.328
2.80385780334	-0.116	-0.172	0.328
2.80572795868	-0.116	-0.172	0.328
2.80761384964	-0.1	0.08	-1.224
2.80949187279	-0.1	0.08	-1.224
2.8113758564	0.076	-0.048	1.352
2.81325483322	0.076	-0.048	1.352
2.81513381004	0.076	-0.048	1.352
2.81701278687	0.1	-0.32	2.044
2.81889796257	0.1	-0.32	2.044
2.82077693939	0.1	-0.32	2.044
2.82265496254	-0.08	-0.232	0.804
2.82455277443	-0.08	-0.232	0.804
2.82643294334	-0.128	0.076	-1.272
2.82831692696	-0.128	0.076	-1.272
2.83020377159	-0.128	0.076	-1.272
2.83208394051	0.048	0.004	0.868
2.83396196365	0.048	0.004	0.868
2.83583784103	0.048	0.004	0.868
2.83771276474	0.108	-0.3	2.044
2.8396217823	0.108	-0.3	2.044
2.84150385857	-0.06	-0.268	1.308
2.84338498116	-0.06	-0.268	1.308
2.84526395798	-0.06	-0.268	1.308
2.84715294838	-0.148	0.048	-1.232
2.84903693199	-0.148	0.048	-1.232
2.85091686249	-0.148	0.048	-1.232
2.85279679298	0.032	0.06	0.376
2.85467290878	0.032	0.06	0.376
2.85657191277	0.032	0.06	0.376
2.85844898224	0.116	-0.276	2.044
2.8603348732	0.116	-0.276	2.044
2.86221289635	-0.044	-0.316	1.812
2.86409187317	-0.044	-0.316	1.812
2.86597299576	-0.044	-0.316	1.812
2.86785197258	-0.152	0.02	-1.08
2.86973881721	-0.152	0.02	-1.08
2.87162590027	-0.152	0.02	-1.08
2.87350678444	-0.004	0.1	-0.08
2.87538599968	-0.004	0.1	-0.08
2.8772649765	0.12	-0.236	2.044
2.87914896011	0.12	-0.236	2.044
2.88103079796	0.12	-0.236	2.044
2.88290882111	-0.012	-0.336	2.044
2.88478899002	-0.012	-0.336	2.044
2.88667178154	-0.012	-0.336	2.044
2.88857078552	-0.148	-0.024	-0.824
2.89045381546	-0.148	-0.024	-0.824
2.89233493805	-0.148	-0.024	-0.824
2.89421677589	-0.028	0.096	-0.496
2.89609694481	-0.028	0.096	-0.496
2.89797782898	0.112	-0.192	2.044
2.89987182617	0.112	-0.192	2.044
2.90175080299	0.112	-0.192	2.044
2.90362977982	0.016	-0.356	2.044
2.90550899506	0.016	-0.356	2.044
2.90738677979	0.016	-0.356	2.044
2.90927290916	-0.14	-0.06	-0.48
2.91115283966	-0.14	-0.06	-0.48
2.91303491592	-0.052	0.124	-0.84
2.91491699219	-0.052	0.124	-0.84
2.91679596901	-0.052	0.124	-0.84
2.91873478889	0.104	-0.152	2.044
2.9206199646	0.104	-0.152	2.044
2.9224998951	0.104	-0.152	2.044
2.92437791824	0.032	-0.348	2.044
2.92625594139	0.032	-0.348	2.044
2.92813396454	-0.124	-0.124	-0.06
2.93001699448	-0.124	-0.124	-0.06
2.93189692497	-0.124	-0.124	-0.06
2.93377685547	-0.076	0.1	-1.076
2.93565678596	-0.076	0.1	-1.076
2.93753695488	-0.076	0.1	-1.076
2.93942379951	0.08	-0.1	1.772
2.94130277634	0.08	-0.1	1.772
2.94318079948	0.08	-0.1	1.772
2.94506287575	0.068	-0.344	2.044
2.9469408989	0.068	-0.344	2.044
2.94882082939	-0.12	-0.176	0.4
2.95069980621	-0.12	-0.176	0.4
2.95260596275	-0.12	-0.176	0.4
2.95448589325	-0.12	0.084	-1.24
2.95636582375	-0.12	0.084	-1.24
2.95824694633	-0.12	0.084	-1.24
2.96013379097	0.076	-0.044	1.296
2.96201395988	0.076	-0.044	1.296
2.96389198303	0.096	-0.332	2.044
2.96577095985	0.096	-0.332	2.044
2.96765089035	0.096	-0.332	2.044
2.9695379734	-0.088	-0.228	0.888
2.97141981125	-0.088	-0.228	0.888
2.97330379486	-0.088	-0.228	0.888
2.97518491745	-0.132	0.068	-1.28
2.97706699371	-0.132	0.068	-1.28
2.97894787788	-0.132	0.068	-1.28
2.98082780838	0.044	0.012	0.796
2.9827029705	0.044	0.012	0.796
2.9845957756	0.12	-0.288	2.044
2.98647499084	0.12	-0.288	2.044
2.98835396767	0.12	-0.288	2.044
2.99023890495	-0.044	-0.284	1.396
2.99211978912	-0.044	-0.284	1.396
2.99400091171	-0.044	-0.284	1.396
2.99588084221	-0.148	0.048	-1.224
2.99776077271	-0.148	0.048	-1.224
2.99969983101	0.028	0.048	0.312
3.00157189369	0.028	0.048	0.312
3.00344395638	0.028	0.048	0.312
3.00532388687	0.124	-0.28	2.044
3.00719499588	0.124	-0.28	2.044
3.00906991959	0.124	-0.28	2.044
3.01094985008	-0.04	-0.312	1.876
3.01282787323	-0.04	-0.312	1.876
3.01470589638	-0.14	0.016	-1.036
3.01660180092	-0.14	0.016	-1.036
3.01847982407	-0.14	0.016	-1.036
3.02036499977	-0.024	0.092	-0.124
3.0222427845	-0.024	0.092	-0.124
3.02411985397	-0.024	0.092	-0.124
3.0259988308	0.136	-0.236	2.044
3.02787685394	0.136	-0.236	2.044
3.02975988388	0.136	-0.236	2.044
3.03164982796	-0.024	-0.344	2.044
3.03353095055	-0.024	-0.344	2.044
3.03540897369	-0.144	-0.028	-0.792
3.03728699684	-0.144	-0.028	-0.792
3.03917193413	-0.144	-0.028	-0.792
3.04109883308	-0.036	0.104	-0.544
3.0429828167	-0.036	0.104	-0.544
3.04486179352	-0.036	0.104	-0.544
3.04673981667	0.12	-0.192	2.044
3.04868578911	0.12	-0.192	2.044
3.05056881905	0.02	-0.356	2.044
3.05244588852	0.02	-0.356	2.044
3.05432391167	0.02	-0.356	2.044
3.05620193481	-0.132	-0.072	-0.444
3.05809283257	-0.132	-0.072	-0.444
3.05997991562	-0.132	-0.072	-0.444
3.06186389923	-0.064	0.116	-0.864
3.06375479698	-0.064	0.116	-0.864
3.06563687325	0.092	-0.144	2.044
3.06751585007	0.092	-0.144	2.044
3.06940078735	0.092	-0.144	2.044
3.07128000259	0.044	-0.348	2.044
3.07315993309	0.044	-0.348	2.044
3.07503986359	0.044	-0.348	2.044
3.07691884041	-0.096	-0.12	-0.016
3.078799963	-0.096	-0.12	-0.016
3.08069396019	-0.096	-0.12	-0.016
3.08257389069	-0.092	0.108	-1.1
3.08445382118	-0.092	0.108	-1.1
3.0863339901	0.088	-0.092	1.716
3.08821296692	0.088	-0.092	1.716
3.090102911	0.088	-0.092	1.716
3.09198188782	0.088	-0.336	2.044
3.09385991096	0.088	-0.336	2.044
3.09574985504	0.088	-0.336	2.044
3.09763097763	-0.108	-0.18	0.456
3.0995118618	-0.108	-0.18	0.456
3.1013917923	-0.116	0.088	-1.252
3.10327196121	-0.116	0.088	-1.252
3.10515379906	-0.116	0.088	-1.252
3.10703396797	0.072	-0.036	1.236
3.10892081261	0.072	-0.036	1.236
3.11080789566	0.072	-0.036	1.236
3.11270189285	0.096	-0.308	2.044
3.11458182335	0.096	-0.308	2.044
3.11646080017	0.096	-0.308	2.044
3.11833882332	-0.084	-0.244	0.952
3.12022781372	-0.084	-0.244	0.952
3.12210893631	-0.132	0.06	-1.264
3.12398791313	-0.132	0.06	-1.264
3.12586688995	-0.132	0.06	-1.264
3.1277577877	0.048	0.02	0.736
3.12966394424	0.048	0.02	0.736
3.1315407753	0.048	0.02	0.736
3.13341593742	0.108	-0.288	2.044
3.13529491425	0.108	-0.288	2.044
3.13717484474	-0.06	-0.296	1.456
3.13906097412	-0.06	-0.296	1.456
3.14094090462	-0.06	-0.296	1.456
3.14282298088	-0.148	0.036	-1.196
3.14471578598	-0.148	0.036	-1.196
3.1465959549	-0.148	0.036	-1.196
3.14847898483	0.02	0.064	0.248
3.15035581589	0.02	0.064	0.248
3.15223288536	0.12	-0.264	2.044
3.15411090851	0.12	-0.264	2.044
3.15598797798	0.12	-0.264	2.044
3.1578669548	-0.028	-0.324	1.94
3.15976476669	-0.028	-0.324	1.94
3.16164779663	-0.028	-0.324	1.94
3.16354489326	-0.148	0.012	-1.012
3.16542577744	-0.148	0.012	-1.012
3.16730594635	-0.148	0.012	-1.012
3.16919183731	-0.004	0.092	-0.2
3.17106389999	-0.004	0.092	-0.2
3.17293381691	0.12	-0.228	2.044
3.17480397224	0.12	-0.228	2.044
3.17669081688	0.12	-0.228	2.044
3.17856478691	0.0	-0.336	2.044
3.18043994904	0.0	-0.336	2.044
3.1823117733	0.0	-0.336	2.044
3.18418288231	-0.144	-0.02	-0.728
3.18606495857	-0.144	-0.02	-0.728
3.18794488907	-0.04	0.1	-0.6
3.18982577324	-0.04	0.1	-0.6
3.19170498848	-0.04	0.1	-0.6
3.19358491898	0.12	-0.192	2.044
3.19546484947	0.12	-0.192	2.044
3.19734287262	0.12	-0.192	2.044
3.19922685623	0.02	-0.352	2.044
3.20109987259	0.02	-0.352	2.044
3.2029709816	0.02	-0.352	2.044
3.20484185219	-0.132	-0.088	-0.384
3.20671796799	-0.132	-0.088	-0.384
3.20861291885	-0.06	0.1	-0.908
3.21049594879	-0.06	0.1	-0.908
3.21237492561	-0.06	0.1	-0.908
3.21425485611	0.104	-0.128	2.044
3.21614289284	0.104	-0.128	2.044
3.21802282333	0.104	-0.128	2.044
3.21990680695	0.068	-0.34	2.044
3.22178578377	0.068	-0.34	2.044
3.22367191315	-0.108	-0.14	0.048
3.22555279732	-0.108	-0.14	0.048
3.22743177414	-0.108	-0.14	0.048
3.22931694984	-0.096	0.104	-1.128
3.23119688034	-0.096	0.104	-1.128
3.23307681084	-0.096	0.104	-1.128
3.23495697975	0.092	-0.092	1.652
3.23683786392	0.092	-0.092	1.652
3.23871779442	0.08	-0.34	2.044
3.24061489105	0.08	-0.34	2.044
3.24249482155	0.08	-0.34	2.044
3.2443728447	-0.1	-0.192	0.532
3.24625182152	-0.1	-0.192	0.532
3.24813079834	-0.1	-0.192	0.532
3.25001788139	-0.116	0.096	-1.236
3.25189685822	-0.116	0.096	-1.236
3.25377678871	-0.116	0.096	-1.236
3.25567579269	0.056	-0.024	1.168
3.25755691528	0.056	-0.024	1.168
3.2594408989	0.108	-0.316	2.044
3.26131892204	0.108	-0.316	2.044
3.26319789886	0.108	-0.316	2.044
3.2650809288	-0.08	-0.252	1.02
3.2669608593	-0.08	-0.252	1.02
3.26885294914	-0.08	-0.252	1.02
3.27073287964	-0.132	0.064	-1.272
3.27263188362	-0.132	0.064	-1.272
3.27451181412	0.04	0.028	0.672
3.27638888359	0.04	0.028	0.672
3.27826499939	0.04	0.028	0.672
3.28014779091	0.116	-0.3	2.044
3.28202581406	0.116	-0.3	2.044
3.2839038372	0.116	-0.3	2.044
3.28578186035	-0.048	-0.316	1.52
3.28767991066	-0.048	-0.316	1.52
3.28956794739	-0.048	-0.316	1.52
3.29144787788	-0.136	0.056	-1.184
3.29332685471	-0.136	0.056	-1.184
3.29520988464	0.008	0.068	0.184
3.29708790779	0.008	0.068	0.184
3.29897093773	0.008	0.068	0.184
3.30084490776	0.104	-0.26	2.044
3.30272388458	0.104	-0.26	2.044
3.30462098122	0.104	-0.26	2.044
3.30650091171	-0.028	-0.324	2.004
3.30837988853	-0.028	-0.324	2.004
3.31026697159	-0.144	0.004	-0.984
3.31214690208	-0.144	0.004	-0.984
3.31402683258	-0.144	0.004	-0.984
3.31590485573	-0.012	0.096	-0.252
3.31778478622	-0.012	0.096	-0.252
3.31968379021	-0.012	0.096	-0.252
3.32157993317	0.112	-0.22	2.044
3.3234629631	0.112	-0.22	2.044
3.32534193993	0.004	-0.34	2.044
3.32721996307	0.004	-0.34	2.044
3.32910490036	0.004	-0.34	2.044
3.33098483086	-0.144	-0.036	-0.696
3.33286380768	-0.144	-0.036	-0.696
3.33474397659	-0.144	-0.036	-0.696
3.33664083481	-0.048	0.108	-0.644
3.3385207653	-0.048	0.108	-0.644
3.34040093422	-0.048	0.108	-0.644
3.34930586815	0.024	-0.36	2.044
3.35126399994	-0.116	-0.088	-0.308
3.35315299034	-0.116	-0.088	-0.308
3.35503482819	-0.116	-0.088	-0.308
3.35691690445	-0.072	0.112	-0.952
3.35879898071	-0.072	0.112	-0.952
3.36070084572	-0.072	0.112	-0.952
3.36257982254	0.116	-0.144	2.044
3.36445879936	0.116	-0.144	2.044
3.36633777618	0.072	-0.356	2.044
3.36821699142	0.072	-0.356	2.044
3.37010383606	0.072	-0.356	2.044
3.37198781967	-0.112	-0.152	0.12
3.37386894226	-0.112	-0.152	0.12
3.37574791908	-0.112	-0.152	0.12
3.37762880325	-0.096	0.092	-1.148
3.37951683998	-0.096	0.092	-1.148
3.3814239502	0.076	-0.072	1.584
3.38330388069	0.076	-0.072	1.584
3.38518476486	0.076	-0.072	1.584
3.38706493378	0.084	-0.332	2.044
3.38894987106	0.084	-0.332	2.044
3.39082884789	0.084	-0.332	2.044
3.39272284508	-0.08	-0.208	0.604
3.39460277557	-0.08	-0.208	0.604
3.39648199081	-0.08	-0.208	0.604
3.39836096764	-0.132	0.096	-1.272
3.40024399757	-0.132	0.096	-1.272
3.40211796761	0.068	-0.024	1.084
3.40398788452	0.068	-0.024	1.084
3.40585899353	0.068	-0.024	1.084
3.40772891045	0.108	-0.316	2.044
3.40975284576	0.108	-0.316	2.044
3.41163396835	0.108	-0.316	2.044
3.41351294518	-0.084	-0.248	1.1
3.41539287567	-0.084	-0.248	1.1
3.41727495193	-0.16	0.076	-1.256
3.41916680336	-0.16	0.076	-1.256
3.42104792595	-0.16	0.076	-1.256
3.42292690277	0.036	0.032	0.592
3.42480492592	0.036	0.032	0.592
3.4266808033	0.036	0.032	0.592
3.4285569191	0.12	-0.288	2.044
3.43043684959	0.12	-0.288	2.044
3.43231582642	-0.048	-0.304	1.6
3.43420886993	-0.048	-0.304	1.6
3.43608999252	-0.048	-0.304	1.6
3.43796896935	-0.148	0.032	-1.164
3.43985581398	-0.148	0.032	-1.164
3.44173693657	-0.148	0.032	-1.164
3.44361591339	0.02	0.056	0.116
3.44549179077	0.02	0.056	0.116
3.44737291336	0.02	0.056	0.116
3.44930887222	0.116	-0.26	2.044
3.45119094849	0.116	-0.26	2.044
3.45306992531	0.0	-0.336	2.044
3.45494198799	0.0	-0.336	2.044
3.45681476593	0.0	-0.336	2.044
3.45868778229	-0.14	-0.004	-0.948
3.4605679512	-0.14	-0.004	-0.948
3.4624478817	-0.14	-0.004	-0.948
3.46432781219	-0.024	0.1	-0.32
3.46620893478	-0.024	0.1	-0.32
3.46808695793	0.12	-0.212	2.044
3.46997284889	0.12	-0.212	2.044
3.47185182571	0.12	-0.212	2.044
3.47373199463	0.0	-0.344	2.044
3.47560191154	0.0	-0.344	2.044
3.4774749279	0.0	-0.344	2.044
3.47935199738	-0.148	-0.056	-0.64
3.48123788834	-0.148	-0.056	-0.64
3.48311877251	-0.148	-0.056	-0.64
3.4849998951	-0.044	0.108	-0.7
3.48688793182	-0.044	0.108	-0.7
3.48878288269	0.084	-0.16	2.044
3.49066090584	0.084	-0.16	2.044
3.49253892899	0.084	-0.16	2.044
3.49441695213	0.036	-0.352	2.044
3.49629592896	0.036	-0.352	2.044
3.49817490578	0.036	-0.352	2.044
3.50005984306	-0.12	-0.088	-0.256
3.50193977356	-0.12	-0.088	-0.256
3.50382685661	-0.08	0.104	-0.98
3.5057117939	-0.08	0.104	-0.98
3.50759196281	-0.08	0.104	-0.98
3.5094769001	0.1	-0.108	1.972
3.51135587692	0.1	-0.108	1.972
3.51323699951	0.1	-0.108	1.972
3.51511788368	0.068	-0.344	2.044
3.51699590683	0.068	-0.344	2.044
3.51887583733	-0.104	-0.16	0.188
3.52076888084	-0.104	-0.16	0.188
3.52264881134	-0.104	-0.16	0.188
3.52452778816	-0.1	0.08	-1.172
3.52640581131	-0.1	0.08	-1.172
3.5282869339	-0.1	0.08	-1.172
3.53017497063	0.076	-0.064	1.516
3.53205490112	0.076	-0.064	1.516
3.5339319706	0.076	-0.064	1.516
3.53582596779	0.092	-0.332	2.044
3.53770589828	0.092	-0.332	2.044
3.53966999054	-0.088	-0.208	0.672
3.54155278206	-0.088	-0.208	0.672
3.54343390465	-0.088	-0.208	0.672
3.54531478882	-0.128	0.084	-1.264
3.54719591141	-0.128	0.084	-1.264
3.54908490181	-0.128	0.084	-1.264
3.55096483231	0.052	-0.008	0.996
3.55284500122	0.052	-0.008	0.996
3.55472397804	0.108	-0.316	2.044
3.55660200119	0.108	-0.316	2.044
3.55848097801	0.108	-0.316	2.044
3.56036090851	-0.068	-0.248	1.176
3.56224179268	-0.068	-0.248	1.176
3.56412577629	-0.068	-0.248	1.176
3.56600594521	-0.148	0.072	-1.252
3.56788682938	-0.148	0.072	-1.252
3.56977391243	0.032	0.04	0.512
3.57164883614	0.032	0.04	0.512
3.57352399826	0.032	0.04	0.512
3.57539987564	0.124	-0.292	2.044
3.57727980614	0.124	-0.292	2.044
3.57916498184	0.124	-0.292	2.044
3.58104395866	-0.06	-0.304	1.66
3.58292579651	-0.06	-0.304	1.66
3.58480882645	-0.06	-0.304	1.66
3.58669185638	-0.144	0.012	-1.136
3.58856987953	-0.144	0.012	-1.136
3.59044981003	0.016	0.072	0.044
3.59233593941	0.016	0.072	0.044
3.59421896935	0.016	0.072	0.044
3.59612798691	0.136	-0.252	2.044
3.5980079174	0.136	-0.252	2.044
3.59988498688	0.136	-0.252	2.044
3.60175585747	-0.016	-0.34	2.044
3.60362792015	-0.016	-0.34	2.044
3.60549879074	-0.144	-0.016	-0.92
3.60737085342	-0.144	-0.016	-0.92
3.60924983025	-0.144	-0.016	-0.92
3.61113476753	-0.008	0.096	-0.376
3.61301589012	-0.008	0.096	-0.376
3.61489677429	-0.008	0.096	-0.376
3.61681485176	0.12	-0.216	2.044
3.61869978905	0.12	-0.216	2.044
3.62057995796	0.12	-0.216	2.044
3.62246179581	0.008	-0.36	2.044
3.62434196472	0.008	-0.36	2.044
3.62622284889	-0.14	-0.056	-0.596
3.62810277939	-0.14	-0.056	-0.596
3.62998485565	-0.14	-0.056	-0.596
3.63186597824	-0.052	0.12	-0.756
3.63374686241	-0.052	0.12	-0.756
3.63562679291	-0.052	0.12	-0.756
3.63750696182	0.108	-0.164	2.044
3.63939189911	0.108	-0.164	2.044
3.64127397537	0.048	-0.352	2.044
3.64315390587	0.048	-0.352	2.044
3.64504384995	0.048	-0.352	2.044
3.64692282677	-0.128	-0.092	-0.204
3.64881587029	-0.128	-0.092	-0.204
3.65069580078	-0.128	-0.092	-0.204
3.65257978439	-0.084	0.128	-1.012
3.65445899963	-0.084	0.128	-1.012
3.6563398838	0.1	-0.108	1.912
3.65821886063	0.1	-0.108	1.912
3.66010379791	0.1	-0.108	1.912
3.66198182106	0.076	-0.34	2.044
3.66385984421	0.076	-0.34	2.044
3.66573882103	0.076	-0.34	2.044
3.66761684418	-0.1	-0.168	0.256
3.66950297356	-0.1	-0.168	0.256
3.6713809967	-0.1	-0.168	0.256
3.67326283455	-0.1	0.088	-1.204
3.67514276505	-0.1	0.088	-1.204
3.67702293396	0.076	-0.056	1.436
3.67890191078	0.076	-0.056	1.436
3.68079686165	0.076	-0.056	1.436
3.68267583847	0.088	-0.324	2.044
3.68455386162	0.088	-0.324	2.044
3.68643188477	0.088	-0.324	2.044
3.68831086159	-0.076	-0.228	0.728
3.69019889832	-0.076	-0.228	0.728
3.69207882881	-0.132	0.08	-1.276
3.69395899773	-0.132	0.08	-1.276
3.69585180283	-0.132	0.08	-1.276
3.69775295258	0.048	0.004	0.932
3.69965982437	0.048	0.004	0.932
3.70153784752	0.048	0.004	0.932
3.70341587067	0.108	-0.308	2.044
3.70529699326	0.108	-0.308	2.044
3.70717477798	0.108	-0.308	2.044
3.70905900002	-0.068	-0.272	1.26
3.71094298363	-0.068	-0.272	1.26
3.71282577515	-0.14	0.06	-1.252
3.71470999718	-0.14	0.06	-1.252
3.716588974	-0.14	0.06	-1.252
3.71846795082	0.036	0.044	0.44
3.72034597397	0.036	0.044	0.44
3.72222280502	0.036	0.044	0.44
3.72409796715	0.104	-0.272	2.044
3.7259759903	0.104	-0.272	2.044
3.72785592079	-0.04	-0.312	1.74
3.72974276543	-0.04	-0.312	1.74
3.73162293434	-0.04	-0.312	1.74
3.73350191116	-0.148	0.016	-1.104
3.73538088799	-0.148	0.016	-1.104
3.73726296425	-0.148	0.016	-1.104
3.73915481567	0.004	0.076	-0.02
3.74103283882	0.004	0.076	-0.02
3.74290895462	0.128	-0.24	2.044
3.74479985237	0.128	-0.24	2.044
3.74667882919	0.128	-0.24	2.044
3.74855685234	-0.016	-0.34	2.044
3.75044798851	-0.016	-0.34	2.044
3.75232791901	-0.016	-0.34	2.044
3.7542078495	-0.136	-0.016	-0.88
3.75608992577	-0.136	-0.016	-0.88
3.75796890259	-0.136	-0.016	-0.88
3.75985980034	-0.02	0.08	-0.428
3.76173996925	-0.02	0.08	-0.428
3.7636179924	0.112	-0.204	2.044
3.76549696922	0.112	-0.204	2.044
3.76737499237	0.112	-0.204	2.044
3.76926589012	0.016	-0.356	2.044
3.77114486694	0.016	-0.356	2.044
3.77302384377	0.016	-0.356	2.044
3.77490186691	-0.132	-0.064	-0.54
3.77679586411	-0.132	-0.064	-0.54
3.77873778343	-0.056	0.108	-0.788
3.78062295914	-0.056	0.108	-0.788
3.78250288963	-0.056	0.108	-0.788
3.7843837738	0.112	-0.164	2.044
3.78626394272	0.112	-0.164	2.044
3.78814077377	0.112	-0.164	2.044
3.79002690315	0.04	-0.348	2.044
3.7919049263	0.04	-0.348	2.044
3.79378390312	0.04	-0.348	2.044
3.79566192627	-0.12	-0.096	-0.148
3.79754590988	-0.12	-0.096	-0.148
3.79943299294	-0.08	0.108	-1.052
3.80130791664	-0.08	0.108	-1.052
3.80319094658	-0.08	0.108	-1.052
3.80506277084	0.1	-0.108	1.856
3.80693483353	0.1	-0.108	1.856
3.80881977081	0.1	-0.108	1.856
3.81070184708	0.072	-0.336	2.044
3.81258177757	0.072	-0.336	2.044
3.81445980072	-0.112	-0.176	0.32
3.81633996964	-0.112	-0.176	0.32
3.81822085381	-0.112	-0.176	0.32
3.82010698318	-0.104	0.084	-1.216
3.82198691368	-0.104	0.084	-1.216
3.82386898994	-0.104	0.084	-1.216
3.82574892044	0.084	-0.04	1.38
3.82763195038	0.084	-0.04	1.38
3.82951593399	0.112	-0.344	2.044
3.83139491081	0.112	-0.344	2.044
3.83327579498	0.112	-0.344	2.044
3.83515381813	-0.088	-0.236	0.816
3.83703494072	-0.088	-0.236	0.816
3.83891487122	-0.088	-0.236	0.816
3.84080696106	-0.136	0.072	-1.284
3.84268689156	-0.136	0.072	-1.284
3.8445649147	-0.136	0.072	-1.284
3.84644389153	0.048	0.012	0.868
3.848320961	0.048	0.012	0.868
3.85019993782	0.116	-0.324	2.044
3.85207891464	0.116	-0.324	2.044
3.85395598412	0.116	-0.324	2.044
3.85586094856	-0.064	-0.264	1.324
3.85774183273	-0.064	-0.264	1.324
3.85965490341	-0.064	-0.264	1.324
3.86153578758	-0.136	0.06	-1.236
3.8634147644	-0.136	0.06	-1.236
3.86529779434	0.028	0.048	0.376
3.86717486382	0.028	0.048	0.376
3.86905694008	0.028	0.048	0.376
3.87093281746	0.12	-0.272	2.044
3.87282395363	0.12	-0.272	2.044
3.8747048378	0.12	-0.272	2.044
3.87658286095	-0.032	-0.312	1.808
3.87846398354	-0.032	-0.312	1.808
3.88034486771	-0.032	-0.312	1.808
3.8822259903	-0.152	0.008	-1.088
3.88410687447	-0.152	0.008	-1.088
3.88599991798	0.008	0.092	-0.072
3.88787889481	0.008	0.092	-0.072
3.88977098465	0.008	0.092	-0.072
3.89170193672	0.128	-0.236	2.044
3.89358496666	0.128	-0.236	2.044
3.89546489716	0.128	-0.236	2.044
3.89734792709	-0.012	-0.336	2.044
3.89922881126	-0.012	-0.336	2.044
3.90110778809	-0.144	-0.028	-0.8
3.902987957	-0.144	-0.028	-0.8
3.90486979485	-0.144	-0.028	-0.8
3.90674996376	-0.028	0.1	-0.488
3.90863895416	-0.028	0.1	-0.488
3.91052079201	-0.028	0.1	-0.488
3.91240286827	0.12	-0.192	2.044
3.91428685188	0.12	-0.192	2.044
3.91616797447	0.008	-0.352	2.044
3.91804599762	0.008	-0.352	2.044
3.91993284225	0.008	-0.352	2.044
3.92181682587	-0.128	-0.084	-0.456
3.9236998558	-0.128	-0.084	-0.456
3.92557883263	-0.128	-0.084	-0.456
3.92745780945	-0.052	0.112	-0.828
3.92934179306	-0.052	0.112	-0.828
3.93122076988	-0.052	0.112	-0.828
3.93309998512	0.092	-0.148	2.044
3.93497681618	0.092	-0.148	2.044
3.93685698509	0.04	-0.352	2.044
3.93874192238	0.04	-0.352	2.044
3.9406208992	0.04	-0.352	2.044
3.94249987602	-0.112	-0.112	-0.068
3.94438385963	-0.112	-0.112	-0.068
3.94626498222	-0.112	-0.112	-0.068
3.94814395905	-0.088	0.104	-1.088
3.95003080368	-0.088	0.104	-1.088
3.9519097805	0.088	-0.092	1.768
3.95378994942	0.088	-0.092	1.768
3.95566892624	0.088	-0.092	1.768
3.95754885674	0.076	-0.34	2.044
3.95943593979	0.076	-0.34	2.044
3.96132683754	0.076	-0.34	2.044
3.96320486069	-0.1	-0.176	0.4
3.96508479118	-0.1	-0.176	0.4
3.96696376801	-0.108	0.084	-1.228
3.96885681152	-0.108	0.084	-1.228
3.97073698044	-0.108	0.084	-1.228
3.97261881828	0.076	-0.044	1.296
3.9744977951	0.076	-0.044	1.296
3.97637581825	0.076	-0.044	1.296
3.97825479507	0.108	-0.312	2.044
3.98013997078	0.108	-0.312	2.044
3.98201799393	0.108	-0.312	2.044
3.98389577866	-0.096	-0.228	0.904
3.98577594757	-0.096	-0.228	0.904
3.98765397072	-0.136	0.064	-1.28
3.98953986168	-0.136	0.064	-1.28
3.9914188385	-0.136	0.064	-1.28
3.99330091476	0.044	-0.004	0.792
3.99517989159	0.044	-0.004	0.792
3.99705696106	0.044	-0.004	0.792
3.99893593788	0.12	-0.3	2.044
4.00081992149	0.12	-0.3	2.044
4.0026948452	-0.056	-0.288	1.4
4.00456690788	-0.056	-0.288	1.4
4.00643777847	-0.056	-0.288	1.4
4.00830793381	-0.148	0.04	-1.212
4.01019477844	-0.148	0.04	-1.212
4.01208090782	-0.148	0.04	-1.212
4.0139708519	0.012	0.056	0.288
4.0158469677	0.012	0.056	0.288
4.01773691177	0.012	0.056	0.288
4.01964497566	0.116	-0.264	2.044
4.02152395248	0.116	-0.264	2.044
4.02340197563	-0.028	-0.324	1.9
4.02528381348	-0.028	-0.324	1.9
4.0271627903	-0.028	-0.324	1.9
4.02904891968	-0.136	0.024	-1.048
4.03093290329	-0.136	0.024	-1.048
4.03282690048	-0.136	0.024	-1.048
4.03470683098	-0.004	0.096	-0.164
4.0365858078	-0.004	0.096	-0.164
4.03846597672	0.112	-0.236	2.044
4.04034495354	0.112	-0.236	2.044
4.04222393036	0.112	-0.236	2.044
4.04410290718	-0.004	-0.348	2.044
4.045981884	-0.004	-0.348	2.044
4.04787182808	-0.004	-0.348	2.044
4.04975295067	-0.136	-0.024	-0.764
4.05163288116	-0.136	-0.024	-0.764
4.05351281166	-0.136	-0.024	-0.764
4.05539178848	-0.028	0.096	-0.56
4.05727386475	-0.028	0.096	-0.56
4.05915999413	0.12	-0.192	2.044
4.06104183197	0.12	-0.192	2.044
4.06291985512	0.12	-0.192	2.044
4.06481385231	0.004	-0.336	2.044
4.06670093536	0.004	-0.336	2.044
4.06857991219	0.004	-0.336	2.044
4.07045888901	-0.124	-0.072	-0.428
4.07233977318	-0.124	-0.072	-0.428
4.07422089577	-0.056	0.108	-0.884
4.07610177994	-0.056	0.108	-0.884
4.07797980309	-0.056	0.108	-0.884
4.07987785339	0.1	-0.136	2.044
4.08175587654	0.1	-0.136	2.044
4.08363294601	0.1	-0.136	2.044
4.08550977707	0.052	-0.348	2.044
4.08738684654	0.052	-0.348	2.044
4.08927679062	-0.116	-0.132	0.008
4.09115695953	-0.116	-0.132	0.008
4.09303593636	-0.116	-0.132	0.008
4.0949139595	-0.1	0.096	-1.116
4.0968079567	-0.1	0.096	-1.116
4.09868884087	-0.1	0.096	-1.116
4.10056781769	0.088	-0.08	1.692
4.10244584084	0.088	-0.08	1.692
4.10432481766	0.088	-0.08	1.692
4.10620284081	0.08	-0.34	2.044
4.10808086395	0.08	-0.34	2.044
4.10996580124	-0.088	-0.188	0.484
4.11184978485	-0.088	-0.188	0.484
4.11374092102	-0.088	-0.188	0.484
4.11561989784	-0.104	0.084	-1.24
4.11749792099	-0.104	0.084	-1.24
4.11939787865	-0.104	0.084	-1.24
4.12128090858	0.072	-0.028	1.192
4.12315988541	0.072	-0.028	1.192
4.12503886223	0.108	-0.32	2.044
4.12691688538	0.108	-0.32	2.044
4.12881183624	0.108	-0.32	2.044
4.13069081306	-0.084	-0.232	0.972
4.13257098198	-0.084	-0.232	0.972
4.1344499588	-0.084	-0.232	0.972
4.1363298893	-0.132	0.064	-1.272
4.13821077347	-0.132	0.064	-1.272
4.1400988102	-0.132	0.064	-1.272
4.14197897911	0.044	0.016	0.708
4.14385581017	0.044	0.016	0.708
4.14574384689	0.112	-0.292	2.044
4.14762592316	0.112	-0.292	2.044
4.14951276779	0.112	-0.292	2.044
4.15139079094	-0.056	-0.296	1.484
4.1532728672	-0.056	-0.296	1.484
4.15515494347	-0.056	-0.296	1.484
4.15703678131	-0.14	0.044	-1.196
4.15893697739	-0.14	0.044	-1.196
4.16083288193	0.016	0.068	0.228
4.1627099514	0.016	0.068	0.228
4.16458487511	0.016	0.068	0.228
4.16646099091	0.116	-0.272	2.044
4.16833877563	0.116	-0.272	2.044
4.17021679878	0.116	-0.272	2.044
4.17212295532	-0.02	-0.328	1.956
4.17399597168	-0.02	-0.328	1.956
4.17586898804	-0.148	0.012	-1.012
4.17775893211	-0.148	0.012	-1.012
4.17970776558	-0.148	0.012	-1.012
4.18158984184	-0.008	0.1	-0.212
4.18347096443	-0.008	0.1	-0.212
4.1853518486	-0.008	0.1	-0.212
4.18723082542	0.112	-0.232	2.044
4.18910980225	0.112	-0.232	2.044
4.19098877907	0.112	-0.232	2.044
4.19287896156	0.0	-0.344	2.044
4.19474887848	0.0	-0.344	2.044
4.19661784172	-0.144	-0.036	-0.732
4.19849896431	-0.144	-0.036	-0.732
4.20038199425	-0.144	-0.036	-0.732
4.20225691795	-0.024	0.096	-0.608
4.20412898064	-0.024	0.096	-0.608
4.20600295067	-0.024	0.096	-0.608
4.20788788795	0.104	-0.188	2.044
4.20977187157	0.104	-0.188	2.044
4.21165680885	0.036	-0.352	2.044
4.213534832	0.036	-0.352	2.044
4.21541976929	0.036	-0.352	2.044
4.21730089188	-0.116	-0.096	-0.368
4.21918797493	-0.116	-0.096	-0.368
4.2210688591	-0.116	-0.096	-0.368
4.22294998169	-0.068	0.104	-0.92
4.22485280037	-0.068	0.104	-0.92
4.22673177719	0.096	-0.136	2.044
4.22861099243	0.096	-0.136	2.044
4.23048996925	0.096	-0.136	2.044
4.23236894608	0.044	-0.348	2.044
4.23424887657	0.044	-0.348	2.044
4.23612999916	0.044	-0.348	2.044
4.23800897598	-0.112	-0.132	0.06
4.2399058342	-0.112	-0.132	0.06
4.24178576469	-0.112	-0.132	0.06
4.24366879463	-0.096	0.1	-1.144
4.24554777145	-0.096	0.1	-1.144
4.2474257946	0.076	-0.084	1.636
4.249314785	0.076	-0.084	1.636
4.25119280815	0.076	-0.084	1.636
4.2530708313	0.084	-0.34	2.044
4.25494885445	0.084	-0.34	2.044
4.25684189796	0.084	-0.34	2.044
4.25872182846	-0.096	-0.184	0.54
4.26060199738	-0.096	-0.184	0.54
4.2624809742	-0.116	0.1	-1.26
4.26436376572	-0.116	0.1	-1.26
4.26624584198	-0.116	0.1	-1.26
4.26812577248	0.072	-0.024	1.14
4.27001094818	0.072	-0.024	1.14
4.27190089226	0.072	-0.024	1.14
4.27377986908	0.104	-0.316	2.044
4.2756588459	0.104	-0.316	2.044
4.27754878998	0.104	-0.316	2.044
4.27943396568	-0.08	-0.252	1.04
4.28131484985	-0.08	-0.252	1.04
4.28319478035	-0.124	0.056	-1.268
4.28507494926	-0.124	0.056	-1.268
4.28695392609	-0.124	0.056	-1.268
4.28884887695	0.04	0.04	0.66
4.29072499275	0.04	0.04	0.66
4.29260182381	0.04	0.04	0.66
4.29447984695	0.124	-0.3	2.044
4.29635977745	0.124	-0.3	2.044
4.29823994637	-0.048	-0.308	1.544
4.30012583733	-0.048	-0.308	1.544
4.30200695992	-0.048	-0.308	1.544
4.30388689041	-0.144	0.04	-1.18
4.30577993393	-0.144	0.04	-1.18
4.30765986443	-0.144	0.04	-1.18
4.30954480171	0.02	0.06	0.192
4.31142377853	0.02	0.06	0.192
4.31330299377	0.124	-0.264	2.044
4.31518292427	0.124	-0.264	2.044
4.31706094742	0.124	-0.264	2.044
4.31894087791	-0.02	-0.328	2.0
4.32083177567	-0.02	-0.328	2.0
4.32271289825	-0.02	-0.328	2.0
4.32458877563	-0.152	0.008	-0.996
4.32646799088	-0.152	0.008	-0.996
4.3283469677	-0.152	0.008	-0.996
4.33024382591	-0.012	0.092	-0.248
4.3321249485	-0.012	0.092	-0.248
4.33400392532	0.124	-0.216	2.044
4.33588290215	0.124	-0.216	2.044
4.3377737999	0.124	-0.216	2.044
4.33965492249	0.0	-0.34	2.044
4.3415248394	0.0	-0.34	2.044
4.34339594841	0.0	-0.34	2.044
4.34526896477	-0.148	-0.044	-0.696
4.34714984894	-0.148	-0.044	-0.696
4.34903693199	-0.036	0.108	-0.64
4.35091686249	-0.036	0.108	-0.64
4.3528008461	-0.036	0.108	-0.64
4.3546807766	0.12	-0.168	2.044
4.35655879974	0.12	-0.168	2.044
4.35843682289	0.12	-0.168	2.044
4.3603219986	0.044	-0.36	2.044
4.36220097542	0.044	-0.36	2.044
4.36407780647	0.044	-0.36	2.044
4.36595678329	-0.128	-0.088	-0.328
4.36783695221	-0.128	-0.088	-0.328
4.36971998215	-0.08	0.108	-0.94
4.37160396576	-0.08	0.108	-0.94
4.37348294258	-0.08	0.108	-0.94
4.3753619194	0.108	-0.124	2.044
4.37724494934	0.108	-0.124	2.044
4.37912988663	0.108	-0.124	2.044
4.38101196289	0.06	-0.352	2.044
4.38290095329	0.06	-0.352	2.044
4.38478183746	-0.112	-0.148	0.12
4.38666677475	-0.112	-0.148	0.12
4.38863396645	-0.112	-0.148	0.12
4.39051795006	-0.096	0.096	-1.144
4.39239788055	-0.096	0.096	-1.144
4.39427876472	-0.096	0.096	-1.144
4.39615988731	0.068	-0.072	1.584
4.39803791046	0.068	-0.072	1.584
4.39993000031	0.084	-0.34	2.044
4.4018008709	0.084	-0.34	2.044
4.4036719799	0.084	-0.34	2.044
4.40554189682	-0.08	-0.188	0.584
4.40741491318	-0.08	-0.188	0.584
4.40929293633	-0.08	-0.188	0.584
4.4111828804	-0.128	0.092	-1.264
4.41306376457	-0.128	0.092	-1.264
4.41494393349	-0.128	0.092	-1.264
4.41683793068	0.064	-0.02	1.088
4.41872286797	0.064	-0.02	1.088
4.42060184479	0.112	-0.32	2.044
4.42247986794	0.112	-0.32	2.044
4.42435884476	0.112	-0.32	2.044
4.42623782158	-0.068	-0.244	1.092
4.42811584473	-0.068	-0.244	1.092
4.42999696732	-0.068	-0.244	1.092
4.43187594414	-0.136	0.064	-1.264
4.43375682831	-0.136	0.064	-1.264
4.43564677238	0.048	0.032	0.592
4.43752288818	0.048	0.032	0.592
4.43940877914	0.048	0.032	0.592
4.44128799438	0.108	-0.288	2.044
4.44316697121	0.108	-0.288	2.044
4.4450469017	0.108	-0.288	2.044
4.44692492485	-0.056	-0.3	1.584
4.44880795479	-0.056	-0.3	1.584
4.45068788528	-0.056	-0.3	1.584
4.45256781578	-0.148	0.024	-1.16
4.4544467926	-0.148	0.024	-1.16
4.45632791519	0.012	0.068	0.128
4.45820498466	0.012	0.068	0.128
4.46008777618	0.012	0.068	0.128
4.46196389198	0.136	-0.264	2.044
4.46384191513	0.136	-0.264	2.044
4.46572089195	0.136	-0.264	2.044
4.4675989151	-0.016	-0.324	2.044
4.4694879055	-0.016	-0.324	2.044
4.47136878967	-0.148	-0.004	-0.952
4.47325086594	-0.148	-0.004	-0.952
4.4751329422	-0.148	-0.004	-0.952
4.47701382637	-0.016	0.096	-0.3
4.47889494896	-0.016	0.096	-0.3
4.48078489304	-0.016	0.096	-0.3
4.48266386986	0.116	-0.208	2.044
4.48454284668	0.116	-0.208	2.044
4.48641991615	0.004	-0.352	2.044
4.48830890656	0.004	-0.352	2.044
4.49019694328	0.004	-0.352	2.044
4.49207496643	-0.136	-0.048	-0.664
4.4939558506	-0.136	-0.048	-0.664
4.49583697319	-0.136	-0.048	-0.664
4.49772191048	-0.048	0.124	-0.672
4.49967288971	-0.048	0.124	-0.672
4.50155591965	-0.048	0.124	-0.672
4.50343585014	0.112	-0.188	2.044
4.50531792641	0.112	-0.188	2.044
4.50719690323	0.032	-0.352	2.044
4.50908088684	0.032	-0.352	2.044
4.51095986366	0.032	-0.352	2.044
4.51285290718	-0.128	-0.088	-0.26
4.51473379135	-0.128	-0.088	-0.26
4.51661396027	-0.128	-0.088	-0.26
4.51849389076	-0.06	0.096	-0.976
4.52037477493	-0.06	0.096	-0.976
4.52225589752	0.104	-0.124	2.0
4.52413082123	0.104	-0.124	2.0
4.52600693703	0.104	-0.124	2.0
4.52788376808	0.072	-0.336	2.044
4.52977085114	0.072	-0.336	2.044
4.53164887428	0.072	-0.336	2.044
4.53352689743	-0.1	-0.18	0.168
4.53540682793	-0.1	-0.18	0.168
4.53728699684	-0.1	-0.18	0.168
4.53917193413	-0.108	0.084	-1.172
4.54106283188	-0.108	0.084	-1.172
4.54294300079	0.076	-0.064	1.54
4.54482483864	0.076	-0.064	1.54
4.54670381546	0.076	-0.064	1.54
4.54858183861	0.084	-0.328	2.044
4.55046081543	0.084	-0.328	2.044
4.55233883858	0.084	-0.328	2.044
4.55421876907	-0.084	-0.22	0.636
4.5561029911	-0.084	-0.22	0.636
4.55798196793	-0.132	0.088	-1.272
4.55986785889	-0.132	0.088	-1.272
4.56174898148	-0.132	0.088	-1.272
4.5636279583	0.06	-0.008	1.044
4.56550478935	0.06	-0.008	1.044
4.56738185883	0.06	-0.008	1.044
4.56926894188	0.1	-0.296	2.044
4.5711479187	0.1	-0.296	2.044
4.57302498817	-0.076	-0.252	1.144
4.574903965	-0.076	-0.252	1.144
4.57679796219	-0.076	-0.252	1.144
4.57872891426	-0.132	0.064	-1.264
4.58061289787	-0.132	0.064	-1.264
4.58249187469	-0.132	0.064	-1.264
4.58437299728	0.036	0.032	0.56
4.58625388145	0.036	0.032	0.56
4.58812999725	0.036	0.032	0.56
4.5900118351	0.108	-0.28	2.044
4.59189391136	0.108	-0.28	2.044
4.59380888939	-0.052	-0.308	1.64
4.59568977356	-0.052	-0.308	1.64
4.5975689888	-0.052	-0.308	1.64
4.59945487976	-0.148	0.028	-1.132
4.60132980347	-0.148	0.028	-1.132
4.60320281982	-0.148	0.028	-1.132
4.60507583618	0.036	0.036	0.088
4.60694289207	0.036	0.036	0.088
4.60881495476	0.132	-0.256	2.044
4.6106967926	0.132	-0.256	2.044
4.61257696152	0.132	-0.256	2.044
4.61445784569	-0.032	-0.336	2.044
4.61633896828	-0.032	-0.336	2.044
4.61821985245	-0.032	-0.336	2.044
4.62010478973	-0.152	-0.004	-0.912
4.62198591232	-0.152	-0.004	-0.912
4.62386488914	-0.152	-0.004	-0.912
4.62574577332	-0.02	0.084	-0.352
4.62762498856	-0.02	0.084	-0.352
4.62950992584	0.112	-0.224	2.044
4.63138890266	0.112	-0.224	2.044
4.63326978683	0.112	-0.224	2.044
4.63514780998	0.008	-0.356	2.044
4.6370267868	0.008	-0.356	2.044
4.63890695572	0.008	-0.356	2.044
4.64079880714	-0.152	-0.032	-0.636
4.64267992973	-0.152	-0.032	-0.636
4.64456295967	-0.052	0.116	-0.712
4.64646077156	-0.052	0.116	-0.712
4.64834284782	-0.052	0.116	-0.712
4.65022993088	0.112	-0.172	2.044
4.6521089077	0.112	-0.172	2.044
4.65398788452	0.112	-0.172	2.044
4.65586495399	0.032	-0.348	2.044
4.65774583817	0.032	-0.348	2.044
4.65965294838	-0.128	-0.096	-0.232
4.66153287888	-0.128	-0.096	-0.232
4.66341400146	-0.128	-0.096	-0.232
4.66529583931	-0.08	0.1	-0.992
4.66717576981	-0.08	0.1	-0.992
4.66907286644	-0.08	0.1	-0.992
4.67095279694	0.104	-0.12	1.94
4.67283678055	0.104	-0.12	1.94
4.67471694946	0.104	-0.12	1.94
4.67659497261	0.068	-0.34	2.044
4.67847394943	0.068	-0.34	2.044
4.68035387993	-0.104	-0.164	0.208
4.68223381042	-0.104	-0.164	0.208
4.68411278725	-0.104	-0.164	0.208
4.68599295616	-0.1	0.084	-1.192
4.68787193298	-0.1	0.084	-1.192
4.68975996971	-0.1	0.084	-1.192
4.69163894653	0.076	-0.056	1.476
4.69351696968	0.076	-0.056	1.476
4.69539499283	0.096	-0.328	2.044
4.69727683067	0.096	-0.328	2.044
4.69917082787	0.096	-0.328	2.044
4.70104980469	-0.088	-0.216	0.696
4.7029337883	-0.088	-0.216	0.696
4.70482397079	-0.088	-0.216	0.696
4.70670580864	-0.136	0.096	-1.272
4.70858597755	-0.136	0.096	-1.272
4.71046686172	0.064	-0.008	0.972
4.71234583855	0.064	-0.008	0.972
4.71422386169	0.064	-0.008	0.972
4.71610188484	0.112	-0.32	2.044
4.71797990799	0.112	-0.32	2.044
4.71986484528	0.112	-0.32	2.044
4.72174477577	-0.06	-0.268	1.208
4.72362494469	-0.06	-0.268	1.208
4.72550392151	-0.06	-0.268	1.208
4.72738385201	-0.136	0.052	-1.252
4.72927284241	-0.136	0.052	-1.252
4.73115587234	0.02	0.048	0.484
4.73303294182	0.02	0.048	0.484
4.7349088192	0.02	0.048	0.484
4.73679685593	0.116	-0.272	2.044
4.73870182037	0.116	-0.272	2.044
4.74058389664	0.116	-0.272	2.044
4.74246191978	-0.044	-0.296	1.688
4.74434399605	-0.044	-0.296	1.688
4.74622583389	-0.144	0.012	-1.136
4.74810576439	-0.144	0.012	-1.136
4.74999284744	-0.144	0.012	-1.136
4.75188279152	0.016	0.08	0.028
4.75375986099	0.016	0.08	0.028
4.75563383102	0.016	0.08	0.028
4.75750994682	0.124	-0.244	2.044
4.75939393044	0.124	-0.244	2.044
4.76127696037	0.124	-0.244	2.044
4.76315593719	-0.016	-0.344	2.044
4.76503396034	-0.016	-0.344	2.044
4.76691293716	-0.14	-0.036	-0.888
4.76880788803	-0.14	-0.036	-0.888
4.77068781853	-0.14	-0.036	-0.888
4.77256798744	-0.016	0.096	-0.392
4.77444577217	-0.016	0.096	-0.392
4.77632594109	-0.016	0.096	-0.392
4.77820897102	0.116	-0.22	2.044
4.78009390831	0.116	-0.22	2.044
4.78197193146	0.004	-0.36	2.044
4.78386378288	0.004	-0.36	2.044
4.7857439518	0.004	-0.36	2.044
4.78762292862	-0.136	-0.068	-0.576
4.78951382637	-0.136	-0.068	-0.576
4.79139590263	-0.136	-0.068	-0.576
4.7932779789	-0.048	0.112	-0.748
4.79515790939	-0.048	0.112	-0.748
4.79703688622	0.104	-0.168	2.044
4.79891681671	0.104	-0.168	2.044
4.80079984665	0.104	-0.168	2.044
4.80267190933	0.024	-0.328	2.044
4.80455183983	0.024	-0.328	2.044
4.80642199516	0.024	-0.328	2.044
4.80829286575	-0.132	-0.112	-0.176
4.81017994881	-0.132	-0.112	-0.176
4.81206893921	-0.132	-0.112	-0.176
4.81394886971	-0.076	0.108	-1.032
4.81584191322	-0.076	0.108	-1.032
4.81772279739	0.096	-0.112	1.892
4.81963896751	0.096	-0.112	1.892
4.82151794434	0.096	-0.112	1.892
4.82339787483	0.064	-0.336	2.044
4.82527899742	0.064	-0.336	2.044
4.82715678215	0.064	-0.336	2.044
4.82904076576	-0.108	-0.164	0.272
4.830919981	-0.108	-0.164	0.272
4.83281183243	-0.116	0.092	-1.2
4.83469295502	-0.116	0.092	-1.2
4.83657097816	-0.116	0.092	-1.2
4.83845090866	0.088	-0.096	1.416
4.84033179283	0.088	-0.096	1.416
4.84221196175	0.088	-0.096	1.416
4.8440887928	0.096	-0.336	2.044
4.84596896172	0.096	-0.336	2.044
4.84786486626	0.096	-0.336	2.044
4.84974694252	-0.092	-0.216	0.772
4.85163092613	-0.092	-0.216	0.772
4.85350990295	-0.128	0.076	-1.276
4.85538887978	-0.128	0.076	-1.276
4.85728096962	-0.128	0.076	-1.276
4.85916781425	0.056	-0.016	0.92
4.8610458374	0.056	-0.016	0.92
4.86292386055	0.056	-0.016	0.92
4.86481499672	0.116	-0.308	2.044
4.86669492722	0.116	-0.308	2.044
4.86857295036	-0.06	-0.276	1.272
4.87045478821	-0.06	-0.276	1.272
4.87233376503	-0.06	-0.276	1.272
4.87421393394	-0.136	0.072	-1.272
4.87609386444	-0.136	0.072	-1.272
4.87797784805	-0.136	0.072	-1.272
4.87988090515	0.028	0.048	0.44
4.8817589283	0.028	0.048	0.44
4.88363385201	0.116	-0.276	2.044
4.88551187515	0.116	-0.276	2.044
4.88738894463	0.116	-0.276	2.044
4.88927578926	-0.044	-0.316	1.76
4.89115691185	-0.044	-0.316	1.76
4.893034935	-0.044	-0.316	1.76
4.89491391182	-0.152	0.016	-1.104
4.89680600166	-0.152	0.016	-1.104
4.89868688583	-0.152	0.016	-1.104
4.90056681633	0.012	0.08	-0.032
4.9024438858	0.012	0.08	-0.032
4.90432190895	0.128	-0.244	2.044
4.90620589256	0.128	-0.244	2.044
4.90808486938	0.128	-0.244	2.044
4.90998077393	0.0	-0.356	2.044
4.91186976433	0.0	-0.356	2.044
4.91374182701	0.0	-0.356	2.044
4.91561198235	-0.148	-0.016	-0.84
4.91749191284	-0.148	-0.016	-0.84
4.91937685013	-0.02	0.096	-0.444
4.92125988007	-0.02	0.096	-0.444
4.92314076424	-0.02	0.096	-0.444
4.92501997948	0.12	-0.208	2.044
4.9268989563	0.12	-0.208	2.044
4.92879295349	0.12	-0.208	2.044
4.93067193031	0.016	-0.36	2.044
4.93255186081	0.016	-0.36	2.044
4.93442893028	0.016	-0.36	2.044
4.93631982803	-0.128	-0.072	-0.528
4.93820285797	-0.128	-0.072	-0.528
4.94008994102	-0.06	0.108	-0.796
4.9419708252	-0.06	0.108	-0.796
4.94386196136	-0.06	0.108	-0.796
4.94574189186	0.1	-0.156	2.044
4.94769883156	0.1	-0.156	2.044
4.94961094856	0.1	-0.156	2.044
4.95149087906	0.044	-0.356	2.044
4.95337200165	0.044	-0.356	2.044
4.95525097847	-0.12	-0.12	-0.132
4.95713090897	-0.12	-0.12	-0.132
4.95901679993	-0.12	-0.12	-0.132
4.96091079712	-0.084	0.096	-1.044
4.96279883385	-0.084	0.096	-1.044
4.96468281746	-0.084	0.096	-1.044
4.96656298637	0.08	-0.096	1.844
4.96844291687	0.08	-0.096	1.844
4.97032380104	0.068	-0.336	2.044
4.97220277786	0.068	-0.336	2.044
4.97408294678	0.068	-0.336	2.044
4.97596096992	-0.116	-0.168	0.336
4.97785377502	-0.116	-0.168	0.336
4.9797399044	-0.116	-0.168	0.336
4.9816198349	-0.108	0.096	-1.212
4.98350191116	-0.108	0.096	-1.212
4.98538398743	-0.108	0.096	-1.212
4.98726391792	0.076	-0.048	1.348
4.98914885521	0.076	-0.048	1.348
4.99102783203	0.096	-0.32	2.044
4.99291992188	0.096	-0.32	2.044
4.99480199814	0.096	-0.32	2.044
4.99667978287	-0.108	-0.224	0.828
4.99855995178	-0.108	-0.224	0.828
