Timestamp 	 X-Axis 	 Y-Axis 	 Z-Axis
0.000302076339722	-0.044	-0.024	1.256
0.00219297409058	0.072	-0.384	2.044
0.00389194488525	0.072	-0.384	2.044
0.00558400154114	0.072	-0.384	2.044
0.00727796554565	-0.08	0.1	-1.512
0.00898814201355	-0.08	0.1	-1.512
0.0106790065765	-0.08	0.1	-1.512
0.0123679637909	-0.012	-0.12	2.044
0.0140590667725	-0.012	-0.12	2.044
0.0157599449158	-0.012	-0.12	2.044
0.0174541473389	0.048	-0.332	2.04
0.0191481113434	0.048	-0.332	2.04
0.0208361148834	0.048	-0.332	2.04
0.0225229263306	-0.104	0.144	-1.484
0.0242331027985	-0.104	0.144	-1.484
0.0259230136871	-0.104	0.144	-1.484
0.027617931366	0.012	-0.228	2.044
0.0293190479279	0.012	-0.228	2.044
0.0310080051422	0.012	-0.228	2.044
0.0326969623566	0.024	-0.252	1.12
0.0343849658966	0.024	-0.252	1.12
0.0360720157623	0.024	-0.252	1.12
0.0377640724182	-0.096	0.124	-1.12
0.0394580364227	-0.096	0.124	-1.12
0.0411529541016	-0.096	0.124	-1.12
0.0428431034088	0.036	-0.312	2.044
0.0445411205292	0.036	-0.312	2.044
0.0462279319763	0.036	-0.312	2.044
0.0479371547699	0.016	-0.164	0.184
0.0496370792389	0.016	-0.164	0.184
0.0513310432434	0.016	-0.164	0.184
0.0530190467834	-0.12	0.108	-0.472
0.0547080039978	-0.12	0.108	-0.472
0.0563969612122	-0.12	0.108	-0.472
0.0581181049347	0.052	-0.368	2.044
0.0598080158234	0.052	-0.368	2.044
0.0615010261536	0.052	-0.368	2.044
0.0631899833679	-0.012	-0.06	-0.66
0.0648801326752	-0.012	-0.06	-0.66
0.0665740966797	-0.012	-0.06	-0.66
0.068274974823	-0.06	0.048	0.388
0.069972038269	-0.06	0.048	0.388
0.0716691017151	-0.06	0.048	0.388
0.0733659267426	0.052	-0.404	2.044
0.0750620365143	0.052	-0.404	2.044
0.0767750740051	0.052	-0.404	2.044
0.0784730911255	-0.04	0.04	-1.24
0.0801820755005	-0.04	0.04	-1.24
0.0818810462952	-0.04	0.04	-1.24
0.0835781097412	-0.012	-0.02	1.32
0.0852761268616	-0.012	-0.02	1.32
0.0869801044464	-0.012	-0.02	1.32
0.0886781215668	0.072	-0.372	2.044
0.0903739929199	0.072	-0.372	2.044
0.0920701026917	0.072	-0.372	2.044
0.0937650203705	-0.052	0.104	-1.524
0.0954730510712	-0.052	0.104	-1.524
0.0972061157227	-0.052	0.104	-1.524
0.0989050865173	-0.028	-0.128	2.044
0.100614070892	-0.028	-0.128	2.044
0.102321147919	-0.028	-0.128	2.044
0.104020118713	0.06	-0.328	1.98
0.105715990067	0.06	-0.328	1.98
0.107418060303	0.06	-0.328	1.98
0.109115123749	-0.084	0.14	-1.476
0.110811948776	-0.084	0.14	-1.476
0.112509965897	-0.084	0.14	-1.476
0.114207983017	0.016	-0.22	2.044
0.115904092789	0.016	-0.22	2.044
0.117602109909	0.016	-0.22	2.044
0.119297981262	0.04	-0.236	1.068
0.120995044708	0.04	-0.236	1.068
0.12269115448	0.04	-0.236	1.068
0.124401092529	-0.096	0.124	-1.072
0.126100063324	-0.096	0.124	-1.072
0.127804994583	-0.096	0.124	-1.072
0.129506111145	0.028	-0.304	2.044
0.131204128265	0.028	-0.304	2.044
0.132899999619	0.028	-0.304	2.044
0.13459610939	0.048	-0.164	0.116
0.136294126511	0.048	-0.164	0.116
0.137995004654	0.048	-0.164	0.116
0.139691114426	-0.092	0.092	-0.42
0.141387939453	-0.092	0.092	-0.42
0.143094062805	-0.092	0.092	-0.42
0.144792079926	0.056	-0.364	2.044
0.146495103836	0.056	-0.364	2.044
0.148193120956	0.056	-0.364	2.044
0.14988899231	-0.024	-0.044	-0.692
0.151597976685	-0.024	-0.044	-0.692
0.153298139572	-0.024	-0.044	-0.692
0.15500497818	-0.056	0.024	0.444
0.156710147858	-0.056	0.024	0.444
0.158406972885	-0.056	0.024	0.444
0.160104036331	0.06	-0.4	2.044
0.161800146103	0.06	-0.4	2.044
0.163496017456	0.06	-0.4	2.044
0.165192127228	-0.032	0.044	-1.26
0.166898965836	-0.032	0.044	-1.26
0.16859793663	-0.032	0.044	-1.26
0.170295000076	-0.032	-0.032	1.392
0.171993017197	-0.032	-0.032	1.392
0.173689126968	-0.032	-0.032	1.392
0.175385951996	0.064	-0.372	2.044
0.177088975906	0.064	-0.372	2.044
0.178785085678	0.064	-0.372	2.044
0.180480957031	-0.052	0.112	-1.52
0.182186126709	-0.052	0.112	-1.52
0.183884143829	-0.052	0.112	-1.52
0.185580968857	-0.02	-0.14	2.044
0.187283992767	-0.02	-0.14	2.044
0.188982009888	-0.02	-0.14	2.044
0.19068813324	0.036	-0.308	1.924
0.192384958267	0.036	-0.308	1.924
0.194081068039	0.036	-0.308	1.924
0.195775985718	-0.08	0.132	-1.444
0.197476148605	-0.08	0.132	-1.444
0.199172973633	-0.08	0.132	-1.444
0.200870037079	0.02	-0.24	2.044
0.202567100525	0.02	-0.24	2.044
0.204262018204	0.02	-0.24	2.044
0.20595908165	0.024	-0.228	0.992
0.207664012909	0.024	-0.228	0.992
0.209361076355	0.024	-0.228	0.992
0.211056947708	-0.076	0.14	-1.06
0.212754964828	-0.076	0.14	-1.06
0.214452981949	-0.076	0.14	-1.06
0.216154098511	0.032	-0.316	2.044
0.217857122421	0.032	-0.316	2.044
0.219555139542	0.032	-0.316	2.044
0.221251010895	0.008	-0.152	0.06
0.222947120667	0.008	-0.152	0.06
0.22464299202	0.008	-0.152	0.06
0.226338148117	-0.068	0.084	-0.344
0.228042125702	-0.068	0.084	-0.344
0.229738950729	-0.068	0.084	-0.344
0.231435060501	0.044	-0.38	2.044
0.233132123947	0.044	-0.38	2.044
0.234832048416	0.044	-0.38	2.044
0.236534118652	-0.032	-0.044	-0.74
0.23824095726	-0.032	-0.044	-0.74
0.23993897438	-0.032	-0.044	-0.74
0.241637945175	-0.056	0.036	0.524
0.243333101273	-0.056	0.036	0.524
0.245027065277	-0.056	0.036	0.524
0.246730089188	0.064	-0.4	2.044
0.248425960541	0.064	-0.4	2.044
0.250122070312	0.064	-0.4	2.044
0.251817941666	-0.028	0.048	-1.292
0.253518104553	-0.028	0.048	-1.292
0.255214929581	-0.028	0.048	-1.292
0.256919145584	-0.04	-0.044	1.452
0.258618116379	-0.04	-0.044	1.452
0.260324954987	-0.04	-0.044	1.452
0.262022972107	0.068	-0.364	2.044
0.263719081879	0.068	-0.364	2.044
0.265416145325	0.068	-0.364	2.044
0.267117023468	-0.076	0.12	-1.544
0.268815040588	-0.076	0.12	-1.544
0.270512104034	-0.076	0.12	-1.544
0.272208929062	-0.02	-0.136	2.044
0.273905992508	-0.02	-0.136	2.044
0.275603055954	-0.02	-0.136	2.044
0.277307033539	0.044	-0.308	1.852
0.279003143311	0.044	-0.308	1.852
0.280699968338	0.044	-0.308	1.852
0.28239607811	-0.072	0.136	-1.428
0.284091949463	-0.072	0.136	-1.428
0.285798072815	-0.072	0.136	-1.428
0.287505149841	0.016	-0.244	2.044
0.289202928543	0.016	-0.244	2.044
0.290899038315	0.016	-0.244	2.044
0.292595148087	0.036	-0.216	0.916
0.294290065765	0.036	-0.216	0.916
0.295987129211	0.036	-0.216	0.916
0.297688007355	-0.092	0.144	-0.976
0.299386024475	-0.092	0.144	-0.976
0.301082134247	-0.092	0.144	-0.976
0.302778959274	0.04	-0.324	2.044
0.30447602272	0.04	-0.324	2.044
0.306170940399	0.04	-0.324	2.044
0.307873010635	-0.004	-0.132	-0.004
0.309571027756	-0.004	-0.132	-0.004
0.311268091202	-0.004	-0.132	-0.004
0.312971115112	-0.06	0.088	-0.296
0.314669132233	-0.06	0.088	-0.296
0.31636595726	-0.06	0.088	-0.296
0.318069934845	0.06	-0.388	2.044
0.319766044617	0.06	-0.388	2.044
0.321463108063	0.06	-0.388	2.044
0.323158979416	-0.032	-0.032	-0.8
0.324856996536	-0.032	-0.032	-0.8
0.326559066772	-0.032	-0.032	-0.8
0.328257083893	-0.04	0.032	0.576
0.329952955246	-0.04	0.032	0.576
0.331648111343	-0.04	0.032	0.576
0.333352088928	0.068	-0.4	2.044
0.335049152374	0.068	-0.4	2.044
0.336751937866	0.068	-0.4	2.044
0.338448047638	-0.056	0.052	-1.32
0.340148925781	-0.056	0.052	-1.32
0.341846942902	-0.056	0.052	-1.32
0.343552112579	-0.036	-0.06	1.512
0.345251083374	-0.036	-0.06	1.512
0.346955060959	-0.036	-0.06	1.512
0.348652124405	0.052	-0.368	2.044
0.350347995758	0.052	-0.368	2.044
0.352045059204	0.052	-0.368	2.044
0.353740930557	-0.096	0.096	-1.536
0.355437994003	-0.096	0.096	-1.536
0.357136964798	-0.096	0.096	-1.536
0.35883808136	-0.004	-0.156	2.044
0.360542058945	-0.004	-0.156	2.044
0.362245082855	-0.004	-0.156	2.044
0.363942146301	0.036	-0.308	1.796
0.365648031235	0.036	-0.308	1.796
0.367351055145	0.036	-0.308	1.796
0.369046926498	-0.104	0.136	-1.42
0.370744943619	-0.104	0.136	-1.42
0.372442007065	-0.104	0.136	-1.42
0.374139070511	0.012	-0.244	2.044
0.375836133957	0.012	-0.244	2.044
0.377536058426	0.012	-0.244	2.044
0.379234075546	0.04	-0.22	0.864
0.38093996048	0.04	-0.22	0.864
0.382635116577	0.04	-0.22	0.864
0.38433098793	-0.1	0.148	-0.956
0.386029005051	-0.1	0.148	-0.956
0.387730121613	-0.1	0.148	-0.956
0.389428138733	0.032	-0.316	2.044
0.391123056412	0.032	-0.316	2.044
0.392822980881	0.032	-0.316	2.044
0.394518136978	0.008	-0.124	-0.056
0.396214962006	0.008	-0.124	-0.056
0.397921085358	0.008	-0.124	-0.056
0.399616956711	-0.068	0.088	-0.24
0.401315927505	-0.068	0.088	-0.24
0.403012990952	-0.068	0.088	-0.24
0.404709100723	0.056	-0.376	2.044
0.406438112259	0.056	-0.376	2.044
0.408138036728	0.056	-0.376	2.044
0.409835100174	-0.02	-0.02	-0.812
0.411535024643	-0.02	-0.02	-0.812
0.413232088089	-0.02	-0.02	-0.812
0.414929151535	-0.076	0.028	0.64
0.416631937027	-0.076	0.028	0.64
0.418338060379	-0.076	0.028	0.64
0.420035123825	0.064	-0.392	2.044
0.421730995178	0.064	-0.392	2.044
0.42342710495	0.064	-0.392	2.044
0.425123929977	-0.048	0.04	-1.344
0.426826953888	-0.048	0.04	-1.344
0.428534984589	-0.048	0.04	-1.344
0.430233001709	-0.036	-0.08	1.572
0.431931018829	-0.036	-0.08	1.572
0.433628082275	-0.036	-0.08	1.572
0.435325145721	0.06	-0.368	2.044
0.437026977539	0.06	-0.368	2.044
0.438724040985	0.06	-0.368	2.044
0.440425157547	-0.108	0.1	-1.54
0.442124128342	-0.108	0.1	-1.54
0.443820953369	-0.108	0.1	-1.54
0.445521116257	-0.004	-0.164	2.044
0.447221040726	-0.004	-0.164	2.044
0.448919057846	-0.004	-0.164	2.044
0.450617074966	0.048	-0.304	1.748
0.45231294632	0.048	-0.304	1.748
0.454008102417	0.048	-0.304	1.748
0.45570397377	-0.096	0.136	-1.392
0.457402944565	-0.096	0.136	-1.392
0.459120035172	-0.096	0.136	-1.392
0.460818052292	0.02	-0.244	2.044
0.462512969971	0.02	-0.244	2.044
0.464209079742	0.02	-0.244	2.044
0.465904951096	0.04	-0.224	0.804
0.467606067657	0.04	-0.224	0.804
0.469301939011	0.04	-0.224	0.804
0.471002101898	-0.108	0.136	-0.928
0.472698926926	-0.108	0.136	-0.928
0.474395990372	-0.108	0.136	-0.928
0.476102113724	0.048	-0.344	2.044
0.477800130844	0.048	-0.344	2.044
0.479501008987	0.048	-0.344	2.044
0.481197118759	0.016	-0.112	-0.116
0.482893943787	0.016	-0.112	-0.116
0.484590053558	0.016	-0.112	-0.116
0.486285924911	-0.064	0.08	-0.2
0.487988948822	-0.064	0.08	-0.2
0.489685058594	-0.064	0.08	-0.2
0.491379976273	0.06	-0.388	2.044
0.49307513237	0.06	-0.388	2.044
0.494771003723	0.06	-0.388	2.044
0.496474027634	0.004	-0.028	-0.856
0.498172998428	0.004	-0.028	-0.856
0.499871015549	0.004	-0.028	-0.856
0.50156712532	-0.068	0.032	0.688
0.503262042999	-0.068	0.032	0.688
0.504958152771	-0.068	0.032	0.688
0.506659030914	0.052	-0.384	2.044
0.50835609436	0.052	-0.384	2.044
0.510051965714	0.052	-0.384	2.044
0.51174902916	-0.048	0.056	-1.38
0.513446092606	-0.048	0.056	-1.38
0.515143156052	-0.048	0.056	-1.38
0.516844987869	-0.036	-0.084	1.632
0.518542051315	-0.036	-0.084	1.632
0.520239114761	-0.036	-0.084	1.632
0.521935939789	0.06	-0.36	2.044
0.523649930954	0.06	-0.36	2.044
0.5253469944	0.06	-0.36	2.044
0.527060031891	-0.084	0.108	-1.548
0.528759002686	-0.084	0.108	-1.548
0.530457019806	-0.084	0.108	-1.548
0.532154083252	0.0	-0.152	2.044
0.533842086792	0.0	-0.152	2.044
0.535530090332	0.0	-0.152	2.044
0.537224054337	0.04	-0.292	1.688
0.53891992569	0.04	-0.292	1.688
0.540616035461	0.04	-0.292	1.688
0.542309999466	-0.08	0.132	-1.38
0.544007062912	-0.08	0.132	-1.38
0.545702934265	-0.08	0.132	-1.38
0.547404050827	0.016	-0.252	2.044
0.54909992218	0.016	-0.252	2.044
0.550797939301	0.016	-0.252	2.044
0.552494049072	0.036	-0.228	0.732
0.554190158844	0.036	-0.228	0.732
0.555884122849	0.036	-0.228	0.732
0.557583093643	-0.096	0.136	-0.884
0.559280157089	-0.096	0.136	-0.884
0.560976982117	-0.096	0.136	-0.884
0.562673091888	0.036	-0.332	2.044
0.564367055893	0.036	-0.332	2.044
0.566064119339	0.036	-0.332	2.044
0.567764997482	-0.012	-0.1	-0.148
0.569464921951	-0.012	-0.1	-0.148
0.571171998978	-0.012	-0.1	-0.148
0.572870016098	-0.072	0.076	-0.16
0.57456612587	-0.072	0.076	-0.16
0.576267004013	-0.072	0.076	-0.16
0.577970981598	0.052	-0.376	2.044
0.57966709137	0.052	-0.376	2.044
0.581362962723	0.052	-0.376	2.044
0.58305811882	-0.012	-0.004	-0.916
0.584757089615	-0.012	-0.004	-0.916
0.5864610672	-0.012	-0.004	-0.916
0.588160037994	-0.064	0.024	0.748
0.589854001999	-0.064	0.024	0.748
0.591549158096	-0.064	0.024	0.748
0.593244075775	0.068	-0.38	2.044
0.594938993454	0.068	-0.38	2.044
0.59664106369	0.068	-0.38	2.044
0.598335981369	-0.048	0.064	-1.388
0.600033044815	-0.048	0.064	-1.388
0.601731061935	-0.048	0.064	-1.388
0.603456020355	-0.012	-0.1	1.696
0.60515499115	-0.012	-0.1	1.696
0.60685801506	-0.012	-0.1	1.696
0.608556032181	0.048	-0.368	2.044
0.610252141953	0.048	-0.368	2.044
0.611948013306	0.048	-0.368	2.044
0.613644123077	-0.076	0.112	-1.54
0.615340948105	-0.076	0.112	-1.54
0.61704492569	-0.076	0.112	-1.54
0.618751049042	0.012	-0.176	2.044
0.620447158813	0.012	-0.176	2.044
0.622143030167	0.012	-0.176	2.044
0.623839139938	0.048	-0.3	1.636
0.625535011292	0.048	-0.3	1.636
0.627236127853	0.048	-0.3	1.636
0.628936052322	-0.072	0.136	-1.356
0.630633115768	-0.072	0.136	-1.356
0.632333040237	-0.072	0.136	-1.356
0.634509086609	0.024	-0.268	2.044
0.636212110519	0.024	-0.268	2.044
0.63791513443	0.024	-0.268	2.044
0.639611959457	0.024	-0.216	0.692
0.641309022903	0.024	-0.216	0.692
0.643003940582	0.024	-0.216	0.692
0.644700050354	-0.076	0.128	-0.852
0.6463971138	-0.076	0.128	-0.852
0.648189067841	-0.076	0.128	-0.852
0.64988899231	0.04	-0.34	2.044
0.651586055756	0.04	-0.34	2.044
0.653280973434	0.04	-0.34	2.044
0.654976129532	-0.004	-0.108	-0.208
0.656683921814	-0.004	-0.108	-0.208
0.658381938934	-0.004	-0.108	-0.208
0.66007900238	-0.076	0.092	-0.116
0.661777019501	-0.076	0.092	-0.116
0.663473129272	-0.076	0.092	-0.116
0.6651699543	0.056	-0.384	2.044
0.666883945465	0.056	-0.384	2.044
0.668581008911	0.056	-0.384	2.044
0.670279026031	-0.02	-0.016	-0.936
0.671976089478	-0.02	-0.016	-0.936
0.673674106598	-0.02	-0.016	-0.936
0.675370931625	-0.056	0.012	0.8
0.677067995071	-0.056	0.012	0.8
0.678764104843	-0.056	0.012	0.8
0.680459022522	0.064	-0.388	2.044
0.682160139084	0.064	-0.388	2.044
0.683856010437	0.064	-0.388	2.044
0.685552120209	-0.056	0.076	-1.4
0.687253952026	-0.056	0.076	-1.4
0.688951015472	-0.056	0.076	-1.4
0.690667152405	-0.04	-0.088	1.74
0.692363977432	-0.04	-0.088	1.74
0.694061994553	0.04	-0.356	2.044
0.69575715065	0.04	-0.356	2.044
0.697453975677	0.04	-0.356	2.044
0.699150085449	0.04	-0.356	2.044
0.700845956802	-0.068	0.112	-1.548
0.702544927597	-0.068	0.112	-1.548
0.704241991043	-0.068	0.112	-1.548
0.705939054489	0.004	-0.18	2.044
0.707639932632	0.004	-0.18	2.044
0.70934009552	0.04	-0.284	1.58
0.711035966873	0.04	-0.284	1.58
0.712733030319	0.04	-0.284	1.58
0.71444606781	-0.096	0.148	-1.344
0.716145038605	-0.096	0.148	-1.344
0.717848062515	-0.096	0.148	-1.344
0.719545125961	0.02	-0.276	2.044
0.721240997314	0.02	-0.276	2.044
0.722937107086	0.02	-0.276	2.044
0.724632024765	0.02	-0.204	0.632
0.726326942444	0.02	-0.204	0.632
0.728028059006	0.02	-0.204	0.632
0.729722976685	-0.08	0.124	-0.824
0.731420993805	-0.08	0.124	-0.824
0.733116149902	-0.08	0.124	-0.824
0.734816074371	0.048	-0.348	2.044
0.736518144608	0.048	-0.348	2.044
0.738214969635	0.048	-0.348	2.044
0.739911079407	-0.012	-0.1	-0.26
0.741608142853	-0.012	-0.1	-0.26
0.74330496788	-0.012	-0.1	-0.26
0.745002985001	-0.092	0.084	-0.048
0.746705055237	-0.092	0.084	-0.048
0.748402118683	-0.092	0.084	-0.048
0.750097990036	0.052	-0.384	2.044
0.751794099808	0.052	-0.384	2.044
0.753489971161	0.052	-0.384	2.044
0.755186080933	-0.04	-0.008	-0.98
0.756890058517	-0.04	-0.008	-0.98
0.758587121964	-0.04	-0.008	-0.98
0.760283946991	-0.04	0.0	0.856
0.761983156204	-0.04	0.0	0.856
0.763672113419	-0.04	0.0	0.856
0.765358924866	-0.04	0.0	0.856
0.767053127289	0.048	-0.388	2.044
0.768748998642	0.048	-0.388	2.044
0.770445108414	0.048	-0.388	2.044
0.772140026093	-0.084	0.076	-1.428
0.773836135864	-0.084	0.076	-1.428
0.775532007217	-0.084	0.076	-1.428
0.777235031128	-0.016	-0.08	1.796
0.778933048248	-0.016	-0.08	1.796
0.780627965927	-0.016	-0.08	1.796
0.782325029373	0.052	-0.356	2.044
0.784019947052	0.052	-0.356	2.044
0.785715103149	0.052	-0.356	2.044
0.787430047989	-0.084	0.124	-1.54
0.789129972458	-0.084	0.124	-1.54
0.790827035904	-0.084	0.124	-1.54
0.792525053024	0.004	-0.188	2.044
0.794220924377	0.004	-0.188	2.044
0.795917034149	0.004	-0.188	2.044
0.797618150711	0.04	-0.28	1.512
0.799314022064	0.04	-0.28	1.512
0.80101108551	0.04	-0.28	1.512
0.802708148956	-0.104	0.124	-1.32
0.804404973984	-0.104	0.124	-1.32
0.80610203743	-0.104	0.124	-1.32
0.807804107666	0.016	-0.28	2.044
0.809509992599	0.016	-0.28	2.044
0.811206102371	0.02	-0.2	0.576
0.812900066376	0.02	-0.2	0.576
0.814598083496	0.02	-0.2	0.576
0.816293001175	-0.084	0.104	-0.78
0.81799697876	-0.084	0.104	-0.78
0.819694042206	-0.084	0.104	-0.78
0.821390151978	0.044	-0.356	2.044
0.823086023331	0.044	-0.356	2.044
0.82478094101	0.044	-0.356	2.044
0.826483011246	0.004	-0.104	-0.308
0.828180074692	0.004	-0.104	-0.308
0.829875946045	0.004	-0.104	-0.308
0.831572055817	0.004	-0.104	-0.308
0.833269119263	-0.1	0.076	-0.008
0.834964990616	-0.1	0.076	-0.008
0.836667060852	-0.1	0.076	-0.008
0.838364124298	0.072	-0.368	2.044
0.840063095093	0.072	-0.368	2.044
0.841761112213	0.072	-0.368	2.044
0.843456029892	-0.032	0.008	-1.008
0.845153093338	-0.032	0.008	-1.008
0.846854925156	-0.032	0.008	-1.008
0.848551988602	-0.056	0.0	0.916
0.850239992142	-0.056	0.0	0.916
0.851926088333	-0.056	0.0	0.916
0.853614091873	0.052	-0.384	2.044
0.855309963226	0.052	-0.384	2.044
0.857032060623	0.052	-0.384	2.044
0.858730077744	-0.084	0.076	-1.456
0.86042714119	-0.084	0.076	-1.456
0.862123966217	-0.084	0.076	-1.456
0.863821983337	-0.028	-0.088	1.828
0.865520000458	-0.028	-0.088	1.828
0.867233991623	0.044	-0.352	2.044
0.868931055069	0.044	-0.352	2.044
0.870626926422	0.044	-0.352	2.044
0.872323989868	-0.084	0.12	-1.52
0.87402009964	-0.084	0.12	-1.52
0.87571811676	-0.084	0.12	-1.52
0.877418994904	0.0	-0.196	2.044
0.879109144211	0.0	-0.196	2.044
0.880798101425	0.0	-0.196	2.044
0.882485151291	0.0	-0.196	2.044
0.884173154831	0.04	-0.272	1.456
0.885869026184	0.04	-0.272	1.456
0.887570142746	0.04	-0.272	1.456
0.889266014099	-0.104	0.144	-1.284
0.890964031219	-0.104	0.144	-1.284
0.892663955688	-0.104	0.144	-1.284
0.894362926483	0.024	-0.3	2.044
0.89607000351	0.024	-0.3	2.044
0.89777302742	0.024	-0.3	2.044
0.899469137192	0.016	-0.192	0.524
0.901164054871	0.016	-0.192	0.524
0.902858972549	0.016	-0.192	0.524
0.904564142227	-0.088	0.096	-0.732
0.906262159348	-0.088	0.096	-0.732
0.907963991165	-0.088	0.096	-0.732
0.909660100937	0.044	-0.356	2.044
0.911355018616	0.044	-0.356	2.044
0.913052082062	0.044	-0.356	2.044
0.914746999741	0.012	-0.092	-0.368
0.916450977325	0.012	-0.092	-0.368
0.918148040771	0.012	-0.092	-0.368
0.919847011566	-0.1	0.068	0.056
0.921543121338	-0.1	0.068	0.056
0.923237085342	-0.1	0.068	0.056
0.924932003021	0.06	-0.388	2.044
0.926634073257	0.06	-0.388	2.044
0.928329944611	0.06	-0.388	2.044
0.930026054382	-0.016	0.008	-1.056
0.931721925735	-0.016	0.008	-1.056
0.933418989182	-0.016	0.008	-1.056
0.935116052628	-0.044	-0.016	0.98
0.936818122864	-0.044	-0.016	0.98
0.938514947891	-0.044	-0.016	0.98
0.940211057663	0.06	-0.392	2.044
0.941905975342	0.06	-0.392	2.044
0.943602085114	0.06	-0.392	2.044
0.945301055908	-0.056	0.072	-1.46
0.946999073029	-0.056	0.072	-1.46
0.948696136475	-0.056	0.072	-1.46
0.950392961502	-0.02	-0.088	1.896
0.952099084854	-0.02	-0.088	1.896
0.9537961483	-0.02	-0.088	1.896
0.955492973328	0.056	-0.34	2.044
0.957234144211	0.056	-0.34	2.044
0.958930969238	-0.068	0.116	-1.536
0.960628032684	-0.068	0.116	-1.536
0.96232509613	-0.068	0.116	-1.536
0.964022159576	-0.016	-0.188	2.044
0.965718984604	-0.016	-0.188	2.044
0.967420101166	-0.016	-0.188	2.044
0.96911907196	0.044	-0.28	1.412
0.970813989639	0.044	-0.28	1.412
0.972522974014	0.044	-0.28	1.412
0.974218130112	-0.104	0.14	-1.264
0.975916147232	-0.104	0.14	-1.264
0.977618932724	-0.104	0.14	-1.264
0.979318141937	0.036	-0.292	2.044
0.981013059616	0.036	-0.292	2.044
0.982710123062	0.036	-0.292	2.044
0.984405994415	0.016	-0.18	0.46
0.986101150513	0.016	-0.18	0.46
0.987801074982	0.016	-0.18	0.46
0.989495038986	-0.092	0.096	-0.692
0.991192102432	-0.092	0.096	-0.692
0.99288892746	-0.092	0.096	-0.692
0.994585037231	0.052	-0.36	2.044
0.996281147003	0.052	-0.36	2.044
0.997986078262	0.052	-0.36	2.044
0.999693155289	0.016	-0.072	-0.408
1.00138998032	0.016	-0.072	-0.408
1.00308609009	0.016	-0.072	-0.408
1.00478315353	-0.1	0.06	0.108
1.00648498535	-0.1	0.06	0.108
1.00818014145	-0.1	0.06	0.108
1.00987505913	0.06	-0.392	2.044
1.01156997681	0.06	-0.392	2.044
1.01326608658	0.06	-0.392	2.044
1.01496100426	-0.04	0.016	-1.08
1.01666498184	-0.04	0.016	-1.08
1.01838302612	-0.04	0.016	-1.08
1.02008008957	-0.052	-0.016	1.044
1.02177810669	-0.052	-0.016	1.044
1.02347397804	-0.052	-0.016	1.044
1.0251750946	0.052	-0.392	2.044
1.02687692642	0.052	-0.392	2.044
1.02857303619	0.052	-0.392	2.044
1.03026795387	-0.064	0.088	-1.468
1.03196501732	-0.064	0.088	-1.468
1.03366303444	-0.064	0.088	-1.468
1.03536009789	-0.028	-0.08	1.952
1.0370631218	-0.028	-0.08	1.952
1.03875994682	-0.028	-0.08	1.952
1.04045701027	0.044	-0.34	2.044
1.04215312004	0.044	-0.34	2.044
1.04384899139	0.044	-0.34	2.044
1.04554510117	-0.076	0.128	-1.524
1.04725694656	-0.076	0.128	-1.524
1.04895615578	-0.076	0.128	-1.524
1.05065703392	-0.012	-0.204	2.044
1.05235505104	-0.012	-0.204	2.044
1.05405211449	-0.012	-0.204	2.044
1.05574893951	0.024	-0.272	1.34
1.05745005608	0.024	-0.272	1.34
1.05914711952	0.024	-0.272	1.34
1.0608420372	-0.08	0.128	-1.232
1.06254005432	-0.08	0.128	-1.232
1.06423711777	-0.08	0.128	-1.232
1.06593394279	0.02	-0.296	2.044
1.06763601303	0.02	-0.296	2.044
1.0693321228	0.02	-0.296	2.044
1.07102799416	0.024	-0.188	0.424
1.07272410393	0.024	-0.188	0.424
1.07441902161	0.024	-0.188	0.424
1.07611393929	-0.06	0.116	-0.652
1.0778169632	-0.06	0.116	-0.652
1.07951903343	-0.06	0.116	-0.652
1.08121609688	0.052	-0.36	2.044
1.08291196823	0.052	-0.36	2.044
1.084608078	0.052	-0.36	2.044
1.08630394936	-0.004	-0.076	-0.464
1.08800697327	-0.004	-0.076	-0.464
1.08970499039	-0.004	-0.076	-0.464
1.09140205383	-0.06	0.06	0.168
1.09309792519	-0.06	0.06	0.168
1.09483909607	-0.06	0.06	0.168
1.09654307365	0.056	-0.384	2.044
1.0982401371	0.056	-0.384	2.044
1.09993600845	0.056	-0.384	2.044
1.10163211823	-0.048	0.004	-1.116
1.10333299637	-0.048	0.004	-1.116
1.10503101349	-0.048	0.004	-1.116
1.1067340374	-0.044	-0.004	1.088
1.10843110085	-0.044	-0.004	1.088
1.1101269722	-0.044	-0.004	1.088
1.11182403564	0.052	-0.38	2.044
1.11352109909	0.052	-0.38	2.044
1.11521601677	0.052	-0.38	2.044
1.11691308022	-0.064	0.088	-1.484
1.11860895157	-0.064	0.088	-1.484
1.12030601501	-0.064	0.088	-1.484
1.12200307846	-0.016	-0.096	2.008
1.12369894981	-0.016	-0.096	2.008
1.12539601326	-0.016	-0.096	2.008
1.1270980835	0.052	-0.328	2.044
1.12879514694	0.052	-0.328	2.044
1.13049507141	0.052	-0.328	2.044
1.13218998909	-0.068	0.128	-1.524
1.13388800621	-0.068	0.128	-1.524
1.13558506966	-0.068	0.128	-1.524
1.13728809357	-0.008	-0.216	2.044
1.13898515701	-0.008	-0.216	2.044
1.14068198204	-0.008	-0.216	2.044
1.14238905907	0.02	-0.26	1.288
1.14408493042	0.02	-0.26	1.288
1.14578104019	0.02	-0.26	1.288
1.14748096466	-0.084	0.144	-1.212
1.14917898178	-0.084	0.144	-1.212
1.15087604523	-0.084	0.144	-1.212
1.15257406235	0.04	-0.304	2.044
1.15426898003	0.04	-0.304	2.044
1.15601396561	0.04	-0.304	2.044
1.15771698952	0.008	-0.168	0.344
1.15941405296	0.008	-0.168	0.344
1.16110897064	0.008	-0.168	0.344
1.16280293465	-0.076	0.128	-0.588
1.16449904442	-0.076	0.128	-0.588
1.16619610786	-0.076	0.128	-0.588
1.16789793968	0.056	-0.364	2.044
1.16959404945	0.056	-0.364	2.044
1.17128896713	0.056	-0.364	2.044
1.1729850769	-0.008	-0.056	-0.516
1.17468214035	-0.008	-0.056	-0.516
1.17638015747	-0.008	-0.056	-0.516
1.17808413506	-0.044	0.06	0.224
1.17977905273	-0.044	0.06	0.224
1.18147397041	-0.044	0.06	0.224
1.18317294121	0.06	-0.392	2.044
1.18486809731	0.06	-0.392	2.044
1.18657112122	0.06	-0.392	2.044
1.18826699257	-0.06	0.02	-1.16
1.18998193741	-0.06	0.02	-1.16
1.19167995453	-0.06	0.02	-1.16
1.1933760643	-0.036	-0.02	1.164
1.19507312775	-0.036	-0.02	1.164
1.19677209854	-0.036	-0.02	1.164
1.19846796989	0.064	-0.388	2.044
1.20016407967	0.064	-0.388	2.044
1.20185899734	0.064	-0.388	2.044
1.20355510712	-0.072	0.088	-1.496
1.20525193214	-0.072	0.088	-1.496
1.20695614815	-0.072	0.088	-1.496
1.20865797997	-0.02	-0.116	2.044
1.21035599709	-0.02	-0.116	2.044
1.21205210686	-0.02	-0.116	2.044
1.21374893188	0.048	-0.328	2.044
1.21544504166	0.048	-0.328	2.044
1.21718502045	0.048	-0.328	2.044
1.21888303757	-0.092	0.124	-1.512
1.22058200836	-0.092	0.124	-1.512
1.22228002548	-0.092	0.124	-1.512
1.22397708893	0.0	-0.22	2.044
1.22566509247	0.0	-0.22	2.044
1.22735905647	0.0	-0.22	2.044
1.22904706001	0.024	-0.26	1.216
1.23074197769	0.024	-0.26	1.216
1.23243808746	0.024	-0.26	1.216
1.23413300514	-0.096	0.14	-1.172
1.23583292961	-0.096	0.14	-1.172
1.23754501343	-0.096	0.14	-1.172
1.23924398422	0.028	-0.292	2.044
1.24094009399	0.028	-0.292	2.044
1.24263715744	0.028	-0.292	2.044
1.24433207512	0.016	-0.156	0.28
1.24602794647	0.016	-0.156	0.28
1.24772810936	0.016	-0.156	0.28
1.24942398071	-0.092	0.12	-0.556
1.25112104416	-0.092	0.12	-0.556
1.25281715393	-0.092	0.12	-0.556
1.25451302528	0.052	-0.356	2.044
1.25620794296	0.052	-0.356	2.044
1.2579100132	0.052	-0.356	2.044
1.25960612297	-0.012	-0.068	-0.564
1.26130700111	-0.012	-0.068	-0.564
1.26300501823	-0.012	-0.068	-0.564
1.26470303535	-0.052	0.06	0.284
1.26639795303	-0.052	0.06	0.284
1.26816701889	-0.052	0.06	0.284
1.26986408234	0.072	-0.404	2.044
1.27156114578	0.072	-0.404	2.044
1.27325701714	0.072	-0.404	2.044
1.27495312691	-0.056	0.024	-1.184
1.27665305138	-0.056	0.024	-1.184
1.2783510685	-0.056	0.024	-1.184
1.28004813194	-0.036	-0.016	1.22
1.28174495697	-0.036	-0.016	1.22
1.28344106674	-0.036	-0.016	1.22
1.28514814377	0.068	-0.38	2.044
1.28685212135	0.068	-0.38	2.044
1.2885529995	0.068	-0.38	2.044
1.29024815559	-0.076	0.092	-1.512
1.2919459343	-0.076	0.092	-1.512
1.29364299774	-0.076	0.092	-1.512
1.29534101486	-0.012	-0.124	2.044
1.29704403877	-0.012	-0.124	2.044
1.29874205589	-0.012	-0.124	2.044
1.30043911934	0.052	-0.336	2.044
1.30213403702	0.052	-0.336	2.044
1.3038289547	0.052	-0.336	2.044
1.30552506447	-0.104	0.156	-1.516
1.30722904205	-0.104	0.156	-1.516
1.30892705917	-0.104	0.156	-1.516
1.31062412262	0.02	-0.236	2.044
1.31235003471	0.02	-0.236	2.044
1.31405210495	0.02	-0.236	2.044
1.3157479763	0.032	-0.252	1.164
1.31745004654	0.032	-0.252	1.164
1.31914710999	0.032	-0.252	1.164
1.32084393501	-0.092	0.128	-1.144
1.32254195213	-0.092	0.128	-1.144
1.32423901558	-0.092	0.128	-1.144
1.32593512535	0.04	-0.312	2.044
1.32763600349	0.04	-0.312	2.044
1.32933402061	0.04	-0.312	2.044
1.33102893829	0.028	-0.156	0.236
1.33273410797	0.028	-0.156	0.236
1.33442997932	0.028	-0.156	0.236
1.33612513542	-0.116	0.124	-0.508
1.33782696724	-0.116	0.124	-0.508
1.33952498436	-0.116	0.124	-0.508
1.34122395515	0.056	-0.364	2.044
1.34291911125	0.056	-0.364	2.044
1.3446149826	0.056	-0.364	2.044
1.3463101387	0.0	-0.06	-0.596
1.34800601006	0.0	-0.06	-0.596
1.34969496727	0.0	-0.06	-0.596
1.35138297081	-0.056	0.052	0.332
1.35308003426	-0.056	0.052	0.332
1.35477495193	-0.056	0.052	0.332
1.35647106171	0.056	-0.392	2.044
1.35816597939	0.056	-0.392	2.044
1.35986208916	0.056	-0.392	2.044
1.36155796051	-0.052	0.032	-1.212
1.36325502396	-0.052	0.032	-1.212
1.3649520874	-0.052	0.032	-1.212
1.3666601181	-0.04	-0.032	1.272
1.36835694313	-0.04	-0.032	1.272
1.37005400658	-0.04	-0.032	1.272
1.3717520237	0.06	-0.368	2.044
1.37344813347	0.06	-0.368	2.044
1.37514400482	0.06	-0.368	2.044
1.37684702873	-0.044	0.08	-1.524
1.37853598595	-0.044	0.08	-1.524
1.38023400307	-0.044	0.08	-1.524
1.38192415237	-0.024	-0.132	2.044
1.38361310959	-0.024	-0.132	2.044
1.3853020668	-0.024	-0.132	2.044
1.38699603081	0.052	-0.324	2.032
1.3886950016	0.052	-0.324	2.032
1.39039206505	0.052	-0.324	2.032
1.39208698273	-0.088	0.128	-1.48
1.39378905296	-0.088	0.128	-1.48
1.39548611641	-0.088	0.128	-1.48
1.39721608162	0.012	-0.236	2.044
1.39891314507	0.012	-0.236	2.044
1.40061092377	0.012	-0.236	2.044
1.40230607986	0.036	-0.252	1.104
1.40400099754	0.036	-0.252	1.104
1.40569615364	0.036	-0.252	1.104
1.40739703178	-0.092	0.116	-1.112
1.4090950489	-0.092	0.116	-1.112
1.41079211235	-0.092	0.116	-1.112
1.41248893738	0.044	-0.308	2.044
1.41418409348	0.044	-0.308	2.044
1.41588115692	0.044	-0.308	2.044
1.41757893562	0.02	-0.16	0.168
1.41927695274	0.02	-0.16	0.168
1.42097210884	0.02	-0.16	0.168
1.42266798019	-0.112	0.112	-0.464
1.42436504364	-0.112	0.112	-0.464
1.42606115341	-0.112	0.112	-0.464
1.42777299881	0.06	-0.372	2.044
1.42947006226	0.06	-0.372	2.044
1.43116593361	0.06	-0.372	2.044
1.43286204338	-0.012	-0.044	-0.644
1.43455910683	-0.012	-0.044	-0.644
1.43625712395	-0.012	-0.044	-0.644
1.43796014786	-0.064	0.036	0.388
1.43965506554	-0.064	0.036	0.388
1.44135093689	-0.064	0.036	0.388
1.44304513931	0.052	-0.4	2.044
1.44474101067	0.052	-0.4	2.044
1.44643998146	0.052	-0.4	2.044
1.44813704491	-0.04	0.04	-1.244
1.44983315468	-0.04	0.04	-1.244
1.45152997971	-0.04	0.04	-1.244
1.45322608948	-0.036	-0.024	1.32
1.45492315292	-0.036	-0.024	1.32
1.45662593842	-0.036	-0.024	1.32
1.45832300186	0.056	-0.372	2.044
1.46002006531	0.056	-0.372	2.044
1.46171498299	0.056	-0.372	2.044
1.46341013908	-0.064	0.1	-1.528
1.4651081562	-0.064	0.1	-1.528
1.4668109417	-0.064	0.1	-1.528
1.46850800514	-0.012	-0.152	2.044
1.47020411491	-0.012	-0.152	2.044
1.47190403938	-0.012	-0.152	2.044
1.47360110283	0.048	-0.324	1.976
1.47530603409	0.048	-0.324	1.976
1.47700309753	0.048	-0.324	1.976
1.47869992256	-0.076	0.128	-1.472
1.48039603233	-0.076	0.128	-1.472
1.48209404945	-0.076	0.128	-1.472
1.4837911129	0.024	-0.232	2.044
1.48548698425	0.024	-0.232	2.044
1.48724794388	0.024	-0.232	2.044
1.48894810677	0.032	-0.232	1.052
1.49064397812	0.032	-0.232	1.052
1.49233913422	0.032	-0.232	1.052
1.49403500557	-0.076	0.124	-1.084
1.49573206902	-0.076	0.124	-1.084
1.49743413925	-0.076	0.124	-1.084
1.4991350174	0.028	-0.304	2.044
1.50083112717	0.028	-0.304	2.044
1.50252699852	0.028	-0.304	2.044
1.50422215462	0.016	-0.14	0.124
1.50591802597	0.016	-0.14	0.124
1.50761914253	0.016	-0.14	0.124
1.50931501389	-0.088	0.1	-0.4
1.51101112366	-0.088	0.1	-0.4
1.51270699501	-0.088	0.1	-0.4
1.51440310478	0.052	-0.376	2.044
1.51609897614	0.052	-0.376	2.044
1.5178000927	0.052	-0.376	2.044
1.51949596405	-0.016	-0.044	-0.692
1.52119398117	-0.016	-0.044	-0.692
1.52290010452	-0.016	-0.044	-0.692
1.52460193634	-0.068	0.024	0.444
1.52629804611	-0.068	0.024	0.444
1.52799797058	-0.068	0.024	0.444
1.52969408035	0.056	-0.396	2.044
1.53138899803	0.056	-0.396	2.044
1.53308415413	0.056	-0.396	2.044
1.53478002548	-0.036	0.044	-1.268
1.53648304939	-0.036	0.044	-1.268
1.53818106651	-0.036	0.044	-1.268
1.53987812996	-0.044	-0.044	1.412
1.54157400131	-0.044	-0.044	1.412
1.54327011108	-0.044	-0.044	1.412
1.54496693611	0.056	-0.36	2.044
1.54666900635	0.056	-0.36	2.044
1.54836511612	0.056	-0.36	2.044
1.5500600338	-0.06	0.108	-1.536
1.55175995827	-0.06	0.108	-1.536
1.55345702171	-0.06	0.108	-1.536
1.55515408516	-0.028	-0.144	2.044
1.55685806274	-0.028	-0.144	2.044
1.55855512619	-0.028	-0.144	2.044
1.56025314331	0.044	-0.312	1.924
1.56194901466	0.044	-0.312	1.924
1.56364512444	0.044	-0.312	1.924
1.56534099579	-0.08	0.132	-1.456
1.5670440197	-0.08	0.132	-1.456
1.56874108315	-0.08	0.132	-1.456
1.57044911385	0.024	-0.248	2.044
1.57214403152	0.024	-0.248	2.044
1.5738401413	0.024	-0.248	2.044
1.57553601265	0.048	-0.22	0.964
1.57723999023	0.048	-0.22	0.964
1.57893610001	0.048	-0.22	0.964
1.58063101768	-0.072	0.14	-1.044
1.58232593536	-0.072	0.14	-1.044
1.58402299881	-0.072	0.14	-1.044
1.58571910858	0.036	-0.32	2.044
1.58741593361	0.036	-0.32	2.044
1.58911204338	0.036	-0.32	2.044
1.59080696106	0.012	-0.144	0.06
1.59250307083	0.012	-0.144	0.06
1.59419798851	0.012	-0.144	0.06
1.59589314461	-0.068	0.088	-0.356
1.59759497643	-0.068	0.088	-0.356
1.59929203987	-0.068	0.088	-0.356
1.60099005699	0.048	-0.38	2.044
1.60268592834	0.048	-0.38	2.044
1.60438513756	0.048	-0.38	2.044
1.60608100891	-0.04	-0.04	-0.736
1.60778307915	-0.04	-0.04	-0.736
1.60948204994	-0.04	-0.04	-0.736
1.61118006706	-0.088	0.044	0.516
1.61287403107	-0.088	0.044	0.516
1.61456894875	-0.088	0.044	0.516
1.61626315117	0.052	-0.4	2.044
1.61797404289	0.052	-0.4	2.044
1.61967015266	0.052	-0.4	2.044
1.62136507034	-0.048	0.056	-1.288
1.62306213379	-0.048	0.056	-1.288
1.62475895882	-0.048	0.056	-1.288
1.6264629364	-0.032	-0.044	1.448
1.62816095352	-0.032	-0.044	1.448
1.62985992432	-0.032	-0.044	1.448
1.63155698776	0.048	-0.364	2.044
1.63325309753	0.048	-0.364	2.044
1.63494801521	0.048	-0.364	2.044
1.63665008545	-0.096	0.112	-1.544
1.6383471489	-0.096	0.112	-1.544
1.64004302025	-0.096	0.112	-1.544
1.64174103737	-0.02	-0.152	2.044
1.64343714714	-0.02	-0.152	2.044
1.64513397217	-0.02	-0.152	2.044
1.64683699608	0.052	-0.336	1.868
1.64853310585	0.052	-0.336	1.868
1.65022802353	0.052	-0.336	1.868
1.65192508698	-0.092	0.136	-1.424
1.65362095833	-0.092	0.136	-1.424
1.65531897545	-0.092	0.136	-1.424
1.6570250988	0.012	-0.248	2.044
1.65872192383	0.012	-0.248	2.044
1.66041707993	0.012	-0.248	2.044
1.66211295128	0.036	-0.232	0.924
1.66380810738	0.036	-0.232	0.924
1.6655189991	0.036	-0.232	0.924
1.66722202301	-0.096	0.132	-0.996
1.66891908646	-0.096	0.132	-0.996
1.67061495781	-0.096	0.132	-0.996
1.67231106758	0.032	-0.324	2.044
1.67400693893	0.032	-0.324	2.044
1.67570304871	0.032	-0.324	2.044
1.6774020195	0.004	-0.14	0.0
1.67909407616	0.004	-0.14	0.0
1.6807820797	0.004	-0.14	0.0
1.68248105049	-0.052	0.084	-0.328
1.68420815468	-0.052	0.084	-0.328
1.68590712547	-0.052	0.084	-0.328
1.68761014938	0.06	-0.376	2.044
1.68930697441	0.06	-0.376	2.044
1.69100308418	0.06	-0.376	2.044
1.69269800186	-0.02	-0.032	-0.772
1.69439601898	-0.02	-0.032	-0.772
1.69609212875	-0.02	-0.032	-0.772
1.69779014587	-0.052	0.048	0.572
1.69948506355	-0.052	0.048	0.572
1.70117902756	-0.052	0.048	0.572
1.70287513733	0.056	-0.384	2.044
1.70457100868	0.056	-0.384	2.044
1.70626592636	0.056	-0.384	2.044
1.70796895027	-0.048	0.064	-1.324
1.70966815948	-0.048	0.064	-1.324
1.71136593819	-0.048	0.064	-1.324
1.71307301521	-0.044	-0.056	1.508
1.71477007866	-0.044	-0.056	1.508
1.71647405624	-0.044	-0.056	1.508
1.71817111969	0.056	-0.364	2.044
1.71986699104	0.056	-0.364	2.044
1.72156310081	0.056	-0.364	2.044
1.72325897217	-0.108	0.12	-1.54
1.72495603561	-0.108	0.12	-1.54
1.72665810585	-0.108	0.12	-1.54
1.72835612297	-0.012	-0.156	2.044
1.730052948	-0.012	-0.156	2.044
1.73175001144	-0.012	-0.156	2.044
1.73344612122	0.036	-0.308	1.808
1.73514604568	0.036	-0.308	1.808
1.73684811592	0.036	-0.308	1.808
1.73854398727	-0.084	0.12	-1.404
1.74024105072	-0.084	0.12	-1.404
1.74193906784	-0.084	0.12	-1.404
1.74363493919	0.02	-0.248	2.044
1.74533104897	0.02	-0.248	2.044
1.7470331192	0.02	-0.248	2.044
1.74872899055	0.028	-0.224	0.852
1.75042414665	0.028	-0.224	0.852
1.75212001801	0.028	-0.224	0.852
1.75381493568	-0.116	0.144	-0.968
1.75551199913	-0.116	0.144	-0.968
1.75721597672	-0.116	0.144	-0.968
1.75891113281	0.036	-0.324	2.044
1.76061701775	0.036	-0.324	2.044
1.76231694221	0.036	-0.324	2.044
1.76401305199	0.012	-0.136	-0.06
1.76571011543	0.012	-0.136	-0.06
1.76741194725	0.012	-0.136	-0.06
1.76910996437	-0.064	0.076	-0.256
1.77080607414	-0.064	0.076	-0.256
1.77250099182	-0.064	0.076	-0.256
1.77419710159	0.052	-0.376	2.044
1.77589201927	0.052	-0.376	2.044
1.77759313583	0.052	-0.376	2.044
1.77928996086	-0.012	-0.032	-0.828
1.78098607063	-0.012	-0.032	-0.828
1.78268313408	-0.012	-0.032	-0.828
1.78437995911	-0.064	0.04	0.636
1.7860751152	-0.064	0.04	0.636
1.78777909279	-0.064	0.04	0.636
1.78947496414	0.06	-0.396	2.044
1.79117012024	0.06	-0.396	2.044
1.79286599159	0.06	-0.396	2.044
1.79456114769	-0.044	0.06	-1.348
1.79625797272	-0.044	0.06	-1.348
1.79796099663	-0.044	0.06	-1.348
1.7996571064	-0.036	-0.068	1.572
1.80135297775	-0.036	-0.068	1.572
1.80304813385	-0.036	-0.068	1.572
1.80474495888	0.06	-0.364	2.044
1.80644702911	0.06	-0.364	2.044
1.80815315247	0.06	-0.364	2.044
1.80984997749	-0.076	0.1	-1.536
1.81154608727	-0.076	0.1	-1.536
1.81324315071	-0.076	0.1	-1.536
1.81494307518	-0.012	-0.168	2.044
1.81664514542	-0.012	-0.168	2.044
1.81834292412	-0.012	-0.168	2.044
1.82003998756	0.044	-0.3	1.748
1.82173514366	0.044	-0.3	1.748
1.82343101501	0.044	-0.3	1.748
1.82513713837	-0.096	0.128	-1.4
1.82684111595	-0.096	0.128	-1.4
1.82853913307	-0.096	0.128	-1.4
1.83023500443	0.024	-0.248	2.044
1.8319311142	0.024	-0.248	2.044
1.83362603188	0.024	-0.248	2.044
1.83532094955	0.048	-0.224	0.8
1.83702206612	0.048	-0.224	0.8
1.83871793747	0.048	-0.224	0.8
1.84041595459	-0.108	0.144	-0.932
1.84211301804	-0.108	0.144	-0.932
1.84381008148	-0.108	0.144	-0.932
1.84550714493	0.064	-0.336	2.044
1.84728193283	0.064	-0.336	2.044
1.84902405739	0.064	-0.336	2.044
1.85072898865	0.004	-0.108	-0.124
1.85243010521	0.004	-0.108	-0.124
1.85412812233	0.004	-0.108	-0.124
1.85583806038	-0.076	0.084	-0.204
1.85754394531	-0.076	0.084	-0.204
1.85924196243	-0.076	0.084	-0.204
1.86093997955	0.056	-0.38	2.044
1.862637043	0.056	-0.38	2.044
1.86433506012	0.056	-0.38	2.044
1.86603403091	-0.008	-0.016	-0.88
1.86773896217	-0.008	-0.016	-0.88
1.86942911148	-0.008	-0.016	-0.88
1.87111902237	-0.064	0.032	0.692
1.87280797958	-0.064	0.032	0.692
1.8744969368	-0.064	0.032	0.692
1.87618398666	0.064	-0.392	2.044
1.8778989315	0.064	-0.392	2.044
1.87960100174	0.064	-0.392	2.044
1.88129997253	-0.056	0.06	-1.36
1.88299798965	-0.056	0.06	-1.36
1.88469600677	-0.056	0.06	-1.36
1.8863940239	-0.028	-0.076	1.632
1.88812398911	-0.028	-0.076	1.632
1.8898229599	-0.028	-0.076	1.632
1.89152002335	0.052	-0.348	2.044
1.89321994781	0.052	-0.348	2.044
1.89491701126	0.052	-0.348	2.044
1.89662408829	-0.084	0.108	-1.548
1.8983271122	-0.084	0.108	-1.548
1.90002393723	-0.084	0.108	-1.548
1.90172195435	0.004	-0.16	2.044
1.90342712402	0.004	-0.16	2.044
1.90517497063	0.004	-0.16	2.044
1.90687894821	0.028	-0.288	1.684
1.90857601166	0.028	-0.288	1.684
1.91027212143	0.028	-0.288	1.684
1.91196894646	-0.088	0.124	-1.368
1.91366696358	-0.088	0.124	-1.368
1.91536593437	-0.088	0.124	-1.368
1.91707015038	-0.004	-0.268	2.044
1.91876792908	-0.004	-0.268	2.044
1.92048215866	-0.004	-0.268	2.044
1.92217898369	0.032	-0.216	0.732
1.92387413979	0.032	-0.216	0.732
1.92556810379	0.032	-0.216	0.732
1.92726898193	-0.096	0.136	-0.884
1.92896795273	-0.096	0.136	-0.884
1.93066596985	-0.096	0.136	-0.884
1.93236398697	0.04	-0.344	2.044
1.93406009674	0.04	-0.344	2.044
1.93575596809	0.04	-0.344	2.044
1.93745994568	0.0	-0.1	-0.14
1.93915009499	0.0	-0.1	-0.14
1.9408390522	0.0	-0.1	-0.14
1.94252610207	-0.068	0.076	-0.148
1.94422411919	-0.068	0.076	-0.148
1.945925951	-0.068	0.076	-0.148
1.9476249218	0.056	-0.384	2.044
1.94932103157	0.056	-0.384	2.044
1.95102715492	0.056	-0.384	2.044
1.95272612572	-0.008	-0.004	-0.92
1.95442414284	-0.008	-0.004	-0.92
1.95612096786	-0.008	-0.004	-0.92
1.95783615112	-0.068	0.02	0.748
1.95953297615	-0.068	0.02	0.748
1.96123099327	-0.068	0.02	0.748
1.96292710304	0.06	-0.388	2.044
1.96462392807	0.06	-0.388	2.044
1.96632003784	0.06	-0.388	2.044
1.9680249691	-0.052	0.072	-1.396
1.96972298622	-0.052	0.072	-1.396
1.97142100334	-0.052	0.072	-1.396
1.9731221199	-0.032	-0.084	1.688
1.97481894493	-0.032	-0.084	1.688
1.97652602196	-0.032	-0.084	1.688
1.97822403908	0.052	-0.36	2.044
1.97992014885	0.052	-0.36	2.044
1.9816160202	0.052	-0.36	2.044
1.98331093788	-0.08	0.108	-1.536
1.985008955	-0.08	0.108	-1.536
1.98671293259	-0.08	0.108	-1.536
1.98840999603	-0.004	-0.176	2.044
1.99010705948	-0.004	-0.176	2.044
1.99181604385	-0.004	-0.176	2.044
1.99351501465	0.048	-0.28	1.62
1.99521207809	0.048	-0.28	1.62
1.99691414833	0.048	-0.28	1.62
1.99862313271	-0.08	0.132	-1.344
2.0003221035	-0.08	0.132	-1.344
2.0020210743	-0.08	0.132	-1.344
2.00371909142	0.02	-0.276	2.044
2.00541496277	0.02	-0.276	2.044
2.00711607933	0.02	-0.276	2.044
2.0088160038	0.028	-0.224	0.684
2.01051211357	0.028	-0.224	0.684
2.01220798492	0.028	-0.224	0.684
2.0139040947	-0.084	0.132	-0.856
2.01559901237	-0.084	0.132	-0.856
2.01730394363	-0.084	0.132	-0.856
2.01900196075	0.04	-0.34	2.044
2.02069711685	0.04	-0.34	2.044
2.02239203453	0.04	-0.34	2.044
2.0240881443	0.0	-0.1	-0.216
2.02578306198	0.0	-0.1	-0.216
2.0274810791	0.0	-0.1	-0.216
2.02917098999	-0.068	0.092	-0.1
2.03086805344	-0.068	0.092	-0.1
2.03257894516	-0.068	0.092	-0.1
2.03427600861	0.064	-0.392	2.044
2.03597211838	0.064	-0.392	2.044
2.03767514229	0.064	-0.392	2.044
2.03937101364	-0.02	-0.008	-0.956
2.04107093811	-0.02	-0.008	-0.956
2.04276895523	-0.02	-0.008	-0.956
2.04446601868	-0.04	0.02	0.796
2.04616999626	-0.04	0.02	0.796
2.0478720665	-0.04	0.02	0.796
2.04956793785	0.056	-0.384	2.044
2.05126810074	0.056	-0.384	2.044
2.05296611786	0.056	-0.384	2.044
2.05466294289	-0.076	0.072	-1.412
2.05635905266	-0.076	0.072	-1.412
2.05806398392	-0.076	0.072	-1.412
2.05976104736	-0.032	-0.088	1.748
2.06145906448	-0.032	-0.088	1.748
2.06315612793	-0.032	-0.088	1.748
2.06485509872	0.052	-0.352	2.044
2.06655812263	0.052	-0.352	2.044
2.06824707985	0.052	-0.352	2.044
2.06993603706	-0.08	0.116	-1.544
2.07162499428	-0.08	0.116	-1.544
2.07331609726	-0.08	0.116	-1.544
2.07500600815	-0.004	-0.172	2.044
2.07670092583	-0.004	-0.172	2.044
2.07840514183	-0.004	-0.172	2.044
2.08010411263	0.024	-0.28	1.564
2.08179998398	0.024	-0.28	1.564
2.08349609375	0.024	-0.28	1.564
2.0851919651	-0.076	0.136	-1.332
2.08689594269	-0.076	0.136	-1.332
2.08861112595	-0.076	0.136	-1.332
2.09030914307	0.024	-0.272	2.044
2.09200596809	0.024	-0.272	2.044
2.09371113777	0.024	-0.272	2.044
2.09540700912	0.016	-0.208	0.616
2.09711098671	0.016	-0.208	0.616
2.09880614281	0.016	-0.208	0.616
2.10050010681	-0.084	0.12	-0.804
2.10219693184	-0.084	0.12	-0.804
2.1038980484	-0.084	0.12	-0.804
2.10559797287	0.044	-0.352	2.044
2.10730099678	0.044	-0.352	2.044
2.10899806023	0.044	-0.352	2.044
2.11069512367	0.008	-0.112	-0.276
2.11239099503	0.008	-0.112	-0.276
2.11408805847	0.008	-0.112	-0.276
2.11578512192	-0.08	0.08	-0.044
2.11748194695	-0.08	0.08	-0.044
2.11917901039	-0.08	0.08	-0.044
2.12087798119	0.06	-0.388	2.044
2.12257409096	0.06	-0.388	2.044
2.12426996231	0.06	-0.388	2.044
2.12596607208	-0.028	-0.008	-0.992
2.12767004967	-0.028	-0.008	-0.992
2.12936902046	-0.028	-0.008	-0.992
2.13106894493	-0.044	0.016	0.864
2.13276600838	-0.044	0.016	0.864
2.13446092606	-0.044	0.016	0.864
2.13615703583	0.064	-0.38	2.044
2.13786101341	0.064	-0.38	2.044
2.13955712318	0.064	-0.38	2.044
2.14126205444	-0.084	0.08	-1.424
2.14295911789	-0.084	0.08	-1.424
2.14465808868	-0.084	0.08	-1.424
2.1463561058	-0.028	-0.088	1.812
2.14806008339	-0.028	-0.088	1.812
2.14975714684	-0.028	-0.088	1.812
2.15145492554	0.052	-0.336	2.044
2.15315294266	0.052	-0.336	2.044
2.15489006042	0.052	-0.336	2.044
2.1565990448	-0.084	0.12	-1.548
2.15829801559	-0.084	0.12	-1.548
2.15999698639	-0.084	0.12	-1.548
2.16169500351	0.016	-0.192	2.044
2.16339206696	0.016	-0.192	2.044
2.1650891304	0.016	-0.192	2.044
2.16679310799	0.044	-0.28	1.508
2.16850805283	0.044	-0.28	1.508
2.17020606995	0.044	-0.28	1.508
2.17190098763	-0.104	0.156	-1.308
2.17359900475	-0.104	0.156	-1.308
2.17529606819	-0.104	0.156	-1.308
2.17700099945	0.036	-0.284	2.044
2.17869710922	0.036	-0.284	2.044
2.18039298058	0.036	-0.284	2.044
2.18209004402	0.016	-0.192	0.56
2.18378996849	0.016	-0.192	0.56
2.18548703194	0.016	-0.192	0.56
2.18725395203	-0.084	0.12	-0.756
2.18896412849	-0.084	0.12	-0.756
2.19066309929	-0.084	0.12	-0.756
2.19236111641	0.04	-0.344	2.044
2.19405794144	0.04	-0.344	2.044
2.19575500488	0.04	-0.344	2.044
2.197453022	0.0	-0.092	-0.308
2.19914197922	0.0	-0.092	-0.308
2.20083498955	0.0	-0.092	-0.308
2.20252394676	-0.092	0.076	0.016
2.20422005653	-0.092	0.076	0.016
2.20591497421	-0.092	0.076	0.016
2.20761704445	0.056	-0.384	2.044
2.20931911469	0.056	-0.384	2.044
2.21101713181	0.056	-0.384	2.044
2.21271300316	-0.032	0.004	-1.028
2.2144100666	-0.032	0.004	-1.028
2.21610808372	-0.032	0.004	-1.028
2.21781301498	-0.04	-0.004	0.928
2.21950912476	-0.04	-0.004	0.928
2.22120499611	-0.04	-0.004	0.928
2.22290205956	0.064	-0.376	2.044
2.22461104393	0.064	-0.376	2.044
2.2263071537	0.064	-0.376	2.044
2.22800993919	-0.076	0.076	-1.452
2.22970700264	-0.076	0.076	-1.452
2.23140406609	-0.076	0.076	-1.452
2.23310399055	-0.02	-0.08	1.86
2.23480010033	-0.02	-0.08	1.86
2.23652410507	-0.02	-0.08	1.86
2.23822307587	0.048	-0.344	2.044
2.23991894722	0.048	-0.344	2.044
2.24161911011	0.048	-0.344	2.044
2.24331498146	-0.064	0.12	-1.536
2.24501299858	-0.064	0.12	-1.536
2.24671602249	-0.064	0.12	-1.536
2.24841499329	-0.008	-0.184	2.044
2.25011396408	-0.008	-0.184	2.044
2.25181102753	-0.008	-0.184	2.044
2.25350904465	0.048	-0.276	1.44
2.25520515442	0.048	-0.276	1.44
2.25690793991	0.048	-0.276	1.44
2.25860595703	-0.116	0.152	-1.288
2.26030302048	-0.116	0.152	-1.288
2.26200509071	-0.116	0.152	-1.288
2.26370310783	0.032	-0.292	2.044
2.26542115211	0.032	-0.292	2.044
2.26712393761	0.032	-0.292	2.044
2.26881408691	0.016	-0.188	0.484
2.27050209045	0.016	-0.188	0.484
2.27218914032	0.016	-0.188	0.484
2.27387714386	-0.08	0.096	-0.716
2.27556610107	-0.08	0.096	-0.716
2.27729415894	-0.08	0.096	-0.716
2.27899813652	0.04	-0.368	2.044
2.28070902824	0.04	-0.368	2.044
2.28240609169	0.04	-0.368	2.044
2.28411102295	0.012	-0.088	-0.372
2.28580904007	0.012	-0.088	-0.372
2.28751206398	0.012	-0.088	-0.372
2.28921508789	-0.096	0.068	0.064
2.29091095924	-0.096	0.068	0.064
2.29260611534	-0.096	0.068	0.064
2.29430103302	0.068	-0.396	2.044
2.29600596428	0.068	-0.396	2.044
2.29770994186	0.068	-0.396	2.044
2.29940700531	-0.032	0.016	-1.076
2.30110502243	-0.032	0.016	-1.076
2.30280208588	-0.032	0.016	-1.076
2.30451202393	-0.048	-0.008	0.992
2.30620908737	-0.048	-0.008	0.992
2.30791306496	-0.048	-0.008	0.992
2.30960893631	0.064	-0.38	2.044
2.31130504608	0.064	-0.38	2.044
2.3130030632	0.064	-0.38	2.044
2.314702034	-0.068	0.08	-1.476
2.31639909744	-0.068	0.08	-1.476
2.31813097	-0.068	0.08	-1.476
2.31982803345	-0.016	-0.104	1.912
2.32153892517	-0.016	-0.104	1.912
2.32323598862	-0.016	-0.104	1.912
2.32493305206	0.048	-0.34	2.044
2.32663393021	0.048	-0.34	2.044
2.32833099365	0.048	-0.34	2.044
2.3300280571	-0.072	0.124	-1.512
2.33173513412	-0.072	0.124	-1.512
2.33343315125	-0.072	0.124	-1.512
2.33513212204	0.008	-0.204	2.044
2.33683609962	0.008	-0.204	2.044
2.33853197098	0.008	-0.204	2.044
2.34022808075	0.048	-0.28	1.392
2.34192705154	0.048	-0.28	1.392
2.34362196922	0.048	-0.28	1.392
2.34531998634	-0.096	0.148	-1.272
2.34702515602	-0.096	0.148	-1.272
2.34872198105	-0.096	0.148	-1.272
2.35041999817	0.024	-0.268	2.044
2.35211610794	0.024	-0.268	2.044
2.35381412506	0.024	-0.268	2.044
2.35550999641	0.016	-0.176	0.432
2.35727310181	0.016	-0.176	0.432
2.3589720726	0.016	-0.176	0.432
2.36067199707	-0.076	0.112	-0.676
2.36237406731	-0.076	0.112	-0.676
2.36407113075	-0.076	0.112	-0.676
2.36576795578	0.048	-0.36	2.044
2.36747598648	0.048	-0.36	2.044
2.36917495728	0.048	-0.36	2.044
2.37087202072	0.008	-0.064	-0.428
2.37256908417	0.008	-0.064	-0.428
2.37426710129	0.008	-0.064	-0.428
2.37596297264	-0.08	0.072	0.128
2.37768006325	-0.08	0.072	0.128
2.37938594818	-0.08	0.072	0.128
2.38108205795	0.056	-0.376	2.044
2.38277792931	0.056	-0.376	2.044
2.38448905945	0.056	-0.376	2.044
2.3861849308	-0.032	0.0	-1.104
2.38787603378	-0.032	0.0	-1.104
2.389564991	-0.032	0.0	-1.104
2.39125394821	-0.048	-0.024	1.056
2.3929541111	-0.048	-0.024	1.056
2.39465403557	-0.048	-0.024	1.056
2.39635205269	0.048	-0.392	2.044
2.39804911613	0.048	-0.392	2.044
2.39975905418	0.048	-0.392	2.044
2.40145611763	-0.06	0.084	-1.464
2.40315198898	-0.06	0.084	-1.464
2.40484905243	-0.06	0.084	-1.464
2.40655207634	-0.02	-0.104	1.968
2.40825009346	-0.02	-0.104	1.968
2.40994906425	-0.02	-0.104	1.968
2.4116461277	0.06	-0.344	2.044
2.41334199905	0.06	-0.344	2.044
2.41503715515	0.06	-0.344	2.044
2.41673612595	-0.08	0.14	-1.512
2.41843414307	-0.08	0.14	-1.512
2.42013406754	-0.08	0.14	-1.512
2.42183113098	0.012	-0.188	2.044
2.42352700233	0.012	-0.188	2.044
2.42522501945	0.012	-0.188	2.044
2.42693710327	0.036	-0.28	1.328
2.4286339283	0.036	-0.28	1.328
2.4303290844	0.036	-0.28	1.328
2.43202614784	-0.084	0.148	-1.228
2.43372392654	-0.084	0.148	-1.228
2.43546414375	-0.084	0.148	-1.228
2.43719696999	0.04	-0.28	2.044
2.4388859272	0.04	-0.28	2.044
2.44057607651	0.04	-0.28	2.044
2.4422659874	0.02	-0.152	0.368
2.44395303726	0.02	-0.152	0.368
2.4456410408	0.02	-0.152	0.368
2.44734597206	-0.076	0.124	-0.64
2.44904994965	-0.076	0.124	-0.64
2.45074796677	-0.076	0.124	-0.64
2.45244312286	0.052	-0.352	2.044
2.45413994789	0.052	-0.352	2.044
2.45583605766	0.052	-0.352	2.044
2.4575419426	-0.016	-0.064	-0.468
2.45924115181	-0.016	-0.064	-0.468
2.46093893051	-0.016	-0.064	-0.468
2.46263599396	-0.064	0.06	0.18
2.46433210373	-0.064	0.06	0.18
2.46602606773	-0.064	0.06	0.18
2.46772503853	0.06	-0.38	2.044
2.46941208839	0.06	-0.38	2.044
2.47110199928	0.06	-0.38	2.044
2.47280597687	-0.052	0.016	-1.128
2.47450613976	-0.052	0.016	-1.128
2.47619605064	-0.052	0.016	-1.128
2.47790312767	-0.036	-0.024	1.124
2.47960400581	-0.036	-0.024	1.124
2.48130393028	-0.036	-0.024	1.124
2.4830019474	0.056	-0.392	2.044
2.48469805717	0.056	-0.392	2.044
2.48639297485	0.056	-0.392	2.044
2.48812294006	-0.068	0.092	-1.496
2.48982310295	-0.068	0.092	-1.496
2.49151992798	-0.068	0.092	-1.496
2.49321699142	-0.012	-0.1	2.028
2.49491214752	-0.012	-0.1	2.028
2.49662995338	-0.012	-0.1	2.028
2.4983279705	0.044	-0.32	2.044
2.5000269413	0.044	-0.32	2.044
2.50172305107	0.044	-0.32	2.044
2.50341892242	-0.096	0.132	-1.516
2.50511813164	-0.096	0.132	-1.516
2.50682210922	-0.096	0.132	-1.516
2.50851893425	-0.008	-0.204	2.044
2.51021504402	-0.008	-0.204	2.044
2.51191210747	-0.008	-0.204	2.044
2.51361012459	0.032	-0.276	1.256
2.51530504227	0.032	-0.276	1.256
2.5170071125	0.032	-0.276	1.256
2.51870512962	-0.072	0.132	-1.2
2.52040195465	-0.072	0.132	-1.2
2.52210903168	-0.072	0.132	-1.2
2.52380609512	0.032	-0.284	2.044
2.52550506592	0.032	-0.284	2.044
2.52723312378	0.032	-0.284	2.044
2.5289311409	0.024	-0.164	0.316
2.53062701225	0.024	-0.164	0.316
2.53232192993	0.024	-0.164	0.316
2.53401613235	-0.08	0.124	-0.584
2.53571295738	-0.08	0.124	-0.584
2.53741812706	-0.08	0.124	-0.584
2.53911614418	0.064	-0.376	2.044
2.54081106186	0.064	-0.376	2.044
2.54250693321	0.064	-0.376	2.044
2.54420304298	-0.012	-0.068	-0.528
2.54590201378	-0.012	-0.068	-0.528
2.54760694504	-0.012	-0.068	-0.528
2.54930710793	-0.064	0.072	0.264
2.5510020256	-0.064	0.072	0.264
2.55270409584	-0.064	0.072	0.264
2.55440402031	0.064	-0.396	2.044
2.55610013008	0.064	-0.396	2.044
2.55780315399	0.064	-0.396	2.044
2.55949807167	-0.064	0.032	-1.168
2.56119799614	-0.064	0.032	-1.168
2.56289601326	-0.064	0.032	-1.168
2.56459212303	-0.036	-0.024	1.168
2.56629014015	-0.036	-0.024	1.168
2.56799411774	-0.036	-0.024	1.168
2.56971406937	0.056	-0.376	2.044
2.57140994072	0.056	-0.376	2.044
2.57310605049	0.056	-0.376	2.044
2.57480192184	-0.08	0.1	-1.504
2.57651805878	-0.08	0.1	-1.504
2.57821893692	-0.08	0.1	-1.504
2.57992005348	-0.012	-0.124	2.044
2.58161592484	-0.012	-0.124	2.044
2.58331298828	-0.012	-0.124	2.044
2.58501315117	0.064	-0.32	2.044
2.58671498299	0.064	-0.32	2.044
2.58841204643	0.064	-0.32	2.044
2.59010696411	-0.096	0.144	-1.5
2.59179997444	-0.096	0.144	-1.5
2.59349393845	-0.096	0.144	-1.5
2.5951859951	0.008	-0.212	2.044
2.59688806534	0.008	-0.212	2.044
2.59858393669	0.008	-0.212	2.044
2.60028100014	0.024	-0.252	1.192
2.60197806358	0.024	-0.252	1.192
2.60367393494	0.024	-0.252	1.192
2.60537314415	-0.088	0.128	-1.172
2.60707712173	-0.088	0.128	-1.172
2.6087770462	-0.088	0.128	-1.172
2.610476017	0.036	-0.308	2.044
2.61217212677	0.036	-0.308	2.044
2.61386704445	0.036	-0.308	2.044
2.61556196213	0.016	-0.16	0.248
2.61727595329	0.016	-0.16	0.248
2.61897206306	0.016	-0.16	0.248
2.62066698074	-0.112	0.14	-0.548
2.62236309052	-0.112	0.14	-0.548
2.62406015396	-0.112	0.14	-0.548
2.62575602531	0.056	-0.364	2.044
2.62745904922	0.056	-0.364	2.044
2.62915611267	0.056	-0.364	2.044
2.63085412979	-0.012	-0.064	-0.584
2.63257193565	-0.012	-0.064	-0.584
2.63426995277	-0.012	-0.064	-0.584
2.63596701622	-0.044	0.064	0.3
2.63767004013	-0.044	0.064	0.3
2.63936400414	-0.044	0.064	0.3
2.6410639286	0.044	-0.384	2.044
2.64276003838	0.044	-0.384	2.044
2.64445614815	0.044	-0.384	2.044
2.6461520195	-0.052	0.024	-1.2
2.64785695076	-0.052	0.024	-1.2
2.64955997467	-0.052	0.024	-1.2
2.65125703812	-0.032	-0.016	1.236
2.65295410156	-0.032	-0.016	1.236
2.65465211868	-0.032	-0.016	1.236
2.65634799004	0.08	-0.408	2.044
2.65805506706	0.08	-0.408	2.044
2.65975213051	0.08	-0.408	2.044
2.66144704819	-0.072	0.092	-1.524
2.66314411163	-0.072	0.092	-1.524
2.66485214233	-0.072	0.092	-1.524
2.66655611992	-0.02	-0.132	2.044
2.66824603081	-0.02	-0.132	2.044
2.66993403435	-0.02	-0.132	2.044
2.67162299156	0.056	-0.336	2.044
2.67331314087	0.056	-0.336	2.044
2.67500114441	0.056	-0.336	2.044
2.67669510841	-0.112	0.124	-1.476
2.67839598656	-0.112	0.124	-1.476
2.68009400368	-0.112	0.124	-1.476
2.68179297447	0.012	-0.224	2.044
2.68349409103	0.012	-0.224	2.044
2.68518996239	0.012	-0.224	2.044
2.68689203262	0.036	-0.256	1.132
2.68859100342	0.036	-0.256	1.132
2.69028902054	0.036	-0.256	1.132
2.69198393822	-0.092	0.132	-1.136
2.69368004799	-0.092	0.132	-1.136
2.69537711143	-0.092	0.132	-1.136
2.69707798958	0.04	-0.304	2.044
2.69877314568	0.04	-0.304	2.044
2.7004699707	0.04	-0.304	2.044
2.7021651268	0.036	-0.152	0.196
2.70386099815	0.036	-0.152	0.196
2.7055580616	0.036	-0.152	0.196
2.70726203918	-0.112	0.116	-0.484
2.70895910263	-0.112	0.116	-0.484
2.71065807343	-0.112	0.116	-0.484
2.71236610413	0.068	-0.368	2.044
2.71406292915	0.068	-0.368	2.044
2.71575808525	0.068	-0.368	2.044
2.71746110916	-0.008	-0.052	-0.632
2.71915912628	-0.008	-0.052	-0.632
2.72085809708	-0.008	-0.052	-0.632
2.7225549221	-0.048	0.04	0.372
2.72424912453	-0.048	0.04	0.372
2.72594499588	-0.048	0.04	0.372
2.72764706612	0.036	-0.396	2.044
2.72934603691	0.036	-0.396	2.044
2.73104310036	0.036	-0.396	2.044
2.73274111748	-0.044	0.036	-1.228
2.7344379425	-0.044	0.036	-1.228
2.73613905907	-0.044	0.036	-1.228
2.737844944	-0.036	-0.012	1.288
2.73954200745	-0.036	-0.012	1.288
2.74123907089	-0.036	-0.012	1.288
2.74293494225	0.06	-0.368	2.044
2.74464607239	0.06	-0.368	2.044
2.74634194374	0.06	-0.368	2.044
2.74804592133	-0.06	0.108	-1.512
2.74974298477	-0.06	0.108	-1.512
2.75149893761	-0.06	0.108	-1.512
2.75320005417	-0.024	-0.132	2.044
2.75489807129	-0.024	-0.132	2.044
2.75660204887	-0.024	-0.132	2.044
2.75830006599	0.04	-0.32	2.0
2.76000213623	0.04	-0.32	2.0
2.76169610023	0.04	-0.32	2.0
2.76339411736	-0.092	0.132	-1.48
2.76509094238	-0.092	0.132	-1.48
2.76679515839	-0.092	0.132	-1.48
2.76849293709	0.012	-0.236	2.044
2.77018904686	0.012	-0.236	2.044
2.77188396454	0.012	-0.236	2.044
2.77357912064	0.036	-0.236	1.06
2.77527403831	0.036	-0.236	1.06
2.77697896957	0.036	-0.236	1.06
2.77867412567	-0.084	0.12	-1.104
2.78037214279	-0.084	0.12	-1.104
2.78206801414	-0.084	0.12	-1.104
2.78376603127	0.04	-0.308	2.044
2.78547692299	0.04	-0.308	2.044
2.78724598885	0.04	-0.308	2.044
2.78894901276	0.024	-0.136	0.14
2.7906460762	0.024	-0.136	0.14
2.79234194756	0.024	-0.136	0.14
2.79404211044	-0.088	0.112	-0.432
2.79573893547	-0.088	0.112	-0.432
2.79744195938	-0.088	0.112	-0.432
2.79913902283	0.044	-0.372	2.044
2.80083703995	0.044	-0.372	2.044
2.80253410339	0.044	-0.372	2.044
2.80422997475	-0.028	-0.048	-0.688
2.80592703819	-0.028	-0.048	-0.688
2.80764198303	-0.028	-0.048	-0.688
2.80934214592	-0.068	0.036	0.428
2.81103897095	-0.068	0.036	0.428
2.81273293495	-0.068	0.036	0.428
2.81442809105	0.056	-0.392	2.044
2.81612706184	0.056	-0.392	2.044
2.81783103943	0.056	-0.392	2.044
2.81952595711	-0.044	0.04	-1.24
2.82122302055	-0.044	0.04	-1.24
2.82291913033	-0.044	0.04	-1.24
2.82461810112	-0.044	-0.032	1.372
2.82631611824	-0.044	-0.032	1.372
2.82802009583	-0.044	-0.032	1.372
2.82971715927	0.06	-0.368	2.044
2.83141207695	0.06	-0.368	2.044
2.83311009407	0.06	-0.368	2.044
2.83480596542	-0.056	0.108	-1.528
2.83650994301	-0.056	0.108	-1.528
2.83820915222	-0.056	0.108	-1.528
2.83990502357	-0.04	-0.14	2.044
2.84161996841	-0.04	-0.14	2.044
2.84331798553	-0.04	-0.14	2.044
2.84501409531	0.044	-0.316	1.944
2.84671807289	0.044	-0.316	1.944
2.84841394424	0.044	-0.316	1.944
2.85011100769	-0.08	0.128	-1.456
2.85180902481	-0.08	0.128	-1.456
2.85350608826	-0.08	0.128	-1.456
2.85521411896	0.028	-0.252	2.044
2.85692000389	0.028	-0.252	2.044
2.85861611366	0.028	-0.252	2.044
2.86031293869	0.036	-0.232	1.0
2.86200499535	0.036	-0.232	1.0
2.863697052	0.036	-0.232	1.0
2.8653960228	-0.08	0.132	-1.064
2.86709904671	-0.08	0.132	-1.064
2.86879301071	-0.08	0.132	-1.064
2.87048196793	0.04	-0.32	2.044
2.87216997147	0.04	-0.32	2.044
2.87386012077	0.04	-0.32	2.044
2.87554812431	0.02	-0.164	0.076
2.87729597092	0.02	-0.164	0.076
2.87899494171	0.02	-0.164	0.076
2.88070392609	-0.072	0.1	-0.38
2.88240098953	-0.072	0.1	-0.38
2.88409614563	-0.072	0.1	-0.38
2.88579201698	0.068	-0.376	2.044
2.88749599457	0.068	-0.376	2.044
2.88919305801	0.068	-0.376	2.044
2.89089012146	-0.052	-0.028	-0.716
2.89258694649	-0.052	-0.028	-0.716
2.89428710938	-0.052	-0.028	-0.716
2.8959839344	-0.052	0.028	0.508
2.89768695831	-0.052	0.028	0.508
2.89938092232	-0.052	0.028	0.508
2.90107512474	0.044	-0.396	2.044
2.90277814865	0.044	-0.396	2.044
2.90447497368	0.044	-0.396	2.044
2.90617203712	-0.048	0.048	-1.284
2.90787506104	-0.048	0.048	-1.284
2.90957212448	-0.048	0.048	-1.284
2.91126704216	-0.04	-0.048	1.432
2.91296601295	-0.04	-0.048	1.432
2.91466212273	-0.04	-0.048	1.432
2.91635704041	0.044	-0.372	2.044
2.91806197166	0.044	-0.372	2.044
2.91975593567	0.044	-0.372	2.044
2.92145705223	-0.072	0.104	-1.528
2.92315292358	-0.072	0.104	-1.528
2.92484903336	-0.072	0.104	-1.528
2.92655205727	-0.02	-0.176	2.044
2.92824912071	-0.02	-0.176	2.044
2.92994499207	-0.02	-0.176	2.044
2.93164205551	0.04	-0.312	1.876
2.93333411217	0.04	-0.312	1.876
2.93502807617	0.04	-0.312	1.876
2.93673992157	-0.076	0.144	-1.436
2.93843698502	-0.076	0.144	-1.436
2.94013309479	-0.076	0.144	-1.436
2.94182801247	0.012	-0.24	2.044
2.94352293015	0.012	-0.24	2.044
2.94521999359	0.012	-0.24	2.044
2.94691801071	0.036	-0.24	0.944
2.94861602783	0.036	-0.24	0.944
2.95031905174	0.036	-0.24	0.944
2.95201301575	-0.076	0.14	-1.008
2.95371103287	-0.076	0.14	-1.008
2.95540714264	-0.076	0.14	-1.008
2.95710992813	0.036	-0.316	2.044
2.95880508423	0.036	-0.316	2.044
2.96050095558	0.036	-0.316	2.044
2.96219706535	0.008	-0.132	0.012
2.96389198303	0.008	-0.132	0.012
2.96558594704	0.008	-0.132	0.012
2.96728610992	-0.068	0.1	-0.308
2.96898412704	-0.068	0.1	-0.308
2.97068095207	-0.068	0.1	-0.308
2.9723751545	0.06	-0.376	2.044
2.97407412529	0.06	-0.376	2.044
2.97576904297	0.06	-0.376	2.044
2.9774711132	-0.032	-0.036	-0.788
2.97917103767	-0.032	-0.036	-0.788
2.98086714745	-0.032	-0.036	-0.788
2.98257708549	-0.044	0.044	0.548
2.98427295685	-0.044	0.044	0.548
2.98596906662	-0.044	0.044	0.548
2.98766899109	0.056	-0.396	2.044
2.98936414719	0.056	-0.396	2.044
2.99105811119	0.056	-0.396	2.044
2.99279904366	-0.048	0.056	-1.316
2.99450397491	-0.048	0.056	-1.316
2.99620103836	-0.064	-0.056	1.512
2.99791502953	-0.064	-0.056	1.512
2.99961400032	-0.064	-0.056	1.512
3.00131297112	0.056	-0.364	2.044
3.00301098824	0.056	-0.364	2.044
3.00470709801	0.056	-0.364	2.044
3.00640201569	-0.096	0.12	-1.54
3.0081319809	-0.096	0.12	-1.54
3.00982999802	-0.096	0.12	-1.54
3.01152706146	-0.016	-0.16	2.044
3.01322507858	-0.016	-0.16	2.044
3.01492214203	-0.016	-0.16	2.044
3.02366495132	-0.084	0.132	-1.416
3.02543997765	-0.084	0.132	-1.416
3.02721500397	0.024	-0.26	2.044
3.02891397476	0.024	-0.26	2.044
3.03061103821	0.024	-0.26	2.044
3.03230810165	0.036	-0.232	0.872
3.03401398659	0.036	-0.232	0.872
3.03571105003	0.036	-0.232	0.872
3.03741502762	-0.1	0.148	-0.98
3.03911209106	-0.1	0.148	-0.98
3.04081010818	-0.1	0.148	-0.98
3.04250693321	0.044	-0.316	2.044
3.04420399666	0.044	-0.316	2.044
3.04589915276	0.044	-0.316	2.044
3.04760193825	0.004	-0.124	-0.044
3.04930210114	0.004	-0.124	-0.044
3.05099797249	0.004	-0.124	-0.044
3.05272197723	-0.06	0.092	-0.288
3.05441904068	-0.06	0.092	-0.288
3.05611610413	-0.06	0.092	-0.288
3.05782103539	0.044	-0.384	2.044
3.05952215195	0.044	-0.384	2.044
3.06121897697	0.044	-0.384	2.044
3.06291508675	-0.024	-0.028	-0.82
3.06463313103	-0.024	-0.028	-0.82
3.06633210182	-0.024	-0.028	-0.82
3.06803297997	-0.068	0.036	0.612
3.06972098351	-0.068	0.036	0.612
3.07140898705	-0.068	0.036	0.612
3.07309699059	0.064	-0.384	2.044
3.07478404045	0.064	-0.384	2.044
3.07654714584	0.064	-0.384	2.044
3.07824802399	-0.052	0.048	-1.344
3.07995796204	-0.052	0.048	-1.344
3.0816590786	-0.052	0.048	-1.344
3.08335614204	-0.032	-0.068	1.556
3.08505415916	-0.032	-0.068	1.556
3.08676195145	-0.032	-0.068	1.556
3.08845996857	0.048	-0.364	2.044
3.09015703201	0.048	-0.364	2.044
3.09185194969	0.048	-0.364	2.044
3.09354805946	-0.092	0.116	-1.544
3.09524512291	-0.092	0.116	-1.544
3.09695005417	-0.092	0.116	-1.544
3.09864807129	-0.016	-0.156	2.044
3.10035395622	-0.016	-0.156	2.044
3.10205101967	-0.016	-0.156	2.044
3.10374808311	0.04	-0.308	1.764
3.10544610023	0.04	-0.308	1.764
3.1071741581	0.04	-0.308	1.764
3.10887098312	-0.092	0.136	-1.416
3.11056804657	-0.092	0.136	-1.416
3.11227107048	-0.092	0.136	-1.416
3.1140370369	0.012	-0.252	2.044
3.11573600769	0.012	-0.252	2.044
3.11743307114	0.012	-0.252	2.044
3.11912798882	0.04	-0.228	0.828
3.12082695961	0.04	-0.228	0.828
3.12252211571	0.04	-0.228	0.828
3.12421607971	-0.112	0.136	-0.944
3.12591409683	-0.112	0.136	-0.944
3.12761712074	-0.112	0.136	-0.944
3.12931609154	0.048	-0.332	2.044
3.13101196289	0.048	-0.332	2.044
3.13270807266	0.048	-0.332	2.044
3.13440299034	0.008	-0.12	-0.1
3.13609910011	0.008	-0.12	-0.1
3.13780212402	0.008	-0.12	-0.1
3.13950109482	-0.072	0.076	-0.212
3.14119815826	-0.072	0.076	-0.212
3.14289498329	-0.072	0.076	-0.212
3.14461112022	0.06	-0.384	2.044
3.14630699158	0.06	-0.384	2.044
3.14801907539	0.06	-0.384	2.044
3.14971399307	-0.028	-0.016	-0.86
3.15141201019	-0.028	-0.016	-0.86
3.15311098099	-0.028	-0.016	-0.86
3.15480804443	-0.068	0.028	0.668
3.15650892258	-0.068	0.028	0.668
3.15820503235	-0.068	0.028	0.668
3.15989995003	0.064	-0.372	2.044
3.16159796715	0.064	-0.372	2.044
3.16329503059	0.064	-0.372	2.044
3.16499304771	-0.052	0.06	-1.364
3.16670012474	-0.052	0.06	-1.364
3.16839694977	-0.052	0.06	-1.364
3.17009496689	-0.024	-0.08	1.604
3.17179203033	-0.024	-0.08	1.604
3.17348814011	-0.024	-0.08	1.604
3.17518496513	0.06	-0.368	2.044
3.17690014839	0.06	-0.368	2.044
3.17859697342	0.06	-0.368	2.044
3.18029212952	-0.08	0.112	-1.548
3.18198895454	-0.08	0.112	-1.548
3.18368601799	-0.08	0.112	-1.548
3.18538308144	0.008	-0.168	2.044
3.18708515167	0.008	-0.168	2.044
3.18878102303	0.008	-0.168	2.044
3.1904759407	0.04	-0.292	1.712
3.19217705727	0.04	-0.292	1.712
3.19387412071	0.04	-0.292	1.712
3.19557905197	-0.084	0.128	-1.356
3.19727802277	-0.084	0.128	-1.356
3.19897913933	-0.084	0.128	-1.356
3.20067715645	0.012	-0.252	2.044
3.20237398148	0.012	-0.252	2.044
3.20406794548	0.012	-0.252	2.044
3.20576405525	0.028	-0.216	0.768
3.20746612549	0.028	-0.216	0.768
3.20916414261	0.028	-0.216	0.768
3.21086001396	-0.096	0.148	-0.904
3.21255612373	-0.096	0.148	-0.904
3.21425294876	-0.096	0.148	-0.904
3.21594905853	0.04	-0.336	2.044
3.21766901016	0.04	-0.336	2.044
3.21936607361	0.04	-0.336	2.044
3.22106194496	0.008	-0.124	-0.16
3.22275900841	0.008	-0.124	-0.16
3.22445511818	0.008	-0.124	-0.16
3.2261531353	-0.076	0.08	-0.168
3.22785711288	-0.076	0.08	-0.168
3.22955298424	-0.076	0.08	-0.168
3.23125314713	0.052	-0.376	2.044
3.23294997215	0.052	-0.376	2.044
3.23464608192	0.052	-0.376	2.044
3.23634195328	-0.004	-0.012	-0.892
3.23804593086	-0.004	-0.012	-0.892
3.23974394798	-0.004	-0.012	-0.892
3.24144911766	-0.06	0.02	0.748
3.24315309525	-0.06	0.02	0.748
3.24485206604	-0.06	0.02	0.748
3.24655413628	0.068	-0.384	2.044
3.2482509613	0.068	-0.384	2.044
3.24994802475	0.068	-0.384	2.044
3.25164413452	-0.024	0.088	-1.392
3.25334095955	-0.024	0.088	-1.392
3.25503802299	-0.024	0.088	-1.392
3.25675606728	-0.04	-0.08	1.672
3.2584540844	-0.04	-0.08	1.672
3.26015210152	-0.04	-0.08	1.672
3.26184892654	0.068	-0.368	2.044
3.26354598999	0.068	-0.368	2.044
3.26524305344	0.068	-0.368	2.044
3.26694512367	-0.088	0.108	-1.52
3.26863598824	-0.088	0.108	-1.52
3.27032804489	-0.088	0.108	-1.52
3.27201795578	0.016	-0.176	2.044
3.27370810509	0.016	-0.176	2.044
3.2753970623	0.016	-0.176	2.044
3.27709102631	0.04	-0.284	1.648
3.27879095078	0.04	-0.284	1.648
3.28048801422	0.04	-0.284	1.648
3.28218507767	-0.072	0.14	-1.36
3.28388214111	-0.072	0.14	-1.36
3.28557896614	-0.072	0.14	-1.36
3.28728199005	0.024	-0.272	2.044
3.28898000717	0.024	-0.272	2.044
3.29068493843	0.024	-0.272	2.044
3.29238414764	0.04	-0.216	0.696
3.294080019	0.04	-0.216	0.696
3.29577612877	0.04	-0.216	0.696
3.29748415947	-0.096	0.128	-0.856
3.29918193817	-0.096	0.128	-0.856
3.30087804794	-0.096	0.128	-0.856
3.30257511139	0.06	-0.356	2.044
3.30427098274	0.06	-0.356	2.044
3.30596804619	0.06	-0.356	2.044
3.3076710701	-0.012	-0.1	-0.208
3.30936908722	-0.012	-0.1	-0.208
3.31106710434	-0.012	-0.1	-0.208
3.31277704239	-0.068	0.08	-0.104
3.31447315216	-0.068	0.08	-0.104
3.31616997719	-0.068	0.08	-0.104
3.31787204742	0.044	-0.392	2.044
3.3195681572	0.044	-0.392	2.044
3.32126712799	0.044	-0.392	2.044
3.32296705246	-0.008	-0.012	-0.956
3.32466506958	-0.008	-0.012	-0.956
3.3263630867	-0.008	-0.012	-0.956
3.32806706429	-0.036	0.016	0.788
3.32976293564	-0.036	0.016	0.788
3.33145809174	-0.036	0.016	0.788
3.33315205574	0.056	-0.388	2.044
3.33484911919	0.056	-0.388	2.044
3.336550951	0.056	-0.388	2.044
3.33825802803	-0.064	0.068	-1.408
3.33995509148	-0.064	0.068	-1.408
3.34165096283	-0.064	0.068	-1.408
3.34334802628	-0.028	-0.076	1.72
3.3450460434	-0.028	-0.076	1.72
3.34675002098	-0.028	-0.076	1.72
3.3484480381	0.044	-0.364	2.044
3.35014605522	0.044	-0.364	2.044
3.35184192657	0.044	-0.364	2.044
3.35355901718	-0.08	0.12	-1.536
3.3552570343	-0.08	0.12	-1.536
3.35696005821	-0.08	0.12	-1.536
3.35865712166	-0.008	-0.164	2.044
3.36035299301	-0.008	-0.164	2.044
3.36205101013	-0.008	-0.164	2.044
3.36374807358	0.032	-0.284	1.6
3.36544394493	0.032	-0.284	1.6
3.36718010902	0.032	-0.284	1.6
3.36889100075	-0.084	0.136	-1.336
3.37058997154	-0.084	0.136	-1.336
3.37228703499	-0.084	0.136	-1.336
3.37398314476	0.024	-0.26	2.044
3.37568306923	0.024	-0.26	2.044
3.37738800049	0.024	-0.26	2.044
3.37908411026	0.024	-0.212	0.64
3.38077998161	0.024	-0.212	0.64
3.38247513771	0.024	-0.212	0.64
3.38417005539	-0.084	0.128	-0.82
3.38587808609	-0.084	0.128	-0.82
3.38757610321	-0.084	0.128	-0.82
3.38927292824	0.036	-0.34	2.044
3.39096808434	0.036	-0.34	2.044
3.39267492294	0.036	-0.34	2.044
3.39437007904	0.0	-0.112	-0.26
3.39605903625	0.0	-0.112	-0.26
3.39775395393	0.0	-0.112	-0.26
3.39944195747	-0.076	0.096	-0.064
3.40114212036	-0.076	0.096	-0.064
3.4028429985	-0.076	0.096	-0.064
3.4045381546	0.044	-0.392	2.044
3.40623402596	0.044	-0.392	2.044
3.4079310894	0.044	-0.392	2.044
3.40962815285	-0.02	-0.012	-0.96
3.41132497787	-0.02	-0.012	-0.96
3.41302204132	-0.02	-0.012	-0.96
3.41471815109	-0.056	0.016	0.844
3.4164481163	-0.056	0.016	0.844
3.4181470871	-0.056	0.016	0.844
3.41984295845	0.06	-0.376	2.044
3.42153906822	0.06	-0.376	2.044
3.4232339859	0.06	-0.376	2.044
3.42493200302	-0.084	0.072	-1.424
3.42663598061	-0.084	0.072	-1.424
3.42833614349	-0.084	0.072	-1.424
3.43003296852	-0.02	-0.068	1.76
3.43173003197	-0.02	-0.068	1.76
3.43343806267	-0.02	-0.068	1.76
3.43513512611	0.048	-0.348	2.044
3.43683815002	0.048	-0.348	2.044
3.43852615356	0.048	-0.348	2.044
3.4402141571	-0.072	0.116	-1.54
3.44190406799	-0.072	0.116	-1.54
3.44359302521	-0.072	0.116	-1.54
3.44528102875	0.008	-0.176	2.044
3.44697403908	0.008	-0.176	2.044
3.44868993759	0.008	-0.176	2.044
3.45038700104	0.048	-0.28	1.532
3.45208311081	0.048	-0.28	1.532
3.45377898216	0.048	-0.28	1.532
3.45547795296	-0.104	0.152	-1.324
3.45721101761	-0.104	0.152	-1.324
3.45890903473	-0.104	0.152	-1.324
3.46060705185	0.032	-0.284	2.044
3.46230196953	0.032	-0.284	2.044
3.46401000023	0.032	-0.284	2.044
3.46570706367	0.008	-0.2	0.608
3.46740603447	0.008	-0.2	0.608
3.46909308434	0.008	-0.2	0.608
3.4707801342	-0.076	0.108	-0.784
3.47247004509	-0.076	0.108	-0.784
3.4741590023	-0.076	0.108	-0.784
3.47584795952	0.04	-0.356	2.044
3.47754693031	0.04	-0.356	2.044
3.47924804688	0.04	-0.356	2.044
3.48096108437	0.0	-0.092	-0.3
3.48265600204	0.0	-0.092	-0.3
3.48434400558	0.0	-0.092	-0.3
3.4860329628	-0.084	0.084	0.0
3.48772907257	-0.084	0.084	0.0
3.48941898346	-0.084	0.084	0.0
3.49110603333	0.056	-0.384	2.044
3.4928021431	0.056	-0.384	2.044
3.4944999218	0.056	-0.384	2.044
3.49619698524	-0.016	-0.004	-1.012
3.49790215492	-0.016	-0.004	-1.012
3.49959993362	-0.016	-0.004	-1.012
3.50129699707	-0.036	0.008	0.916
3.50299096107	-0.036	0.008	0.916
3.50468993187	-0.036	0.008	0.916
3.50638794899	0.044	-0.38	2.044
3.50809907913	0.044	-0.38	2.044
3.50979614258	0.044	-0.38	2.044
3.51149106026	-0.088	0.076	-1.452
3.51325297356	-0.088	0.076	-1.452
3.51495194435	-0.088	0.076	-1.452
3.51665592194	-0.036	-0.08	1.82
3.51835298538	-0.036	-0.08	1.82
3.52004909515	-0.036	-0.08	1.82
3.52174806595	0.06	-0.344	2.044
3.52344298363	0.06	-0.344	2.044
3.5251390934	0.06	-0.344	2.044
3.52684092522	-0.08	0.116	-1.552
3.52854704857	-0.08	0.116	-1.552
3.53024697304	-0.08	0.116	-1.552
3.53194403648	-0.004	-0.196	2.044
3.53364396095	-0.004	-0.196	2.044
3.5353410244	-0.004	-0.196	2.044
3.53704714775	0.036	-0.272	1.472
3.53874397278	0.036	-0.272	1.472
3.54044008255	0.036	-0.272	1.472
3.54213500023	-0.108	0.144	-1.288
3.54383111	-0.108	0.144	-1.288
3.5455300808	-0.108	0.144	-1.288
3.54723405838	0.024	-0.276	2.044
3.54892897606	0.024	-0.276	2.044
3.55062413216	0.024	-0.276	2.044
3.55232000351	0.02	-0.184	0.516
3.55401611328	0.02	-0.184	0.516
3.55571103096	0.02	-0.184	0.516
3.55741214752	-0.1	0.104	-0.724
3.55910801888	-0.1	0.104	-0.724
3.56082010269	-0.1	0.104	-0.724
3.56251811981	0.044	-0.356	2.044
3.56421303749	0.044	-0.356	2.044
3.56590914726	0.044	-0.356	2.044
3.56761193275	0.012	-0.076	-0.364
3.56931114197	0.012	-0.076	-0.364
3.57100701332	0.012	-0.076	-0.364
3.57270312309	-0.092	0.08	0.064
3.57439804077	-0.092	0.08	0.064
3.57610297203	-0.092	0.08	0.064
3.57780599594	0.06	-0.384	2.044
3.57950305939	0.06	-0.384	2.044
3.58120012283	0.06	-0.384	2.044
3.58289504051	-0.032	0.012	-1.06
3.58459210396	-0.032	0.012	-1.06
3.58629202843	-0.032	0.012	-1.06
3.58799600601	-0.04	-0.004	0.972
3.58969306946	-0.04	-0.004	0.972
3.5913901329	-0.04	-0.004	0.972
3.59309005737	0.068	-0.4	2.044
3.59478712082	0.068	-0.4	2.044
3.59649014473	0.068	-0.4	2.044
3.59818506241	-0.08	0.08	-1.464
3.59989500046	-0.08	0.08	-1.464
3.60159397125	-0.08	0.08	-1.464
3.60329008102	-0.02	-0.088	1.896
3.60498714447	-0.02	-0.088	1.896
3.60669112206	-0.02	-0.088	1.896
3.60838794708	0.048	-0.332	2.044
3.61008501053	0.048	-0.332	2.044
3.6117811203	0.048	-0.332	2.044
3.61348009109	-0.068	0.12	-1.54
3.61517715454	-0.068	0.12	-1.54
3.61688113213	-0.068	0.12	-1.54
3.61857914925	0.0	-0.196	2.044
3.62026715279	0.0	-0.196	2.044
3.62195515633	0.0	-0.196	2.044
3.62365293503	0.044	-0.276	1.4
3.62535095215	0.044	-0.276	1.4
3.62705302238	0.044	-0.276	1.4
3.62874794006	-0.112	0.16	-1.256
3.63044595718	-0.112	0.16	-1.256
3.63214302063	-0.112	0.16	-1.256
3.63384199142	0.024	-0.292	2.044
3.6355381012	0.024	-0.292	2.044
3.63724207878	0.024	-0.292	2.044
3.63894104958	0.028	-0.184	0.452
3.64065909386	0.028	-0.184	0.452
3.6423561573	0.028	-0.184	0.452
3.64405107498	-0.064	0.108	-0.688
3.64574813843	-0.064	0.108	-0.688
3.64745092392	-0.064	0.108	-0.688
3.64914894104	0.04	-0.352	2.044
3.65084505081	0.04	-0.352	2.044
3.65253996849	0.04	-0.352	2.044
3.65423607826	0.004	-0.092	-0.412
3.65593409538	0.004	-0.092	-0.412
3.65763902664	0.004	-0.092	-0.412
3.65933609009	-0.08	0.068	0.116
3.66103100777	-0.08	0.068	0.116
3.66272592545	-0.08	0.068	0.116
3.66442203522	0.08	-0.404	2.044
3.66612100601	0.08	-0.404	2.044
3.66782093048	0.08	-0.404	2.044
3.66950798035	-0.04	0.004	-1.092
3.67120504379	-0.04	0.004	-1.092
3.67291092873	-0.04	0.004	-1.092
3.67460107803	-0.06	-0.02	1.04
3.67628908157	-0.06	-0.02	1.04
3.67798995972	-0.06	-0.02	1.04
3.67968606949	0.064	-0.388	2.044
3.68138504028	0.064	-0.388	2.044
3.68308115005	0.064	-0.388	2.044
3.68477702141	-0.06	0.072	-1.468
3.68648099899	-0.06	0.072	-1.468
3.68818306923	-0.06	0.072	-1.468
3.68988108635	-0.02	-0.1	1.952
3.69158315659	-0.02	-0.1	1.952
3.69327998161	-0.02	-0.1	1.952
3.69497799873	0.052	-0.328	2.044
3.69668793678	0.052	-0.328	2.044
3.69838500023	0.052	-0.328	2.044
3.70008111	-0.056	0.14	-1.54
3.70177698135	-0.056	0.14	-1.54
3.70347309113	-0.056	0.14	-1.54
3.70517301559	-0.004	-0.212	2.044
3.70687699318	-0.004	-0.212	2.044
3.70857405663	-0.004	-0.212	2.044
3.71027112007	0.048	-0.268	1.34
3.7119679451	0.048	-0.268	1.34
3.71366500854	0.048	-0.268	1.34
3.71535992622	-0.1	0.144	-1.232
3.71706414223	-0.1	0.144	-1.232
3.7187731266	-0.1	0.144	-1.232
3.7204720974	0.028	-0.296	2.044
3.72217011452	0.028	-0.296	2.044
3.7238650322	0.028	-0.296	2.044
3.72556114197	0.016	-0.168	0.384
3.72726297379	0.016	-0.168	0.384
3.72895908356	0.016	-0.168	0.384
3.73065495491	-0.064	0.116	-0.644
3.73235011101	-0.064	0.116	-0.644
3.73404693604	-0.064	0.116	-0.644
3.73574209213	0.044	-0.352	2.044
3.73744702339	0.044	-0.352	2.044
3.73914408684	0.044	-0.352	2.044
3.74083995819	0.008	-0.08	-0.468
3.74253606796	0.008	-0.08	-0.468
3.74423503876	0.008	-0.08	-0.468
3.7459321022	-0.056	0.068	0.164
3.74763393402	-0.056	0.068	0.164
3.74932909012	-0.056	0.068	0.164
3.7510240078	0.064	-0.38	2.044
3.75272893906	0.064	-0.38	2.044
3.75442814827	0.064	-0.38	2.044
3.75612306595	-0.064	0.024	-1.124
3.75782704353	-0.064	0.024	-1.124
3.75952410698	-0.064	0.024	-1.124
3.7612221241	-0.044	-0.024	1.108
3.76291894913	-0.044	-0.024	1.108
3.76461601257	-0.044	-0.024	1.108
3.76632213593	0.06	-0.388	2.044
3.76803708076	0.06	-0.388	2.044
3.76973509789	0.06	-0.388	2.044
3.77143406868	-0.056	0.092	-1.496
3.7731320858	-0.056	0.092	-1.496
3.77482914925	-0.056	0.092	-1.496
3.77653098106	-0.016	-0.1	2.016
3.77822899818	-0.016	-0.1	2.016
3.77992510796	-0.016	-0.1	2.016
3.78162193298	0.052	-0.34	2.044
3.78331899643	0.052	-0.34	2.044
3.78501796722	0.052	-0.34	2.044
3.78672003746	-0.076	0.136	-1.512
3.78841805458	-0.076	0.136	-1.512
3.79011392593	-0.076	0.136	-1.512
3.79181098938	0.016	-0.208	2.044
3.79351401329	0.016	-0.208	2.044
3.79520893097	0.016	-0.208	2.044
3.79691505432	0.028	-0.264	1.272
3.79861211777	0.028	-0.264	1.272
3.80030894279	0.028	-0.264	1.272
3.80200505257	-0.068	0.136	-1.2
3.80370092392	-0.068	0.136	-1.2
3.80539703369	-0.068	0.136	-1.2
3.80710101128	0.028	-0.296	2.044
3.80881094933	0.028	-0.296	2.044
3.8105070591	0.028	-0.296	2.044
3.81220197678	0.012	-0.168	0.324
3.81390595436	0.012	-0.168	0.324
3.81560206413	0.012	-0.168	0.324
3.81730699539	-0.084	0.128	-0.584
3.81900596619	-0.084	0.128	-0.584
3.82070207596	-0.084	0.128	-0.584
3.82239794731	0.052	-0.352	2.044
3.82409715652	0.052	-0.352	2.044
3.82579398155	0.052	-0.352	2.044
3.82749605179	-0.004	-0.048	-0.516
3.82919406891	-0.004	-0.048	-0.516
3.83089113235	-0.004	-0.048	-0.516
3.83258795738	-0.052	0.06	0.224
3.83428502083	-0.052	0.06	0.224
3.83597898483	-0.052	0.06	0.224
3.83768200874	0.072	-0.388	2.044
3.83938193321	0.072	-0.388	2.044
3.84107899666	0.072	-0.388	2.044
3.84277415276	-0.064	0.028	-1.16
3.84447097778	-0.064	0.028	-1.16
3.84616804123	-0.064	0.028	-1.16
3.84787106514	-0.04	-0.012	1.164
3.84957408905	-0.04	-0.012	1.164
3.85127210617	-0.04	-0.012	1.164
3.85296797752	0.06	-0.376	2.044
3.85466504097	0.06	-0.376	2.044
3.85635995865	0.06	-0.376	2.044
3.85806393623	-0.076	0.092	-1.504
3.85976195335	-0.076	0.092	-1.504
3.86146903038	-0.076	0.092	-1.504
3.86316609383	0.0	-0.132	2.044
3.86485600471	0.0	-0.132	2.044
3.86654996872	0.0	-0.132	2.044
3.86823105812	0.056	-0.34	2.044
3.86991906166	0.056	-0.34	2.044
3.87160611153	0.056	-0.34	2.044
3.87329506874	-0.092	0.14	-1.516
3.87498497963	-0.092	0.14	-1.516
3.87668299675	-0.092	0.14	-1.516
3.87838411331	0.004	-0.22	2.044
3.88008213043	0.004	-0.22	2.044
3.88178110123	0.004	-0.22	2.044
3.88347697258	0.036	-0.264	1.212
3.88517308235	0.036	-0.264	1.212
3.88687515259	0.036	-0.264	1.212
3.88857102394	-0.08	0.132	-1.152
3.89026999474	-0.08	0.132	-1.152
3.89196610451	-0.08	0.132	-1.152
3.89366292953	0.04	-0.292	2.044
3.89535903931	0.04	-0.292	2.044
3.89706397057	0.04	-0.292	2.044
3.89876103401	0.008	-0.156	0.256
3.90045714378	0.008	-0.156	0.256
3.90215611458	0.008	-0.156	0.256
3.90385198593	-0.108	0.12	-0.524
3.90555000305	-0.108	0.12	-0.524
3.90725398064	-0.108	0.12	-0.524
3.90896010399	0.056	-0.364	2.044
3.91065597534	0.056	-0.364	2.044
3.91235399246	0.056	-0.364	2.044
3.91405105591	-0.008	-0.064	-0.572
3.91574811935	-0.008	-0.064	-0.572
3.91745209694	-0.008	-0.064	-0.572
3.91914892197	-0.048	0.056	0.296
3.92085814476	-0.048	0.056	0.296
3.92255401611	-0.048	0.056	0.296
3.92424893379	0.048	-0.396	2.044
3.92594504356	0.048	-0.396	2.044
3.92764806747	0.048	-0.396	2.044
3.9293551445	-0.052	0.028	-1.2
3.9310529232	-0.052	0.028	-1.2
3.93274998665	-0.052	0.028	-1.2
3.93444705009	-0.032	-0.028	1.24
3.93614411354	-0.032	-0.028	1.24
3.93784713745	-0.032	-0.028	1.24
3.9395430088	0.06	-0.388	2.044
3.94123911858	0.06	-0.388	2.044
3.94293498993	0.06	-0.388	2.044
3.9446310997	-0.068	0.108	-1.52
3.94632911682	-0.068	0.108	-1.52
3.94802713394	-0.068	0.108	-1.52
3.94972300529	-0.024	-0.12	2.044
3.95141911507	-0.024	-0.12	2.044
3.95311713219	-0.024	-0.12	2.044
3.95481801033	0.072	-0.328	2.044
3.95653104782	0.072	-0.328	2.044
3.95822715759	0.072	-0.328	2.044
3.95994114876	-0.104	0.128	-1.5
3.96173095703	-0.104	0.128	-1.5
3.9634270668	-0.104	0.128	-1.5
3.96512007713	0.008	-0.232	2.044
3.96682214737	0.008	-0.232	2.044
3.96851801872	0.008	-0.232	2.044
3.97021508217	0.036	-0.24	1.128
3.97190999985	0.036	-0.24	1.128
3.97360396385	0.036	-0.24	1.128
3.97530007362	-0.1	0.132	-1.136
3.97701215744	-0.1	0.132	-1.136
3.97871303558	-0.1	0.132	-1.136
3.98041009903	0.028	-0.3	2.044
3.98210906982	0.028	-0.3	2.044
3.9838039875	0.028	-0.3	2.044
3.98550105095	0.032	-0.164	0.2
3.98723006248	0.032	-0.164	0.2
3.98892593384	0.032	-0.164	0.2
3.99062108994	-0.112	0.124	-0.5
3.99231600761	-0.112	0.124	-0.5
3.99400997162	-0.112	0.124	-0.5
3.99570202827	0.06	-0.368	2.044
3.99740600586	0.06	-0.368	2.044
3.99910211563	0.06	-0.368	2.044
4.00081110001	-0.02	-0.048	-0.624
4.00251102448	-0.02	-0.048	-0.624
4.00421714783	-0.02	-0.048	-0.624
4.00591611862	-0.068	0.04	0.38
4.00763607025	-0.068	0.04	0.38
4.00933504105	-0.068	0.04	0.38
4.01102995872	0.064	-0.4	2.044
4.01272511482	0.064	-0.4	2.044
4.0144200325	0.064	-0.4	2.044
4.01611614227	-0.052	0.036	-1.232
4.01782011986	-0.052	0.036	-1.232
4.01951694489	-0.052	0.036	-1.232
4.02121305466	-0.044	-0.024	1.3
4.0229101181	-0.044	-0.024	1.3
4.02460694313	-0.044	-0.024	1.3
4.02630400658	0.064	-0.372	2.044
4.02800798416	0.064	-0.372	2.044
4.02970409393	0.064	-0.372	2.044
4.03139996529	-0.056	0.1	-1.528
4.03309893608	-0.056	0.1	-1.528
4.03480005264	-0.056	0.1	-1.528
4.03650307655	-0.012	-0.136	2.044
4.03820109367	-0.012	-0.136	2.044
4.03989696503	-0.012	-0.136	2.044
4.04159712791	0.06	-0.324	2.012
4.04329395294	0.06	-0.324	2.012
4.04498910904	0.06	-0.324	2.012
4.04669094086	-0.092	0.132	-1.48
4.0483880043	-0.092	0.132	-1.48
4.05008506775	-0.092	0.132	-1.48
4.05178999901	0.012	-0.232	2.044
4.05348706245	0.012	-0.232	2.044
4.05518198013	0.012	-0.232	2.044
4.05689501762	0.032	-0.24	1.076
4.05859303474	0.032	-0.24	1.076
4.06029200554	0.032	-0.24	1.076
4.06198906898	-0.076	0.12	-1.116
4.06368494034	-0.076	0.12	-1.116
4.06538295746	-0.076	0.12	-1.116
4.06708693504	0.02	-0.308	2.044
4.06877613068	0.02	-0.308	2.044
4.07046294212	0.02	-0.308	2.044
4.07214999199	0.028	-0.16	0.148
4.0738401413	0.028	-0.16	0.148
4.07552814484	0.028	-0.16	0.148
4.07729315758	-0.092	0.104	-0.432
4.0789949894	-0.092	0.104	-0.432
4.08070707321	-0.092	0.104	-0.432
4.08240604401	0.06	-0.376	2.044
4.08410096169	0.06	-0.376	2.044
4.08579611778	0.06	-0.376	2.044
4.08750200272	-0.012	-0.056	-0.672
4.08920311928	-0.012	-0.056	-0.672
4.0909011364	-0.012	-0.056	-0.672
4.09259796143	-0.056	0.024	0.424
4.09429311752	-0.056	0.024	0.424
4.0959880352	-0.056	0.024	0.424
4.09769201279	0.056	-0.4	2.044
4.09939694405	0.056	-0.4	2.044
4.10109305382	0.056	-0.4	2.044
4.1027879715	-0.032	0.04	-1.24
4.10448503494	-0.032	0.04	-1.24
4.10618400574	-0.032	0.04	-1.24
4.10788798332	-0.048	-0.02	1.36
4.10958504677	-0.048	-0.02	1.36
4.11127996445	-0.048	-0.02	1.36
4.11298108101	0.052	-0.372	2.044
4.11467814445	0.052	-0.372	2.044
4.11637306213	0.052	-0.372	2.044
4.11807012558	-0.052	0.108	-1.528
4.11976695061	-0.052	0.108	-1.528
4.12146711349	-0.052	0.108	-1.528
4.12316393852	-0.024	-0.136	2.044
4.12486100197	-0.024	-0.136	2.044
4.12656402588	-0.024	-0.136	2.044
4.128262043	0.056	-0.328	1.948
4.12995815277	0.056	-0.328	1.948
4.13165402412	0.056	-0.328	1.948
4.1333501339	-0.068	0.108	-1.452
4.13504695892	-0.068	0.108	-1.452
4.13677000999	-0.068	0.108	-1.452
4.13846802711	0.02	-0.236	2.044
4.14016795158	0.02	-0.236	2.044
4.14186406136	0.02	-0.236	2.044
4.14355802536	0.04	-0.232	1.028
4.14525604248	0.04	-0.232	1.028
4.14698696136	0.04	-0.232	1.028
4.14868402481	-0.084	0.132	-1.06
4.15038108826	-0.084	0.132	-1.06
4.15209007263	-0.084	0.132	-1.06
4.15378904343	0.032	-0.316	2.044
4.15548396111	0.032	-0.316	2.044
4.15725111961	0.032	-0.316	2.044
4.15895009041	0.004	-0.148	0.084
4.16064500809	0.004	-0.148	0.084
4.16234207153	0.004	-0.148	0.084
4.16403794289	-0.088	0.1	-0.388
4.1657371521	-0.088	0.1	-0.388
4.16744494438	-0.088	0.1	-0.388
4.16914606094	0.056	-0.368	2.044
4.1708419323	0.056	-0.368	2.044
4.17253804207	0.056	-0.368	2.044
4.17423415184	-0.016	-0.048	-0.704
4.17593193054	-0.016	-0.048	-0.704
4.17763710022	-0.016	-0.048	-0.704
4.17933392525	-0.052	0.032	0.472
4.18103003502	-0.052	0.032	0.472
4.18272399902	-0.052	0.032	0.472
4.18442106247	0.064	-0.404	2.044
4.18611693382	0.064	-0.404	2.044
4.18781900406	0.064	-0.404	2.044
4.18951511383	-0.028	0.06	-1.284
4.19121193886	-0.028	0.06	-1.284
4.19291615486	-0.028	0.06	-1.284
4.19462704659	-0.048	-0.036	1.408
4.19632506371	-0.048	-0.036	1.408
4.1980240345	-0.048	-0.036	1.408
4.19972109795	0.052	-0.368	2.044
4.20142006874	0.052	-0.368	2.044
4.20311594009	0.052	-0.368	2.044
4.20481204987	-0.072	0.096	-1.524
4.20651602745	-0.072	0.096	-1.524
4.2082130909	-0.072	0.096	-1.524
4.20991015434	-0.024	-0.132	2.044
4.21160697937	-0.024	-0.132	2.044
4.21330499649	-0.024	-0.132	2.044
4.21501302719	0.036	-0.312	1.9
4.21673607826	0.036	-0.312	1.9
4.2184381485	0.036	-0.312	1.9
4.22013401985	-0.088	0.132	-1.44
4.22183012962	-0.088	0.132	-1.44
4.22352695465	-0.088	0.132	-1.44
4.22522592545	0.008	-0.24	2.044
4.22692799568	0.008	-0.24	2.044
4.22862505913	0.008	-0.24	2.044
4.23031997681	0.036	-0.232	0.968
4.23201608658	0.036	-0.232	0.968
4.23371195793	0.036	-0.232	0.968
4.2354080677	-0.084	0.14	-1.036
4.23711013794	-0.084	0.14	-1.036
4.23880815506	-0.084	0.14	-1.036
4.24050402641	0.028	-0.304	2.044
4.24221014977	0.028	-0.304	2.044
4.24390697479	0.028	-0.304	2.044
4.24560499191	0.008	-0.136	0.02
4.24730801582	0.008	-0.136	0.02
4.2490170002	0.008	-0.136	0.02
4.25071310997	-0.076	0.096	-0.336
4.25241112709	-0.076	0.096	-0.336
4.25410699844	-0.076	0.096	-0.336
4.25580406189	0.056	-0.392	2.044
4.25750803947	0.056	-0.392	2.044
4.25920510292	0.056	-0.392	2.044
4.26090097427	-0.028	-0.052	-0.776
4.26259899139	-0.028	-0.052	-0.776
4.26429700851	-0.028	-0.052	-0.776
4.26599597931	-0.064	0.04	0.54
4.26769399643	-0.064	0.04	0.54
4.26938199997	-0.064	0.04	0.54
4.27107214928	0.056	-0.396	2.044
4.27277207375	0.056	-0.396	2.044
4.27446103096	0.056	-0.396	2.044
4.2761490345	-0.056	0.056	-1.292
4.27785205841	-0.056	0.056	-1.292
4.27955508232	-0.056	0.056	-1.292
4.28125405312	-0.04	-0.056	1.46
4.28295111656	-0.04	-0.056	1.46
4.28464794159	-0.04	-0.056	1.46
4.28634309769	0.056	-0.372	2.044
4.2880461216	0.056	-0.372	2.044
4.28975200653	0.056	-0.372	2.044
4.2914481163	-0.104	0.112	-1.544
4.29314613342	-0.104	0.112	-1.544
4.29484295845	-0.104	0.112	-1.544
4.29654598236	-0.02	-0.152	2.044
4.29824900627	-0.02	-0.152	2.044
4.29994702339	-0.02	-0.152	2.044
4.30164504051	0.032	-0.304	1.844
4.30334115028	0.032	-0.304	1.844
4.30503892899	0.032	-0.304	1.844
4.3067419529	-0.092	0.136	-1.428
4.30843997002	-0.092	0.136	-1.428
4.31013798714	-0.092	0.136	-1.428
4.31183409691	0.028	-0.26	2.044
4.3135330677	0.028	-0.26	2.044
4.31522798538	0.028	-0.26	2.044
4.31692910194	0.032	-0.228	0.888
4.31862401962	0.032	-0.228	0.888
4.3203189373	0.032	-0.228	0.888
4.32201504707	-0.112	0.128	-0.996
4.32371497154	-0.112	0.128	-0.996
4.32541203499	-0.112	0.128	-0.996
4.32711601257	0.04	-0.344	2.044
4.32881402969	0.04	-0.344	2.044
4.33050894737	0.04	-0.344	2.044
4.33220505714	0.008	-0.136	-0.036
4.3339009285	0.008	-0.136	-0.036
4.33559799194	0.008	-0.136	-0.036
4.33731293678	-0.052	0.08	-0.28
4.33901000023	-0.052	0.08	-0.28
4.34070706367	-0.052	0.08	-0.28
4.34240412712	0.06	-0.388	2.044
4.34411215782	0.06	-0.388	2.044
4.34581112862	0.06	-0.388	2.044
4.34751415253	-0.016	-0.032	-0.816
4.34921193123	-0.016	-0.032	-0.816
4.35091304779	-0.016	-0.032	-0.816
4.35261011124	-0.064	0.036	0.612
4.35430598259	-0.064	0.036	0.612
4.35600113869	-0.064	0.036	0.612
4.35770201683	0.056	-0.384	2.044
4.3593981266	0.056	-0.384	2.044
4.3610970974	0.056	-0.384	2.044
4.36279296875	-0.048	0.048	-1.332
4.3644900322	-0.048	0.048	-1.332
4.36618709564	-0.048	0.048	-1.332
4.36789011955	-0.052	-0.056	1.552
4.36958909035	-0.052	-0.056	1.552
4.37128615379	-0.052	-0.056	1.552
4.37298297882	0.052	-0.364	2.044
4.37467813492	0.052	-0.364	2.044
4.37637996674	0.052	-0.364	2.044
4.37808203697	-0.104	0.108	-1.54
4.37978005409	-0.104	0.108	-1.54
4.38147807121	-0.104	0.108	-1.54
4.38317513466	-0.008	-0.16	2.044
4.38489508629	-0.008	-0.16	2.044
4.38660001755	-0.008	-0.16	2.044
4.38829803467	0.048	-0.304	1.772
4.38999509811	0.048	-0.304	1.772
4.39169096947	0.048	-0.304	1.772
4.39338898659	-0.092	0.132	-1.416
4.39508700371	-0.092	0.132	-1.416
4.39679098129	-0.092	0.132	-1.416
4.39848804474	0.012	-0.256	2.044
4.40018510818	0.012	-0.256	2.044
4.40188193321	0.012	-0.256	2.044
4.40358114243	0.048	-0.24	0.844
4.40527701378	0.048	-0.24	0.844
4.40697908401	0.048	-0.24	0.844
4.40867495537	-0.124	0.152	-0.948
4.41037297249	-0.124	0.152	-0.948
4.41207098961	-0.124	0.152	-0.948
4.41376614571	0.052	-0.34	2.044
4.41546106339	0.052	-0.34	2.044
4.41719508171	0.004	-0.124	-0.084
4.41889214516	0.004	-0.124	-0.084
4.42058992386	0.004	-0.124	-0.084
4.42228603363	-0.06	0.076	-0.228
4.42400097847	-0.06	0.076	-0.228
4.42570114136	-0.06	0.076	-0.228
4.42740607262	0.052	-0.384	2.044
4.42910504341	0.052	-0.384	2.044
4.43080210686	0.052	-0.384	2.044
4.43250799179	-0.02	-0.032	-0.848
4.43420696259	-0.02	-0.032	-0.848
4.43590497971	-0.02	-0.032	-0.848
4.4376039505	-0.052	0.052	0.632
4.43929314613	-0.052	0.052	0.632
4.44099712372	-0.052	0.052	0.632
4.44268393517	0.072	-0.392	2.044
4.44437193871	0.072	-0.392	2.044
4.44605898857	0.072	-0.392	2.044
4.44776010513	-0.044	0.052	-1.356
4.44946312904	-0.044	0.052	-1.356
4.45115995407	-0.044	0.052	-1.356
4.45285701752	-0.032	-0.08	1.604
4.45455312729	-0.032	-0.08	1.604
4.45627713203	-0.032	-0.08	1.604
4.45798301697	0.056	-0.372	2.044
4.45967912674	0.056	-0.372	2.044
4.46137499809	0.056	-0.372	2.044
4.46307110786	-0.1	0.112	-1.548
4.46478104591	-0.1	0.112	-1.548
4.46655297279	-0.1	0.112	-1.548
4.46824598312	-0.012	-0.16	2.044
4.46993613243	-0.012	-0.16	2.044
4.47162508965	-0.012	-0.16	2.044
4.47331595421	0.036	-0.296	1.748
4.47500514984	0.036	-0.296	1.748
4.47669792175	0.036	-0.296	1.748
4.47839713097	-0.088	0.124	-1.388
4.48010396957	-0.088	0.124	-1.388
4.48181915283	-0.088	0.124	-1.388
4.48351812363	0.02	-0.264	2.044
4.48521304131	0.02	-0.264	2.044
4.48691606522	0.02	-0.264	2.044
4.48861312866	0.032	-0.228	0.776
4.49031114578	0.032	-0.228	0.776
4.49200701714	0.032	-0.228	0.776
4.49370193481	-0.096	0.14	-0.928
4.49539899826	-0.096	0.14	-0.928
4.49710392952	-0.096	0.14	-0.928
4.49880099297	0.04	-0.344	2.044
4.50049495697	0.04	-0.344	2.044
4.50219106674	0.04	-0.344	2.044
4.50388598442	0.012	-0.112	-0.148
4.50558614731	0.012	-0.112	-0.148
4.50729012489	0.012	-0.112	-0.148
4.50899004936	-0.06	0.088	-0.184
4.51068806648	-0.06	0.088	-0.184
4.51238298416	-0.06	0.088	-0.184
4.51408100128	0.052	-0.38	2.044
4.51577615738	0.052	-0.38	2.044
4.5174779892	0.052	-0.38	2.044
4.51917910576	-0.02	-0.02	-0.888
4.52089214325	-0.02	-0.02	-0.888
4.52258992195	-0.02	-0.02	-0.888
4.52428793907	-0.068	0.028	0.724
4.52598214149	-0.068	0.028	0.724
4.52769303322	-0.068	0.028	0.724
4.52939009666	0.068	-0.388	2.044
4.53108501434	0.068	-0.388	2.044
4.53278207779	0.068	-0.388	2.044
4.53448009491	-0.04	0.068	-1.376
4.53617715836	-0.04	0.068	-1.376
4.53788399696	-0.04	0.068	-1.376
4.53958010674	-0.032	-0.092	1.66
4.54127693176	-0.032	-0.092	1.66
4.54297304153	-0.032	-0.092	1.66
4.54466915131	0.052	-0.356	2.044
4.54636502266	0.052	-0.356	2.044
4.54806804657	0.052	-0.356	2.044
4.54976606369	-0.068	0.1	-1.552
4.55146193504	-0.068	0.1	-1.552
4.55316114426	-0.068	0.1	-1.552
4.55485892296	-0.008	-0.176	2.044
4.55656194687	-0.008	-0.176	2.044
4.55825901031	-0.008	-0.176	2.044
4.55995607376	0.044	-0.284	1.664
4.56165599823	0.044	-0.284	1.664
4.56335306168	0.044	-0.284	1.664
4.56504797935	-0.092	0.14	-1.368
4.56675100327	-0.092	0.14	-1.368
4.56844997406	-0.092	0.14	-1.368
4.57014894485	0.012	-0.264	2.044
4.57184505463	0.012	-0.264	2.044
4.57354092598	0.012	-0.264	2.044
4.57524514198	0.02	-0.22	0.72
4.57695913315	0.02	-0.22	0.72
4.5786550045	0.02	-0.22	0.72
4.58035302162	-0.076	0.128	-0.86
4.58204913139	-0.076	0.128	-0.86
4.58374500275	-0.076	0.128	-0.86
4.58544397354	0.06	-0.344	2.044
4.5872130394	0.06	-0.344	2.044
4.58891201019	0.06	-0.344	2.044
4.59060907364	0.004	-0.112	-0.196
4.59230613708	0.004	-0.112	-0.196
4.59400415421	0.004	-0.112	-0.196
4.59570097923	-0.072	0.088	-0.128
4.59740495682	-0.072	0.088	-0.128
4.59910106659	-0.072	0.088	-0.128
4.6008169651	0.064	-0.404	2.044
4.60251402855	0.064	-0.404	2.044
4.60421013832	0.064	-0.404	2.044
4.60590600967	-0.02	-0.012	-0.944
4.60761094093	-0.02	-0.012	-0.944
4.60931015015	-0.02	-0.012	-0.944
4.61100912094	-0.056	0.008	0.772
4.61270499229	-0.056	0.008	0.772
4.61440396309	-0.056	0.008	0.772
4.61609792709	0.052	-0.364	2.044
4.61780405045	0.052	-0.364	2.044
4.6194999218	0.052	-0.364	2.044
4.6211950779	-0.06	0.064	-1.404
4.62290096283	-0.06	0.064	-1.404
4.62459897995	-0.06	0.064	-1.404
4.62629699707	-0.04	-0.084	1.708
4.62800002098	-0.04	-0.084	1.708
4.6296980381	-0.04	-0.084	1.708
4.63139510155	0.052	-0.36	2.044
4.63309311867	0.052	-0.36	2.044
4.63478899002	0.052	-0.36	2.044
4.63649106026	-0.08	0.116	-1.56
4.63818693161	-0.08	0.116	-1.56
4.63988804817	-0.08	0.116	-1.56
4.64159011841	0.012	-0.176	2.044
4.64328503609	0.012	-0.176	2.044
4.64498114586	0.012	-0.176	2.044
4.64668297768	0.044	-0.284	1.604
4.64837813377	0.044	-0.284	1.604
4.6500749588	0.044	-0.284	1.604
4.6517701149	-0.08	0.144	-1.344
4.65346813202	-0.08	0.144	-1.344
4.65516400337	-0.08	0.144	-1.344
4.65686893463	0.016	-0.276	2.044
4.6585650444	0.016	-0.276	2.044
4.66026115417	0.016	-0.276	2.044
4.66195702553	0.024	-0.212	0.648
4.66365194321	0.024	-0.212	0.648
4.66534996033	0.024	-0.212	0.648
4.66705608368	-0.076	0.112	-0.832
4.66874599457	-0.076	0.112	-0.832
4.67044615746	-0.076	0.112	-0.832
4.67213511467	0.052	-0.364	2.044
4.67383813858	0.052	-0.364	2.044
4.67552709579	0.052	-0.364	2.044
4.67729306221	-0.004	-0.104	-0.244
4.67899703979	-0.004	-0.104	-0.244
4.68069601059	-0.004	-0.104	-0.244
4.68239402771	-0.08	0.08	-0.064
4.68409109116	-0.08	0.08	-0.064
4.68578696251	-0.08	0.08	-0.064
4.68748903275	0.06	-0.38	2.044
4.68918800354	0.06	-0.38	2.044
4.69088411331	0.06	-0.38	2.044
4.69258308411	-0.028	0.0	-0.96
4.694272995	-0.028	0.0	-0.96
4.69596195221	-0.028	0.0	-0.96
4.69765496254	-0.052	0.008	0.836
4.69935107231	-0.052	0.008	0.836
4.70104503632	-0.052	0.008	0.836
4.70274114609	0.052	-0.392	2.044
4.70443606377	0.052	-0.392	2.044
4.70613312721	0.052	-0.392	2.044
4.70783615112	-0.064	0.092	-1.444
4.70953202248	-0.064	0.092	-1.444
4.71122908592	-0.064	0.092	-1.444
4.71293997765	-0.032	-0.088	1.78
4.71463704109	-0.032	-0.088	1.78
4.71633505821	-0.032	-0.088	1.78
4.71804714203	0.064	-0.364	2.044
4.71974611282	0.064	-0.364	2.044
4.72144293785	0.064	-0.364	2.044
4.72313809395	-0.072	0.124	-1.54
4.72483515739	-0.072	0.124	-1.54
4.72653698921	-0.072	0.124	-1.54
4.72823405266	0.004	-0.188	2.044
4.72993206978	0.004	-0.188	2.044
4.73162794113	0.004	-0.188	2.044
4.7333419323	0.044	-0.288	1.532
4.73503994942	0.044	-0.288	1.532
4.73674201965	0.044	-0.288	1.532
4.73844313622	-0.084	0.136	-1.316
4.74014210701	-0.084	0.136	-1.316
4.74183893204	-0.084	0.136	-1.316
4.74353599548	0.036	-0.28	2.044
4.74523711205	0.036	-0.28	2.044
4.74693608284	0.036	-0.28	2.044
4.74863100052	0.016	-0.204	0.58
4.75032711029	0.016	-0.204	0.58
4.75202202797	0.016	-0.204	0.58
4.75373196602	-0.08	0.112	-0.78
4.75543093681	-0.08	0.112	-0.78
4.75712895393	-0.08	0.112	-0.78
4.75882697105	0.044	-0.344	2.044
4.7605240345	0.044	-0.344	2.044
4.76222205162	0.044	-0.344	2.044
4.76391792297	-0.028	-0.084	-0.308
4.76562714577	-0.028	-0.084	-0.308
4.76733207703	-0.028	-0.084	-0.308
4.7690320015	-0.096	0.084	-0.008
4.77072715759	-0.096	0.084	-0.008
4.77242803574	-0.096	0.084	-0.008
4.77412509918	0.056	-0.38	2.044
4.77582192421	0.056	-0.38	2.044
4.77752900124	0.056	-0.38	2.044
4.77922511101	-0.012	-0.012	-1.016
4.78092312813	-0.012	-0.012	-1.016
4.78261995316	-0.012	-0.012	-1.016
4.78431797028	-0.036	0.008	0.908
4.78601503372	-0.036	0.008	0.908
4.78771710396	-0.036	0.008	0.908
4.78941202164	0.056	-0.38	2.044
4.79110693932	0.056	-0.38	2.044
4.79282307625	0.056	-0.38	2.044
4.7945189476	-0.084	0.076	-1.444
4.79621696472	-0.084	0.076	-1.444
4.79792499542	-0.084	0.076	-1.444
4.79962205887	-0.028	-0.084	1.828
4.80132007599	-0.028	-0.084	1.828
4.80301594734	-0.028	-0.084	1.828
4.80471301079	0.048	-0.352	2.044
4.80647206306	0.048	-0.352	2.044
4.80818414688	0.048	-0.352	2.044
4.80988311768	-0.08	0.124	-1.54
4.8115811348	-0.08	0.124	-1.54
4.81328701973	-0.08	0.124	-1.54
4.81498408318	0.0	-0.192	2.044
4.81667900085	0.0	-0.192	2.044
4.81836915016	0.0	-0.192	2.044
4.8200571537	0.036	-0.284	1.468
4.82175302505	0.036	-0.284	1.468
4.82344794273	0.036	-0.284	1.468
4.82515001297	-0.116	0.144	-1.284
4.82685494423	-0.116	0.144	-1.284
4.82855200768	-0.116	0.144	-1.284
4.83024907112	0.032	-0.28	2.044
4.8319439888	0.032	-0.28	2.044
4.83364605904	0.032	-0.28	2.044
4.83534193039	0.02	-0.196	0.524
4.83704400063	0.02	-0.196	0.524
4.83873915672	0.02	-0.196	0.524
4.84043502808	-0.1	0.108	-0.732
4.8421330452	-0.1	0.108	-0.732
4.84382915497	-0.1	0.108	-0.732
4.84552502632	0.048	-0.356	2.044
4.84722709656	0.048	-0.356	2.044
4.84893894196	0.048	-0.356	2.044
4.85063910484	0.016	-0.092	-0.364
4.85233592987	0.016	-0.092	-0.364
4.85403203964	0.016	-0.092	-0.364
4.85572814941	-0.104	0.08	0.056
4.85743093491	-0.104	0.08	0.056
4.859126091	-0.104	0.08	0.056
4.86083197594	0.06	-0.388	2.044
4.86252903938	0.06	-0.388	2.044
4.86422514915	0.06	-0.388	2.044
4.86592197418	-0.036	0.004	-1.048
4.86762094498	-0.036	0.004	-1.048
4.86931014061	-0.036	0.004	-1.048
4.87099814415	-0.032	0.0	0.976
4.87267899513	-0.032	0.0	0.976
4.87436008453	-0.032	0.0	0.976
4.87603998184	0.056	-0.396	2.044
4.87774515152	0.056	-0.396	2.044
4.87944602966	0.056	-0.396	2.044
4.88114500046	-0.076	0.084	-1.46
4.8828420639	-0.076	0.084	-1.46
4.88454008102	-0.076	0.084	-1.46
4.88623595238	-0.016	-0.088	1.892
4.88793992996	-0.016	-0.088	1.892
4.88963913918	-0.016	-0.088	1.892
4.89133501053	0.06	-0.352	2.044
4.8930311203	0.06	-0.352	2.044
4.89472699165	0.06	-0.352	2.044
4.89642906189	-0.072	0.124	-1.532
4.89812803268	-0.072	0.124	-1.532
4.89982295036	-0.072	0.124	-1.532
4.90151906013	0.0	-0.196	2.044
4.90321111679	0.0	-0.196	2.044
4.90490102768	0.0	-0.196	2.044
4.90659594536	0.028	-0.26	1.388
4.90831112862	0.028	-0.26	1.388
4.91000795364	0.028	-0.26	1.388
4.91170310974	-0.092	0.14	-1.256
4.91340208054	-0.092	0.14	-1.256
4.91509914398	-0.092	0.14	-1.256
4.91680407524	0.024	-0.292	2.044
4.91849899292	0.024	-0.292	2.044
4.92020797729	0.024	-0.292	2.044
4.92190504074	0.016	-0.184	0.444
4.92360115051	0.016	-0.184	0.444
4.92529702187	0.016	-0.184	0.444
4.9269990921	-0.084	0.104	-0.688
4.92869710922	-0.084	0.104	-0.688
4.93039703369	-0.084	0.104	-0.688
4.93209409714	0.04	-0.356	2.044
4.93378996849	0.04	-0.356	2.044
4.93548512459	0.04	-0.356	2.044
4.93721604347	0.012	-0.088	-0.42
4.93891501427	0.012	-0.088	-0.42
4.94061207771	0.012	-0.088	-0.42
4.94230794907	-0.064	0.04	0.132
4.94400405884	-0.064	0.04	0.132
4.94569993019	-0.064	0.04	0.132
4.94739699364	0.068	-0.396	2.044
4.94909095764	0.068	-0.396	2.044
4.95078706741	0.068	-0.396	2.044
4.95248198509	-0.032	0.024	-1.092
4.95418000221	-0.032	0.024	-1.092
4.95588994026	-0.032	0.024	-1.092
4.95759510994	-0.052	-0.016	1.044
4.95929098129	-0.052	-0.016	1.044
4.96099805832	-0.052	-0.016	1.044
4.96269392967	0.044	-0.396	2.044
4.96439003944	0.044	-0.396	2.044
4.96608710289	0.044	-0.396	2.044
4.96778893471	-0.056	0.08	-1.472
4.9694890976	-0.056	0.08	-1.472
4.97118711472	-0.056	0.08	-1.472
4.97288393974	-0.016	-0.092	1.98
4.97458004951	-0.016	-0.092	1.98
4.97627711296	-0.016	-0.092	1.98
4.97798109055	0.052	-0.324	2.044
4.9796769619	0.052	-0.324	2.044
4.981372118	0.052	-0.324	2.044
4.98307204247	-0.068	0.136	-1.516
4.98476910591	-0.068	0.136	-1.516
4.98647403717	-0.068	0.136	-1.516
4.98817205429	-0.008	-0.208	2.044
4.98986792564	-0.008	-0.208	2.044
4.99156498909	-0.008	-0.208	2.044
4.99326300621	0.04	-0.272	1.324
4.99496006966	0.04	-0.272	1.324
4.9966609478	0.04	-0.272	1.324
4.99835801125	-0.092	0.148	-1.224
