Timestamp 	 X-Axis 	 Y-Axis 	 Z-Axis
0.000308990478516	0.052	-0.052	-0.664
0.00448894500732	-0.12	-0.328	2.044
0.00848507881165	-0.008	0.12	-1.684
0.0124740600586	-0.008	0.12	-1.684
0.0164630413055	0.1	-0.244	2.044
0.0204689502716	-0.1	0.048	-0.504
0.0244560241699	0.076	-0.188	1.256
0.0284421443939	-0.092	-0.2	1.912
0.0324261188507	-0.092	-0.2	1.912
0.0364239215851	0.016	0.004	-1.0
0.0404090881348	0.02	-0.352	2.044
0.0443921089172	-0.02	0.112	-1.62
0.048378944397	-0.016	-0.308	2.044
0.0523641109467	-0.016	-0.308	2.044
0.0563769340515	-0.076	0.012	-0.096
0.0603759288788	0.012	-0.144	0.788
0.0643689632416	-0.108	-0.24	2.044
0.0683701038361	-0.108	-0.24	2.044
0.072361946106	-0.004	0.02	-1.276
0.0763559341431	-0.052	-0.408	2.044
0.0803530216217	-0.076	0.1	-1.492
0.0843510627747	0.1	-0.3	2.044
0.0883419513702	0.1	-0.3	2.044
0.0923309326172	-0.08	-0.036	0.348
0.0963249206543	0.076	-0.108	0.336
0.10031914711	-0.076	-0.232	2.044
0.10432100296	-0.044	0.064	-1.484
0.108312129974	-0.044	0.064	-1.484
0.112319946289	0.028	-0.276	2.044
0.116320133209	-0.06	0.104	-1.28
0.120316982269	0.092	-0.236	2.044
0.124314069748	0.092	-0.236	2.044
0.128304004669	-0.1	-0.084	0.792
0.132295131683	0.072	-0.1	-0.108
0.136291027069	-0.1	-0.296	2.044
0.140282154083	0.008	0.108	-1.624
0.144279003143	0.008	0.108	-1.624
0.148270130157	-0.044	-0.268	2.044
0.152261018753	-0.076	0.084	-1.004
0.156255960464	0.076	-0.236	1.916
0.160247087479	0.076	-0.236	1.916
0.164242982864	-0.096	-0.128	1.264
0.168235063553	0.028	-0.084	-0.504
0.172224998474	0.052	-0.316	2.044
0.176219940186	-0.032	0.108	-1.676
0.180227994919	-0.032	0.108	-1.676
0.184221029282	0.04	-0.348	2.044
0.18822312355	-0.056	0.072	-0.668
0.192214012146	0.012	-0.192	1.44
0.196208000183	-0.096	-0.176	1.724
0.200200080872	-0.096	-0.176	1.724
0.204195976257	-0.016	-0.016	-0.872
0.208188056946	-0.04	-0.404	2.044
0.212178945541	-0.044	0.112	-1.672
0.21617603302	-0.044	0.112	-1.672
0.220169067383	0.096	-0.336	2.044
0.224169015884	-0.072	0.02	-0.276
0.228160142899	0.112	-0.192	0.992
0.232147932053	-0.1	-0.196	2.044
0.236189126968	-0.1	-0.196	2.044
0.240190029144	-0.016	0.02	-1.168
0.244189023972	0.012	-0.236	2.044
0.248178958893	-0.06	0.136	-1.548
0.252170085907	0.08	-0.284	2.044
0.256165981293	0.08	-0.284	2.044
0.260156154633	-0.076	-0.024	0.164
0.264147043228	0.14	-0.156	0.516
0.268136978149	-0.112	-0.228	2.044
0.272127151489	-0.112	-0.228	2.044
0.276153087616	0.016	0.08	-1.412
0.280142068863	-0.048	-0.304	2.044
0.284139156342	-0.048	0.124	-1.388
0.288130998611	0.068	-0.268	2.044
0.29213309288	0.068	-0.268	2.044
0.296190977097	-0.1	-0.076	0.608
0.300184965134	0.06	-0.14	0.076
0.304178953171	-0.032	-0.32	2.044
0.308171033859	-0.032	0.08	-1.58
0.312160968781	-0.032	0.08	-1.58
0.316189050674	0.116	-0.352	2.044
0.320178985596	-0.048	0.104	-1.112
0.324177026749	0.004	-0.268	2.044
0.328166007996	0.004	-0.268	2.044
0.332155942917	-0.084	-0.112	1.068
0.336184978485	0.004	-0.072	-0.348
0.340175151825	-0.104	-0.336	2.044
0.344166994095	-0.016	0.088	-1.668
0.348159074783	-0.016	0.088	-1.668
0.352149009705	0.032	-0.352	2.044
0.356182098389	-0.076	0.072	-0.82
0.360173940659	0.16	-0.228	1.652
0.364180088043	-0.1	-0.172	1.532
0.368170976639	-0.1	-0.172	1.532
0.372162103653	0.056	-0.028	-0.736
0.376181125641	-0.156	-0.236	2.044
0.380172967911	-0.044	0.112	-1.676
0.384164094925	-0.044	0.112	-1.676
0.388154983521	0.124	-0.284	2.044
0.392144918442	-0.072	0.024	-0.44
0.396199941635	0.116	-0.18	1.18
0.400192975998	-0.096	-0.196	1.98
0.404186010361	-0.096	-0.196	1.98
0.408177137375	0.04	0.008	-1.056
0.412167072296	-0.06	-0.336	2.044
0.416165113449	-0.012	0.124	-1.604
0.420156002045	0.028	-0.284	2.044
0.424145936966	0.028	-0.284	2.044
0.428146123886	-0.124	0.012	-0.02
0.432137012482	0.04	-0.152	0.708
0.436151981354	-0.06	-0.28	2.044
0.440143108368	-0.06	-0.28	2.044
0.444141149521	-0.008	0.032	-1.32
0.448143005371	0.052	-0.38	2.044
0.452134132385	-0.06	0.104	-1.46
0.456155061722	0.02	-0.3	2.044
0.460145950317	0.02	-0.3	2.044
0.464136123657	-0.048	-0.068	0.408
0.468127012253	0.024	-0.08	0.248
0.4721159935	-0.08	-0.264	2.044
0.476139068604	-0.02	0.06	-1.52
0.480131149292	-0.02	0.06	-1.52
0.484127044678	-0.032	-0.376	2.044
0.488121986389	-0.056	0.096	-1.232
0.492113113403	0.152	-0.264	2.044
0.496165990829	0.152	-0.264	2.044
0.500158071518	-0.12	-0.1	0.888
0.504150152206	0.088	-0.068	-0.172
0.508145093918	-0.116	-0.26	2.044
0.512135028839	-0.02	0.092	-1.644
0.516155958176	-0.02	0.092	-1.644
0.52014708519	0.068	-0.236	2.044
0.524142980576	-0.084	0.072	-0.936
0.52813410759	0.084	-0.22	1.824
0.532123088837	-0.088	-0.148	1.344
0.536145925522	-0.088	-0.148	1.344
0.54013800621	0.036	-0.056	-0.58
0.544129133224	0.004	-0.324	2.044
0.548119068146	-0.004	0.128	-1.676
0.552113056183	-0.004	0.128	-1.676
0.556134939194	-0.02	-0.312	2.044
0.560137033463	-0.072	0.056	-0.604
0.564132928848	0.032	-0.196	1.364
0.568124055862	-0.108	-0.168	1.808
0.572114944458	-0.108	-0.168	1.808
0.576143026352	0.0	-0.024	-0.936
0.580127000809	0.016	-0.416	2.044
0.584118127823	-0.056	0.104	-1.64
0.588109016418	0.096	-0.32	2.044
0.59209895134	0.096	-0.32	2.044
0.596157073975	-0.06	0.02	-0.208
0.600152015686	0.024	-0.156	0.904
0.604149103165	-0.104	-0.204	2.044
0.608140945435	-0.104	-0.204	2.044
0.612142086029	-0.044	0.044	-1.236
0.616164922714	-0.008	-0.344	2.044
0.620157003403	-0.04	0.112	-1.528
0.624148130417	0.084	-0.28	2.044
0.628137111664	0.084	-0.28	2.044
0.632126092911	-0.08	-0.04	0.248
0.636148929596	0.116	-0.152	0.436
0.640139102936	-0.124	-0.232	2.044
0.644135951996	0.004	0.068	-1.448
0.648124933243	0.004	0.068	-1.448
0.652115106583	-0.02	-0.232	2.044
0.656136035919	-0.068	0.116	-1.332
0.660128116608	0.096	-0.252	2.044
0.664119958878	0.096	-0.252	2.044
0.668110132217	-0.096	-0.084	0.688
0.672110080719	0.068	-0.144	-0.024
0.676139116287	-0.044	-0.252	2.044
0.680130004883	-0.016	0.112	-1.604
0.684119939804	-0.016	0.112	-1.604
0.688112020493	-0.02	-0.332	2.044
0.692101955414	-0.056	0.104	-1.06
0.696120023727	0.052	-0.232	1.972
0.700112104416	-0.096	-0.116	1.176
0.704102993011	-0.096	-0.116	1.176
0.708094120026	0.02	-0.096	-0.432
0.712084054947	-0.052	-0.364	2.044
0.716081142426	-0.044	0.092	-1.672
0.720071077347	-0.044	0.092	-1.672
0.724067926407	0.12	-0.368	2.044
0.728055953979	-0.06	0.076	-0.736
0.732047080994	0.04	-0.212	1.56
0.736041069031	-0.08	-0.18	1.632
0.740031957626	-0.08	-0.18	1.632
0.744022130966	-0.012	-0.02	-0.804
0.748013973236	-0.044	-0.272	2.044
0.752002954483	-0.044	0.132	-1.668
0.756000041962	-0.044	0.132	-1.668
0.759989976883	0.036	-0.332	2.044
0.76398396492	-0.064	0.032	-0.348
0.76797413826	0.176	-0.208	1.072
0.771961927414	-0.104	-0.212	2.044
0.775953054428	-0.104	-0.212	2.044
0.779942989349	0.032	0.012	-1.116
0.783941984177	-0.1	-0.244	2.044
0.787931919098	-0.044	0.128	-1.584
0.791922092438	0.124	-0.272	2.044
0.795917034149	0.124	-0.272	2.044
0.799910068512	-0.088	-0.024	0.072
0.803905010223	0.096	-0.156	0.604
0.807903051376	-0.064	-0.236	2.044
0.811893939972	-0.064	-0.236	2.044
0.815884113312	0.0	0.056	-1.38
0.819865942001	0.024	-0.344	2.044
0.823856115341	-0.048	0.124	-1.404
0.827845096588	-0.012	-0.288	2.044
0.831835031509	-0.012	-0.288	2.044
0.835830926895	-0.104	-0.064	0.528
0.839821100235	0.032	-0.12	0.144
0.843816041946	-0.088	-0.344	2.044
0.847805976868	-0.02	0.052	-1.552
0.851796150208	-0.02	0.052	-1.552
0.855786085129	0.076	-0.38	2.044
0.859784126282	-0.068	0.104	-1.18
0.863775968552	0.076	-0.276	2.044
0.867764949799	0.076	-0.276	2.044
0.871752977371	-0.076	-0.124	1.004
0.875749111176	0.036	-0.04	-0.296
0.879739046097	-0.08	-0.276	2.044
0.883734941483	-0.028	0.096	-1.656
0.887726068497	-0.028	0.096	-1.656
0.891715049744	0.032	-0.324	2.044
0.895714044571	-0.072	0.076	-0.844
0.899704933167	0.156	-0.232	1.712
0.903694152832	0.156	-0.232	1.712
0.907684087753	-0.112	-0.156	1.468
0.911674022675	0.056	-0.04	-0.676
0.915670156479	-0.172	-0.288	2.044
0.9196600914	-0.02	0.116	-1.684
0.92366194725	-0.02	0.116	-1.684
0.92765212059	0.124	-0.252	2.044
0.931640148163	-0.08	0.028	-0.512
0.935632944107	0.068	-0.184	1.228
0.939621925354	-0.1	-0.184	1.928
0.943612098694	-0.1	-0.184	1.928
0.947601079941	0.036	-0.004	-1.008
0.951589107513	0.012	-0.356	2.044
0.955585956573	-0.016	0.124	-1.608
0.959576129913	-0.016	0.124	-1.608
0.963572025299	-0.008	-0.292	2.044
0.967561006546	-0.096	0.0	-0.072
0.971543073654	0.024	-0.148	0.764
0.975537061691	-0.096	-0.248	2.044
0.979527950287	-0.096	-0.248	2.044
0.983533143997	-0.012	0.028	-1.292
0.987524032593	-0.036	-0.408	2.044
0.991513967514	-0.08	0.1	-1.472
0.995511054993	0.104	-0.304	2.044
0.999499082565	0.104	-0.304	2.044
1.0034930706	-0.056	-0.044	0.348
1.0074930191	0.036	-0.1	0.304
1.01148200035	-0.068	-0.228	2.044
1.01547694206	-0.068	-0.228	2.044
1.01946806908	-0.028	0.08	-1.504
1.02346396446	0.008	-0.324	2.044
1.02745199203	-0.048	0.104	-1.268
1.03144311905	0.104	-0.244	2.044
1.03543806076	0.104	-0.244	2.044
1.03942608833	-0.104	-0.104	0.836
1.04342699051	0.1	-0.108	-0.124
1.0474190712	-0.104	-0.296	2.044
1.05140900612	-0.104	-0.296	2.044
1.05540394783	-0.004	0.116	-1.624
1.05939412117	0.0	-0.252	2.044
1.06338000298	-0.076	0.084	-0.98
1.06737112999	0.08	-0.216	1.864
1.07135891914	0.08	-0.216	1.864
1.07535505295	-0.1	-0.14	1.292
1.07936096191	0.032	-0.08	-0.536
1.08335804939	0.044	-0.3	2.044
1.08734703064	-0.024	0.116	-1.68
1.09133791924	-0.024	0.116	-1.68
1.09532809258	-0.004	-0.328	2.044
1.09931707382	-0.076	0.068	-0.636
1.10331296921	0.028	-0.2	1.416
1.10730600357	0.028	-0.2	1.416
1.11129498482	-0.1	-0.176	1.764
1.1152920723	-0.016	-0.024	-0.896
1.1192920208	-0.024	-0.416	2.044
1.12328910828	-0.056	0.104	-1.648
1.12727999687	-0.056	0.104	-1.648
1.13126993179	0.108	-0.344	2.044
1.13526511192	-0.072	0.024	-0.232
1.13925504684	0.068	-0.184	0.952
1.14324903488	-0.108	-0.212	2.044
1.1472389698	-0.108	-0.212	2.044
1.15122795105	-0.028	0.04	-1.196
1.15522503853	0.028	-0.26	2.044
1.1592130661	-0.056	0.136	-1.544
1.16320896149	-0.056	0.136	-1.544
1.1672000885	0.052	-0.28	2.044
1.17119193077	-0.068	-0.036	0.192
1.17518806458	0.16	-0.172	0.48
1.1791779995	-0.132	-0.236	2.044
1.18316912651	-0.132	-0.236	2.044
1.18715810776	-0.004	0.068	-1.436
1.191147089	-0.072	-0.268	2.044
1.19514393806	-0.056	0.116	-1.344
1.19913291931	0.108	-0.264	2.044
1.20312809944	0.108	-0.264	2.044
1.20711612701	-0.092	-0.08	0.652
1.21110606194	0.064	-0.132	0.032
1.21509504318	-0.016	-0.256	2.044
1.2190849781	-0.016	-0.256	2.044
1.22311210632	-0.028	0.1	-1.584
1.22710514069	0.036	-0.344	2.044
1.23111200333	-0.044	0.112	-1.1
1.23511099815	0.016	-0.256	2.016
1.23911094666	0.016	-0.256	2.016
1.24310708046	-0.088	-0.116	1.12
1.24709701538	0.004	-0.072	-0.384
1.2510869503	-0.1	-0.376	2.044
1.25508213043	-0.1	-0.376	2.044
1.25907301903	-0.032	0.084	-1.664
1.26309299469	0.092	-0.368	2.044
1.2670841217	-0.068	0.068	-0.768
1.2710750103	0.124	-0.236	1.608
1.27506995201	0.124	-0.236	1.608
1.27905797958	-0.088	-0.168	1.6
1.2830491066	0.024	-0.02	-0.776
1.28710508347	-0.104	-0.228	2.044
1.29109597206	-0.036	0.124	-1.668
1.29509305954	-0.036	0.124	-1.668
1.29908394814	0.076	-0.284	2.044
1.30310106277	-0.068	0.028	-0.392
1.30709314346	0.152	-0.18	1.116
1.31108212471	0.152	-0.18	1.116
1.3150780201	-0.116	-0.2	2.044
1.31906795502	0.04	0.008	-1.096
1.32305812836	-0.116	-0.304	2.044
1.32707810402	-0.024	0.104	-1.592
1.33106899261	-0.024	0.104	-1.592
1.33506512642	0.112	-0.248	2.044
1.33905506134	-0.088	-0.02	0.036
1.34305405617	0.052	-0.16	0.648
1.34707403183	-0.044	-0.256	2.044
1.35106396675	-0.044	-0.256	2.044
1.35506510735	-0.004	0.04	-1.348
1.35905504227	0.06	-0.352	2.044
1.36304402351	-0.04	0.128	-1.424
1.36703515053	-0.04	0.128	-1.424
1.37102413177	-0.016	-0.304	2.044
1.37502002716	-0.084	-0.056	0.48
1.37900996208	0.02	-0.104	0.184
1.38299798965	-0.104	-0.32	2.044
1.38699412346	-0.104	-0.32	2.044
1.39098405838	-0.016	0.068	-1.54
1.39497995377	-0.004	-0.38	2.044
1.39897012711	-0.064	0.104	-1.2
1.40296006203	0.144	-0.276	2.044
1.40695595741	0.144	-0.276	2.044
1.41094493866	-0.08	-0.112	0.948
1.41494107246	0.056	-0.056	-0.244
1.41896009445	-0.1	-0.248	2.044
1.42295098305	-0.1	-0.248	2.044
1.42694711685	-0.024	0.104	-1.64
1.43093705177	0.088	-0.284	2.044
1.43492698669	-0.06	0.072	-0.896
1.43891692162	0.104	-0.208	1.76
1.44290709496	0.104	-0.208	1.76
1.44690108299	-0.108	-0.144	1.408
1.45089101791	0.06	-0.056	-0.632
1.45489692688	-0.072	-0.336	2.044
1.45888710022	0.0	0.124	-1.676
1.46286892891	0.0	0.124	-1.676
1.46685600281	0.056	-0.264	2.044
1.47084498405	-0.092	0.06	-0.56
1.47484111786	0.044	-0.18	1.3
1.47883296013	0.044	-0.18	1.3
1.48282408714	-0.104	-0.18	1.868
1.48681807518	0.008	-0.02	-0.964
1.49131202698	0.048	-0.368	2.044
1.49531197548	-0.036	0.104	-1.64
1.49930500984	-0.036	0.104	-1.64
1.50330305099	0.012	-0.32	2.044
1.50729298592	-0.048	-0.004	-0.14
1.51128411293	0.032	-0.144	0.832
1.51527905464	-0.112	-0.216	2.044
1.51926994324	-0.112	-0.216	2.044
1.52326607704	-0.024	0.024	-1.26
1.52725696564	-0.076	-0.396	2.044
1.53124904633	-0.06	0.108	-1.508
1.53524494171	0.132	-0.296	2.044
1.53923392296	0.132	-0.296	2.044
1.54323196411	-0.068	-0.032	0.272
1.54722309113	0.096	-0.14	0.368
1.55120992661	-0.092	-0.224	2.044
1.55520606041	-0.092	-0.224	2.044
1.55919599533	-0.028	0.084	-1.468
1.56319212914	0.036	-0.24	2.044
1.56719207764	-0.056	0.124	-1.296
1.57118296623	0.084	-0.24	2.044
1.57517695427	0.084	-0.24	2.044
1.57916498184	-0.072	-0.1	0.764
1.58315992355	0.096	-0.12	-0.076
1.58714294434	-0.068	-0.276	2.044
1.59112691879	-0.068	-0.276	2.044
1.59511613846	0.004	0.116	-1.612
1.59910702705	-0.052	-0.288	2.044
1.60310912132	-0.08	0.104	-1.02
1.60710000992	0.064	-0.236	1.932
1.61108899117	0.064	-0.236	1.932
1.61508512497	-0.1	-0.112	1.212
1.61907696724	0.016	-0.088	-0.476
1.62308597565	0.02	-0.324	2.044
1.62707710266	-0.04	0.096	-1.676
1.63106703758	-0.04	0.096	-1.676
1.63506412506	0.056	-0.344	2.044
1.63905405998	-0.052	0.076	-0.696
1.6430439949	0.016	-0.22	1.488
1.64703607559	0.016	-0.22	1.488
1.65102505684	-0.084	-0.164	1.688
1.65501594543	-0.024	-0.016	-0.852
1.65900802612	-0.04	-0.376	2.044
1.66299796104	-0.048	0.112	-1.66
1.66699814796	-0.048	0.112	-1.66
1.67098903656	0.076	-0.336	2.044
1.67498397827	-0.06	0.016	-0.304
1.67899513245	0.144	-0.192	1.024
1.68298506737	-0.104	-0.208	2.044
1.68697810173	-0.104	-0.208	2.044
1.69096803665	0.004	0.008	-1.156
1.69495606422	-0.048	-0.228	2.044
1.69894695282	-0.06	0.128	-1.56
1.70293498039	-0.06	0.128	-1.56
1.7069311142	0.072	-0.256	2.044
1.71092009544	-0.068	-0.032	0.12
1.71491599083	0.116	-0.156	0.552
1.71890592575	-0.096	-0.224	2.044
1.72289609909	-0.096	-0.224	2.044
1.72689604759	0.02	0.06	-1.4
1.73088407516	-0.02	-0.324	2.044
1.73487997055	-0.044	0.124	-1.388
1.73887014389	-0.044	0.124	-1.388
1.74286007881	0.052	-0.28	2.044
1.7468559742	-0.108	-0.068	0.58
1.75084495544	0.036	-0.132	0.096
1.75483894348	-0.052	-0.316	2.044
1.7588300705	-0.052	-0.316	2.044
1.76281905174	-0.02	0.076	-1.568
1.76681494713	0.112	-0.36	2.044
1.7708029747	-0.064	0.104	-1.14
1.77479910851	-0.016	-0.264	2.044
1.77878904343	-0.016	-0.264	2.044
1.78277802467	-0.08	-0.112	1.048
1.78676915169	0.016	-0.06	-0.332
1.79076910019	-0.096	-0.324	2.044
1.79476594925	-0.096	-0.324	2.044
1.79875707626	-0.036	0.1	-1.664
1.80274605751	0.032	-0.364	2.044
1.80674004555	-0.064	0.068	-0.82
1.81073212624	0.188	-0.236	1.668
1.81472992897	0.188	-0.236	1.668
1.81871914864	-0.1	-0.164	1.512
1.82270908356	0.036	-0.04	-0.704
1.82670307159	-0.172	-0.256	2.044
1.83069396019	-0.028	0.12	-1.68
1.83468914032	-0.028	0.12	-1.68
1.83868002892	0.136	-0.276	2.044
1.84266805649	-0.084	0.036	-0.468
1.8466629982	0.064	-0.168	1.2
1.85066699982	0.064	-0.168	1.2
1.85466313362	-0.096	-0.196	1.964
1.85865306854	0.044	0.004	-1.044
1.86264109612	-0.044	-0.336	2.044
1.86663603783	-0.044	0.132	-1.608
1.87062811852	-0.044	0.132	-1.608
1.8746240139	0.012	-0.276	2.044
1.87861299515	-0.092	-0.004	-0.056
1.88260293007	0.032	-0.164	0.728
1.88659596443	-0.064	-0.268	2.044
1.89058613777	-0.064	-0.268	2.044
1.89457607269	-0.008	0.032	-1.308
1.89856600761	0.016	-0.388	2.044
1.90256404877	-0.044	0.108	-1.472
1.90656113625	-0.044	0.108	-1.472
1.91055202484	0.056	-0.308	2.044
1.91454911232	-0.084	-0.052	0.396
1.91853904724	0.036	-0.092	0.28
1.92252707481	-0.076	-0.256	2.044
1.9265229702	-0.076	-0.256	2.044
1.93051314354	-0.028	0.072	-1.504
1.93450307846	-0.04	-0.36	2.044
1.93849396706	-0.072	0.096	-1.252
1.94248509407	-0.072	0.096	-1.252
1.94648003578	0.144	-0.252	2.044
1.9504699707	-0.1	-0.1	0.848
1.95446610451	0.092	-0.096	-0.16
1.95845603943	-0.112	-0.284	2.044
1.96244597435	-0.112	-0.284	2.044
1.96644210815	-0.012	0.104	-1.628
1.9704310894	0.064	-0.24	2.044
1.97443008423	-0.072	0.1	-0.98
1.97842001915	0.076	-0.22	1.84
1.9824090004	0.076	-0.22	1.84
1.98640394211	-0.092	-0.14	1.324
1.99039506912	0.044	-0.06	-0.56
1.99439001083	0.032	-0.324	2.044
1.99837899208	0.032	-0.324	2.044
2.00236797333	-0.02	0.108	-1.68
2.00636410713	-0.028	-0.308	2.044
2.01035404205	-0.08	0.06	-0.616
2.01435995102	0.028	-0.208	1.38
2.01835012436	0.028	-0.208	1.38
2.02233695984	-0.1	-0.18	1.776
2.02633309364	-0.004	-0.016	-0.92
2.03032612801	-0.008	-0.424	2.044
2.0343170166	-0.06	0.1	-1.644
2.03831911087	-0.06	0.1	-1.644
2.04230904579	0.108	-0.328	2.044
2.04629993439	-0.06	0.016	-0.232
2.05028915405	0.048	-0.172	0.92
2.0542781353	0.048	-0.172	0.92
2.05826592445	-0.112	-0.196	2.044
2.06225609779	-0.032	0.036	-1.208
2.06625103951	0.012	-0.332	2.044
2.07024097443	-0.04	0.116	-1.536
2.0742380619	-0.04	0.116	-1.536
2.07822799683	0.068	-0.288	2.044
2.08221697807	-0.084	-0.032	0.228
2.08621096611	0.132	-0.164	0.46
2.09019994736	0.132	-0.164	0.46
2.0941889286	-0.14	-0.24	2.044
2.09818315506	0.004	0.076	-1.428
2.10217499733	-0.04	-0.252	2.044
2.10618209839	-0.06	0.124	-1.34
2.11017298698	-0.06	0.124	-1.34
2.11416292191	0.104	-0.248	2.044
2.11815214157	-0.084	-0.064	0.664
2.12214207649	0.06	-0.132	0.012
2.12618803978	-0.008	-0.264	2.044
2.13018012047	-0.008	-0.264	2.044
2.13417601585	-0.004	0.088	-1.592
2.13816595078	0.044	-0.336	2.044
2.14215612411	-0.052	0.1	-1.072
2.1461751461	-0.052	0.1	-1.072
2.15016508102	0.016	-0.256	2.016
2.15416097641	-0.096	-0.116	1.152
2.15815114975	0.004	-0.088	-0.412
2.16214394569	-0.088	-0.384	2.044
2.16616511345	-0.088	-0.384	2.044
2.17015504837	-0.024	0.088	-1.66
2.17415094376	0.112	-0.38	2.044
2.178139925	-0.064	0.068	-0.752
2.18213009834	0.088	-0.228	1.572
2.18618512154	0.088	-0.228	1.572
2.19017601013	-0.088	-0.164	1.616
2.19417405128	0.004	-0.028	-0.78
2.19816493988	-0.064	-0.252	2.044
2.20215511322	-0.064	-0.252	2.044
2.20617508888	-0.044	0.124	-1.668
2.2101650238	0.024	-0.308	2.044
2.21415615082	-0.064	0.02	-0.376
2.21814608574	0.176	-0.192	1.1
2.2221391201	0.176	-0.192	1.1
2.22615814209	-0.116	-0.204	2.044
2.23014807701	0.04	0.0	-1.1
2.23413610458	-0.124	-0.272	2.044
2.23813796043	-0.048	0.124	-1.58
2.24212908745	-0.048	0.124	-1.58
2.24615001678	0.14	-0.296	2.044
2.25013995171	-0.104	-0.028	0.048
2.25413608551	0.068	-0.16	0.624
2.25812506676	0.068	-0.16	0.624
2.26211309433	-0.04	-0.26	2.044
2.26613306999	0.02	0.044	-1.352
2.27012300491	0.064	-0.344	2.044
2.27411794662	-0.048	0.108	-1.428
2.27810811996	-0.048	0.108	-1.428
2.28209805489	0.0	-0.28	2.044
2.2861559391	-0.084	-0.056	0.504
2.29014897346	0.024	-0.088	0.164
2.29414010048	-0.096	-0.332	2.044
2.29813194275	-0.096	-0.332	2.044
2.30212306976	-0.02	0.064	-1.544
2.3061439991	0.004	-0.392	2.044
2.31013512611	-0.056	0.088	-1.192
2.3141310215	-0.056	0.088	-1.192
2.31812214851	0.132	-0.288	2.044
2.32210993767	-0.088	-0.116	0.968
2.32613110542	0.052	-0.056	-0.26
2.33012104034	-0.108	-0.244	2.044
2.33411693573	-0.108	-0.244	2.044
2.33810710907	-0.02	0.092	-1.644
2.34209609032	0.06	-0.296	2.044
2.34608793259	-0.06	0.08	-0.884
2.35008907318	0.152	-0.212	1.736
2.35408496857	0.152	-0.212	1.736
2.35807514191	-0.112	-0.152	1.448
2.3620660305	0.056	-0.036	-0.652
2.36606192589	-0.128	-0.332	2.044
2.37005209923	-0.128	-0.332	2.044
2.37404704094	0.004	0.12	-1.684
2.37803697586	0.08	-0.248	2.044
2.38202595711	-0.096	0.032	-0.528
2.38601613045	0.036	-0.192	1.268
2.39000511169	0.036	-0.192	1.268
2.39402294159	-0.104	-0.184	1.904
2.3980140686	0.016	-0.004	-0.996
2.40200400352	0.048	-0.364	2.044
2.40600204468	-0.028	0.092	-1.62
2.40999603271	-0.028	0.092	-1.62
2.41399312019	0.008	-0.308	2.044
2.41798210144	-0.072	0.016	-0.112
2.42197299004	0.012	-0.136	0.808
2.42596292496	0.012	-0.136	0.808
2.42995214462	-0.108	-0.22	2.044
2.43394303322	-0.028	0.036	-1.276
2.43793392181	-0.064	-0.42	2.044
2.44192409515	-0.072	0.116	-1.5
2.44591593742	-0.072	0.116	-1.5
2.44990301132	0.14	-0.3	2.044
2.45389699936	-0.08	-0.052	0.328
2.45788693428	0.064	-0.116	0.336
2.46188592911	0.064	-0.116	0.336
2.46587610245	-0.084	-0.224	2.044
2.46987009048	-0.024	0.072	-1.476
2.47386693954	0.028	-0.28	2.044
2.47785496712	-0.048	0.104	-1.268
2.48184514046	-0.048	0.104	-1.268
2.48584103584	0.084	-0.24	2.044
2.48983001709	-0.092	-0.096	0.792
2.4938211441	0.08	-0.116	-0.1
2.49781107903	-0.1	-0.288	2.044
2.50180006027	-0.1	-0.288	2.044
2.50579094887	0.008	0.12	-1.608
2.50977993011	-0.032	-0.264	2.044
2.51377511024	-0.096	0.092	-1.008
2.51776599884	-0.096	0.092	-1.008
2.52175498009	0.068	-0.22	1.892
2.52575111389	-0.108	-0.128	1.268
2.52974104881	0.012	-0.092	-0.516
2.53374004364	0.044	-0.324	2.044
2.53772997856	0.044	-0.324	2.044
2.54171895981	-0.04	0.112	-1.672
2.5457110405	0.04	-0.352	2.044
2.54970002174	-0.056	0.04	-0.648
2.55369496346	0.024	-0.208	1.452
2.5576839447	0.024	-0.208	1.452
2.56167197227	-0.092	-0.168	1.732
2.56566810608	-0.028	-0.02	-0.872
2.56965899467	-0.044	-0.4	2.044
2.57369494438	-0.044	-0.4	2.044
2.57768702507	-0.052	0.108	-1.652
2.58167695999	0.096	-0.332	2.044
2.58566594124	-0.06	0.04	-0.288
2.58964896202	0.124	-0.192	0.988
2.59363913536	0.124	-0.192	0.988
2.5976319313	-0.096	-0.204	2.044
2.60162401199	0.0	0.02	-1.172
2.60561203957	-0.008	-0.228	2.044
2.60960292816	-0.008	-0.228	2.044
2.61359906197	-0.048	0.136	-1.556
2.61758899689	0.064	-0.28	2.044
2.62157797813	-0.072	-0.04	0.164
2.62556695938	0.14	-0.168	0.512
2.62955498695	0.14	-0.168	0.512
2.63354802132	-0.116	-0.22	2.044
2.63753914833	0.02	0.068	-1.408
2.64152693748	-0.06	-0.296	2.044
2.64552307129	-0.044	0.112	-1.368
2.64951395988	-0.044	0.112	-1.368
2.65351009369	0.088	-0.264	2.044
2.65750193596	-0.104	-0.064	0.604
2.6614921093	0.048	-0.124	0.052
2.66548109055	0.048	-0.124	0.052
2.66947007179	-0.024	-0.296	2.044
2.67346596718	-0.028	0.084	-1.58
2.67745614052	0.112	-0.352	2.044
2.68144512177	-0.056	0.108	-1.124
2.68544507027	-0.056	0.108	-1.124
2.68943500519	0.008	-0.268	2.044
2.69342398643	-0.076	-0.116	1.092
2.69741511345	0.012	-0.06	-0.372
2.70140504837	-0.096	-0.344	2.044
2.70539593697	-0.096	-0.344	2.044
2.70938611031	-0.036	0.096	-1.64
2.71337604523	0.036	-0.384	2.044
2.71741294861	-0.068	0.068	-0.792
2.7214050293	-0.068	0.068	-0.792
2.72540092468	0.16	-0.232	1.632
2.72939014435	-0.1	-0.156	1.56
2.73338699341	0.032	-0.032	-0.736
2.73737597466	-0.136	-0.232	2.044
2.74136614799	-0.136	-0.232	2.044
2.74535608292	-0.044	0.116	-1.68
2.74934506416	0.092	-0.264	2.044
2.7533390522	-0.076	0.028	-0.428
2.75732803345	-0.076	0.028	-0.428
2.76131701469	0.12	-0.176	1.16
2.76531195641	-0.112	-0.192	1.996
2.76930212975	0.032	0.008	-1.068
2.77329611778	-0.104	-0.324	2.044
2.77728700638	-0.104	-0.324	2.044
2.78128099442	-0.012	0.108	-1.6
2.78527212143	0.072	-0.284	2.044
2.78926110268	-0.104	-0.008	-0.02
2.79325795174	0.052	-0.156	0.696
2.79726600647	0.052	-0.156	0.696
2.80125498772	-0.044	-0.256	2.044
2.8052520752	0.004	0.036	-1.324
2.80924010277	0.06	-0.372	2.044
2.81323504448	0.06	-0.372	2.044
2.8172249794	-0.056	0.104	-1.46
2.82121515274	0.036	-0.288	2.044
2.82520508766	-0.072	-0.052	0.432
2.82919406891	0.02	-0.088	0.232
2.83318901062	0.02	-0.088	0.232
2.83717703819	-0.076	-0.264	2.044
2.84116911888	-0.028	0.064	-1.52
2.84516596794	-0.04	-0.38	2.044
2.84915614128	-0.068	0.1	-1.228
2.85315203667	-0.068	0.1	-1.228
2.85714197159	0.176	-0.268	2.044
2.86112999916	-0.088	-0.104	0.892
2.86512112617	0.064	-0.072	-0.184
2.86911010742	0.064	-0.072	-0.184
2.87310600281	-0.12	-0.272	2.044
2.87709593773	-0.016	0.104	-1.636
2.88108491898	0.084	-0.244	2.044
2.88508009911	-0.076	0.08	-0.932
2.88907003403	-0.076	0.08	-0.932
2.89313006401	0.056	-0.208	1.8
2.89712405205	-0.108	-0.14	1.364
2.90111494064	0.04	-0.056	-0.592
2.90511012077	-0.028	-0.336	2.044
2.90911006927	-0.028	-0.336	2.044
2.91310596466	0.012	0.124	-1.676
2.917096138	-0.008	-0.284	2.044
2.92108511925	-0.096	0.048	-0.584
2.92508006096	-0.096	0.048	-0.584
2.92907094955	0.052	-0.196	1.344
2.93308401108	-0.112	-0.172	1.82
2.93707704544	0.004	-0.024	-0.944
2.94106793404	0.028	-0.404	2.044
2.9450571537	0.028	-0.404	2.044
2.94904708862	-0.044	0.104	-1.644
2.95303702354	0.088	-0.32	2.044
2.95703101158	-0.064	0.02	-0.188
2.96101999283	-0.064	0.02	-0.188
2.96501898766	0.036	-0.168	0.884
2.96900892258	-0.112	-0.2	2.044
2.97300004959	-0.036	0.024	-1.232
2.97699594498	-0.016	-0.34	2.044
2.98098611832	-0.016	-0.34	2.044
2.98497605324	-0.052	0.12	-1.516
2.98896694183	0.072	-0.292	2.044
2.99295592308	-0.076	-0.044	0.244
2.99695110321	0.144	-0.16	0.428
3.00094008446	0.144	-0.16	0.428
3.00493502617	-0.136	-0.248	2.044
3.00892615318	-0.016	0.064	-1.444
3.0129160881	-0.028	-0.236	2.044
3.01691198349	-0.028	-0.236	2.044
3.02091097832	-0.056	0.136	-1.344
3.02490305901	0.088	-0.252	2.044
3.02889609337	-0.088	-0.08	0.7
3.03288602829	0.056	-0.132	-0.02
3.03688097	0.056	-0.132	-0.02
3.04086995125	-0.02	-0.248	2.044
3.04486703873	-0.016	0.1	-1.6
3.04885697365	-0.02	-0.324	2.044
3.05284714699	-0.048	0.084	-1.044
3.05684304237	-0.048	0.084	-1.044
3.06083297729	0.016	-0.24	1.988
3.06482410431	-0.108	-0.12	1.172
3.06881403923	0.008	-0.092	-0.44
3.07280397415	0.008	-0.092	-0.44
3.07679796219	-0.068	-0.368	2.044
3.0807890892	-0.048	0.092	-1.668
3.084815979	0.116	-0.364	2.044
3.08880996704	-0.056	0.088	-0.752
3.09280109406	-0.056	0.088	-0.752
3.09679198265	0.064	-0.22	1.544
3.10078406334	-0.084	-0.18	1.632
3.10477495193	0.004	-0.016	-0.808
3.10876512527	-0.04	-0.256	2.044
3.11275410652	-0.04	-0.256	2.044
3.11674904823	-0.04	0.128	-1.656
3.12073993683	0.04	-0.324	2.044
3.12473511696	-0.06	0.016	-0.36
3.12872409821	-0.06	0.016	-0.36
3.13272309303	0.176	-0.192	1.088
3.13671708107	-0.096	-0.208	2.044
3.14070796967	0.028	0.004	-1.116
3.14469695091	-0.116	-0.264	2.044
3.14868807793	-0.116	-0.264	2.044
3.1526799202	-0.04	0.124	-1.58
3.156676054	0.14	-0.276	2.044
3.16066598892	-0.084	-0.024	0.052
3.1646630764	-0.084	-0.024	0.052
3.16865205765	0.072	-0.156	0.632
3.17264103889	-0.036	-0.248	2.044
3.17663693428	0.016	0.052	-1.364
3.18062710762	0.052	-0.348	2.044
3.18461608887	0.052	-0.348	2.044
3.18860507011	-0.04	0.116	-1.416
3.19259500504	-0.012	-0.292	2.044
3.19658994675	-0.084	-0.06	0.516
3.20058107376	0.028	-0.1	0.156
3.20457410812	0.028	-0.1	0.156
3.20856308937	-0.096	-0.348	2.044
3.21255707741	-0.024	0.064	-1.536
3.216547966	0.06	-0.388	2.044
3.22053694725	0.06	-0.388	2.044
3.22452807426	-0.068	0.1	-1.172
3.22851800919	0.096	-0.276	2.044
3.23250603676	-0.096	-0.116	0.98
3.23650097847	0.036	-0.06	-0.268
3.24048995972	0.036	-0.06	-0.268
3.24449515343	-0.088	-0.248	2.044
3.24848604202	-0.028	0.104	-1.652
3.25247597694	0.052	-0.312	2.044
3.25646996498	-0.064	0.076	-0.884
3.260461092	-0.064	0.076	-0.884
3.26445102692	0.128	-0.208	1.736
3.26844000816	-0.104	-0.152	1.46
3.27242898941	0.048	-0.044	-0.66
3.27642607689	0.048	-0.044	-0.66
3.28041696548	-0.124	-0.324	2.044
3.28441405296	-0.016	0.124	-1.688
3.28840398788	0.084	-0.252	2.044
3.29239201546	-0.096	0.036	-0.512
3.29638314247	-0.096	0.036	-0.512
3.30037713051	0.048	-0.2	1.264
3.30436491966	-0.1	-0.184	1.904
3.30835604668	0.012	-0.012	-0.992
3.3123459816	0.012	-0.012	-0.992
3.31634092331	0.048	-0.368	2.044
3.32033014297	-0.02	0.112	-1.636
3.32432603836	-0.016	-0.296	2.044
3.32831692696	-0.072	0.004	-0.116
3.33230614662	-0.072	0.004	-0.116
3.33630514145	0.02	-0.144	0.812
3.34029507637	-0.088	-0.232	2.044
3.34428501129	-0.02	0.032	-1.264
3.34827613831	-0.068	-0.42	2.044
3.35226511955	-0.068	-0.42	2.044
3.35626912117	-0.048	0.112	-1.492
3.36026096344	0.148	-0.3	2.044
3.36425614357	-0.08	-0.044	0.328
3.36824512482	-0.08	-0.044	0.328
3.37223410606	0.06	-0.12	0.344
3.37622714043	-0.092	-0.216	2.044
3.38021802902	-0.02	0.076	-1.488
3.38420796394	0.032	-0.276	2.044
3.38819694519	0.032	-0.276	2.044
3.39218497276	-0.048	0.132	-1.288
3.3961789608	0.08	-0.236	2.044
3.40017104149	-0.096	-0.1	0.792
3.40416908264	0.096	-0.12	-0.1
3.40815901756	0.096	-0.12	-0.1
3.41214799881	-0.076	-0.292	2.044
3.41621398926	0.0	0.108	-1.612
3.42019701004	-0.06	-0.28	2.044
3.42418813705	-0.06	-0.28	2.044
3.42817807198	-0.088	0.092	-1.0
3.43216300011	0.088	-0.24	1.896
3.43617796898	-0.108	-0.128	1.272
3.44016814232	0.008	-0.084	-0.508
3.44416308403	0.008	-0.084	-0.508
3.44815206528	0.04	-0.316	2.044
3.4521420002	-0.036	0.112	-1.68
3.45616102219	0.044	-0.348	2.044
3.46015405655	-0.064	0.068	-0.656
3.46414494514	-0.064	0.068	-0.656
3.46815514565	0.02	-0.22	1.448
3.47214412689	-0.088	-0.176	1.728
3.47616410255	-0.024	-0.024	-0.872
3.48015499115	-0.024	-0.024	-0.872
3.48415207863	-0.044	-0.4	2.044
3.48814201355	-0.052	0.116	-1.636
3.4921309948	0.108	-0.34	2.044
3.49621200562	-0.06	0.02	-0.272
3.50020503998	-0.06	0.02	-0.272
3.50419712067	0.104	-0.188	0.984
3.50818514824	-0.096	-0.204	2.044
3.51217508316	-0.004	0.016	-1.18
3.51617193222	0.012	-0.24	2.044
3.52015995979	0.012	-0.24	2.044
3.52415895462	-0.048	0.14	-1.564
3.52814912796	0.064	-0.284	2.044
3.53213810921	-0.072	-0.032	0.152
3.53615808487	-0.072	-0.032	0.152
3.54014897346	0.136	-0.16	0.524
3.54413795471	-0.096	-0.22	2.044
3.54812908173	0.016	0.064	-1.416
3.55211806297	-0.048	-0.304	2.044
3.55614113808	-0.048	-0.304	2.044
3.56013298035	-0.024	0.112	-1.36
3.56412601471	0.06	-0.268	2.044
3.56811499596	-0.1	-0.068	0.612
3.57210493088	-0.1	-0.068	0.612
3.57612109184	0.04	-0.136	0.064
3.58012104034	-0.036	-0.312	2.044
3.58411598206	-0.028	0.076	-1.572
3.58809995651	0.112	-0.356	2.044
3.59208297729	0.112	-0.356	2.044
3.59607005119	-0.052	0.108	-1.152
3.6000649929	0.008	-0.264	2.044
3.60405993462	-0.088	-0.116	1.072
3.60805106163	0.008	-0.064	-0.356
3.61204004288	0.008	-0.064	-0.356
3.6160299778	-0.088	-0.332	2.044
3.62002015114	-0.02	0.088	-1.668
3.62401103973	0.032	-0.368	2.044
3.62800002098	0.032	-0.368	2.044
3.63198900223	-0.068	0.06	-0.796
3.63598513603	0.164	-0.224	1.648
3.63997411728	-0.108	-0.16	1.548
3.64397096634	0.044	-0.032	-0.74
3.64796614647	0.044	-0.032	-0.74
3.65195512772	-0.148	-0.236	2.044
3.65594601631	-0.04	0.116	-1.676
3.65993714333	0.128	-0.28	2.044
3.66392707825	-0.076	0.056	-0.444
3.66791701317	-0.076	0.056	-0.444
3.67190694809	0.104	-0.176	1.18
3.67590212822	-0.112	-0.196	1.988
3.67989301682	0.036	0.004	-1.06
3.68388104439	0.036	0.004	-1.06
3.68786907196	-0.076	-0.332	2.044
3.69186806679	-0.028	0.124	-1.592
3.69586014748	0.04	-0.272	2.044
3.69984793663	-0.092	-0.016	-0.016
3.70384502411	-0.092	-0.016	-0.016
3.70783901215	0.056	-0.156	0.708
3.71182799339	-0.048	-0.268	2.044
3.7158241272	0.0	0.028	-1.324
3.71980595589	0.048	-0.392	2.044
3.72380113602	0.048	-0.392	2.044
3.72779011726	-0.056	0.108	-1.448
3.73178005219	0.028	-0.292	2.044
3.73577404022	-0.076	-0.056	0.432
3.73976397514	-0.076	-0.056	0.432
3.74376010895	0.02	-0.064	0.236
3.74775505066	-0.08	-0.26	2.044
3.75174403191	-0.024	0.056	-1.52
3.75574111938	-0.04	-0.376	2.044
3.75973105431	-0.04	-0.376	2.044
3.76372694969	-0.068	0.104	-1.224
3.76771712303	0.16	-0.264	2.044
3.77170991898	-0.096	-0.112	0.9
3.77570509911	-0.096	-0.112	0.9
3.77969408035	0.076	-0.064	-0.208
3.78368997574	-0.128	-0.252	2.044
3.78768014908	-0.024	0.092	-1.644
3.79167103767	0.08	-0.26	2.044
3.79566502571	0.08	-0.26	2.044
3.79965400696	-0.076	0.088	-0.932
3.80365896225	0.084	-0.216	1.804
3.8076479435	-0.108	-0.136	1.372
3.81163811684	0.044	-0.052	-0.596
3.81563401222	0.044	-0.052	-0.596
3.81962299347	-0.04	-0.328	2.044
3.82361793518	0.008	0.124	-1.68
3.82760715485	-0.004	-0.284	2.044
3.83159899712	-0.004	-0.284	2.044
3.83559513092	-0.092	0.04	-0.58
3.83958506584	0.044	-0.208	1.336
3.84358096123	-0.104	-0.176	1.84
3.84757113457	0.0	-0.02	-0.96
3.85155296326	0.0	-0.02	-0.96
3.85554003716	0.04	-0.408	2.044
3.85952997208	-0.048	0.104	-1.64
3.86352610588	0.092	-0.336	2.044
3.86751413345	-0.064	0.016	-0.176
3.8715031147	-0.064	0.016	-0.176
3.87549805641	0.028	-0.152	0.864
3.87948608398	-0.112	-0.208	2.044
3.88348197937	-0.036	0.028	-1.244
3.88747310638	-0.036	0.028	-1.244
3.89146208763	-0.048	-0.38	2.044
3.89545798302	-0.052	0.112	-1.516
3.89944911003	0.108	-0.284	2.044
3.90344309807	-0.084	-0.044	0.272
3.90743207932	-0.084	-0.044	0.272
3.91142106056	0.104	-0.132	0.408
3.91543412209	-0.116	-0.236	2.044
3.91942501068	0.004	0.076	-1.468
3.92341899872	0.004	0.076	-1.468
3.92740797997	0.032	-0.248	2.044
3.93139696121	-0.056	0.108	-1.312
3.93538713455	0.06	-0.252	2.044
3.9393761158	-0.088	-0.08	0.732
3.94337105751	-0.088	-0.08	0.732
3.94736003876	0.072	-0.128	-0.04
3.95134902	-0.064	-0.272	2.044
3.95535707474	0.012	0.112	-1.604
3.95937609673	-0.056	-0.304	2.044
3.96337413788	-0.056	-0.304	2.044
3.96736502647	-0.056	0.088	-1.04
3.9713549614	0.056	-0.22	1.964
3.97534894943	-0.112	-0.116	1.196
3.97933912277	-0.112	-0.116	1.196
3.98333597183	0.024	-0.1	-0.46
3.98732614517	-0.024	-0.348	2.044
3.99131608009	-0.044	0.108	-1.684
3.99531292915	0.12	-0.376	2.044
3.99930214882	0.12	-0.376	2.044
4.00329709053	-0.052	0.08	-0.712
4.00728607178	0.04	-0.216	1.516
4.01127505302	-0.08	-0.164	1.66
4.01526999474	-0.016	-0.024	-0.828
4.01926493645	-0.016	-0.024	-0.828
4.02326202393	-0.036	-0.316	2.044
4.0272629261	-0.036	0.1	-1.656
4.03125715256	0.048	-0.336	2.044
4.03525209427	0.048	-0.336	2.044
4.03924202919	-0.068	0.012	-0.32
4.0432369709	0.168	-0.196	1.048
4.04722595215	-0.104	-0.212	2.044
4.05121612549	0.024	0.016	-1.14
4.0552110672	0.024	0.016	-1.14
4.05920004845	-0.08	-0.224	2.044
4.06319594383	-0.056	0.148	-1.576
4.06718611717	0.108	-0.268	2.044
4.07117414474	-0.08	-0.028	0.096
4.07517004013	-0.08	-0.028	0.096
4.07916212082	0.116	-0.16	0.576
4.08315706253	-0.088	-0.232	2.044
4.08714699745	0.016	0.056	-1.392
4.09113693237	0.016	0.056	-1.392
4.09512996674	-0.012	-0.332	2.044
4.09912014008	-0.012	0.092	-1.392
4.10311698914	0.028	-0.284	2.044
4.10710597038	-0.104	-0.072	0.548
4.11109495163	-0.104	-0.072	0.548
4.11509013176	0.04	-0.112	0.1
4.11907792091	-0.064	-0.336	2.044
4.12310504913	-0.032	0.056	-1.556
4.12709712982	-0.032	0.056	-1.556
4.13108706474	0.104	-0.384	2.044
4.13508200645	-0.056	0.12	-1.164
4.13908195496	0.048	-0.272	2.044
4.14308094978	-0.084	-0.116	1.02
4.1470720768	-0.084	-0.116	1.02
4.15106105804	0.016	-0.048	-0.316
4.15505695343	-0.088	-0.276	2.044
4.15904712677	-0.036	0.092	-1.656
4.16303706169	0.012	-0.344	2.044
4.16703295708	0.012	-0.344	2.044
4.17102193832	-0.064	0.076	-0.812
4.17502212524	0.172	-0.228	1.684
4.17901110649	-0.108	-0.164	1.488
4.18300199509	-0.108	-0.164	1.488
4.18699407578	0.052	-0.04	-0.688
4.19098305702	-0.16	-0.284	2.044
4.19497895241	-0.032	0.116	-1.676
4.19896912575	0.14	-0.256	2.044
4.20296192169	0.14	-0.256	2.044
4.20695710182	-0.088	0.052	-0.496
4.21094703674	0.1	-0.172	1.212
4.21493697166	-0.104	-0.184	1.96
4.21892809868	0.028	-0.004	-1.032
4.22291707993	0.028	-0.004	-1.032
4.22691297531	-0.04	-0.336	2.044
4.23090314865	-0.012	0.116	-1.608
4.23489904404	0.0	-0.292	2.044
4.23888111115	0.0	-0.292	2.044
4.24286198616	-0.092	0.004	-0.068
4.24685692787	0.04	-0.152	0.74
4.25085401535	-0.076	-0.264	2.044
4.25485110283	-0.004	0.024	-1.3
4.25884199142	-0.004	0.024	-1.3
4.26283097267	0.012	-0.396	2.044
4.26682901382	-0.072	0.116	-1.476
4.27082109451	0.088	-0.3	2.044
4.27481603622	0.088	-0.3	2.044
4.27880501747	-0.08	-0.04	0.38
4.28279399872	0.044	-0.092	0.284
4.28678798676	-0.072	-0.24	2.044
4.2907910347	-0.032	0.072	-1.508
4.29478192329	-0.032	0.072	-1.508
4.29877305031	-0.032	-0.336	2.044
4.30276298523	-0.044	0.1	-1.252
4.30675792694	0.132	-0.248	2.044
4.31074714661	-0.096	-0.104	0.844
4.31474304199	-0.096	-0.104	0.844
4.31873297691	0.084	-0.072	-0.156
4.32272195816	-0.112	-0.288	2.044
4.32671904564	-0.008	0.112	-1.632
4.33070993423	-0.008	0.112	-1.632
4.33470606804	0.044	-0.26	2.044
4.33869504929	-0.092	0.076	-0.956
4.34268593788	0.076	-0.212	1.844
4.34667897224	-0.104	-0.128	1.316
4.35067009926	-0.104	-0.128	1.316
4.35466694832	0.032	-0.072	-0.568
4.35865592957	0.02	-0.316	2.044
4.36265397072	-0.016	0.128	-1.684
4.36665010452	-0.028	-0.288	2.044
4.37064099312	-0.028	-0.288	2.044
4.3746380806	-0.08	0.052	-0.624
4.37862801552	0.028	-0.208	1.388
4.38261699677	-0.108	-0.176	1.78
4.38661193848	-0.108	-0.176	1.78
4.39060592651	-0.004	-0.016	-0.916
4.39460206032	-0.004	-0.412	2.044
4.39859199524	-0.048	0.1	-1.652
4.40258193016	0.124	-0.352	2.044
4.40657806396	0.124	-0.352	2.044
4.41057109833	-0.064	0.028	-0.22
4.41456699371	0.064	-0.18	0.932
4.41855597496	-0.1	-0.2	2.044
4.42254495621	-0.036	0.028	-1.208
4.42654109001	-0.036	0.028	-1.208
4.43053197861	0.012	-0.292	2.044
4.43452215195	-0.056	0.128	-1.54
4.43851113319	0.056	-0.288	2.044
4.44250106812	0.056	-0.288	2.044
4.44649410248	-0.08	-0.032	0.232
4.45048999786	0.14	-0.16	0.472
4.45448493958	-0.132	-0.236	2.044
4.45847511292	-0.004	0.072	-1.436
4.46246504784	-0.004	0.072	-1.436
4.46646094322	-0.056	-0.248	2.044
4.47045207024	-0.064	0.124	-1.348
4.4744579792	0.104	-0.264	2.044
4.47848510742	0.104	-0.264	2.044
4.48247694969	-0.096	-0.08	0.668
4.48647212982	0.056	-0.128	0.012
4.49046206474	-0.012	-0.264	2.044
4.49445295334	-0.008	0.08	-1.584
4.49844408035	-0.008	0.08	-1.584
4.5024330616	0.024	-0.332	2.044
4.50642800331	-0.056	0.116	-1.084
4.51041913033	0.012	-0.244	2.02
4.51441693306	-0.096	-0.12	1.14
4.51840806007	-0.096	-0.12	1.14
4.52239704132	0.004	-0.084	-0.396
4.52639198303	-0.1	-0.38	2.044
4.53038215637	-0.048	0.092	-1.66
4.53437805176	-0.048	0.092	-1.66
4.53836798668	0.1	-0.376	2.044
4.54235696793	-0.06	0.072	-0.768
4.54635214806	0.104	-0.232	1.572
4.55034208298	-0.092	-0.164	1.604
4.55433893204	-0.092	-0.164	1.604
4.55832910538	0.024	-0.02	-0.768
4.5623190403	-0.072	-0.232	2.044
4.56631398201	-0.044	0.104	-1.672
4.57030510902	0.06	-0.32	2.044
4.57430505753	0.06	-0.32	2.044
4.57829403877	-0.076	0.032	-0.38
4.58228397369	0.156	-0.188	1.108
4.58628511429	-0.108	-0.212	2.044
4.59027004242	-0.108	-0.212	2.044
4.59425902367	0.032	0.02	-1.1
4.59825205803	-0.116	-0.292	2.044
4.60224413872	-0.052	0.128	-1.576
4.6062400341	0.112	-0.264	2.044
4.61022996902	0.112	-0.264	2.044
4.61421895027	-0.104	-0.016	0.044
4.61820793152	0.076	-0.156	0.636
4.62219810486	-0.048	-0.256	2.044
4.6261920929	-0.048	-0.256	2.044
4.63018202782	0.004	0.048	-1.36
4.63417696953	0.052	-0.352	2.044
4.63817000389	-0.02	0.108	-1.424
4.64215993881	-0.02	-0.296	2.044
4.64618110657	-0.02	-0.296	2.044
4.65017199516	-0.08	-0.06	0.492
4.65416812897	0.032	-0.108	0.176
4.65815591812	-0.096	-0.34	2.044
4.66214609146	-0.016	0.052	-1.54
4.6661670208	-0.016	0.052	-1.54
4.67015814781	0.056	-0.388	2.044
4.6741540432	-0.096	0.108	-1.176
4.67814612389	0.096	-0.272	2.044
4.68213605881	0.096	-0.272	2.044
4.68618607521	-0.084	-0.116	0.964
4.69019913673	0.048	-0.044	-0.264
4.69419503212	-0.108	-0.244	2.044
4.69820809364	-0.036	0.096	-1.652
4.70220398903	-0.036	0.096	-1.652
4.70620393753	0.052	-0.304	2.044
4.71019601822	-0.056	0.08	-0.888
4.71419501305	0.132	-0.224	1.736
4.71818709373	-0.108	-0.152	1.436
4.7221801281	-0.108	-0.152	1.436
4.72617697716	0.06	-0.04	-0.648
4.73017001152	-0.12	-0.32	2.044
4.73416900635	-0.008	0.116	-1.68
4.73816013336	-0.008	0.116	-1.68
4.74215197563	0.1	-0.256	2.044
4.74617600441	-0.092	0.032	-0.524
4.75016903877	0.052	-0.184	1.28
4.75416612625	-0.096	-0.18	1.896
4.75816202164	-0.096	-0.18	1.896
4.76215696335	0.024	-0.008	-0.984
4.76618003845	0.012	-0.344	2.044
4.77017092705	-0.024	0.124	-1.628
4.77416992188	-0.02	-0.312	2.044
4.77816295624	-0.02	-0.312	2.044
4.78215503693	-0.072	-0.008	-0.116
4.78618597984	0.02	-0.144	0.808
4.79018092155	-0.1	-0.228	2.044
4.79418110847	-0.1	-0.228	2.044
4.79817414284	-0.008	0.032	-1.276
4.80216693878	-0.04	-0.404	2.044
4.80616497993	-0.068	0.1	-1.5
4.81016302109	0.132	-0.308	2.044
4.81416201591	0.132	-0.308	2.044
4.81815314293	-0.08	-0.04	0.328
4.82214808464	0.064	-0.12	0.348
4.82617211342	-0.08	-0.224	2.044
4.83016514778	-0.04	0.068	-1.488
4.83416295052	-0.04	0.068	-1.488
4.83815693855	0.016	-0.276	2.044
4.84214711189	-0.052	0.108	-1.288
4.84617209435	0.076	-0.252	2.044
4.85016202927	0.076	-0.252	2.044
4.85416007042	-0.096	-0.096	0.78
4.85815215111	0.088	-0.1	-0.092
4.86214399338	-0.088	-0.288	2.044
4.86616706848	0.02	0.108	-1.62
4.87015914917	0.02	0.108	-1.62
4.8741569519	-0.032	-0.26	2.044
4.87814998627	-0.084	0.088	-1.012
4.88214206696	0.08	-0.22	1.916
4.8861720562	-0.1	-0.124	1.256
4.8901591301	-0.1	-0.124	1.256
4.89414906502	0.024	-0.084	-0.5
4.89813899994	0.044	-0.308	2.044
4.90213012695	-0.032	0.112	-1.68
4.90615415573	-0.032	0.112	-1.68
4.91014695168	0.016	-0.344	2.044
4.91414308548	-0.06	0.072	-0.676
4.91813492775	0.004	-0.212	1.456
4.92213511467	-0.104	-0.176	1.716
4.92615914345	-0.104	-0.176	1.716
4.93015193939	-0.02	-0.012	-0.864
4.93414592743	-0.04	-0.404	2.044
4.93814110756	-0.052	0.096	-1.664
4.94213414192	0.12	-0.336	2.044
4.94616007805	0.12	-0.336	2.044
4.95015406609	-0.064	0.032	-0.284
4.95415115356	0.116	-0.192	0.996
4.95814204216	-0.1	-0.204	2.044
4.96213412285	-0.1	-0.204	2.044
4.96615815163	0.0	0.028	-1.18
4.97014212608	-0.008	-0.232	2.044
4.97413992882	-0.064	0.128	-1.56
4.97813200951	0.064	-0.28	2.044
4.98212313652	0.064	-0.28	2.044
4.98615407944	-0.072	-0.024	0.144
4.99014806747	0.124	-0.164	0.52
4.99414610863	-0.108	-0.232	2.044
4.99813914299	0.008	0.052	-1.404
