Timestamp 	 X-Axis 	 Y-Axis 	 Z-Axis
0.000311136245728	-0.508	0.012	0.184
0.00223112106323	-0.508	0.012	0.184
0.00396108627319	-0.508	0.012	0.184
0.00568604469299	-0.552	0.076	-0.532
0.00741100311279	-0.552	0.076	-0.532
0.00915312767029	-0.552	0.076	-0.532
0.0108811855316	-0.532	0.06	-0.868
0.0126039981842	-0.532	0.06	-0.868
0.0143291950226	-0.532	0.06	-0.868
0.0160620212555	-0.34	-0.008	-0.784
0.0177881717682	-0.34	-0.008	-0.784
0.0195250511169	-0.34	-0.008	-0.784
0.0212509632111	-0.028	-0.084	-0.332
0.0229761600494	-0.028	-0.084	-0.332
0.0247180461884	-0.028	-0.084	-0.332
0.0264430046082	0.272	-0.152	0.472
0.028165102005	0.272	-0.152	0.472
0.0298941135406	0.272	-0.152	0.472
0.0316181182861	0.436	-0.236	1.396
0.0333421230316	0.436	-0.236	1.396
0.0350651741028	0.436	-0.236	1.396
0.0367870330811	0.52	-0.296	2.044
0.0385100841522	0.52	-0.296	2.044
0.0402770042419	0.52	-0.296	2.044
0.0420031547546	0.52	-0.304	2.044
0.0437259674072	0.52	-0.304	2.044
0.0454590320587	0.404	-0.268	2.044
0.0471820831299	0.404	-0.268	2.044
0.0489180088043	0.404	-0.268	2.044
0.0506491661072	0.132	-0.208	2.044
0.0523781776428	0.132	-0.208	2.044
0.0541000366211	0.132	-0.208	2.044
0.0558211803436	-0.168	-0.124	1.8
0.0575461387634	-0.168	-0.124	1.8
0.0592679977417	-0.168	-0.124	1.8
0.0609941482544	-0.384	-0.048	0.908
0.0627241134644	-0.384	-0.048	0.908
0.0644481182098	-0.384	-0.048	0.908
0.066171169281	-0.5	0.032	0.028
0.0678889751434	-0.5	0.032	0.028
0.0696060657501	-0.5	0.032	0.028
0.0713260173798	-0.54	0.068	-0.62
0.0730509757996	-0.54	0.068	-0.62
0.0747740268707	-0.54	0.068	-0.62
0.0764961242676	-0.5	0.044	-0.884
0.078232049942	-0.5	0.044	-0.884
0.0799570083618	-0.5	0.044	-0.884
0.0817000865936	-0.284	-0.02	-0.716
0.0834341049194	-0.284	-0.02	-0.716
0.0851671695709	-0.284	-0.02	-0.716
0.0868990421295	0.02	-0.084	-0.156
0.0886311531067	0.02	-0.084	-0.156
0.0903651714325	0.02	-0.084	-0.156
0.0921001434326	0.288	-0.16	0.66
0.0938301086426	0.288	-0.16	0.66
0.0955610275269	0.288	-0.16	0.66
0.0973019599915	0.464	-0.236	1.56
0.0990331172943	0.464	-0.236	1.56
0.100766181946	0.464	-0.236	1.56
0.102512121201	0.5	-0.3	2.044
0.104249000549	0.5	-0.3	2.044
0.105977058411	0.5	-0.3	2.044
0.107704162598	0.5	-0.316	2.044
0.109430074692	0.5	-0.316	2.044
0.111164093018	0.5	-0.316	2.044
0.112890005112	0.356	-0.24	2.044
0.114619970322	0.356	-0.24	2.044
0.11635017395	0.356	-0.24	2.044
0.118079185486	0.084	-0.18	2.044
0.11981010437	0.084	-0.18	2.044
0.121541976929	0.084	-0.18	2.044
0.123272180557	-0.208	-0.116	1.636
0.125004053116	-0.208	-0.116	1.636
0.126748085022	-0.208	-0.116	1.636
0.128480195999	-0.408	-0.024	0.72
0.130217075348	-0.408	-0.024	0.72
0.131951093674	-0.408	-0.024	0.72
0.133681058884	-0.52	0.052	-0.116
0.135411024094	-0.52	0.052	-0.116
0.137142181396	-0.544	0.072	-0.708
0.138872146606	-0.544	0.072	-0.708
0.140607118607	-0.544	0.072	-0.708
0.142338991165	-0.476	0.04	-0.9
0.144069194794	-0.476	0.04	-0.9
0.145810127258	-0.476	0.04	-0.9
0.147541046143	-0.236	-0.04	-0.632
0.149271011353	-0.236	-0.04	-0.632
0.151007175446	-0.236	-0.04	-0.632
0.15273809433	0.072	-0.108	-0.008
0.154482126236	0.072	-0.108	-0.008
0.15621304512	0.072	-0.108	-0.008
0.157952070236	0.328	-0.188	0.84
0.159684181213	0.328	-0.188	0.84
0.161415100098	0.328	-0.188	0.84
0.163144111633	0.48	-0.264	1.736
0.164872169495	0.48	-0.264	1.736
0.166602134705	0.48	-0.264	1.736
0.16833114624	0.536	-0.336	2.044
0.170068025589	0.536	-0.336	2.044
0.171800136566	0.536	-0.336	2.044
0.173530101776	0.5	-0.288	2.044
0.175256967545	0.5	-0.288	2.044
0.176983118057	0.5	-0.288	2.044
0.178709983826	0.316	-0.236	2.044
0.180446147919	0.316	-0.236	2.044
0.182177066803	0.316	-0.236	2.044
0.183906078339	0.02	-0.164	2.044
0.18564414978	0.02	-0.164	2.044
0.187376022339	0.02	-0.164	2.044
0.189105987549	-0.276	-0.084	1.46
0.190845012665	-0.276	-0.084	1.46
0.192579030991	-0.276	-0.084	1.46
0.194319009781	-0.456	-0.004	0.544
0.196051120758	-0.456	-0.004	0.544
0.197782039642	-0.456	-0.004	0.544
0.19951915741	-0.544	0.048	-0.264
0.201251029968	-0.544	0.048	-0.264
0.202980995178	-0.544	0.048	-0.264
0.204710960388	-0.552	0.076	-0.792
0.206442117691	-0.552	0.076	-0.792
0.208172082901	-0.552	0.076	-0.792
0.209910154343	-0.44	0.008	-0.876
0.211645126343	-0.44	0.008	-0.876
0.213376045227	-0.44	0.008	-0.876
0.215108156204	-0.168	-0.056	-0.532
0.216840028763	-0.168	-0.056	-0.532
0.218569993973	0.152	-0.124	0.144
0.220309972763	0.152	-0.124	0.144
0.222038984299	0.152	-0.124	0.144
0.223767995834	0.388	-0.2	1.032
0.225499153137	0.388	-0.2	1.032
0.227229118347	0.388	-0.2	1.032
0.228957176208	0.5	-0.276	1.904
0.230686187744	0.5	-0.276	1.904
0.232413053513	0.5	-0.276	1.904
0.2341401577	0.532	-0.308	2.044
0.23587012291	0.532	-0.308	2.044
0.23760008812	0.532	-0.308	2.044
0.239334106445	0.48	-0.288	2.044
0.24107003212	0.48	-0.288	2.044
0.242809057236	0.48	-0.288	2.044
0.244539022446	0.26	-0.22	2.044
0.246268987656	0.26	-0.22	2.044
0.247997999191	0.26	-0.22	2.044
0.249734163284	-0.052	-0.16	2.044
0.251465082169	-0.052	-0.16	2.044
0.253195047379	-0.052	-0.16	2.044
0.254925012589	-0.316	-0.072	1.272
0.256656169891	-0.316	-0.072	1.272
0.258391141891	-0.316	-0.072	1.272
0.26012802124	-0.488	0.004	0.372
0.26185798645	-0.488	0.004	0.372
0.263586044312	-0.488	0.004	0.372
0.265324115753	-0.54	0.052	-0.396
0.267055988312	-0.54	0.052	-0.396
0.268787145615	-0.54	0.052	-0.396
0.270522117615	-0.524	0.064	-0.824
0.272253990173	-0.524	0.064	-0.824
0.273984193802	-0.524	0.064	-0.824
0.275714159012	-0.38	-0.004	-0.848
0.277444124222	-0.38	-0.004	-0.848
0.279175043106	-0.38	-0.004	-0.848
0.280907154083	-0.096	-0.064	-0.42
0.282637119293	-0.096	-0.064	-0.42
0.284367084503	-0.096	-0.064	-0.42
0.28609919548	0.2	-0.132	0.32
0.287827014923	0.2	-0.132	0.32
0.289561986923	0.2	-0.132	0.32
0.291301012039	0.412	-0.224	1.2
0.293035030365	0.412	-0.224	1.2
0.294766187668	0.412	-0.224	1.2
0.296494960785	0.504	-0.268	2.044
0.298225164413	0.504	-0.268	2.044
0.299956083298	0.504	-0.268	2.044
0.301690101624	0.508	-0.312	2.044
0.303421020508	0.508	-0.312	2.044
0.305150985718	0.444	-0.28	2.044
0.306879997253	0.444	-0.28	2.044
0.308609962463	0.444	-0.28	2.044
0.310345172882	0.2	-0.2	2.044
0.312075138092	0.2	-0.2	2.044
0.313804149628	0.2	-0.2	2.044
0.31553196907	-0.104	-0.148	1.968
0.317264080048	-0.104	-0.148	1.968
0.319000005722	-0.104	-0.148	1.968
0.320734024048	-0.356	-0.064	1.096
0.322465181351	-0.356	-0.064	1.096
0.324195146561	-0.356	-0.064	1.096
0.325926065445	-0.5	0.028	0.208
0.327651977539	-0.5	0.028	0.208
0.329378128052	-0.5	0.028	0.208
0.331109046936	-0.544	0.08	-0.516
0.332839012146	-0.544	0.08	-0.516
0.334568977356	-0.544	0.08	-0.516
0.336299180984	-0.524	0.052	-0.856
0.338029146194	-0.524	0.052	-0.856
0.339775085449	-0.524	0.052	-0.856
0.341507196426	-0.344	-0.008	-0.784
0.343237161636	-0.344	-0.008	-0.784
0.344968080521	-0.344	-0.008	-0.784
0.346703052521	-0.044	-0.072	-0.292
0.348433017731	-0.044	-0.072	-0.292
0.350176095963	-0.044	-0.072	-0.292
0.351907968521	0.244	-0.152	0.492
0.353636980057	0.244	-0.152	0.492
0.355367183685	0.244	-0.152	0.492
0.357095003128	0.428	-0.224	1.392
0.358826160431	0.428	-0.224	1.392
0.360557079315	0.428	-0.224	1.392
0.362286090851	0.524	-0.3	2.044
0.364016056061	0.524	-0.3	2.044
0.365745067596	0.524	-0.3	2.044
0.367475032806	0.532	-0.316	2.044
0.369206190109	0.532	-0.316	2.044
0.370941162109	0.532	-0.316	2.044
0.3726811409	0.416	-0.268	2.044
0.374412059784	0.416	-0.268	2.044
0.37614107132	0.416	-0.268	2.044
0.37787103653	0.14	-0.192	2.044
0.379606962204	0.14	-0.192	2.044
0.38133597374	0.14	-0.192	2.044
0.383066177368	-0.164	-0.12	1.804
0.384798049927	-0.164	-0.12	1.804
0.386528968811	-0.164	-0.12	1.804
0.388270139694	-0.396	-0.048	0.92
0.390007972717	-0.396	-0.048	0.92
0.39173913002	-0.516	0.04	0.024
0.393468141556	-0.516	0.04	0.024
0.395195960999	-0.516	0.04	0.024
0.39692401886	-0.56	0.068	-0.62
0.39865398407	-0.56	0.068	-0.62
0.400391101837	-0.56	0.068	-0.62
0.402121067047	-0.528	0.052	-0.908
0.403850078583	-0.528	0.052	-0.908
0.405583143234	-0.528	0.052	-0.908
0.407314062119	-0.296	-0.02	-0.74
0.409044981003	-0.296	-0.02	-0.74
0.410781145096	-0.296	-0.02	-0.74
0.41251206398	0.024	-0.108	-0.16
0.414242982864	0.024	-0.108	-0.16
0.415973186493	0.024	-0.108	-0.16
0.417703151703	0.292	-0.164	0.672
0.419432163239	0.292	-0.164	0.672
0.421168088913	0.292	-0.164	0.672
0.422897100449	0.464	-0.244	1.568
0.424626111984	0.464	-0.244	1.568
0.4263651371	0.464	-0.244	1.568
0.428096055984	0.532	-0.312	2.044
0.429831027985	0.532	-0.312	2.044
0.431560993195	0.532	-0.312	2.044
0.433292150497	0.528	-0.296	2.044
0.435022115707	0.528	-0.296	2.044
0.436760187149	0.528	-0.296	2.044
0.438491106033	0.376	-0.252	2.044
0.440221071243	0.376	-0.252	2.044
0.441951036453	0.376	-0.252	2.044
0.443682193756	0.08	-0.184	2.044
0.445410966873	0.08	-0.184	2.044
0.447139978409	0.08	-0.184	2.044
0.448870182037	-0.22	-0.108	1.632
0.450606107712	-0.22	-0.108	1.632
0.45233798027	-0.22	-0.108	1.632
0.454073190689	-0.428	-0.02	0.724
0.455804109573	-0.428	-0.02	0.724
0.457534074783	-0.428	-0.02	0.724
0.459264039993	-0.54	0.044	-0.124
0.461001157761	-0.54	0.044	-0.124
0.462731122971	-0.54	0.044	-0.124
0.464461088181	-0.556	0.06	-0.712
0.466191053391	-0.556	0.06	-0.712
0.467938184738	-0.556	0.06	-0.712
0.469668149948	-0.46	0.04	-0.904
0.471400022507	-0.46	0.04	-0.904
0.473129987717	-0.46	0.04	-0.904
0.47486114502	-0.224	-0.044	-0.628
0.476592063904	-0.224	-0.044	-0.628
0.478322029114	0.092	-0.108	0.004
0.48005604744	0.092	-0.108	0.004
0.48178601265	0.092	-0.108	0.004
0.483515024185	0.336	-0.18	0.856
0.485254049301	0.336	-0.18	0.856
0.486984014511	0.336	-0.18	0.856
0.488713026047	0.48	-0.264	1.748
0.490447044373	0.48	-0.264	1.748
0.492176055908	0.48	-0.264	1.748
0.493906021118	0.52	-0.304	2.044
0.495635032654	0.52	-0.304	2.044
0.497364997864	0.52	-0.304	2.044
0.499094009399	0.488	-0.292	2.044
0.500826120377	0.488	-0.292	2.044
0.502559185028	0.488	-0.292	2.044
0.504288196564	0.312	-0.232	2.044
0.506016969681	0.312	-0.232	2.044
0.507749080658	0.312	-0.232	2.044
0.509519100189	0.0	-0.168	2.044
0.511244058609	0.0	-0.168	2.044
0.512966156006	0.0	-0.168	2.044
0.514688014984	-0.272	-0.1	1.456
0.516417980194	-0.272	-0.1	1.456
0.518148183823	-0.272	-0.1	1.456
0.519879102707	-0.448	-0.008	0.536
0.521609067917	-0.448	-0.008	0.536
0.523339033127	-0.448	-0.008	0.536
0.525068044662	-0.524	0.068	-0.276
0.526798009872	-0.524	0.068	-0.276
0.528527021408	-0.524	0.068	-0.276
0.530291080475	-0.532	0.072	-0.772
0.532021045685	-0.532	0.072	-0.772
0.533770084381	-0.532	0.072	-0.772
0.535502195358	-0.432	0.02	-0.88
0.537243127823	-0.432	0.02	-0.88
0.538973093033	-0.432	0.02	-0.88
0.540708065033	-0.168	-0.044	-0.532
0.54244017601	-0.168	-0.044	-0.532
0.54417014122	-0.168	-0.044	-0.532
0.54590010643	0.144	-0.128	0.156
0.547628164291	0.144	-0.128	0.156
0.549355983734	0.144	-0.128	0.156
0.55109000206	0.368	-0.212	1.028
0.55281996727	0.368	-0.212	1.028
0.554548025131	0.368	-0.212	1.028
0.556277990341	0.492	-0.276	1.904
0.558007001877	0.492	-0.276	1.904
0.559736967087	0.492	-0.276	1.904
0.561470985413	0.516	-0.304	2.044
0.563199043274	0.516	-0.304	2.044
0.564927101135	0.468	-0.296	2.044
0.566657066345	0.468	-0.296	2.044
0.568386077881	0.468	-0.296	2.044
0.570123195648	0.264	-0.224	2.044
0.571853160858	0.264	-0.224	2.044
0.573580980301	0.264	-0.224	2.044
0.575309991837	-0.048	-0.148	2.044
0.577041149139	-0.048	-0.148	2.044
0.578771114349	-0.048	-0.148	2.044
0.580507040024	-0.304	-0.072	1.268
0.582247972488	-0.304	-0.072	1.268
0.583979129791	-0.304	-0.072	1.268
0.585709095001	-0.464	0.0	0.368
0.587434053421	-0.464	0.0	0.368
0.589156150818	-0.464	0.0	0.368
0.590883016586	-0.54	0.072	-0.4
0.592614173889	-0.54	0.072	-0.4
0.594343185425	-0.54	0.072	-0.4
0.596073150635	-0.524	0.056	-0.824
0.59780216217	-0.524	0.056	-0.824
0.599538087845	-0.524	0.056	-0.824
0.601269960403	-0.4	0.0	-0.844
0.602991104126	-0.4	0.0	-0.844
0.604712963104	-0.4	0.0	-0.844
0.606436014175	-0.1	-0.068	-0.42
0.608165979385	-0.1	-0.068	-0.42
0.609902143478	-0.1	-0.068	-0.42
0.611633062363	0.204	-0.144	0.328
0.613362073898	0.204	-0.144	0.328
0.615118980408	0.204	-0.144	0.328
0.616850137711	0.408	-0.22	1.2
0.618580102921	0.408	-0.22	1.2
0.620316982269	0.408	-0.22	1.2
0.622045993805	0.512	-0.292	2.044
0.623774051666	0.512	-0.292	2.044
0.625504016876	0.512	-0.292	2.044
0.627233982086	0.536	-0.312	2.044
0.628962993622	0.536	-0.312	2.044
0.630707025528	0.536	-0.312	2.044
0.632438182831	0.452	-0.272	2.044
0.634167194366	0.452	-0.272	2.044
0.635895967484	0.452	-0.272	2.044
0.637624025345	0.212	-0.212	2.044
0.63935303688	0.212	-0.212	2.044
0.641088008881	0.212	-0.212	2.044
0.642817974091	-0.116	-0.136	1.96
0.644549131393	-0.116	-0.136	1.96
0.646767139435	-0.368	-0.068	1.08
0.648506164551	-0.368	-0.068	1.08
0.650318145752	-0.368	-0.068	1.08
0.652053117752	-0.512	0.012	0.184
0.653784036636	-0.512	0.012	0.184
0.655513048172	-0.512	0.012	0.184
0.657242059708	-0.568	0.072	-0.512
0.658972978592	-0.568	0.072	-0.512
0.660709142685	-0.568	0.072	-0.512
0.662439107895	-0.532	0.048	-0.872
0.664170026779	-0.532	0.048	-0.872
0.665899991989	-0.532	0.048	-0.872
0.667630195618	-0.34	0.0	-0.796
0.669356107712	-0.34	0.0	-0.796
0.671085119247	-0.34	0.0	-0.796
0.672806978226	-0.052	-0.072	-0.272
0.674538135529	-0.052	-0.072	-0.272
0.676268100739	-0.052	-0.072	-0.272
0.677998065948	0.256	-0.156	0.496
0.679738044739	0.256	-0.156	0.496
0.681468009949	0.256	-0.156	0.496
0.683197021484	0.436	-0.224	1.4
0.68492603302	0.436	-0.224	1.4
0.686655044556	0.436	-0.224	1.4
0.688385009766	0.52	-0.288	2.044
0.690119028091	0.52	-0.288	2.044
0.691848993301	0.52	-0.288	2.044
0.693577051163	0.532	-0.312	2.044
0.695311069489	0.532	-0.312	2.044
0.697041034698	0.532	-0.312	2.044
0.698770999908	0.4	-0.268	2.044
0.700503110886	0.4	-0.268	2.044
0.702236175537	0.4	-0.268	2.044
0.703984975815	0.128	-0.2	2.044
0.705716133118	0.128	-0.2	2.044
0.707446098328	0.128	-0.2	2.044
0.709175109863	-0.156	-0.148	1.808
0.710910081863	-0.156	-0.148	1.808
0.712642192841	-0.388	-0.044	0.9
0.714373111725	-0.388	-0.044	0.9
0.71610212326	-0.388	-0.044	0.9
0.71783208847	-0.512	0.036	0.02
0.71956205368	-0.512	0.036	0.02
0.721290111542	-0.512	0.036	0.02
0.723023176193	-0.548	0.064	-0.624
0.724753141403	-0.548	0.064	-0.624
0.726483106613	-0.548	0.064	-0.624
0.728234052658	-0.484	0.044	-0.872
0.7299721241	-0.484	0.044	-0.872
0.731701135635	-0.484	0.044	-0.872
0.73343205452	-0.28	-0.008	-0.72
0.735164165497	-0.28	-0.008	-0.72
0.736893177032	-0.28	-0.008	-0.72
0.738624095917	0.036	-0.092	-0.152
0.740360021591	0.036	-0.092	-0.152
0.742089986801	0.036	-0.092	-0.152
0.74382019043	0.296	-0.144	0.676
0.745548963547	0.296	-0.144	0.676
0.747277021408	0.296	-0.144	0.676
0.749009132385	0.448	-0.24	1.572
0.75074505806	0.448	-0.24	1.572
0.75247502327	0.448	-0.24	1.572
0.754203081131	0.512	-0.3	2.044
0.755931138992	0.512	-0.3	2.044
0.757660150528	0.512	-0.3	2.044
0.759387969971	0.5	-0.304	2.044
0.761115074158	0.5	-0.304	2.044
0.762840032578	0.5	-0.304	2.044
0.764564990997	0.352	-0.264	2.044
0.766294002533	0.352	-0.264	2.044
0.768023014069	0.352	-0.264	2.044
0.769759178162	0.08	-0.18	2.044
0.771488189697	0.08	-0.18	2.044
0.77321600914	0.08	-0.18	2.044
0.77494597435	-0.216	-0.104	1.62
0.776689052582	-0.216	-0.104	1.62
0.778419971466	-0.216	-0.104	1.62
0.780157089233	-0.432	-0.02	0.744
0.781887054443	-0.432	-0.02	0.744
0.783616065979	-0.432	-0.02	0.744
0.785346031189	-0.52	0.044	-0.12
0.787075042725	-0.52	0.044	-0.12
0.78880405426	-0.52	0.044	-0.12
0.79053902626	-0.548	0.06	-0.712
0.792270183563	-0.548	0.06	-0.712
0.794000148773	-0.548	0.06	-0.712
0.795731067657	-0.464	0.036	-0.88
0.797461032867	-0.464	0.036	-0.88
0.799190998077	-0.24	-0.032	-0.62
0.80092215538	-0.24	-0.032	-0.62
0.802668094635	-0.24	-0.032	-0.62
0.804399967194	0.084	-0.112	0.004
0.806128978729	0.084	-0.112	0.004
0.807857036591	0.084	-0.112	0.004
0.809591054916	0.32	-0.188	0.86
0.811321020126	0.32	-0.188	0.86
0.813050031662	0.32	-0.188	0.86
0.814779996872	0.476	-0.3	1.76
0.816509008408	0.476	-0.3	1.76
0.818238019943	0.476	-0.3	1.76
0.819967985153	0.528	-0.312	2.044
0.821698188782	0.528	-0.312	2.044
0.823426961899	0.528	-0.312	2.044
0.825168132782	0.496	-0.292	2.044
0.826899051666	0.496	-0.292	2.044
0.828628063202	0.496	-0.292	2.044
0.830362081528	0.32	-0.24	2.044
0.832092046738	0.32	-0.24	2.044
0.833822011948	0.32	-0.24	2.044
0.835551977158	0.016	-0.16	2.044
0.837280988693	0.016	-0.16	2.044
0.839011192322	0.016	-0.16	2.044
0.840742111206	-0.268	-0.084	1.436
0.842472076416	-0.268	-0.084	1.436
0.844202041626	-0.268	-0.084	1.436
0.845932006836	-0.448	-0.008	0.524
0.847661018372	-0.448	-0.008	0.524
0.849390983582	-0.448	-0.008	0.524
0.851126194	-0.544	0.06	-0.296
0.852854967117	-0.544	0.06	-0.296
0.854585170746	-0.544	0.06	-0.296
0.856317996979	-0.548	0.064	-0.784
0.858049154282	-0.548	0.064	-0.784
0.859785079956	-0.548	0.064	-0.784
0.86151599884	-0.436	-0.008	-0.868
0.863247156143	-0.436	-0.008	-0.868
0.864982128143	-0.436	-0.008	-0.868
0.866717100143	-0.164	-0.06	-0.516
0.868448019028	-0.164	-0.06	-0.516
0.870179176331	-0.164	-0.06	-0.516
0.871910095215	0.156	-0.12	0.18
0.873650074005	0.156	-0.12	0.18
0.875380039215	0.156	-0.12	0.18
0.877108097076	0.388	-0.212	1.056
0.878837108612	0.388	-0.212	1.056
0.880568027496	0.388	-0.212	1.056
0.882297039032	0.508	-0.284	1.916
0.884040117264	0.508	-0.284	1.916
0.885769128799	0.536	-0.312	2.044
0.887498140335	0.536	-0.312	2.044
0.889228105545	0.536	-0.312	2.044
0.890959024429	0.472	-0.288	2.044
0.892688035965	0.472	-0.288	2.044
0.894418001175	0.472	-0.288	2.044
0.896147012711	0.256	-0.216	2.044
0.897876024246	0.256	-0.216	2.044
0.899605989456	0.256	-0.216	2.044
0.901337146759	-0.064	-0.152	2.044
0.903068065643	-0.064	-0.152	2.044
0.904798984528	-0.064	-0.152	2.044
0.906529188156	-0.324	-0.104	1.268
0.90826010704	-0.324	-0.104	1.268
0.909994125366	-0.324	-0.104	1.268
0.911725997925	-0.48	0.008	0.348
0.913469076157	-0.48	0.008	0.348
0.915199041367	-0.48	0.008	0.348
0.916928052902	-0.556	0.068	-0.416
0.918658018112	-0.556	0.068	-0.416
0.920390129089	-0.556	0.068	-0.416
0.92213010788	-0.528	0.052	-0.832
0.92386007309	-0.528	0.052	-0.832
0.925590991974	-0.528	0.052	-0.832
0.927322149277	-0.384	0.012	-0.832
0.929052114487	-0.384	0.012	-0.832
0.930785179138	-0.384	0.012	-0.832
0.932521104813	-0.1	-0.056	-0.42
0.934250116348	-0.1	-0.056	-0.42
0.935981035233	-0.1	-0.056	-0.42
0.937715053558	0.216	-0.132	0.324
0.939444065094	0.216	-0.132	0.324
0.941176176071	0.216	-0.132	0.324
0.942906141281	0.404	-0.2	1.196
0.944636106491	0.404	-0.2	1.196
0.946365118027	0.404	-0.2	1.196
0.948094129562	0.496	-0.272	2.044
0.949829101562	0.496	-0.272	2.044
0.951558113098	0.496	-0.272	2.044
0.953288078308	0.512	-0.312	2.044
0.955017089844	0.512	-0.312	2.044
0.956748008728	0.512	-0.312	2.044
0.958477020264	0.436	-0.304	2.044
0.960206985474	0.436	-0.304	2.044
0.961937189102	0.436	-0.304	2.044
0.963670015335	0.192	-0.216	2.044
0.965401172638	0.192	-0.216	2.044
0.967130184174	0.192	-0.216	2.044
0.968859195709	-0.112	-0.148	1.944
0.9705991745	-0.112	-0.148	1.944
0.972331047058	-0.112	-0.148	1.944
0.974061012268	-0.36	-0.068	1.068
0.975792169571	-0.36	-0.068	1.068
0.977521181107	-0.492	0.032	0.196
0.979250192642	-0.492	0.032	0.196
0.980985164642	-0.492	0.032	0.196
0.982712030411	-0.54	0.064	-0.524
0.984441995621	-0.54	0.064	-0.524
0.986171007156	-0.54	0.064	-0.524
0.987900018692	-0.512	0.044	-0.868
0.989637136459	-0.512	0.044	-0.868
0.99138212204	-0.512	0.044	-0.868
0.993113994598	-0.352	0.004	-0.772
0.994843959808	-0.352	0.004	-0.772
0.996572971344	-0.352	0.004	-0.772
0.99830198288	-0.036	-0.08	-0.276
1.00003218651	-0.036	-0.08	-0.276
1.00176405907	-0.036	-0.08	-0.276
1.00349402428	0.24	-0.156	0.496
1.00522303581	0.24	-0.156	0.496
1.00695109367	0.24	-0.156	0.496
1.00868010521	0.416	-0.224	1.4
1.01041412354	0.416	-0.224	1.4
1.01214504242	0.416	-0.224	1.4
1.01387405396	0.528	-0.3	2.044
1.01560306549	0.528	-0.3	2.044
1.01733517647	0.528	-0.3	2.044
1.01907515526	0.52	-0.316	2.044
1.02080917358	0.52	-0.316	2.044
1.02253913879	0.52	-0.316	2.044
1.02426815033	0.408	-0.264	2.044
1.02599716187	0.408	-0.264	2.044
1.02772498131	0.408	-0.264	2.044
1.02945399284	0.148	-0.188	2.044
1.03122115135	0.148	-0.188	2.044
1.03295111656	0.148	-0.188	2.044
1.0346801281	-0.164	-0.112	1.792
1.03641009331	-0.164	-0.112	1.792
1.03816199303	-0.164	-0.112	1.792
1.03989505768	-0.388	-0.024	0.896
1.04162502289	-0.388	-0.024	0.896
1.04335618019	-0.388	-0.024	0.896
1.04508805275	-0.516	0.044	0.02
1.04681706429	-0.516	0.044	0.02
1.0485470295	-0.516	0.044	0.02
1.05030608177	-0.556	0.072	-0.628
1.05203700066	-0.556	0.072	-0.628
1.05376815796	-0.556	0.072	-0.628
1.05549716949	-0.496	0.048	-0.884
1.0572271347	-0.496	0.048	-0.884
1.05895709991	-0.296	-0.012	-0.724
1.06069302559	-0.296	-0.012	-0.724
1.06242418289	-0.296	-0.012	-0.724
1.06415510178	0.02	-0.1	-0.152
1.06588602066	0.02	-0.1	-0.152
1.0676240921	0.02	-0.1	-0.152
1.06935405731	0.288	-0.172	0.676
1.07109117508	0.288	-0.172	0.676
1.07282018661	0.288	-0.172	0.676
1.07454800606	0.472	-0.252	1.576
1.07627701759	0.472	-0.252	1.576
1.07800602913	0.472	-0.252	1.576
1.07973504066	0.54	-0.308	2.044
1.0814640522	0.54	-0.308	2.044
1.08319306374	0.54	-0.308	2.044
1.0849211216	0.524	-0.296	2.044
1.08665013313	0.524	-0.296	2.044
1.08838105202	0.524	-0.296	2.044
1.09011602402	0.372	-0.236	2.044
1.09184598923	0.372	-0.236	2.044
1.09357500076	0.372	-0.236	2.044
1.0953040123	0.08	-0.176	2.044
1.09703302383	0.08	-0.176	2.044
1.09876608849	0.08	-0.176	2.044
1.10049700737	-0.228	-0.1	1.608
1.10223007202	-0.228	-0.1	1.608
1.10396003723	-0.228	-0.1	1.608
1.10569000244	-0.424	-0.028	0.704
1.10741996765	-0.424	-0.028	0.704
1.10914897919	-0.424	-0.028	0.704
1.11088514328	-0.532	0.052	-0.14
1.11261701584	-0.532	0.052	-0.14
1.11434602737	-0.532	0.052	-0.14
1.11611509323	-0.568	0.068	-0.72
1.11784601212	-0.568	0.068	-0.72
1.11958312988	-0.568	0.068	-0.72
1.12131404877	-0.464	0.052	-0.884
1.12304496765	-0.464	0.052	-0.884
1.12477898598	-0.464	0.052	-0.884
1.12651014328	-0.22	-0.024	-0.628
1.12824106216	-0.22	-0.024	-0.628
1.12997913361	-0.22	-0.024	-0.628
1.13171005249	0.084	-0.108	-0.008
1.1334400177	0.084	-0.108	-0.008
1.13516902924	0.084	-0.108	-0.008
1.13689804077	0.336	-0.176	0.856
1.13862705231	0.336	-0.176	0.856
1.14036107063	0.336	-0.176	0.856
1.14209103584	0.476	-0.256	1.72
1.1438190937	0.476	-0.256	1.72
1.14554810524	0.528	-0.308	2.044
1.14727711678	0.528	-0.308	2.044
1.14900612831	0.528	-0.308	2.044
1.15074014664	0.48	-0.292	2.044
1.15247416496	0.48	-0.292	2.044
1.15420413017	0.48	-0.292	2.044
1.15593314171	0.316	-0.24	2.044
1.15766096115	0.316	-0.24	2.044
1.15938997269	0.316	-0.24	2.044
1.16112017632	0.004	-0.156	2.044
1.16284918785	0.004	-0.156	2.044
1.16458702087	0.004	-0.156	2.044
1.16631698608	-0.28	-0.092	1.448
1.16804718971	-0.28	-0.092	1.448
1.16978406906	-0.28	-0.092	1.448
1.17151498795	-0.444	-0.012	0.536
1.17324519157	-0.444	-0.012	0.536
1.17497611046	-0.444	-0.012	0.536
1.17670607567	-0.54	0.052	-0.26
1.17848610878	-0.54	0.052	-0.26
1.1802251339	-0.54	0.052	-0.26
1.18195605278	-0.536	0.068	-0.78
1.18368601799	-0.536	0.068	-0.78
1.1854159832	-0.536	0.068	-0.78
1.18714618683	-0.424	0.02	-0.868
1.18887710571	-0.424	0.02	-0.868
1.19061517715	-0.424	0.02	-0.868
1.19234800339	-0.168	-0.044	-0.536
1.19407916069	-0.168	-0.044	-0.536
1.1958091259	-0.168	-0.044	-0.536
1.19753909111	0.144	-0.12	0.152
1.19926810265	0.144	-0.12	0.152
1.20100307465	0.144	-0.12	0.152
1.20273113251	0.364	-0.2	1.024
1.20445919037	0.364	-0.2	1.024
1.20619106293	0.364	-0.2	1.024
1.20792102814	0.484	-0.276	1.92
1.20965600014	0.484	-0.276	1.92
1.21138596535	0.484	-0.276	1.92
1.21313619614	0.528	-0.304	2.044
1.21486711502	0.528	-0.304	2.044
1.21659708023	0.528	-0.304	2.044
1.21832609177	0.464	-0.288	2.044
1.2200551033	0.464	-0.288	2.044
1.22178506851	0.464	-0.288	2.044
1.22351408005	0.26	-0.232	2.044
1.22524499893	0.26	-0.232	2.044
1.22697401047	0.26	-0.232	2.044
1.228703022	-0.044	-0.152	2.044
1.23043513298	-0.044	-0.152	2.044
1.23216795921	-0.312	-0.084	1.284
1.23389911652	-0.312	-0.084	1.284
1.2356300354	-0.312	-0.084	1.284
1.2373611927	-0.464	-0.004	0.368
1.23908996582	-0.464	-0.004	0.368
1.24082112312	-0.464	-0.004	0.368
1.24255013466	-0.548	0.064	-0.388
1.24428009987	-0.548	0.064	-0.388
1.2460091114	-0.548	0.064	-0.388
1.24773812294	-0.544	0.076	-0.836
1.24950408936	-0.544	0.076	-0.836
1.25123810768	-0.544	0.076	-0.836
1.25296902657	-0.396	0.0	-0.84
1.25469207764	-0.396	0.0	-0.84
1.25641608238	-0.396	0.0	-0.84
1.25813817978	-0.104	-0.068	-0.424
1.25987815857	-0.104	-0.068	-0.424
1.26162004471	-0.104	-0.068	-0.424
1.26335096359	0.204	-0.14	0.312
1.26507902145	0.204	-0.14	0.312
1.26680803299	0.204	-0.14	0.312
1.26853609085	0.412	-0.208	1.204
1.27032613754	0.412	-0.208	1.204
1.2720580101	0.412	-0.208	1.204
1.27378797531	0.512	-0.284	2.044
1.27551698685	0.512	-0.284	2.044
1.27724599838	0.512	-0.284	2.044
1.27897500992	0.528	-0.308	2.044
1.28070616722	0.528	-0.308	2.044
1.28243517876	0.528	-0.308	2.044
1.28416514397	0.46	-0.268	2.044
1.2858979702	0.46	-0.268	2.044
1.2876291275	0.46	-0.268	2.044
1.28936314583	0.216	-0.212	2.044
1.29109811783	0.216	-0.212	2.044
1.29282808304	0.216	-0.212	2.044
1.29455709457	-0.112	-0.14	1.98
1.29628801346	-0.112	-0.14	1.98
1.29801702499	-0.112	-0.14	1.98
1.2997481823	-0.368	-0.06	1.088
1.30148005486	-0.368	-0.06	1.088
1.30321002007	-0.368	-0.06	1.088
1.30494117737	-0.504	0.016	0.2
1.3066701889	-0.504	0.016	0.2
1.30839800835	-0.504	0.016	0.2
1.31014108658	-0.564	0.072	-0.516
1.31187200546	-0.564	0.072	-0.516
1.31360507011	-0.524	0.052	-0.864
1.31533408165	-0.524	0.052	-0.864
1.31706404686	-0.524	0.052	-0.864
1.31879401207	-0.34	-0.012	-0.804
1.32052612305	-0.34	-0.012	-0.804
1.32225608826	-0.34	-0.012	-0.804
1.32398605347	-0.04	-0.08	-0.312
1.32571816444	-0.04	-0.08	-0.312
1.32744908333	-0.04	-0.08	-0.312
1.32917904854	0.256	-0.168	0.48
1.33091306686	0.256	-0.168	0.48
1.33264303207	0.256	-0.168	0.48
1.33437108994	0.432	-0.224	1.384
1.33610010147	0.432	-0.224	1.384
1.33786010742	0.432	-0.224	1.384
1.33960103989	0.536	-0.284	2.044
1.34133195877	0.536	-0.284	2.044
1.3430621624	0.536	-0.284	2.044
1.34478998184	0.528	-0.316	2.044
1.34652018547	0.528	-0.316	2.044
1.34825015068	0.528	-0.316	2.044
1.34998011589	0.412	-0.268	2.044
1.3517100811	0.412	-0.268	2.044
1.35344004631	0.412	-0.268	2.044
1.35516905785	0.136	-0.188	2.044
1.35689806938	0.136	-0.188	2.044
1.3586370945	0.136	-0.188	2.044
1.3603720665	-0.168	-0.124	1.816
1.36210417747	-0.168	-0.124	1.816
1.36383414268	-0.168	-0.124	1.816
1.36556506157	-0.404	-0.048	0.916
1.36729717255	-0.404	-0.048	0.916
1.36902809143	-0.404	-0.048	0.916
1.37076306343	-0.504	0.036	0.044
1.37249207497	-0.504	0.036	0.044
1.37422013283	-0.504	0.036	0.044
1.37594914436	-0.544	0.064	-0.608
1.37768006325	-0.544	0.064	-0.608
1.37941002846	-0.544	0.064	-0.608
1.38114118576	-0.488	0.044	-0.884
1.38287210464	-0.488	0.044	-0.884
1.38460302353	-0.488	0.044	-0.884
1.38633203506	-0.292	-0.004	-0.724
1.38806319237	-0.292	-0.004	-0.724
1.38979911804	-0.292	-0.004	-0.724
1.39153003693	0.032	-0.104	-0.156
1.39326310158	0.032	-0.104	-0.156
1.39499306679	0.032	-0.104	-0.156
1.39672207832	0.296	-0.152	0.668
1.39845108986	0.296	-0.152	0.668
1.40018105507	0.296	-0.152	0.668
1.40190196037	0.436	-0.248	1.552
1.40362501144	0.436	-0.248	1.552
1.40534615517	0.524	-0.316	2.044
1.40707707405	0.524	-0.316	2.044
1.40879917145	0.524	-0.316	2.044
1.41053104401	0.496	-0.316	2.044
1.41226315498	0.496	-0.316	2.044
1.41399216652	0.496	-0.316	2.044
1.41572213173	0.356	-0.26	2.044
1.41745114326	0.356	-0.26	2.044
1.41918110847	0.356	-0.26	2.044
1.42091798782	0.1	-0.188	2.044
1.42264914513	0.1	-0.188	2.044
1.42437911034	0.1	-0.188	2.044
1.42610907555	-0.224	-0.104	1.64
1.42783904076	-0.224	-0.104	1.64
1.42957615852	-0.224	-0.104	1.64
1.43130707741	-0.404	-0.036	0.736
1.43303704262	-0.404	-0.036	0.736
1.43476605415	-0.404	-0.036	0.736
1.43649506569	-0.508	0.04	-0.112
1.43822407722	-0.508	0.04	-0.112
1.43995499611	-0.508	0.04	-0.112
1.44168496132	-0.544	0.068	-0.704
1.44341516495	-0.544	0.068	-0.704
1.44514417648	-0.544	0.068	-0.704
1.44687700272	-0.48	0.048	-0.904
1.44860816002	-0.48	0.048	-0.904
1.45034408569	-0.48	0.048	-0.904
1.4520740509	-0.24	-0.032	-0.632
1.45380496979	-0.24	-0.032	-0.632
1.455545187	-0.24	-0.032	-0.632
1.45727610588	0.076	-0.108	-0.012
1.45900607109	0.076	-0.108	-0.012
1.46074008942	0.076	-0.108	-0.012
1.46247005463	0.32	-0.176	0.832
1.46419906616	0.32	-0.176	0.832
1.4659280777	0.32	-0.176	0.832
1.46765708923	0.472	-0.264	1.72
1.46938514709	0.472	-0.264	1.72
1.47111606598	0.472	-0.264	1.72
1.47284412384	0.516	-0.316	2.044
1.4745759964	0.516	-0.316	2.044
1.47630500793	0.516	-0.316	2.044
1.47803211212	0.492	-0.284	2.044
1.47976207733	0.492	-0.284	2.044
1.48149204254	0.492	-0.284	2.044
1.48322105408	0.336	-0.252	2.044
1.48494911194	0.336	-0.252	2.044
1.48667812347	0.336	-0.252	2.044
1.48840618134	0.036	-0.16	2.044
1.49014115334	0.036	-0.16	2.044
1.49186897278	-0.276	-0.088	1.476
1.49360013008	-0.276	-0.088	1.476
1.49532914162	-0.276	-0.088	1.476
1.4970600605	-0.448	-0.012	0.568
1.49878907204	-0.448	-0.012	0.568
1.5005261898	-0.448	-0.012	0.568
1.5022611618	-0.552	0.064	-0.252
1.50399899483	-0.552	0.064	-0.252
1.50573015213	-0.552	0.064	-0.252
1.50745916367	-0.556	0.06	-0.768
1.50918912888	-0.556	0.06	-0.768
1.51092410088	-0.556	0.06	-0.768
1.51265406609	-0.44	0.016	-0.876
1.51438498497	-0.44	0.016	-0.876
1.5161550045	-0.44	0.016	-0.876
1.51788711548	-0.176	-0.052	-0.56
1.51962399483	-0.176	-0.052	-0.56
1.52135515213	-0.176	-0.052	-0.56
1.52308607101	0.14	-0.132	0.132
1.52481412888	0.14	-0.132	0.132
1.52654314041	0.14	-0.132	0.132
1.5282740593	0.38	-0.2	1.004
1.53000998497	0.38	-0.2	1.004
1.5317401886	0.38	-0.2	1.004
1.53346800804	0.496	-0.276	1.888
1.53519701958	0.496	-0.276	1.888
1.53692698479	0.496	-0.276	1.888
1.53865599632	0.544	-0.308	2.044
1.54039001465	0.544	-0.308	2.044
1.54211902618	0.544	-0.308	2.044
1.54384803772	0.484	-0.288	2.044
1.54557800293	0.484	-0.288	2.044
1.54730701447	0.484	-0.288	2.044
1.549036026	0.272	-0.22	2.044
1.550770998	0.272	-0.22	2.044
1.55251097679	0.272	-0.22	2.044
1.55424404144	-0.068	-0.148	2.044
1.55597400665	-0.068	-0.148	2.044
1.55770397186	-0.068	-0.148	2.044
1.55943417549	-0.32	-0.088	1.304
1.56116700172	-0.32	-0.088	1.304
1.56289696693	-0.32	-0.088	1.304
1.56462717056	-0.48	0.0	0.4
1.56634902954	-0.48	0.0	0.4
1.56806898117	-0.48	0.0	0.4
1.56979608536	-0.552	0.064	-0.38
1.57152700424	-0.552	0.064	-0.38
1.57325696945	-0.552	0.064	-0.38
1.57498598099	-0.54	0.064	-0.832
1.57671618462	-0.54	0.064	-0.832
1.57844519615	-0.54	0.064	-0.832
1.58018112183	-0.396	0.0	-0.84
1.58190703392	-0.396	0.0	-0.84
1.58362913132	-0.112	-0.052	-0.44
1.58536100388	-0.112	-0.052	-0.44
1.58709096909	-0.112	-0.052	-0.44
1.58881998062	0.196	-0.14	0.3
1.59055399895	0.196	-0.14	0.3
1.59228301048	0.196	-0.14	0.3
1.59401202202	0.404	-0.216	1.184
1.59574103355	0.404	-0.216	1.184
1.59747004509	0.404	-0.216	1.184
1.59919905663	0.5	-0.28	2.036
1.6009349823	0.5	-0.28	2.036
1.60266113281	0.5	-0.28	2.036
1.60438704491	0.524	-0.304	2.044
1.60611605644	0.524	-0.304	2.044
1.60784912109	0.524	-0.304	2.044
1.60958600044	0.444	-0.288	2.044
1.61131596565	0.444	-0.288	2.044
1.61304497719	0.444	-0.288	2.044
1.61477398872	0.208	-0.212	2.044
1.61650204659	0.208	-0.212	2.044
1.6182320118	0.208	-0.212	2.044
1.6199669838	-0.104	-0.152	1.992
1.6216981411	-0.104	-0.152	1.992
1.62342810631	-0.104	-0.152	1.992
1.62515997887	-0.34	-0.06	1.12
1.6268901825	-0.34	-0.06	1.12
1.62861919403	-0.34	-0.06	1.12
1.63035416603	-0.496	0.012	0.232
1.63208413124	-0.496	0.012	0.232
1.63381314278	-0.496	0.012	0.232
1.63554501534	-0.548	0.064	-0.492
1.63727402687	-0.548	0.064	-0.492
1.63900303841	-0.548	0.064	-0.492
1.64073419571	-0.512	0.052	-0.852
1.64246416092	-0.512	0.052	-0.852
1.64419412613	-0.512	0.052	-0.852
1.64592409134	-0.336	0.012	-0.796
1.64765405655	-0.336	0.012	-0.796
1.64939403534	-0.336	0.012	-0.796
1.65113115311	-0.052	-0.072	-0.34
1.65286111832	-0.052	-0.072	-0.34
1.65459108353	-0.052	-0.072	-0.34
1.65632104874	0.248	-0.156	0.46
1.65805101395	0.248	-0.156	0.46
1.65978503227	0.248	-0.156	0.46
1.66151714325	0.408	-0.22	1.372
1.66324710846	0.408	-0.22	1.372
1.66497612	0.408	-0.22	1.372
1.66670513153	0.504	-0.304	2.044
1.66843414307	0.504	-0.304	2.044
1.67017006874	0.524	-0.324	2.044
1.67190003395	0.524	-0.324	2.044
1.67362999916	0.524	-0.324	2.044
1.6753590107	0.404	-0.26	2.044
1.67708802223	0.404	-0.26	2.044
1.67881798744	0.404	-0.26	2.044
1.68054819107	0.156	-0.208	2.044
1.68227696419	0.156	-0.208	2.044
1.68400597572	0.156	-0.208	2.044
1.68573498726	-0.152	-0.124	1.84
1.68746614456	-0.152	-0.124	1.84
1.68920016289	-0.152	-0.124	1.84
1.69093608856	-0.384	-0.052	0.948
1.69266700745	-0.384	-0.052	0.948
1.69439697266	-0.384	-0.052	0.948
1.69612717628	-0.504	0.032	0.064
1.69787216187	-0.504	0.032	0.064
1.69960212708	-0.504	0.032	0.064
1.70133209229	-0.564	0.068	-0.592
1.7030620575	-0.564	0.068	-0.592
1.70479202271	-0.564	0.068	-0.592
1.70652103424	-0.508	0.04	-0.888
1.70825004578	-0.508	0.04	-0.888
1.70998597145	-0.508	0.04	-0.888
1.71171617508	-0.304	-0.004	-0.744
1.71344709396	-0.304	-0.004	-0.744
1.7151889801	-0.304	-0.004	-0.744
1.71695017815	0.016	-0.08	-0.196
1.7186820507	0.016	-0.08	-0.196
1.72041416168	0.016	-0.08	-0.196
1.72214317322	0.292	-0.168	0.636
1.72387313843	0.292	-0.168	0.636
1.72560119629	0.292	-0.168	0.636
1.72732901573	0.444	-0.244	1.536
1.72905898094	0.444	-0.244	1.536
1.73079419136	0.444	-0.244	1.536
1.73252296448	0.544	-0.308	2.044
1.73425197601	0.544	-0.308	2.044
1.73598098755	0.544	-0.308	2.044
1.73771119118	0.528	-0.312	2.044
1.73943996429	0.528	-0.312	2.044
1.74117517471	0.528	-0.312	2.044
1.74290800095	0.376	-0.248	2.044
1.74463915825	0.376	-0.248	2.044
1.74638199806	0.376	-0.248	2.044
1.74811196327	0.1	-0.172	2.044
1.74984812737	0.1	-0.172	2.044
1.75157809258	0.1	-0.172	2.044
1.75330710411	-0.228	-0.092	1.688
1.75503897667	-0.228	-0.092	1.688
1.7567691803	-0.42	-0.028	0.76
1.75850009918	-0.42	-0.028	0.76
1.76023197174	-0.42	-0.028	0.76
1.76196408272	-0.528	0.052	-0.096
1.7636950016	-0.528	0.052	-0.096
1.76542496681	-0.528	0.052	-0.096
1.76715612411	-0.568	0.06	-0.7
1.76889109612	-0.568	0.06	-0.7
1.77062702179	-0.568	0.06	-0.7
1.77235817909	-0.48	0.04	-0.892
1.7740881443	-0.48	0.04	-0.892
1.77581810951	-0.48	0.04	-0.892
1.77754807472	-0.236	-0.036	-0.656
1.77927803993	-0.236	-0.036	-0.656
1.78101611137	-0.236	-0.036	-0.656
1.78274703026	0.076	-0.108	-0.052
1.78447699547	0.076	-0.108	-0.052
1.786206007	0.076	-0.108	-0.052
1.78793501854	0.344	-0.196	0.812
1.78967118263	0.344	-0.196	0.812
1.79139900208	0.344	-0.196	0.812
1.79312801361	0.476	-0.26	1.7
1.79486608505	0.476	-0.26	1.7
1.7965991497	0.476	-0.26	1.7
1.79832696915	0.528	-0.316	2.044
1.80005717278	0.528	-0.316	2.044
1.80178713799	0.528	-0.316	2.044
1.80351614952	0.496	-0.284	2.044
1.80524516106	0.496	-0.284	2.044
1.80697417259	0.496	-0.284	2.044
1.8087041378	0.324	-0.252	2.044
1.81043696404	0.324	-0.252	2.044
1.81216716766	0.324	-0.252	2.044
1.8138961792	0.028	-0.164	2.044
1.81562614441	0.028	-0.164	2.044
1.81735515594	0.028	-0.164	2.044
1.81908297539	-0.264	-0.096	1.5
1.82081508636	-0.264	-0.096	1.5
1.82254600525	-0.264	-0.096	1.5
1.82427406311	-0.44	-0.016	0.568
1.82600402832	-0.44	-0.016	0.568
1.82773399353	-0.44	-0.016	0.568
1.82946300507	-0.524	0.056	-0.24
1.83126401901	-0.524	0.056	-0.24
1.83299517632	-0.524	0.056	-0.24
1.83472514153	-0.536	0.076	-0.768
1.83645510674	-0.536	0.076	-0.768
1.83818507195	-0.536	0.076	-0.768
1.83991599083	-0.432	0.028	-0.884
1.84164619446	-0.432	0.028	-0.884
1.84338498116	-0.196	-0.048	-0.572
1.84511709213	-0.196	-0.048	-0.572
1.84684801102	-0.196	-0.048	-0.572
1.84857916832	0.128	-0.116	0.104
1.85031819344	0.128	-0.116	0.104
1.85204696655	0.128	-0.116	0.104
1.85377502441	0.356	-0.192	0.988
1.85550403595	0.356	-0.192	0.988
1.85723304749	0.356	-0.192	0.988
1.85896205902	0.464	-0.276	1.872
1.86070609093	0.464	-0.276	1.872
1.86243796349	0.464	-0.276	1.872
1.86416697502	0.508	-0.308	2.044
1.86589717865	0.508	-0.308	2.044
1.86762499809	0.508	-0.308	2.044
1.86935400963	0.464	-0.284	2.044
1.87109017372	0.464	-0.284	2.044
1.87281918526	0.464	-0.284	2.044
1.87454795837	0.28	-0.232	2.044
1.87628102303	0.28	-0.232	2.044
1.87801098824	0.28	-0.232	2.044
1.87973999977	-0.04	-0.144	2.044
1.88147211075	-0.04	-0.144	2.044
1.88320207596	-0.04	-0.144	2.044
1.88493108749	-0.3	-0.064	1.32
1.88666009903	-0.3	-0.064	1.32
1.88839101791	-0.3	-0.064	1.32
1.89012718201	-0.46	-0.004	0.432
1.8918671608	-0.46	-0.004	0.432
1.89359807968	-0.46	-0.004	0.432
1.89532804489	-0.536	0.068	-0.364
1.8970580101	-0.536	0.068	-0.364
1.89878702164	-0.536	0.068	-0.364
1.90052008629	-0.54	0.072	-0.804
1.90225315094	-0.54	0.072	-0.804
1.90398597717	-0.54	0.072	-0.804
1.9057161808	-0.404	0.012	-0.848
1.90744709969	-0.404	0.012	-0.848
1.9091770649	-0.404	0.012	-0.848
1.91091299057	-0.14	-0.056	-0.464
1.91264414787	-0.14	-0.056	-0.464
1.91437411308	-0.14	-0.056	-0.464
1.91610407829	0.188	-0.14	0.268
1.91783213615	0.188	-0.14	0.268
1.91956710815	0.188	-0.14	0.268
1.92129611969	0.392	-0.22	1.16
1.92302513123	0.392	-0.22	1.16
1.92475414276	0.392	-0.22	1.16
1.9264831543	0.492	-0.284	2.008
1.92821216583	0.492	-0.284	2.008
1.92995214462	0.532	-0.32	2.044
1.93168210983	0.532	-0.32	2.044
1.93341112137	0.532	-0.32	2.044
1.93513917923	0.452	-0.288	2.044
1.93686819077	0.452	-0.288	2.044
1.93859696388	0.452	-0.288	2.044
1.94034099579	0.22	-0.216	2.044
1.94211101532	0.22	-0.216	2.044
1.94384217262	0.22	-0.216	2.044
1.94557118416	-0.084	-0.136	2.004
1.94730114937	-0.084	-0.136	2.004
1.94903206825	-0.084	-0.136	2.004
1.95076608658	-0.364	-0.052	1.152
1.95249700546	-0.364	-0.052	1.152
1.95422697067	-0.364	-0.052	1.152
1.9559571743	-0.5	0.02	0.236
1.95768499374	-0.5	0.02	0.236
1.95940899849	-0.5	0.02	0.236
1.96114015579	-0.572	0.08	-0.476
1.962870121	-0.572	0.08	-0.476
1.96460008621	-0.572	0.08	-0.476
1.96633005142	-0.524	0.04	-0.856
1.96806001663	-0.524	0.04	-0.856
1.96979212761	-0.524	0.04	-0.856
1.97152113914	-0.36	-0.004	-0.804
1.97325205803	-0.36	-0.004	-0.804
1.97498297691	-0.36	-0.004	-0.804
1.97671413422	-0.056	-0.064	-0.34
1.97844409943	-0.056	-0.064	-0.34
1.9801800251	-0.056	-0.064	-0.34
1.9819111824	0.248	-0.16	0.444
1.98364305496	0.248	-0.16	0.444
1.98537302017	0.248	-0.16	0.444
1.98710203171	0.432	-0.236	1.364
1.98884010315	0.432	-0.236	1.364
1.99057602882	0.432	-0.236	1.364
1.99230599403	0.524	-0.28	2.044
1.99403595924	0.524	-0.28	2.044
1.99576497078	0.524	-0.28	2.044
1.99749517441	0.54	-0.312	2.044
1.99922418594	0.54	-0.312	2.044
2.00095510483	0.54	-0.312	2.044
2.00268507004	0.416	-0.268	2.044
2.00441503525	0.416	-0.268	2.044
2.00614404678	0.416	-0.268	2.044
2.00787305832	0.148	-0.208	2.044
2.00960898399	0.148	-0.208	2.044
2.01134204865	0.148	-0.208	2.044
2.01307106018	-0.152	-0.12	1.84
2.01480102539	-0.152	-0.12	1.84
2.01653218269	-0.396	-0.056	0.948
2.0182621479	-0.396	-0.056	0.948
2.0199971199	-0.396	-0.056	0.948
2.02172803879	-0.508	0.044	0.044
2.02345705032	-0.508	0.044	0.044
2.02518606186	-0.508	0.044	0.044
2.02691507339	-0.56	0.064	-0.592
2.0286450386	-0.56	0.064	-0.592
2.0303800106	-0.56	0.064	-0.592
2.03210997581	-0.5	0.044	-0.888
2.03383708	-0.5	0.044	-0.888
2.0355629921	-0.5	0.044	-0.888
2.03730201721	-0.288	-0.016	-0.736
2.03903508186	-0.288	-0.016	-0.736
2.04076814651	-0.288	-0.016	-0.736
2.04249811172	0.008	-0.088	-0.2
2.04422807693	0.008	-0.088	-0.2
2.04595708847	0.008	-0.088	-0.2
2.04768610001	0.28	-0.16	0.612
2.04941511154	0.28	-0.16	0.612
2.05115008354	0.28	-0.16	0.612
2.05287909508	0.428	-0.236	1.524
2.05460715294	0.428	-0.236	1.524
2.05633616447	0.428	-0.236	1.524
2.05806612968	0.512	-0.304	2.044
2.05980110168	0.512	-0.304	2.044
2.06153106689	0.512	-0.304	2.044
2.0632610321	0.504	-0.308	2.044
2.06499409676	0.504	-0.308	2.044
2.06672215462	0.504	-0.308	2.044
2.06845211983	0.36	-0.256	2.044
2.07018709183	0.36	-0.256	2.044
2.07191610336	0.36	-0.256	2.044
2.07364606857	0.1	-0.188	2.044
2.07537508011	0.1	-0.188	2.044
2.07710409164	0.1	-0.188	2.044
2.07883214951	-0.22	-0.104	1.672
2.08056497574	-0.22	-0.104	1.672
2.08229613304	-0.22	-0.104	1.672
2.08402705193	-0.404	-0.02	0.772
2.08577418327	-0.404	-0.02	0.772
2.08750510216	-0.404	-0.02	0.772
2.08923506737	-0.512	0.056	-0.084
2.09097409248	-0.512	0.056	-0.084
2.09270501137	-0.512	0.056	-0.084
2.09443497658	-0.556	0.064	-0.688
2.09616518021	-0.556	0.064	-0.688
2.09789609909	-0.556	0.064	-0.688
2.09962701797	-0.472	0.04	-0.9
2.10135602951	-0.472	0.04	-0.9
2.10308718681	-0.26	-0.032	-0.66
2.1048181057	-0.26	-0.032	-0.66
2.10654902458	-0.26	-0.032	-0.66
2.10827898979	0.06	-0.112	-0.048
2.11001515388	0.06	-0.112	-0.048
2.11174511909	0.06	-0.112	-0.048
2.11347603798	0.328	-0.192	0.8
2.11520504951	0.328	-0.192	0.8
2.11693310738	0.328	-0.192	0.8
2.11866402626	0.46	-0.264	1.696
2.12040019035	0.46	-0.264	1.696
2.12213015556	0.46	-0.264	1.696
2.12385797501	0.52	-0.32	2.044
2.12558698654	0.52	-0.32	2.044
2.12731719017	0.52	-0.32	2.044
2.12904715538	0.492	-0.292	2.044
2.13078212738	0.492	-0.292	2.044
2.13251304626	0.492	-0.292	2.044
2.13425111771	0.332	-0.24	2.044
2.13598012924	0.332	-0.24	2.044
2.13771009445	0.332	-0.24	2.044
2.13944005966	0.044	-0.172	2.044
2.14117503166	0.044	-0.172	2.044
2.14290499687	0.044	-0.172	2.044
2.14463806152	-0.256	-0.076	1.496
2.1463701725	-0.256	-0.076	1.496
2.14810013771	-0.256	-0.076	1.496
2.14983797073	-0.448	0.004	0.592
2.15156698227	-0.448	0.004	0.592
2.1532959938	-0.448	0.004	0.592
2.15502405167	-0.532	0.056	-0.236
2.15675401688	-0.532	0.056	-0.236
2.15848398209	-0.532	0.056	-0.236
2.16021513939	-0.556	0.068	-0.764
2.16194605827	-0.556	0.068	-0.764
2.16367602348	-0.556	0.068	-0.764
2.16540598869	-0.444	0.032	-0.884
2.16713619232	-0.444	0.032	-0.884
2.16886711121	-0.444	0.032	-0.884
2.17060303688	-0.2	-0.044	-0.56
2.17233705521	-0.2	-0.044	-0.56
2.17406797409	-0.2	-0.044	-0.56
2.17579913139	0.128	-0.116	0.116
2.17752814293	0.128	-0.116	0.116
2.17925810814	0.128	-0.116	0.116
2.18099308014	0.364	-0.204	0.98
2.18273115158	0.364	-0.204	0.98
2.18446016312	0.364	-0.204	0.98
2.18619012833	0.504	-0.276	1.876
2.18791913986	0.504	-0.276	1.876
2.18965816498	0.536	-0.304	2.044
2.19138813019	0.536	-0.304	2.044
2.19311714172	0.536	-0.304	2.044
2.19484615326	0.472	-0.292	2.044
2.19661617279	0.472	-0.292	2.044
2.19834899902	0.472	-0.292	2.044
2.20008111	0.276	-0.232	2.044
2.20181107521	0.276	-0.232	2.044
2.20353913307	0.276	-0.232	2.044
2.20526909828	-0.04	-0.152	2.044
2.20699906349	-0.04	-0.152	2.044
2.2087290287	-0.04	-0.152	2.044
2.2104640007	-0.32	-0.076	1.324
2.212195158	-0.32	-0.076	1.324
2.21392512321	-0.32	-0.076	1.324
2.21565508842	-0.476	-0.004	0.416
2.21738505363	-0.476	-0.004	0.416
2.21911501884	-0.476	-0.004	0.416
2.22084617615	-0.544	0.084	-0.348
2.22257614136	-0.544	0.084	-0.348
2.22430610657	-0.544	0.084	-0.348
2.22603917122	-0.536	0.064	-0.82
2.2277700901	-0.536	0.064	-0.82
2.22950100899	-0.536	0.064	-0.82
2.23124408722	-0.396	0.008	-0.844
2.2329750061	-0.396	0.008	-0.844
2.23470616341	-0.396	0.008	-0.844
2.23643612862	-0.12	-0.044	-0.46
2.23816609383	-0.12	-0.044	-0.46
2.23989701271	-0.12	-0.044	-0.46
2.24162817001	0.204	-0.14	0.264
2.24335718155	0.204	-0.14	0.264
2.24508619308	0.204	-0.14	0.264
2.2468149662	0.412	-0.208	1.168
2.24854397774	0.412	-0.208	1.168
2.25031208992	0.412	-0.208	1.168
2.25204706192	0.492	-0.28	2.02
2.2537779808	0.492	-0.28	2.02
2.25550699234	0.492	-0.28	2.02
2.25723600388	0.524	-0.324	2.044
2.25896596909	0.524	-0.324	2.044
2.26069998741	0.524	-0.324	2.044
2.26243114471	0.444	-0.28	2.044
2.26416015625	0.444	-0.28	2.044
2.26588916779	0.444	-0.28	2.044
2.26761698723	0.204	-0.208	2.044
2.26934599876	0.204	-0.208	2.044
2.27108097076	0.204	-0.208	2.044
2.2728099823	-0.096	-0.152	2.008
2.2745411396	-0.096	-0.152	2.008
2.27627110481	-0.352	-0.068	1.132
2.27800107002	-0.352	-0.068	1.132
2.27974700928	-0.352	-0.068	1.132
2.28147912025	-0.476	0.004	0.24
2.28320908546	-0.476	0.004	0.24
2.28493905067	-0.476	0.004	0.24
2.28666710854	-0.544	0.068	-0.48
2.28839707375	-0.544	0.068	-0.48
2.29013299942	-0.544	0.068	-0.48
2.29186296463	-0.5	0.04	-0.864
2.29358816147	-0.5	0.04	-0.864
2.29531407356	-0.5	0.04	-0.864
2.29703903198	-0.34	-0.004	-0.804
2.29876804352	-0.34	-0.004	-0.804
2.30050206184	-0.34	-0.004	-0.804
2.30223608017	-0.06	-0.072	-0.336
2.30396699905	-0.06	-0.072	-0.336
2.30570101738	-0.06	-0.072	-0.336
2.30743217468	0.24	-0.152	0.44
2.30916118622	0.24	-0.152	0.44
2.31089615822	0.24	-0.152	0.44
2.31262516975	0.428	-0.224	1.336
2.31435418129	0.428	-0.224	1.336
2.31608319283	0.428	-0.224	1.336
2.31781315804	0.496	-0.288	2.044
2.31954813004	0.496	-0.288	2.044
2.32127809525	0.496	-0.288	2.044
2.32300806046	0.524	-0.32	2.044
2.32473707199	0.524	-0.32	2.044
2.32646512985	0.524	-0.32	2.044
2.32820510864	0.4	-0.26	2.044
2.32994008064	0.4	-0.26	2.044
2.33166909218	0.4	-0.26	2.044
2.33340096474	0.168	-0.184	2.044
2.33513116837	0.168	-0.184	2.044
2.33686113358	0.168	-0.184	2.044
2.33859014511	-0.12	-0.132	1.864
2.34032607079	-0.12	-0.132	1.864
2.34205698967	-0.12	-0.132	1.864
2.3437871933	-0.388	-0.032	0.968
2.34551811218	-0.388	-0.032	0.968
2.34724903107	-0.388	-0.032	0.968
2.34897899628	-0.5	0.048	0.072
2.35070896149	-0.5	0.048	0.072
2.35243415833	-0.5	0.048	0.072
2.35415816307	-0.548	0.072	-0.584
2.35588812828	-0.548	0.072	-0.584
2.35761809349	-0.548	0.072	-0.584
2.35935115814	-0.512	0.04	-0.892
2.36108803749	-0.512	0.04	-0.892
2.36281704903	-0.512	0.04	-0.892
2.36454701424	-0.296	-0.028	-0.74
2.36627817154	-0.296	-0.028	-0.74
2.36800813675	-0.008	-0.1	-0.204
2.3697450161	-0.008	-0.1	-0.204
2.37147498131	-0.008	-0.1	-0.204
2.37320518494	0.276	-0.172	0.596
2.37493300438	0.276	-0.172	0.596
2.3766720295	0.276	-0.172	0.596
2.37840104103	0.448	-0.24	1.508
2.38013696671	0.448	-0.24	1.508
2.38186597824	0.448	-0.24	1.508
2.38359618187	0.532	-0.312	2.044
2.38532519341	0.532	-0.312	2.044
2.38705706596	0.532	-0.312	2.044
2.38878512383	0.52	-0.312	2.044
2.39051914215	0.52	-0.312	2.044
2.39225006104	0.52	-0.312	2.044
2.39398002625	0.376	-0.252	2.044
2.39570903778	0.376	-0.252	2.044
2.39743804932	0.376	-0.252	2.044
2.39916706085	0.12	-0.168	2.044
2.40089416504	0.12	-0.168	2.044
2.40261507034	0.12	-0.168	2.044
2.40433597565	-0.208	-0.104	1.7
2.40605902672	-0.208	-0.104	1.7
2.40778207779	-0.208	-0.104	1.7
2.40955495834	-0.424	-0.024	0.804
2.4112830162	-0.424	-0.024	0.804
2.41301012039	-0.424	-0.024	0.804
2.41473412514	-0.524	0.044	-0.064
2.41645717621	-0.524	0.044	-0.064
2.41817998886	-0.524	0.044	-0.064
2.41990613937	-0.56	0.068	-0.676
2.4216401577	-0.56	0.068	-0.676
2.42337107658	-0.56	0.068	-0.676
2.4251101017	-0.492	0.04	-0.888
2.42684197426	-0.492	0.04	-0.888
2.42857217789	-0.492	0.04	-0.888
2.43030810356	-0.26	-0.032	-0.656
2.43203902245	-0.26	-0.032	-0.656
2.43377113342	-0.26	-0.032	-0.656
2.43550014496	0.064	-0.112	-0.064
2.43723011017	0.064	-0.112	-0.064
2.43896007538	0.064	-0.112	-0.064
2.44069504738	0.328	-0.172	0.788
2.44242501259	0.328	-0.172	0.788
2.44415307045	0.328	-0.172	0.788
2.44588303566	0.46	-0.252	1.672
2.4476120472	0.46	-0.252	1.672
2.44934105873	0.46	-0.252	1.672
2.45107698441	0.532	-0.312	2.044
2.45280718803	0.532	-0.312	2.044
2.45453596115	0.488	-0.28	2.044
2.45626497269	0.488	-0.28	2.044
2.45799517632	0.488	-0.28	2.044
2.45973014832	0.332	-0.24	2.044
2.46145915985	0.332	-0.24	2.044
2.46318912506	0.332	-0.24	2.044
2.46491909027	0.044	-0.168	2.044
2.4666531086	0.044	-0.168	2.044
2.46838307381	0.044	-0.168	2.044
2.47011399269	-0.256	-0.092	1.524
2.47184514999	-0.256	-0.092	1.524
2.47358417511	-0.256	-0.092	1.524
2.47531700134	-0.44	-0.02	0.62
2.47704696655	-0.44	-0.02	0.62
2.47877597809	-0.44	-0.02	0.62
2.48051214218	-0.52	0.04	-0.208
2.48229908943	-0.52	0.04	-0.208
2.48403215408	-0.52	0.04	-0.208
2.48576211929	-0.544	0.076	-0.752
2.4874920845	-0.544	0.076	-0.752
2.48922204971	-0.544	0.076	-0.752
2.49095511436	-0.428	0.016	-0.88
2.49269008636	-0.428	0.016	-0.88
2.49442195892	-0.428	0.016	-0.88
2.49615311623	-0.196	-0.048	-0.576
2.49788403511	-0.196	-0.048	-0.576
2.49961519241	-0.196	-0.048	-0.576
2.50134706497	0.112	-0.108	0.076
2.50307512283	0.112	-0.108	0.076
2.50480508804	0.112	-0.108	0.076
2.50653409958	0.34	-0.192	0.96
2.50826311111	0.34	-0.192	0.96
2.50999808311	0.34	-0.192	0.96
2.51172804832	0.468	-0.264	1.848
2.51345801353	0.468	-0.264	1.848
2.51518797874	0.468	-0.264	1.848
2.51691699028	0.52	-0.308	2.044
2.51864600182	0.52	-0.308	2.044
2.52038598061	0.52	-0.308	2.044
2.5221259594	0.472	-0.292	2.044
2.52385497093	0.472	-0.292	2.044
2.52558517456	0.472	-0.292	2.044
2.5273141861	0.28	-0.22	2.044
2.52904295921	0.28	-0.22	2.044
2.53077816963	0.28	-0.22	2.044
2.53250908852	-0.008	-0.164	2.044
2.53423905373	-0.008	-0.164	2.044
2.53596901894	-0.008	-0.164	2.044
2.53769803047	-0.296	-0.076	1.36
2.53942918777	-0.296	-0.076	1.36
2.54116511345	-0.456	-0.004	0.436
2.54289412498	-0.456	-0.004	0.436
2.54462409019	-0.456	-0.004	0.436
2.54635310173	-0.536	0.064	-0.352
2.54808712006	-0.536	0.064	-0.352
2.5498239994	-0.536	0.064	-0.352
2.55155515671	-0.544	0.072	-0.812
2.55328607559	-0.544	0.072	-0.812
2.5550160408	-0.544	0.072	-0.812
2.55674600601	-0.416	0.016	-0.848
2.55847597122	-0.416	0.016	-0.848
2.56020617485	-0.416	0.016	-0.848
2.56193709373	-0.128	-0.072	-0.452
2.56366610527	-0.128	-0.072	-0.452
2.56539607048	-0.128	-0.072	-0.452
2.56712698936	0.168	-0.128	0.248
2.56886315346	0.168	-0.128	0.248
2.57060909271	0.168	-0.128	0.248
2.5723400116	0.396	-0.216	1.156
2.57407212257	0.396	-0.216	1.156
2.57580208778	0.396	-0.216	1.156
2.57753205299	0.488	-0.28	2.0
2.57925796509	0.488	-0.28	2.0
2.58099007607	0.488	-0.28	2.0
2.58271503448	0.54	-0.312	2.044
2.58444404602	0.54	-0.312	2.044
2.58617305756	0.54	-0.312	2.044
2.58790206909	0.46	-0.292	2.044
2.58963799477	0.46	-0.292	2.044
2.5913670063	0.46	-0.292	2.044
2.59309506416	0.236	-0.216	2.044
2.5948240757	0.236	-0.216	2.044
2.59655308723	0.236	-0.216	2.044
2.59828209877	-0.084	-0.128	2.032
2.60001206398	-0.084	-0.128	2.032
2.60174608231	-0.084	-0.128	2.032
2.60347604752	-0.34	-0.064	1.168
2.60520601273	-0.34	-0.064	1.168
2.60693597794	-0.34	-0.064	1.168
2.60866618156	-0.488	0.024	0.272
2.61039996147	-0.488	0.024	0.272
2.61212897301	-0.488	0.024	0.272
2.61385703087	-0.56	0.072	-0.464
2.61558699608	-0.56	0.072	-0.464
2.61731696129	-0.56	0.072	-0.464
2.6190559864	-0.54	0.048	-0.856
2.6207921505	-0.54	0.048	-0.856
2.62252211571	-0.54	0.048	-0.856
2.62425303459	-0.372	-0.012	-0.808
2.6259829998	-0.372	-0.012	-0.808
2.62771606445	-0.072	-0.068	-0.36
2.62944698334	-0.072	-0.068	-0.36
2.63118100166	-0.072	-0.068	-0.36
2.63291311264	0.232	-0.144	0.404
2.63464212418	0.232	-0.144	0.404
2.63637113571	0.232	-0.144	0.404
2.63809919357	0.432	-0.228	1.316
2.63982796669	0.432	-0.228	1.316
2.64155697823	0.432	-0.228	1.316
2.64328503609	0.512	-0.292	2.044
2.64501404762	0.512	-0.292	2.044
2.64674305916	0.512	-0.292	2.044
2.64847207069	0.528	-0.304	2.044
2.65020799637	0.528	-0.304	2.044
2.65193605423	0.528	-0.304	2.044
2.65366506577	0.424	-0.272	2.044
2.65539717674	0.424	-0.272	2.044
2.65712714195	0.424	-0.272	2.044
2.65885615349	0.168	-0.196	2.044
2.66058897972	0.168	-0.196	2.044
2.66231918335	0.168	-0.196	2.044
2.66404700279	-0.14	-0.128	1.876
2.665776968	-0.14	-0.128	1.876
2.66751599312	-0.14	-0.128	1.876
2.66924595833	-0.372	-0.06	1.012
2.6709830761	-0.372	-0.06	1.012
2.67271304131	-0.372	-0.06	1.012
2.67444205284	-0.504	0.036	0.108
2.67617106438	-0.504	0.036	0.108
2.67789912224	-0.504	0.036	0.108
2.67963409424	-0.544	0.072	-0.552
2.68136715889	-0.544	0.072	-0.552
2.6830971241	-0.544	0.072	-0.552
2.68482613564	-0.504	0.052	-0.876
2.68655610085	-0.504	0.052	-0.876
2.68828606606	-0.504	0.052	-0.876
2.69002199173	-0.304	-0.008	-0.772
2.69175219536	-0.304	-0.008	-0.772
2.69348216057	-0.304	-0.008	-0.772
2.69521307945	-0.004	-0.084	-0.22
2.69694304466	-0.004	-0.084	-0.22
2.6986720562	-0.004	-0.084	-0.22
2.70040512085	0.284	-0.16	0.568
2.70213699341	0.284	-0.16	0.568
2.70386505127	0.284	-0.16	0.568
2.70559406281	0.428	-0.224	1.48
2.70732307434	0.428	-0.224	1.48
2.70905518532	0.428	-0.224	1.48
2.71079111099	0.504	-0.296	2.044
2.71251916885	0.504	-0.296	2.044
2.71424913406	0.504	-0.296	2.044
2.71598815918	0.512	-0.312	2.044
2.71771717072	0.512	-0.312	2.044
2.71944618225	0.384	-0.252	2.044
2.72117805481	0.384	-0.252	2.044
2.72290802002	0.384	-0.252	2.044
2.72463703156	0.104	-0.196	2.044
2.72636604309	0.104	-0.196	2.044
2.72809505463	0.104	-0.196	2.044
2.72983002663	-0.192	-0.124	1.72
2.73156118393	-0.192	-0.124	1.72
2.73329114914	-0.192	-0.124	1.72
2.73502397537	-0.408	-0.032	0.804
2.73675704002	-0.408	-0.032	0.804
2.73849010468	-0.408	-0.032	0.804
2.74022507668	-0.5	0.048	-0.04
2.74195098877	-0.5	0.048	-0.04
2.74367618561	-0.5	0.048	-0.04
2.74540305138	-0.54	0.076	-0.66
2.74713301659	-0.54	0.076	-0.66
2.74886202812	-0.54	0.076	-0.66
2.75059700012	-0.476	0.052	-0.892
2.75232815742	-0.476	0.052	-0.892
2.75405812263	-0.476	0.052	-0.892
2.75578713417	-0.272	-0.024	-0.692
2.75751900673	-0.272	-0.024	-0.692
2.75924897194	-0.272	-0.024	-0.692
2.76098608971	0.048	-0.116	-0.072
2.76271796227	0.048	-0.116	-0.072
2.76445698738	0.048	-0.116	-0.072
2.76618719101	0.308	-0.16	0.74
2.76791596413	0.308	-0.16	0.74
2.76965117455	0.308	-0.16	0.74
2.77138113976	0.452	-0.24	1.644
2.77311015129	0.452	-0.24	1.644
2.7748401165	0.452	-0.24	1.644
2.77656817436	0.516	-0.308	2.044
2.7782971859	0.516	-0.308	2.044
2.7800321579	0.516	-0.308	2.044
2.78176116943	0.5	-0.308	2.044
2.78348612785	0.5	-0.308	2.044
2.78521108627	0.5	-0.308	2.044
2.78693604469	0.344	-0.244	2.044
2.78866910934	0.344	-0.244	2.044
2.79040503502	0.344	-0.244	2.044
2.79213500023	0.072	-0.176	2.044
2.79386401176	0.072	-0.176	2.044
2.7955930233	0.072	-0.176	2.044
2.79732108116	-0.212	-0.096	1.54
2.79905104637	-0.212	-0.096	1.54
2.80078315735	-0.212	-0.096	1.54
2.80251216888	-0.444	-0.008	0.64
2.80429196358	-0.444	-0.008	0.64
2.80602502823	-0.528	0.048	-0.18
2.80775618553	-0.528	0.048	-0.18
2.80949211121	-0.528	0.048	-0.18
2.81122303009	-0.568	0.064	-0.732
2.81296300888	-0.568	0.064	-0.732
2.81469416618	-0.568	0.064	-0.732
2.81642699242	-0.46	0.024	-0.876
2.81815719604	-0.46	0.024	-0.876
2.81989216805	-0.46	0.024	-0.876
2.8216240406	-0.212	-0.048	-0.592
2.82335400581	-0.212	-0.048	-0.592
2.82508516312	-0.212	-0.048	-0.592
2.826816082	0.104	-0.112	0.048
2.82854509354	0.104	-0.112	0.048
2.83034300804	0.104	-0.112	0.048
2.83207511902	0.348	-0.192	0.916
2.8338060379	0.348	-0.192	0.916
2.83553504944	0.348	-0.192	0.916
2.83726406097	0.5	-0.276	1.808
2.83898997307	0.5	-0.276	1.808
2.84071612358	0.5	-0.276	1.808
2.84244608879	0.54	-0.308	2.044
2.844176054	0.54	-0.308	2.044
2.84590506554	0.54	-0.308	2.044
2.8476331234	0.5	-0.292	2.044
2.84935903549	0.5	-0.292	2.044
2.85109114647	0.5	-0.292	2.044
2.85281705856	0.312	-0.228	2.044
2.8545460701	0.312	-0.228	2.044
2.85627412796	0.312	-0.228	2.044
2.8580031395	-0.016	-0.152	2.044
2.85973906517	-0.016	-0.152	2.044
2.86147904396	-0.016	-0.152	2.044
2.86321115494	-0.296	-0.088	1.396
2.86494112015	-0.296	-0.088	1.396
2.86667108536	-0.296	-0.088	1.396
2.86840200424	-0.468	-0.016	0.512
2.87014198303	-0.468	-0.016	0.512
2.87187218666	-0.468	-0.016	0.512
2.87360215187	-0.552	0.06	-0.316
2.87533211708	-0.552	0.06	-0.316
2.87706208229	-0.552	0.06	-0.316
2.8787920475	-0.54	0.068	-0.8
2.8805270195	-0.54	0.068	-0.8
2.8822581768	-0.54	0.068	-0.8
2.88398718834	-0.42	0.008	-0.86
2.88571715355	-0.42	0.008	-0.86
2.88744711876	-0.42	0.008	-0.86
2.88917708397	-0.148	-0.056	-0.492
2.89091300964	-0.148	-0.056	-0.492
2.89264512062	0.168	-0.12	0.208
2.89437317848	0.168	-0.12	0.208
2.89610505104	0.168	-0.12	0.208
2.89783501625	0.396	-0.208	1.092
2.89956617355	0.396	-0.208	1.092
2.90129613876	0.396	-0.208	1.092
2.9030251503	0.5	-0.284	1.944
2.90475010872	0.5	-0.284	1.944
2.90647602081	0.5	-0.284	1.944
2.90820097923	0.52	-0.308	2.044
2.90994596481	0.52	-0.308	2.044
2.91167616844	0.52	-0.308	2.044
2.91340517998	0.452	-0.28	2.044
2.91513514519	0.452	-0.28	2.044
2.91686201096	0.452	-0.28	2.044
2.91859102249	0.232	-0.22	2.044
2.92032599449	0.232	-0.22	2.044
2.92205405235	0.232	-0.22	2.044
2.92378497124	-0.072	-0.152	2.044
2.92551612854	-0.072	-0.152	2.044
2.92724609375	-0.072	-0.152	2.044
2.92897605896	-0.328	-0.084	1.2
2.93071198463	-0.328	-0.084	1.2
2.93244218826	-0.328	-0.084	1.2
2.93417215347	-0.468	0.016	0.316
2.93590116501	-0.468	0.016	0.316
2.93762898445	-0.468	0.016	0.316
2.93935799599	-0.54	0.08	-0.448
2.94109416008	-0.54	0.08	-0.448
2.94282317162	-0.54	0.08	-0.448
2.94455313683	-0.524	0.048	-0.836
2.94628214836	-0.524	0.048	-0.836
2.94801211357	-0.524	0.048	-0.836
2.94975304604	-0.372	0.008	-0.824
2.95148396492	-0.372	0.008	-0.824
2.95321416855	-0.372	0.008	-0.824
2.95494413376	-0.072	-0.06	-0.38
2.95667505264	-0.072	-0.06	-0.38
2.95842218399	-0.072	-0.06	-0.38
2.96015405655	0.208	-0.136	0.38
2.96188211441	0.208	-0.136	0.38
2.96361112595	0.208	-0.136	0.38
2.96534013748	0.396	-0.212	1.276
2.96706914902	0.396	-0.212	1.276
2.96879911423	0.396	-0.212	1.276
2.97053003311	0.484	-0.28	2.044
2.97225809097	0.484	-0.28	2.044
2.97398614883	0.484	-0.28	2.044
2.97571516037	0.524	-0.324	2.044
2.9774479866	0.524	-0.324	2.044
2.97917819023	0.436	-0.28	2.044
2.98091197014	0.436	-0.28	2.044
2.98264217377	0.436	-0.28	2.044
2.9843711853	0.188	-0.196	2.044
2.98609995842	0.188	-0.196	2.044
2.98782896996	0.188	-0.196	2.044
2.98956418037	-0.116	-0.14	1.912
2.99129509926	-0.116	-0.14	1.912
2.99302601814	-0.116	-0.14	1.912
2.99475598335	-0.372	-0.068	1.056
2.99648714066	-0.372	-0.068	1.056
2.99821710587	-0.372	-0.068	1.056
2.99994897842	-0.492	0.032	0.148
3.00167798996	-0.492	0.032	0.148
3.00341010094	-0.492	0.032	0.148
3.0051381588	-0.544	0.072	-0.536
3.00687718391	-0.544	0.072	-0.536
3.00860714912	-0.544	0.072	-0.536
3.01034116745	-0.52	0.052	-0.868
3.01207208633	-0.52	0.052	-0.868
3.01380205154	-0.52	0.052	-0.868
3.01553201675	-0.332	-0.016	-0.768
3.01726317406	-0.332	-0.016	-0.768
3.01899313927	-0.332	-0.016	-0.768
3.02073001862	-0.024	-0.084	-0.268
3.02246117592	-0.024	-0.084	-0.268
3.02419018745	-0.024	-0.084	-0.268
3.02592110634	0.256	-0.144	0.524
3.02765011787	0.256	-0.144	0.524
3.02937912941	0.256	-0.144	0.524
3.03111815453	0.432	-0.232	1.408
3.03284716606	0.432	-0.232	1.408
3.0345761776	0.432	-0.232	1.408
3.03630399704	0.524	-0.3	2.044
3.0380320549	0.524	-0.3	2.044
3.0397670269	0.524	-0.3	2.044
3.0414981842	0.544	-0.316	2.044
3.04322814941	0.544	-0.316	2.044
3.04495596886	0.544	-0.316	2.044
3.04668617249	0.408	-0.26	2.044
3.04841518402	0.408	-0.26	2.044
3.05015015602	0.408	-0.26	2.044
3.05188012123	0.132	-0.196	2.044
3.05360913277	0.132	-0.196	2.044
3.05534815788	0.132	-0.196	2.044
3.05708003044	-0.18	-0.116	1.768
3.05881118774	-0.18	-0.116	1.768
3.06054711342	-0.18	-0.116	1.768
3.0622780323	-0.4	-0.032	0.868
3.06400799751	-0.4	-0.032	0.868
3.06573796272	-0.532	0.04	0.016
3.06746697426	-0.532	0.04	0.016
3.06919407845	-0.532	0.04	0.016
3.0709271431	-0.56	0.068	-0.636
3.07265710831	-0.56	0.068	-0.636
3.08149719238	-0.28	-0.032	-0.712
3.08333706856	-0.28	-0.032	-0.712
3.08507919312	-0.28	-0.032	-0.712
3.08681297302	0.044	-0.104	-0.116
3.08854699135	0.044	-0.104	-0.116
3.09034013748	0.044	-0.104	-0.116
3.09207415581	0.312	-0.168	0.692
3.09379696846	0.312	-0.168	0.692
3.09552001953	0.312	-0.168	0.692
3.09724402428	0.468	-0.236	1.596
3.09896802902	0.468	-0.236	1.596
3.10070419312	0.468	-0.236	1.596
3.10243916512	0.536	-0.316	2.044
3.104170084	0.536	-0.316	2.044
3.10590004921	0.536	-0.316	2.044
3.10763001442	0.508	-0.304	2.044
3.10935997963	0.508	-0.304	2.044
3.11112308502	0.508	-0.304	2.044
3.11286902428	0.348	-0.236	2.044
3.11460018158	0.348	-0.236	2.044
3.11633014679	0.348	-0.236	2.044
3.11806416512	0.072	-0.196	2.044
3.11980104446	0.072	-0.196	2.044
3.12153315544	0.072	-0.196	2.044
3.12326312065	-0.236	-0.108	1.596
3.12499403954	-0.236	-0.108	1.596
3.12672495842	-0.236	-0.108	1.596
3.12845611572	-0.428	-0.02	0.684
3.13019514084	-0.428	-0.02	0.684
3.13192605972	-0.428	-0.02	0.684
3.13365602493	-0.524	0.044	-0.148
3.13538718224	-0.524	0.044	-0.148
3.13711810112	-0.54	0.084	-0.728
3.13884902	-0.54	0.084	-0.728
3.14058613777	-0.54	0.084	-0.728
3.14231610298	-0.46	0.04	-0.896
3.14404797554	-0.46	0.04	-0.896
3.14578700066	-0.46	0.04	-0.896
3.14751815796	-0.212	-0.044	-0.616
3.14925098419	-0.212	-0.044	-0.616
3.15099000931	-0.212	-0.044	-0.616
3.15273499489	0.096	-0.108	0.02
3.15446400642	0.096	-0.108	0.02
3.15619301796	0.096	-0.108	0.02
3.15792107582	0.34	-0.176	0.872
3.15966701508	0.34	-0.176	0.872
3.16140007973	0.34	-0.176	0.872
3.16313004494	0.468	-0.256	1.756
3.16486001015	0.468	-0.256	1.756
3.16658997536	0.468	-0.256	1.756
3.16832017899	0.512	-0.308	2.044
3.17005705833	0.512	-0.308	2.044
3.17179107666	0.512	-0.308	2.044
3.17357516289	0.472	-0.28	2.044
3.17530798912	0.472	-0.28	2.044
3.17704105377	0.472	-0.28	2.044
3.17877197266	0.308	-0.244	2.044
3.18050909042	0.308	-0.244	2.044
3.18224406242	0.308	-0.244	2.044
3.18398618698	0.016	-0.168	2.044
3.18571615219	0.016	-0.168	2.044
3.18744516373	0.016	-0.168	2.044
3.18917512894	-0.272	-0.092	1.436
3.19091510773	-0.272	-0.092	1.436
3.19266700745	-0.272	-0.092	1.436
3.19439911842	-0.452	-0.024	0.508
3.19613003731	-0.452	-0.024	0.508
3.19786119461	-0.452	-0.024	0.508
3.19960212708	-0.528	0.056	-0.28
3.20133399963	-0.528	0.056	-0.28
3.20306396484	-0.528	0.056	-0.28
3.20479416847	-0.544	0.072	-0.784
3.20652413368	-0.544	0.072	-0.784
3.20826411247	-0.544	0.072	-0.784
3.21000218391	-0.424	0.008	-0.88
3.21173405647	-0.424	0.008	-0.88
3.21346306801	-0.164	-0.056	-0.532
3.21519517899	-0.164	-0.056	-0.532
3.21692800522	-0.164	-0.056	-0.532
3.21865916252	0.148	-0.12	0.168
3.22039103508	0.148	-0.12	0.168
3.22212004662	0.148	-0.12	0.168
3.22386813164	0.376	-0.204	1.048
3.22560811043	0.376	-0.204	1.048
3.22733902931	0.376	-0.204	1.048
3.22906899452	0.508	-0.276	1.896
3.23079800606	0.508	-0.276	1.896
3.23252701759	0.508	-0.276	1.896
3.2342581749	0.528	-0.308	2.044
3.23598718643	0.528	-0.308	2.044
3.23771715164	0.528	-0.308	2.044
3.23944711685	0.484	-0.276	2.044
3.2411801815	0.484	-0.276	2.044
3.24291110039	0.484	-0.276	2.044
3.2446410656	0.26	-0.216	2.044
3.24637103081	0.26	-0.216	2.044
3.24810004234	0.26	-0.216	2.044
3.24983716011	-0.052	-0.144	2.044
3.25156903267	-0.052	-0.144	2.044
3.25330305099	-0.052	-0.144	2.044
3.25503396988	-0.32	-0.08	1.26
3.25678896904	-0.32	-0.08	1.26
3.25852108002	-0.32	-0.08	1.26
3.2602891922	-0.488	0.0	0.34
3.26201295853	-0.488	0.0	0.34
3.26373505592	-0.488	0.0	0.34
3.26545715332	-0.56	0.072	-0.412
3.26718711853	-0.56	0.072	-0.412
3.26891708374	-0.56	0.072	-0.412
3.27065300941	-0.552	0.072	-0.836
3.27238416672	-0.552	0.072	-0.836
3.27411603928	-0.552	0.072	-0.836
3.27584719658	-0.392	-0.008	-0.832
3.27757811546	-0.392	-0.008	-0.832
3.27931308746	-0.392	-0.008	-0.832
3.28105306625	-0.088	-0.068	-0.408
3.28278398514	-0.088	-0.068	-0.408
3.28451609612	-0.088	-0.068	-0.408
3.28624606133	0.216	-0.132	0.328
3.28798699379	0.216	-0.132	0.328
3.28972411156	0.216	-0.132	0.328
3.29144716263	0.42	-0.228	1.232
3.29316997528	0.42	-0.228	1.232
3.29489207268	0.42	-0.228	1.232
3.29662704468	0.508	-0.276	2.044
3.29835009575	0.508	-0.276	2.044
3.30007696152	0.552	-0.328	2.044
3.30181002617	0.552	-0.328	2.044
3.30353999138	0.552	-0.328	2.044
3.30528306961	0.432	-0.28	2.044
3.30701708794	0.432	-0.28	2.044
3.30874800682	0.432	-0.28	2.044
3.31048512459	0.192	-0.2	2.044
3.3122150898	0.192	-0.2	2.044
3.31394600868	0.192	-0.2	2.044
3.31567502022	-0.116	-0.144	1.96
3.31740617752	-0.116	-0.144	1.96
3.31913614273	-0.116	-0.144	1.96
3.32088303566	-0.38	-0.068	1.08
3.32261419296	-0.38	-0.068	1.08
3.32434415817	-0.38	-0.068	1.08
3.32607507706	-0.512	0.028	0.176
3.32780408859	-0.512	0.028	0.176
3.32954096794	-0.512	0.028	0.176
3.33127117157	-0.552	0.068	-0.516
3.3330051899	-0.552	0.068	-0.516
3.33473610878	-0.552	0.068	-0.516
3.33646607399	-0.52	0.056	-0.88
3.33819818497	-0.52	0.056	-0.88
3.33993506432	-0.52	0.056	-0.88
3.34166502953	-0.332	0.004	-0.78
3.34339618683	-0.332	0.004	-0.78
3.34512901306	-0.332	0.004	-0.78
3.3468580246	-0.028	-0.076	-0.28
3.3485891819	-0.028	-0.076	-0.28
3.35032701492	-0.028	-0.076	-0.28
3.35205817223	0.26	-0.152	0.504
3.35379910469	0.26	-0.152	0.504
3.3555290699	0.26	-0.152	0.504
3.35725808144	0.432	-0.22	1.412
3.35898804665	0.432	-0.22	1.412
3.36072397232	0.432	-0.22	1.412
3.36245918274	0.508	-0.284	2.044
3.36419010162	0.508	-0.284	2.044
3.36591911316	0.508	-0.284	2.044
3.36764907837	0.52	-0.316	2.044
3.36938619614	0.52	-0.316	2.044
3.37112307549	0.52	-0.316	2.044
3.3728530407	0.396	-0.268	2.044
3.37458205223	0.396	-0.268	2.044
3.37631106377	0.396	-0.268	2.044
3.37804198265	0.136	-0.192	2.044
3.37977814674	0.136	-0.192	2.044
3.38150715828	0.136	-0.192	2.044
3.38323712349	-0.168	-0.132	1.792
3.38497114182	-0.168	-0.132	1.792
3.38671016693	-0.384	-0.044	0.892
3.38844203949	-0.384	-0.044	0.892
3.39017796516	-0.384	-0.044	0.892
3.39190912247	-0.5	0.044	0.02
3.39363503456	-0.5	0.044	0.02
3.39535999298	-0.5	0.044	0.02
3.39708399773	-0.536	0.06	-0.616
3.39882707596	-0.536	0.06	-0.616
3.4005651474	-0.536	0.06	-0.616
3.40230607986	-0.492	0.044	-0.896
3.40403699875	-0.492	0.044	-0.896
3.40576696396	-0.492	0.044	-0.896
3.40749812126	-0.276	-0.02	-0.72
3.40923118591	-0.276	-0.02	-0.72
3.41096305847	-0.276	-0.02	-0.72
3.41269397736	0.024	-0.096	-0.148
3.41442799568	0.024	-0.096	-0.148
3.41615796089	0.024	-0.096	-0.148
3.41789007187	0.288	-0.168	0.676
3.41962599754	0.288	-0.168	0.676
3.42135310173	0.288	-0.168	0.676
3.42308211327	0.444	-0.24	1.584
3.4248239994	0.444	-0.24	1.584
3.42655396461	0.444	-0.24	1.584
3.42828297615	0.524	-0.296	2.044
3.43001914024	0.524	-0.296	2.044
3.43174910545	0.524	-0.296	2.044
3.4334821701	0.504	-0.308	2.044
3.43521118164	0.504	-0.308	2.044
3.43694114685	0.504	-0.308	2.044
3.43867015839	0.36	-0.256	2.044
3.44041013718	0.36	-0.256	2.044
3.44214296341	0.36	-0.256	2.044
3.44387197495	0.092	-0.168	2.044
3.44560098648	0.092	-0.168	2.044
3.44732999802	0.092	-0.168	2.044
3.44906306267	-0.212	-0.112	1.628
3.45081114769	-0.212	-0.112	1.628
3.45254206657	-0.212	-0.112	1.628
3.45427203178	-0.416	-0.024	0.72
3.45601296425	-0.416	-0.024	0.72
3.45774412155	-0.416	-0.024	0.72
3.45950603485	-0.52	0.048	-0.132
3.46123218536	-0.52	0.048	-0.132
3.46295499802	-0.52	0.048	-0.132
3.46469712257	-0.564	0.08	-0.712
3.46642112732	-0.564	0.08	-0.712
3.46814608574	-0.472	0.032	-0.884
3.4698741436	-0.472	0.032	-0.884
3.4716091156	-0.472	0.032	-0.884
3.47334098816	-0.244	-0.044	-0.636
3.47507309914	-0.244	-0.044	-0.636
3.47680497169	-0.244	-0.044	-0.636
3.478536129	0.084	-0.112	0.0
3.48029112816	0.084	-0.112	0.0
3.48201608658	0.084	-0.112	0.0
3.48373699188	0.332	-0.18	0.864
3.48546600342	0.332	-0.18	0.864
3.48719406128	0.332	-0.18	0.864
3.48892402649	0.476	-0.272	1.748
3.49065613747	0.476	-0.272	1.748
3.49237704277	0.476	-0.272	1.748
3.49410104752	0.536	-0.312	2.044
3.49582314491	0.536	-0.312	2.044
3.49754714966	0.536	-0.312	2.044
3.49927806854	0.512	-0.3	2.044
3.50101208687	0.512	-0.3	2.044
3.50274610519	0.512	-0.3	2.044
3.5044760704	0.32	-0.236	2.044
3.50620698929	0.32	-0.236	2.044
3.50793600082	0.32	-0.236	2.044
3.50967216492	0.016	-0.156	2.044
3.51140213013	0.016	-0.156	2.044
3.51313400269	0.016	-0.156	2.044
3.51486301422	-0.28	-0.076	1.46
3.51659297943	-0.28	-0.076	1.46
3.51832318306	-0.28	-0.076	1.46
3.52005410194	-0.46	-0.024	0.54
3.52178812027	-0.46	-0.024	0.54
3.52351808548	-0.46	-0.024	0.54
3.52524805069	-0.544	0.048	-0.276
3.52697896957	-0.544	0.048	-0.276
3.52872610092	-0.544	0.048	-0.276
3.53046417236	-0.544	0.064	-0.772
3.53219413757	-0.544	0.064	-0.772
3.53392410278	-0.544	0.064	-0.772
3.53565502167	-0.428	0.032	-0.86
3.53739714622	-0.428	0.032	-0.86
3.53912615776	-0.428	0.032	-0.86
3.54086399078	-0.164	-0.048	-0.54
3.54259419441	-0.164	-0.048	-0.54
3.5443251133	-0.164	-0.048	-0.54
3.54605603218	0.152	-0.124	0.148
3.54779911041	0.152	-0.124	0.148
3.54953503609	0.152	-0.124	0.148
3.55126404762	0.38	-0.196	1.028
3.55299496651	0.38	-0.196	1.028
3.55472517014	0.492	-0.268	1.9
3.55645418167	0.492	-0.268	1.9
3.55818319321	0.492	-0.268	1.9
3.55993103981	0.52	-0.304	2.044
3.56166315079	0.52	-0.304	2.044
3.56339216232	0.52	-0.304	2.044
3.56512117386	0.468	-0.296	2.044
3.56685018539	0.468	-0.296	2.044
3.56857895851	0.468	-0.296	2.044
3.57031607628	0.268	-0.228	2.044
3.57204508781	0.268	-0.228	2.044
3.57377314568	0.268	-0.228	2.044
3.57552719116	-0.052	-0.152	2.044
3.57726097107	-0.052	-0.152	2.044
3.57899212837	-0.052	-0.152	2.044
3.58078098297	-0.316	-0.084	1.276
3.58251404762	-0.316	-0.084	1.276
3.58424496651	-0.316	-0.084	1.276
3.58597612381	-0.476	0.0	0.364
3.58769798279	-0.476	0.0	0.364
3.58941912651	-0.476	0.0	0.364
3.59114718437	-0.548	0.068	-0.396
3.59287905693	-0.548	0.068	-0.396
3.59460997581	-0.548	0.068	-0.396
3.5963511467	-0.536	0.06	-0.82
3.59808206558	-0.536	0.06	-0.82
3.59981703758	-0.536	0.06	-0.82
3.60155200958	-0.396	0.008	-0.832
3.60328507423	-0.396	0.008	-0.832
3.60501408577	-0.396	0.008	-0.832
3.60674309731	-0.084	-0.052	-0.428
3.60847401619	-0.084	-0.052	-0.428
3.61021399498	-0.084	-0.052	-0.428
3.61194396019	0.196	-0.14	0.312
3.61367201805	0.196	-0.14	0.312
3.61540102959	0.196	-0.14	0.312
3.61713218689	0.404	-0.216	1.208
3.61886096001	0.404	-0.216	1.208
3.6205971241	0.404	-0.216	1.208
3.62232518196	0.5	-0.28	2.036
3.62405204773	0.5	-0.28	2.036
3.62577915192	0.5	-0.28	2.036
3.62750506401	0.508	-0.316	2.044
3.62923598289	0.508	-0.316	2.044
3.63097214699	0.508	-0.316	2.044
3.63271617889	0.452	-0.296	2.044
3.6344461441	0.452	-0.296	2.044
3.63617610931	0.452	-0.296	2.044
3.63790607452	0.204	-0.212	2.044
3.63964104652	0.204	-0.212	2.044
3.6413731575	-0.108	-0.112	1.972
3.64310407639	-0.108	-0.112	1.972
3.64484405518	-0.108	-0.112	1.972
3.64657497406	-0.348	-0.06	1.108
3.64830613136	-0.348	-0.06	1.108
3.65004396439	-0.348	-0.06	1.108
3.65177607536	-0.508	0.028	0.208
3.65350413322	-0.508	0.028	0.208
3.65523815155	-0.508	0.028	0.208
3.65698218346	-0.548	0.072	-0.508
3.65871214867	-0.548	0.072	-0.508
3.66044902802	-0.548	0.072	-0.508
3.66217803955	-0.528	0.048	-0.872
3.66392207146	-0.528	0.048	-0.872
3.66565418243	-0.528	0.048	-0.872
3.66738510132	-0.356	-0.004	-0.792
3.66911506653	-0.356	-0.004	-0.792
3.6708521843	-0.356	-0.004	-0.792
3.67258405685	-0.044	-0.08	-0.316
3.67431616783	-0.044	-0.08	-0.316
3.67604708672	-0.044	-0.08	-0.316
3.6777780056	0.244	-0.148	0.488
3.67951512337	0.244	-0.148	0.488
3.68124818802	0.244	-0.148	0.488
3.68298101425	0.428	-0.232	1.376
3.68471097946	0.428	-0.232	1.376
3.68643903732	0.428	-0.232	1.376
3.68818116188	0.52	-0.284	2.044
3.6899189949	0.52	-0.284	2.044
3.69164013863	0.52	-0.284	2.044
3.69337105751	0.536	-0.316	2.044
3.69509196281	0.536	-0.316	2.044
3.69682812691	0.536	-0.316	2.044
3.69854998589	0.412	-0.268	2.044
3.70036101341	0.412	-0.268	2.044
3.70209407806	0.412	-0.268	2.044
3.70382404327	0.156	-0.196	2.044
3.70555710793	0.156	-0.196	2.044
3.70728707314	0.156	-0.196	2.044
3.70901918411	-0.152	-0.12	1.82
3.71075701714	-0.152	-0.12	1.82
3.71248912811	-0.152	-0.12	1.82
3.714220047	-0.392	-0.032	0.908
3.71595096588	-0.392	-0.032	0.908
3.71768116951	-0.392	-0.032	0.908
3.71941208839	-0.528	0.04	0.056
3.72114396095	-0.528	0.04	0.056
3.72287297249	-0.572	0.068	-0.6
3.72460412979	-0.572	0.068	-0.6
3.72633314133	-0.572	0.068	-0.6
3.72806406021	-0.524	0.052	-0.892
3.72980213165	-0.524	0.052	-0.892
3.73153400421	-0.524	0.052	-0.892
3.73326396942	-0.296	-0.02	-0.744
3.73499512672	-0.296	-0.02	-0.744
3.73674798012	-0.296	-0.02	-0.744
3.73848009109	0.016	-0.104	-0.176
3.74021601677	0.016	-0.104	-0.176
3.74195718765	0.016	-0.104	-0.176
3.74368810654	0.296	-0.16	0.648
3.74542498589	0.296	-0.16	0.648
3.74715399742	0.296	-0.16	0.648
3.74888396263	0.456	-0.236	1.516
3.75062012672	0.456	-0.236	1.516
3.75234913826	0.456	-0.236	1.516
3.75408005714	0.536	-0.312	2.044
3.75580906868	0.536	-0.312	2.044
3.75753712654	0.536	-0.312	2.044
3.75926613808	0.52	-0.308	2.044
3.76100301743	0.52	-0.308	2.044
3.76273608208	0.52	-0.308	2.044
3.76446509361	0.384	-0.248	2.044
3.76619410515	0.384	-0.248	2.044
3.76794219017	0.384	-0.248	2.044
3.76968216896	0.088	-0.168	2.044
3.77141213417	0.088	-0.168	2.044
3.77314019203	0.088	-0.168	2.044
3.77487015724	-0.228	-0.104	1.66
3.77660012245	-0.228	-0.104	1.66
3.77833104134	-0.228	-0.104	1.66
3.7800681591	-0.42	-0.024	0.736
3.78179812431	-0.42	-0.024	0.736
3.7835290432	-0.42	-0.024	0.736
3.78526115417	-0.52	0.048	-0.104
3.78699111938	-0.52	0.048	-0.104
3.78872203827	-0.52	0.048	-0.104
3.79047107697	-0.548	0.064	-0.7
3.79220199585	-0.548	0.064	-0.7
3.79393315315	-0.548	0.064	-0.7
3.79566311836	-0.48	0.04	-0.888
3.79739308357	-0.48	0.04	-0.888
3.79912304878	-0.48	0.04	-0.888
3.80086803436	-0.22	-0.036	-0.656
3.80259799957	-0.22	-0.036	-0.656
3.80433011055	0.092	-0.112	-0.02
3.80606007576	0.092	-0.112	-0.02
3.8077890873	0.092	-0.112	-0.02
3.80952715874	0.324	-0.188	0.824
3.81125712395	0.324	-0.188	0.824
3.81298518181	0.324	-0.188	0.824
3.81471610069	0.464	-0.26	1.724
3.81644916534	0.464	-0.26	1.724
3.8181810379	0.464	-0.26	1.724
3.8199160099	0.508	-0.304	2.044
3.82164502144	0.508	-0.304	2.044
3.82337498665	0.508	-0.304	2.044
3.82510614395	0.484	-0.308	2.044
3.82683515549	0.484	-0.308	2.044
3.8285651207	0.484	-0.308	2.044
3.83037209511	0.32	-0.248	2.044
3.83210515976	0.32	-0.248	2.044
3.83383798599	0.32	-0.248	2.044
3.8355691433	0.024	-0.164	2.044
3.83729696274	0.024	-0.164	2.044
3.83903717995	0.024	-0.164	2.044
3.84077596664	-0.26	-0.08	1.476
3.84250998497	-0.26	-0.08	1.476
3.8442440033	-0.26	-0.08	1.476
3.84597396851	-0.436	-0.016	0.552
3.84770417213	-0.436	-0.016	0.552
3.84944200516	-0.436	-0.016	0.552
3.85117506981	-0.52	0.068	-0.252
3.85290503502	-0.52	0.068	-0.252
3.85463619232	-0.52	0.068	-0.252
3.85636711121	-0.54	0.08	-0.768
3.85809803009	-0.54	0.08	-0.768
3.85983419418	-0.54	0.08	-0.768
3.86156511307	-0.432	0.028	-0.876
3.86329603195	-0.432	0.028	-0.876
3.86503005028	-0.432	0.028	-0.876
3.8667640686	-0.176	-0.048	-0.536
3.86849617958	-0.176	-0.048	-0.536
3.87023115158	-0.176	-0.048	-0.536
3.87196516991	0.136	-0.116	0.136
3.87369513512	0.136	-0.116	0.136
3.875426054	0.136	-0.116	0.136
3.87715411186	0.356	-0.188	1.028
3.8788831234	0.356	-0.188	1.028
3.88062000275	0.356	-0.188	1.028
3.88235211372	0.476	-0.28	1.888
3.88408112526	0.476	-0.28	1.888
3.88581204414	0.524	-0.308	2.044
3.88755106926	0.524	-0.308	2.044
3.88928198814	0.524	-0.308	2.044
3.8910150528	0.472	-0.292	2.044
3.89273715019	0.472	-0.292	2.044
3.89445900917	0.472	-0.292	2.044
3.8961930275	0.276	-0.228	2.044
3.89791917801	0.276	-0.228	2.044
3.89964604378	0.276	-0.228	2.044
3.90137910843	-0.048	-0.144	2.044
3.90311098099	-0.048	-0.144	2.044
3.90485596657	-0.048	-0.144	2.044
3.9065861702	-0.304	-0.084	1.3
3.90831613541	-0.304	-0.084	1.3
3.91006016731	-0.304	-0.084	1.3
3.91179013252	-0.464	0.008	0.356
3.91352200508	-0.464	0.008	0.356
3.91525101662	-0.464	0.008	0.356
3.91697907448	-0.56	0.068	-0.368
3.91870999336	-0.56	0.068	-0.368
3.92044615746	-0.56	0.068	-0.368
3.92217707634	-0.532	0.06	-0.824
3.92391109467	-0.532	0.06	-0.824
3.92564201355	-0.532	0.06	-0.824
3.92737102509	-0.404	0.008	-0.844
3.92910504341	-0.404	0.008	-0.844
3.9308450222	-0.404	0.008	-0.844
3.9325761795	-0.112	-0.06	-0.428
3.93430805206	-0.112	-0.06	-0.428
3.9360601902	-0.112	-0.06	-0.428
3.93779397011	0.196	-0.132	0.3
3.9395301342	0.196	-0.132	0.3
3.94126009941	0.196	-0.132	0.3
3.94298911095	0.412	-0.208	1.188
3.94473910332	0.412	-0.208	1.188
3.9464700222	0.412	-0.208	1.188
3.94819903374	0.508	-0.284	2.044
3.94993400574	0.508	-0.284	2.044
3.95166611671	0.508	-0.284	2.044
3.9533970356	0.528	-0.312	2.044
3.95512604713	0.528	-0.312	2.044
3.95685505867	0.528	-0.312	2.044
3.95858407021	0.448	-0.276	2.044
3.96031999588	0.448	-0.276	2.044
3.96205401421	0.448	-0.276	2.044
3.96378302574	0.208	-0.2	2.044
3.96551203728	0.208	-0.2	2.044
3.96724009514	0.208	-0.2	2.044
3.96897101402	-0.124	-0.128	1.988
3.97070407867	-0.124	-0.128	1.988
3.97243499756	-0.364	-0.064	1.108
3.97416496277	-0.364	-0.064	1.108
3.9758951664	-0.364	-0.064	1.108
3.97763204575	-0.5	0.016	0.2
3.97935819626	-0.5	0.016	0.2
3.98108816147	-0.5	0.016	0.2
3.98281216621	-0.552	0.064	-0.508
3.98455309868	-0.552	0.064	-0.508
3.98628401756	-0.552	0.064	-0.508
3.98801517487	-0.528	0.048	-0.876
3.98975110054	-0.528	0.048	-0.876
3.99148106575	-0.528	0.048	-0.876
3.99321699142	-0.344	-0.008	-0.792
3.99494814873	-0.344	-0.008	-0.792
3.99667906761	-0.344	-0.008	-0.792
3.99840807915	-0.036	-0.076	-0.316
4.00014019012	-0.036	-0.076	-0.316
4.00187206268	-0.036	-0.076	-0.316
4.00360202789	0.26	-0.152	0.468
4.00533509254	0.26	-0.152	0.468
4.00706315041	0.26	-0.152	0.468
4.00879597664	0.428	-0.224	1.38
4.01053500175	0.428	-0.224	1.38
4.01226496696	0.428	-0.224	1.38
4.0139939785	0.516	-0.288	2.044
4.01572203636	0.516	-0.288	2.044
4.01745319366	0.516	-0.288	2.044
4.01918315887	0.528	-0.308	2.044
4.02091908455	0.528	-0.308	2.044
4.02264809608	0.528	-0.308	2.044
4.02437901497	0.408	-0.272	2.044
4.02611112595	0.408	-0.272	2.044
4.02784013748	0.408	-0.272	2.044
4.02957510948	0.14	-0.188	2.044
4.03130912781	0.14	-0.188	2.044
4.03305912018	0.14	-0.188	2.044
4.03479003906	-0.184	-0.112	1.812
4.03652119637	-0.184	-0.112	1.812
4.03833413124	-0.184	-0.112	1.812
4.04008197784	-0.388	-0.056	0.916
4.04181599617	-0.388	-0.056	0.916
4.04354715347	-0.388	-0.056	0.916
4.04527807236	-0.508	0.036	0.032
4.04700708389	-0.508	0.036	0.032
4.04875016212	-0.54	0.076	-0.616
4.05048704147	-0.54	0.076	-0.616
4.05221796036	-0.54	0.076	-0.616
4.05394816399	-0.496	0.044	-0.884
4.0556781292	-0.496	0.044	-0.884
4.05741119385	-0.496	0.044	-0.884
4.05914616585	-0.296	-0.016	-0.728
4.0608830452	-0.296	-0.016	-0.728
4.06261515617	-0.296	-0.016	-0.728
4.06434702873	0.024	-0.1	-0.164
4.06607699394	0.024	-0.1	-0.164
4.06780695915	0.024	-0.1	-0.164
4.06954503059	0.284	-0.156	0.664
4.0712749958	0.284	-0.156	0.664
4.07301807404	0.284	-0.156	0.664
4.07474803925	0.448	-0.248	1.56
4.07647800446	0.448	-0.248	1.56
4.07820701599	0.448	-0.248	1.56
4.07995605469	0.52	-0.3	2.044
4.08169603348	0.52	-0.3	2.044
4.08342599869	0.52	-0.3	2.044
4.08515810966	0.512	-0.3	2.044
4.08688807487	0.512	-0.3	2.044
4.08862018585	0.512	-0.3	2.044
4.09035396576	0.364	-0.248	2.044
4.09207701683	0.364	-0.248	2.044
4.09379816055	0.364	-0.248	2.044
4.09551906586	0.084	-0.18	2.044
4.0972430706	0.084	-0.18	2.044
4.098965168	0.084	-0.18	2.044
4.10070014	-0.224	-0.092	1.636
4.10243701935	-0.224	-0.092	1.636
4.10416913033	-0.224	-0.092	1.636
4.10590314865	-0.412	-0.016	0.716
4.10763502121	-0.412	-0.016	0.716
4.10936498642	-0.412	-0.016	0.716
4.11110210419	-0.54	0.056	-0.128
4.11283707619	-0.54	0.056	-0.128
4.11456799507	-0.54	0.056	-0.128
4.11629915237	-0.56	0.068	-0.7
4.11802816391	-0.56	0.068	-0.7
4.11976504326	-0.56	0.068	-0.7
4.12149810791	-0.472	0.04	-0.896
4.12322902679	-0.472	0.04	-0.896
4.12495803833	-0.472	0.04	-0.896
4.12668919563	-0.248	-0.036	-0.656
4.12842011452	-0.248	-0.036	-0.656
4.13016796112	-0.248	-0.036	-0.656
4.1319000721	0.084	-0.108	-0.008
4.13363099098	0.084	-0.108	-0.008
4.13536119461	0.332	-0.18	0.844
4.13709306717	0.332	-0.18	0.844
4.13882613182	0.332	-0.18	0.844
4.14056301117	0.476	-0.264	1.732
4.14229297638	0.476	-0.264	1.732
4.14402198792	0.476	-0.264	1.732
4.14575219154	0.544	-0.332	2.044
4.14748215675	0.544	-0.332	2.044
4.14921116829	0.544	-0.332	2.044
4.15095019341	0.5	-0.292	2.044
4.1526761055	0.5	-0.292	2.044
4.15440416336	0.5	-0.292	2.044
4.1561319828	0.32	-0.24	2.044
4.15786218643	0.32	-0.24	2.044
4.15959715843	0.32	-0.24	2.044
4.16132903099	0.016	-0.152	2.044
4.1630589962	0.016	-0.152	2.044
4.16478800774	0.016	-0.152	2.044
4.16652202606	-0.272	-0.076	1.444
4.16825413704	-0.272	-0.076	1.444
4.16999411583	-0.272	-0.076	1.444
4.17172598839	-0.456	-0.012	0.548
4.17345619202	-0.456	-0.012	0.548
4.17518615723	-0.456	-0.012	0.548
4.17692804337	-0.556	0.056	-0.268
4.17866802216	-0.556	0.056	-0.268
4.1804060936	-0.556	0.056	-0.268
4.18213701248	-0.556	0.08	-0.78
4.18386697769	-0.556	0.08	-0.78
4.18560004234	-0.556	0.08	-0.78
4.18733000755	-0.436	0.024	-0.876
4.18905901909	-0.436	0.024	-0.876
4.1907980442	-0.436	0.024	-0.876
4.19253611565	-0.152	-0.04	-0.544
4.1942679882	-0.152	-0.04	-0.544
4.19599914551	-0.152	-0.04	-0.544
4.19773006439	0.152	-0.124	0.16
4.19945716858	0.152	-0.124	0.16
4.20126199722	0.152	-0.124	0.16
4.20299315453	0.388	-0.204	1.02
4.20472097397	0.388	-0.204	1.02
4.2064499855	0.388	-0.204	1.02
4.20817899704	0.492	-0.276	1.912
4.20991516113	0.492	-0.276	1.912
4.21164608002	0.492	-0.276	1.912
4.21337604523	0.528	-0.3	2.044
4.21510505676	0.528	-0.3	2.044
4.21683597565	0.444	-0.284	2.044
4.21856617928	0.444	-0.284	2.044
4.22032403946	0.444	-0.284	2.044
4.22205495834	0.26	-0.228	2.044
4.22378516197	0.26	-0.228	2.044
4.22551608086	0.26	-0.228	2.044
4.22727108002	-0.072	-0.152	2.044
4.22900319099	-0.072	-0.152	2.044
4.23073506355	-0.072	-0.152	2.044
4.23246598244	-0.32	-0.084	1.276
4.23419809341	-0.32	-0.084	1.276
4.2359290123	-0.32	-0.084	1.276
4.23765897751	-0.476	0.004	0.388
4.23938798904	-0.476	0.004	0.388
4.24112606049	-0.476	0.004	0.388
4.24285507202	-0.544	0.08	-0.396
4.24458503723	-0.544	0.08	-0.396
4.24632000923	-0.544	0.08	-0.396
4.24805116653	-0.512	0.06	-0.828
4.24978899956	-0.512	0.06	-0.828
4.25152111053	-0.512	0.06	-0.828
4.25325107574	-0.388	-0.004	-0.836
4.25498199463	-0.388	-0.004	-0.836
4.25671315193	-0.388	-0.004	-0.836
4.25844502449	-0.1	-0.044	-0.428
4.26018214226	-0.1	-0.044	-0.428
4.26191306114	-0.1	-0.044	-0.428
4.26364517212	0.208	-0.128	0.32
4.26537704468	0.208	-0.128	0.32
4.26710700989	0.208	-0.128	0.32
4.26883506775	0.396	-0.208	1.22
4.27057218552	0.396	-0.208	1.22
4.27230215073	0.396	-0.208	1.22
4.27403497696	0.5	-0.292	2.044
4.27577018738	0.5	-0.292	2.044
4.27749800682	0.5	-0.292	2.044
4.27922511101	0.512	-0.308	2.044
4.28095817566	0.512	-0.308	2.044
4.28268814087	0.512	-0.308	2.044
4.2844171524	0.436	-0.276	2.044
4.28614711761	0.436	-0.276	2.044
4.28787612915	0.436	-0.276	2.044
4.28961801529	0.2	-0.212	2.044
4.29134011269	0.2	-0.212	2.044
4.29306101799	0.2	-0.212	2.044
4.29478311539	-0.124	-0.136	1.968
4.29651618004	-0.124	-0.136	1.968
4.29824113846	-0.124	-0.136	1.968
4.29997396469	-0.36	-0.064	1.088
4.30171012878	-0.36	-0.064	1.088
4.30344104767	-0.492	0.024	0.188
4.30517196655	-0.492	0.024	0.188
4.30690097809	-0.492	0.024	0.188
4.30862903595	-0.552	0.064	-0.532
4.31036710739	-0.552	0.064	-0.532
4.31210899353	-0.552	0.064	-0.532
4.31384110451	-0.516	0.052	-0.864
4.31557202339	-0.516	0.052	-0.864
4.3173019886	-0.516	0.052	-0.864
4.31903100014	-0.344	-0.004	-0.792
4.32078313828	-0.344	-0.004	-0.792
4.32251596451	-0.344	-0.004	-0.792
4.32425713539	-0.048	-0.088	-0.292
4.3259871006	-0.048	-0.088	-0.292
4.32772111893	-0.048	-0.088	-0.292
4.32945513725	0.252	-0.148	0.484
4.33121800423	0.252	-0.148	0.484
4.33294796944	0.252	-0.148	0.484
4.33467698097	0.424	-0.24	1.384
4.33640599251	0.424	-0.24	1.384
4.33813619614	0.424	-0.24	1.384
4.33987307549	0.508	-0.296	2.044
4.34160208702	0.508	-0.296	2.044
4.34333109856	0.508	-0.296	2.044
4.34507417679	0.552	-0.324	2.044
4.346804142	0.552	-0.324	2.044
4.34853315353	0.552	-0.324	2.044
4.35029697418	0.408	-0.256	2.044
4.35202598572	0.408	-0.256	2.044
4.35376119614	0.408	-0.256	2.044
4.35549116135	0.152	-0.188	2.044
4.35722017288	0.152	-0.188	2.044
4.35894918442	0.152	-0.188	2.044
4.36068606377	-0.168	-0.12	1.796
4.36241912842	-0.168	-0.12	1.796
4.3641500473	-0.168	-0.12	1.796
4.36588001251	-0.404	-0.028	0.908
4.36760997772	-0.404	-0.028	0.908
4.36934304237	-0.404	-0.028	0.908
4.37108016014	-0.524	0.04	0.024
4.37281918526	-0.524	0.04	0.024
4.37454795837	-0.524	0.04	0.024
4.376278162	-0.56	0.064	-0.62
4.37800908089	-0.56	0.064	-0.62
4.37974500656	-0.56	0.064	-0.62
4.38147807121	-0.512	0.048	-0.884
4.38320803642	-0.512	0.048	-0.884
4.38495111465	-0.288	-0.016	-0.724
4.38668298721	-0.288	-0.016	-0.724
4.38841319084	-0.288	-0.016	-0.724
4.39015007019	0.028	-0.108	-0.152
4.3918800354	0.028	-0.108	-0.152
4.39361310005	0.028	-0.108	-0.152
4.39534401894	0.308	-0.176	0.672
4.39707303047	0.308	-0.176	0.672
4.39880204201	0.308	-0.176	0.672
4.40054011345	0.468	-0.24	1.572
4.40227103233	0.468	-0.24	1.572
4.40400004387	0.468	-0.24	1.572
4.40572810173	0.532	-0.312	2.044
4.40746116638	0.532	-0.312	2.044
4.40919399261	0.532	-0.312	2.044
4.41092705727	0.508	-0.296	2.044
4.41265416145	0.508	-0.296	2.044
4.41438412666	0.508	-0.296	2.044
4.41612505913	0.368	-0.252	2.044
4.41785502434	0.368	-0.252	2.044
4.41959118843	0.368	-0.252	2.044
4.42132997513	0.08	-0.176	2.044
4.42306113243	0.08	-0.176	2.044
4.42480897903	0.08	-0.176	2.044
4.42653918266	-0.236	-0.104	1.62
4.42826914787	-0.236	-0.104	1.62
4.43000602722	-0.236	-0.104	1.62
4.43173718452	-0.424	-0.028	0.7
4.43346714973	-0.424	-0.028	0.7
4.43520116806	-0.424	-0.028	0.7
4.43693113327	-0.536	0.044	-0.12
4.43866109848	-0.536	0.044	-0.12
4.44039916992	-0.536	0.044	-0.12
4.44213008881	-0.56	0.064	-0.716
4.44386005402	-0.56	0.064	-0.716
4.44559001923	-0.56	0.064	-0.716
4.44731903076	-0.468	0.04	-0.884
4.44905114174	-0.468	0.04	-0.884
4.45078802109	-0.468	0.04	-0.884
4.4525179863	-0.22	-0.048	-0.636
4.4542491436	-0.22	-0.048	-0.636
4.45598006248	-0.22	-0.048	-0.636
4.45773100853	0.1	-0.112	-0.008
4.45946002007	0.1	-0.112	-0.008
4.46122312546	0.1	-0.112	-0.008
4.46294617653	0.336	-0.184	0.856
4.46466803551	0.336	-0.184	0.856
4.4663901329	0.336	-0.184	0.856
4.46811103821	0.472	-0.264	1.744
4.46985507011	0.472	-0.264	1.744
4.47158908844	0.52	-0.316	2.044
4.473320961	0.52	-0.316	2.044
4.47505116463	0.52	-0.316	2.044
4.47678112984	0.468	-0.292	2.044
4.47851109505	0.468	-0.292	2.044
4.48027205467	0.468	-0.292	2.044
4.48200297356	0.308	-0.248	2.044
4.48373198509	0.308	-0.248	2.044
4.48546099663	0.308	-0.248	2.044
4.48719000816	0.004	-0.156	2.044
4.48893713951	0.004	-0.156	2.044
4.49066996574	0.004	-0.156	2.044
4.49239206314	-0.272	-0.088	1.448
4.49411606789	-0.272	-0.088	1.448
4.49583816528	-0.272	-0.088	1.448
4.4975631237	-0.452	-0.02	0.532
4.49928617477	-0.452	-0.02	0.532
4.50102710724	-0.452	-0.02	0.532
4.50276112556	-0.532	0.056	-0.248
4.50449204445	-0.532	0.056	-0.248
4.50622415543	-0.532	0.056	-0.248
4.50795316696	-0.548	0.072	-0.768
4.50968909264	-0.548	0.072	-0.768
4.51141905785	-0.548	0.072	-0.768
4.51315116882	-0.428	0.024	-0.876
4.51488518715	-0.428	0.024	-0.876
4.51661610603	-0.428	0.024	-0.876
4.51835608482	-0.172	-0.052	-0.536
4.52008914948	-0.172	-0.052	-0.536
4.52182102203	-0.172	-0.052	-0.536
4.52355217934	0.156	-0.128	0.164
4.52528119087	0.156	-0.128	0.164
4.52700901031	0.156	-0.128	0.164
4.52873802185	0.364	-0.192	1.04
4.53047418594	0.364	-0.192	1.04
4.53220295906	0.364	-0.192	1.04
4.5339319706	0.484	-0.284	1.92
4.53566002846	0.484	-0.284	1.92
4.53739213943	0.484	-0.284	1.92
4.53912115097	0.524	-0.304	2.044
4.54085707664	0.524	-0.304	2.044
4.54260110855	0.524	-0.304	2.044
4.54433202744	0.472	-0.292	2.044
4.54606199265	0.472	-0.292	2.044
4.54779219627	0.472	-0.292	2.044
4.54952716827	0.276	-0.22	2.044
4.55125617981	0.276	-0.22	2.044
4.55307102203	-0.048	-0.152	2.044
4.55480504036	-0.048	-0.152	2.044
4.55653715134	-0.048	-0.152	2.044
4.55826807022	-0.316	-0.072	1.264
4.56001710892	-0.316	-0.072	1.264
4.56174898148	-0.316	-0.072	1.264
4.56348109245	-0.484	0.004	0.356
4.56521010399	-0.484	0.004	0.356
4.56694817543	-0.484	0.004	0.356
4.56868100166	-0.556	0.076	-0.4
4.57042098045	-0.556	0.076	-0.4
4.57215118408	-0.556	0.076	-0.4
4.57388210297	-0.54	0.052	-0.828
4.57561206818	-0.54	0.052	-0.828
4.57734417915	-0.54	0.052	-0.828
4.57907509804	-0.412	-0.004	-0.836
4.58081197739	-0.412	-0.004	-0.836
4.58254408836	-0.412	-0.004	-0.836
4.5842871666	-0.116	-0.064	-0.416
4.58601999283	-0.116	-0.064	-0.416
4.58775210381	-0.116	-0.064	-0.416
4.58948898315	0.208	-0.14	0.324
4.59121799469	0.208	-0.14	0.324
4.59296107292	0.208	-0.14	0.324
4.59469008446	0.396	-0.216	1.224
4.59642219543	0.396	-0.216	1.224
4.59815311432	0.396	-0.216	1.224
4.59988903999	0.512	-0.284	2.044
4.60162210464	0.512	-0.284	2.044
4.60335111618	0.512	-0.284	2.044
4.60508203506	0.54	-0.3	2.044
4.6068110466	0.54	-0.3	2.044
4.60854005814	0.54	-0.3	2.044
4.61034297943	0.456	-0.28	2.044
4.61207509041	0.456	-0.28	2.044
4.61380505562	0.456	-0.28	2.044
4.61554408073	0.216	-0.24	2.044
4.61727619171	0.216	-0.24	2.044
4.61900615692	0.216	-0.24	2.044
4.62074303627	-0.112	-0.144	1.972
4.62247800827	-0.112	-0.144	1.972
4.62421107292	-0.112	-0.144	1.972
4.62594199181	-0.364	-0.076	1.088
4.62767314911	-0.364	-0.076	1.088
4.62940311432	-0.504	0.02	0.18
4.63113903999	-0.504	0.02	0.18
4.63287305832	-0.504	0.02	0.18
4.6346051693	-0.564	0.076	-0.524
4.63633513451	-0.564	0.076	-0.524
4.63806509972	-0.564	0.076	-0.524
4.63980197906	-0.524	0.04	-0.868
4.64153814316	-0.524	0.04	-0.868
4.64326906204	-0.524	0.04	-0.868
4.64499902725	-0.344	0.004	-0.784
4.64672899246	-0.344	0.004	-0.784
4.64846014977	-0.344	0.004	-0.784
4.6502020359	-0.028	-0.06	-0.316
4.65193414688	-0.028	-0.06	-0.316
4.65366506577	-0.028	-0.06	-0.316
4.65539503098	0.264	-0.152	0.496
4.65712499619	0.264	-0.152	0.496
4.65885400772	0.264	-0.152	0.496
4.66058897972	0.428	-0.232	1.404
4.66232013702	0.428	-0.232	1.404
4.66406106949	0.428	-0.232	1.404
4.66579318047	0.52	-0.288	2.044
4.667522192	0.52	-0.288	2.044
4.66925096512	0.52	-0.288	2.044
4.67098712921	0.516	-0.316	2.044
4.67271709442	0.516	-0.316	2.044
4.67444801331	0.516	-0.316	2.044
4.67618012428	0.388	-0.256	2.044
4.67791008949	0.388	-0.256	2.044
4.67964696884	0.388	-0.256	2.044
4.68138003349	0.132	-0.192	2.044
4.6831099987	0.132	-0.192	2.044
4.68483901024	0.132	-0.192	2.044
4.68656802177	-0.188	-0.108	1.824
4.68829917908	-0.188	-0.108	1.824
4.69003605843	-0.188	-0.108	1.824
4.6917591095	-0.392	-0.048	0.896
4.69348096848	-0.392	-0.048	0.896
4.69520306587	-0.392	-0.048	0.896
4.69694113731	-0.512	0.028	0.024
4.69866299629	-0.512	0.028	0.024
4.70039415359	-0.512	0.028	0.024
4.70212817192	-0.54	0.06	-0.612
4.70386219025	-0.54	0.06	-0.612
4.70559310913	-0.54	0.06	-0.612
4.70732402802	-0.488	0.04	-0.888
4.70905303955	-0.488	0.04	-0.888
4.71079015732	-0.488	0.04	-0.888
4.71253013611	-0.28	-0.012	-0.712
4.71426415443	-0.28	-0.012	-0.712
4.71599507332	0.024	-0.096	-0.152
4.71772408485	0.024	-0.096	-0.152
4.71945500374	0.024	-0.096	-0.152
4.72121405602	0.312	-0.168	0.672
4.72294402122	0.312	-0.168	0.672
4.72467303276	0.312	-0.168	0.672
4.72640299797	0.432	-0.236	1.568
4.72813200951	0.432	-0.236	1.568
4.72988605499	0.432	-0.236	1.568
4.73161697388	0.52	-0.308	2.044
4.73334598541	0.52	-0.308	2.044
4.73507499695	0.52	-0.308	2.044
4.73681998253	0.508	-0.296	2.044
4.73854899406	0.508	-0.296	2.044
4.74031019211	0.508	-0.296	2.044
4.74204015732	0.36	-0.244	2.044
4.7437710762	0.36	-0.244	2.044
4.74550318718	0.36	-0.244	2.044
4.74723315239	0.096	-0.192	2.044
4.74896216393	0.096	-0.192	2.044
4.75069713593	0.096	-0.192	2.044
4.75242614746	-0.22	-0.1	1.636
4.75415897369	-0.22	-0.1	1.636
4.75588917732	-0.22	-0.1	1.636
4.75762200356	-0.412	-0.012	0.704
4.75935196877	-0.412	-0.012	0.704
4.76111316681	-0.412	-0.012	0.704
4.76284599304	-0.512	0.048	-0.112
4.76457619667	-0.512	0.048	-0.112
4.76630616188	-0.512	0.048	-0.112
4.76805114746	-0.556	0.064	-0.712
4.76979017258	-0.556	0.064	-0.712
4.77152109146	-0.556	0.064	-0.712
4.77325105667	-0.464	0.036	-0.88
4.77498006821	-0.464	0.036	-0.88
4.77671217918	-0.464	0.036	-0.88
4.77844309807	-0.256	-0.032	-0.652
4.78018116951	-0.256	-0.032	-0.652
4.78191304207	-0.256	-0.032	-0.652
4.78364801407	0.088	-0.116	0.0
4.78537106514	0.088	-0.116	0.0
4.78709316254	0.088	-0.116	0.0
4.78881406784	0.348	-0.184	0.86
4.79054903984	0.348	-0.184	0.86
4.79229211807	0.348	-0.184	0.86
4.79402303696	0.48	-0.264	1.752
4.79575300217	0.48	-0.264	1.752
4.79748106003	0.544	-0.312	2.044
4.79921007156	0.544	-0.312	2.044
4.80095505714	0.544	-0.312	2.044
4.80268406868	0.496	-0.296	2.044
4.80441308022	0.496	-0.296	2.044
4.80614209175	0.496	-0.296	2.044
4.80787014961	0.316	-0.22	2.044
4.80962705612	0.316	-0.22	2.044
4.81136202812	0.316	-0.22	2.044
4.81309199333	0.016	-0.176	2.044
4.81482100487	0.016	-0.176	2.044
4.8165500164	0.016	-0.176	2.044
4.81827998161	-0.28	-0.084	1.452
4.82001614571	-0.28	-0.084	1.452
4.82174706459	-0.28	-0.084	1.452
4.8234770298	-0.468	-0.016	0.54
4.82520914078	-0.468	-0.016	0.54
4.82694005966	-0.468	-0.016	0.54
4.8286690712	-0.56	0.064	-0.284
4.83040499687	-0.56	0.064	-0.284
4.83213496208	-0.56	0.064	-0.284
4.83386611938	-0.56	0.068	-0.792
4.83559513092	-0.56	0.068	-0.792
4.83732914925	-0.56	0.068	-0.792
4.83905911446	-0.432	0.012	-0.872
4.8407971859	-0.432	0.012	-0.872
4.84253001213	-0.432	0.012	-0.872
4.84426116943	-0.164	-0.052	-0.532
4.84599208832	-0.164	-0.052	-0.532
4.84772205353	-0.164	-0.052	-0.532
4.84945297241	0.156	-0.116	0.136
4.85125613213	0.156	-0.116	0.136
4.85298705101	0.156	-0.116	0.136
4.85471510887	0.384	-0.204	1.048
4.85644602776	0.384	-0.204	1.048
4.85818696022	0.384	-0.204	1.048
4.85992312431	0.5	-0.276	1.916
4.86164903641	0.5	-0.276	1.916
4.86337399483	0.5	-0.276	1.916
4.86510515213	0.54	-0.312	2.044
4.86683607101	0.54	-0.312	2.044
4.86856603622	0.54	-0.312	2.044
4.87034916878	0.472	-0.284	2.044
4.8720870018	0.472	-0.284	2.044
4.87381911278	0.472	-0.284	2.044
4.87554812431	0.26	-0.228	2.044
4.87727808952	0.26	-0.228	2.044
4.87900710106	-0.068	-0.148	2.044
4.8807451725	-0.068	-0.148	2.044
4.88247609138	-0.068	-0.148	2.044
4.88420701027	-0.328	-0.08	1.272
4.88593697548	-0.328	-0.08	1.272
4.88766717911	-0.328	-0.08	1.272
4.88940000534	-0.476	0.0	0.34
4.89112997055	-0.476	0.0	0.34
4.89284396172	-0.476	0.0	0.34
4.8945581913	-0.548	0.056	-0.4
4.89628219604	-0.548	0.056	-0.4
4.89800596237	-0.548	0.056	-0.4
4.89973211288	-0.536	0.064	-0.832
4.90146517754	-0.536	0.064	-0.832
4.90319609642	-0.536	0.064	-0.832
4.90492796898	-0.392	0.004	-0.84
4.90666913986	-0.392	0.004	-0.84
4.90840005875	-0.392	0.004	-0.84
4.91013598442	-0.104	-0.06	-0.424
4.91186714172	-0.104	-0.06	-0.424
4.91359996796	-0.104	-0.06	-0.424
4.91533112526	0.208	-0.128	0.324
4.9170601368	0.208	-0.128	0.324
4.91879200935	0.208	-0.128	0.324
4.92052912712	0.424	-0.2	1.212
4.92226004601	0.424	-0.2	1.212
4.92399001122	0.424	-0.2	1.212
4.92571902275	0.48	-0.288	2.044
4.92744803429	0.48	-0.288	2.044
4.92917919159	0.48	-0.288	2.044
4.93091607094	0.516	-0.308	2.044
4.93264508247	0.516	-0.308	2.044
4.93437504768	0.516	-0.308	2.044
4.93610501289	0.436	-0.28	2.044
4.93783712387	0.436	-0.28	2.044
4.93957304955	0.436	-0.28	2.044
4.94130206108	0.196	-0.208	2.044
4.94303107262	0.196	-0.208	2.044
4.94476413727	0.196	-0.208	2.044
4.94649505615	-0.108	-0.148	1.956
4.94822597504	-0.108	-0.148	1.956
4.9499630928	-0.108	-0.148	1.956
4.95169305801	-0.36	-0.052	1.08
4.95342707634	-0.36	-0.052	1.08
4.9551680088	-0.36	-0.052	1.08
4.95689797401	-0.496	0.032	0.192
4.95862603188	-0.496	0.032	0.192
4.96036314964	-0.496	0.032	0.192
4.96209311485	-0.544	0.076	-0.516
4.96382308006	-0.544	0.076	-0.516
4.9655520916	-0.524	0.056	-0.868
4.96728110313	-0.524	0.056	-0.868
4.96902608871	-0.524	0.056	-0.868
4.97075796127	-0.34	-0.004	-0.792
4.97249317169	-0.34	-0.004	-0.792
4.9742231369	-0.34	-0.004	-0.792
4.97595405579	-0.048	-0.076	-0.28
4.97768616676	-0.048	-0.076	-0.28
4.97941708565	-0.048	-0.076	-0.28
4.981153965	0.248	-0.16	0.496
4.98288202286	0.248	-0.16	0.496
4.98461103439	0.248	-0.16	0.496
4.98634004593	0.42	-0.232	1.4
4.98806905746	0.42	-0.232	1.4
4.98980498314	0.42	-0.232	1.4
4.99153399467	0.524	-0.328	2.044
4.99326395988	0.524	-0.328	2.044
4.99499416351	0.524	-0.328	2.044
4.99672198296	0.524	-0.32	2.044
4.99845314026	0.524	-0.32	2.044
