Timestamp 	 X-Axis 	 Y-Axis 	 Z-Axis
0.000312089920044	0.004	-0.184	-0.772
0.00413298606873	0.084	-0.188	-0.736
0.00777101516724	0.152	-0.176	-0.7
0.0113990306854	0.152	-0.176	-0.7
0.0150260925293	0.232	-0.168	-0.632
0.0186750888824	0.312	-0.156	-0.544
0.0223340988159	0.392	-0.152	-0.448
0.0259790420532	0.392	-0.152	-0.448
0.0296111106873	0.452	-0.148	-0.324
0.0332520008087	0.5	-0.148	-0.188
0.0368790626526	0.5	-0.148	-0.188
0.0405030250549	0.552	-0.148	-0.048
0.0441300868988	0.592	-0.136	0.104
0.0477569103241	0.64	-0.14	0.264
0.0514030456543	0.64	-0.14	0.264
0.0550410747528	0.676	-0.124	0.436
0.0586779117584	0.704	-0.132	0.624
0.0623199939728	0.704	-0.132	0.624
0.0659530162811	0.72	-0.128	0.796
0.0695869922638	0.72	-0.116	0.988
0.0732269287109	0.732	-0.1	1.168
0.0768620967865	0.732	-0.1	1.168
0.0804951190948	0.756	-0.1	1.348
0.084135055542	0.708	-0.084	1.548
0.0877690315247	0.708	-0.084	1.548
0.0914030075073	0.676	-0.076	1.724
0.0950510501862	0.636	-0.056	1.884
0.0986850261688	0.604	-0.056	2.044
0.102337121964	0.604	-0.056	2.044
0.105976104736	0.54	-0.04	2.044
0.109616041183	0.48	-0.036	2.044
0.113256931305	0.48	-0.036	2.044
0.116891145706	0.42	-0.028	2.044
0.120526075363	0.376	-0.036	2.044
0.124165058136	0.296	-0.04	2.044
0.127798080444	0.296	-0.04	2.044
0.13143491745	0.228	-0.04	2.044
0.135072946548	0.16	-0.04	2.044
0.138710021973	0.16	-0.04	2.044
0.142349004745	0.076	-0.048	2.044
0.145982027054	-0.016	-0.06	2.044
0.149616003036	-0.096	-0.1	2.044
0.153254985809	-0.096	-0.1	2.044
0.156888961792	-0.176	-0.072	2.044
0.160522937775	-0.26	-0.08	2.044
0.164180040359	-0.26	-0.08	2.044
0.167814016342	-0.328	-0.088	2.044
0.171462059021	-0.392	-0.104	2.044
0.175101995468	-0.464	-0.108	2.044
0.178736925125	-0.464	-0.108	2.044
0.182377099991	-0.508	-0.1	2.044
0.186011075974	-0.56	-0.084	2.04
0.189645051956	-0.56	-0.084	2.04
0.193287134171	-0.608	-0.12	1.892
0.196921110153	-0.652	-0.124	1.72
0.200555086136	-0.708	-0.112	1.544
0.204204082489	-0.708	-0.112	1.544
0.207839012146	-0.736	-0.116	1.368
0.211473941803	-0.752	-0.12	1.176
0.215125083923	-0.752	-0.12	1.176
0.218771934509	-0.764	-0.132	0.992
0.222418069839	-0.76	-0.14	0.816
0.226052045822	-0.744	-0.148	0.612
0.229686021805	-0.744	-0.148	0.612
0.233325004578	-0.72	-0.16	0.436
0.236961126328	-0.704	-0.16	0.244
0.24059510231	-0.704	-0.16	0.244
0.244235992432	-0.676	-0.172	0.08
0.247863054276	-0.636	-0.176	-0.072
0.251491069794	-0.6	-0.192	-0.22
0.255123138428	-0.6	-0.192	-0.22
0.25875210762	-0.548	-0.184	-0.356
0.262390136719	-0.488	-0.208	-0.46
0.266046047211	-0.488	-0.208	-0.46
0.269684076309	-0.424	-0.208	-0.568
0.273325920105	-0.344	-0.212	-0.648
0.276966094971	-0.276	-0.2	-0.72
0.280601024628	-0.276	-0.2	-0.72
0.284241914749	-0.184	-0.212	-0.74
0.287878036499	-0.116	-0.204	-0.772
0.291512966156	-0.116	-0.204	-0.772
0.295153141022	-0.04	-0.188	-0.772
0.298788070679	0.052	-0.18	-0.768
0.302428007126	0.124	-0.188	-0.712
0.306071996689	0.124	-0.188	-0.712
0.309705972672	0.192	-0.188	-0.656
0.313346147537	0.284	-0.176	-0.572
0.31698012352	0.284	-0.176	-0.572
0.320614099503	0.352	-0.156	-0.488
0.324268102646	0.42	-0.16	-0.392
0.327903032303	0.472	-0.152	-0.26
0.331546068192	0.472	-0.152	-0.26
0.335185050964	0.54	-0.144	-0.124
0.338823080063	0.596	-0.148	0.024
0.342461109161	0.596	-0.148	0.024
0.346092939377	0.624	-0.14	0.18
0.349725961685	0.648	-0.12	0.352
0.353363990784	0.692	-0.124	0.536
0.356997966766	0.692	-0.124	0.536
0.360630989075	0.72	-0.12	0.72
0.364269971848	0.72	-0.128	0.9
0.367902040482	0.72	-0.128	0.9
0.371534109116	0.716	-0.108	1.084
0.375172138214	0.732	-0.1	1.276
0.378808021545	0.732	-0.104	1.46
0.382446050644	0.732	-0.104	1.46
0.386080026627	0.688	-0.096	1.648
0.389720916748	0.66	-0.064	1.804
0.393361091614	0.66	-0.064	1.804
0.396995067596	0.632	-0.056	1.968
0.400628089905	0.58	-0.056	2.044
0.404267072678	0.512	-0.04	2.044
0.407910108566	0.512	-0.04	2.044
0.411543130875	0.448	-0.032	2.044
0.41517996788	0.408	-0.044	2.044
0.418815135956	0.408	-0.044	2.044
0.422454118729	0.328	-0.028	2.044
0.426087141037	0.256	-0.032	2.044
0.429719924927	0.184	-0.044	2.044
0.433357000351	0.184	-0.044	2.044
0.436990976334	0.128	-0.052	2.044
0.440623998642	0.02	-0.044	2.044
0.444267034531	0.02	-0.044	2.044
0.447901010513	-0.072	-0.06	2.044
0.451534986496	-0.152	-0.072	2.044
0.455169916153	-0.232	-0.068	2.044
0.458802938461	-0.232	-0.068	2.044
0.46244597435	-0.308	-0.072	2.044
0.466078996658	-0.372	-0.096	2.044
0.469712972641	-0.372	-0.096	2.044
0.47335100174	-0.432	-0.108	2.044
0.476985931396	-0.508	-0.096	2.044
0.480620145798	-0.544	-0.108	2.044
0.484260082245	-0.544	-0.108	2.044
0.487895011902	-0.596	-0.116	1.972
0.491528987885	-0.628	-0.12	1.788
0.495165109634	-0.628	-0.12	1.788
0.49879193306	-0.688	-0.108	1.632
0.502426147461	-0.72	-0.116	1.444
0.506062984467	-0.74	-0.136	1.268
0.50970697403	-0.74	-0.136	1.268
0.513346910477	-0.744	-0.128	1.068
0.516979932785	-0.768	-0.132	0.88
0.520612955093	-0.768	-0.132	0.88
0.524253129959	-0.756	-0.148	0.692
0.527888059616	-0.756	-0.148	0.508
0.531522035599	-0.724	-0.152	0.332
0.535156965256	-0.724	-0.152	0.332
0.538794994354	-0.688	-0.168	0.156
0.542437076569	-0.66	-0.18	-0.008
0.546072006226	-0.66	-0.18	-0.008
0.54970908165	-0.628	-0.192	-0.148
0.553349018097	-0.572	-0.192	-0.288
0.55699300766	-0.516	-0.204	-0.416
0.560626983643	-0.516	-0.204	-0.416
0.56426692009	-0.436	-0.216	-0.52
0.567902088165	-0.376	-0.212	-0.608
0.571537017822	-0.376	-0.212	-0.608
0.575176954269	-0.312	-0.208	-0.68
0.578812122345	-0.224	-0.2	-0.728
0.582452058792	-0.136	-0.2	-0.776
0.586086988449	-0.136	-0.2	-0.776
0.589720964432	-0.068	-0.196	-0.772
0.593361139297	0.008	-0.188	-0.76
0.596992015839	0.008	-0.188	-0.76
0.600624084473	0.1	-0.18	-0.74
0.60426402092	0.168	-0.176	-0.688
0.607897996902	0.232	-0.172	-0.628
0.611541986465	0.232	-0.172	-0.628
0.615185022354	0.316	-0.148	-0.532
0.618818998337	0.376	-0.168	-0.44
0.622458934784	0.376	-0.168	-0.44
0.626092910767	0.448	-0.16	-0.312
0.629727125168	0.52	-0.144	-0.18
0.633368968964	0.568	-0.148	-0.032
0.637001991272	0.568	-0.148	-0.032
0.64063501358	0.62	-0.144	0.132
0.644274950027	0.648	-0.136	0.284
0.647907018661	0.648	-0.136	0.284
0.65154004097	0.676	-0.128	0.46
0.655177116394	0.716	-0.128	0.632
0.658810138702	0.72	-0.132	0.824
0.662447929382	0.72	-0.132	0.824
0.666080951691	0.716	-0.124	1.02
0.669718980789	0.72	-0.1	1.208
0.673358917236	0.72	-0.1	1.208
0.676993131638	0.74	-0.104	1.376
0.680624961853	0.712	-0.088	1.572
0.684262990952	0.668	-0.072	1.748
0.68789601326	0.668	-0.072	1.748
0.691528081894	0.624	-0.044	1.916
0.695166110992	0.612	-0.052	2.044
0.698800086975	0.612	-0.052	2.044
0.702439069748	0.528	-0.044	2.044
0.706072092056	0.484	-0.036	2.044
0.709705114365	0.408	-0.024	2.044
0.713355064392	0.408	-0.024	2.044
0.7169880867	0.36	-0.032	2.044
0.720621109009	0.276	-0.036	2.044
0.724259138107	0.276	-0.036	2.044
0.727895021439	0.216	-0.032	2.044
0.731528997421	0.144	-0.044	2.044
0.73517203331	0.06	-0.048	2.044
0.738809108734	0.06	-0.048	2.044
0.742447137833	-0.032	-0.048	2.044
0.746074914932	-0.108	-0.068	2.044
0.749701976776	-0.108	-0.068	2.044
0.753330945969	-0.188	-0.08	2.044
0.756966114044	-0.268	-0.076	2.044
0.760599136353	-0.344	-0.088	2.044
0.7642390728	-0.344	-0.088	2.044
0.767872095108	-0.416	-0.108	2.044
0.771503925323	-0.468	-0.108	2.044
0.775141000748	-0.468	-0.108	2.044
0.77877497673	-0.528	-0.104	2.044
0.782423019409	-0.572	-0.108	2.032
0.786057949066	-0.62	-0.12	1.86
0.789690971375	-0.62	-0.12	1.86
0.793329000473	-0.672	-0.112	1.704
0.796962022781	-0.704	-0.12	1.516
0.80059504509	-0.704	-0.12	1.516
0.804234981537	-0.728	-0.128	1.328
0.807868003845	-0.744	-0.128	1.144
0.811501026154	-0.756	-0.136	0.956
0.815146923065	-0.756	-0.136	0.956
0.818781137466	-0.756	-0.144	0.76
0.822420120239	-0.752	-0.148	0.584
0.826051950455	-0.752	-0.148	0.584
0.829685926437	-0.728	-0.16	0.4
0.833323001862	-0.7	-0.156	0.22
0.83695602417	-0.664	-0.172	0.056
0.84059214592	-0.664	-0.172	0.056
0.8442299366	-0.628	-0.188	-0.096
0.847867012024	-0.592	-0.188	-0.232
0.851509094238	-0.592	-0.188	-0.232
0.855149030685	-0.552	-0.184	-0.384
0.85878610611	-0.484	-0.204	-0.48
0.862426042557	-0.412	-0.212	-0.576
0.866060972214	-0.412	-0.212	-0.576
0.869697093964	-0.344	-0.196	-0.656
0.873337030411	-0.252	-0.196	-0.708
0.876971960068	-0.252	-0.196	-0.708
0.88060593605	-0.18	-0.22	-0.76
0.884248018265	-0.104	-0.204	-0.772
0.887881040573	-0.016	-0.196	-0.764
0.89151597023	-0.016	-0.196	-0.764
0.895164012909	0.068	-0.184	-0.756
0.898798942566	0.132	-0.188	-0.708
0.902439117432	0.132	-0.188	-0.708
0.906074047089	0.204	-0.172	-0.644
0.909708023071	0.288	-0.176	-0.58
0.913347959518	0.356	-0.164	-0.48
0.916993141174	0.356	-0.164	-0.48
0.920628070831	0.416	-0.152	-0.36
0.924268960953	0.476	-0.136	-0.248
0.927902936935	0.476	-0.136	-0.248
0.931535005569	0.544	-0.14	-0.112
0.935169935226	0.592	-0.14	0.052
0.938807010651	0.636	-0.144	0.208
0.942445039749	0.636	-0.144	0.208
0.946077108383	0.664	-0.128	0.376
0.949710130692	0.7	-0.132	0.552
0.953351974487	0.7	-0.132	0.552
0.956984996796	0.724	-0.144	0.74
0.96061706543	0.72	-0.152	0.936
0.964257955551	0.72	-0.112	1.116
0.967890977859	0.72	-0.112	1.116
0.971524953842	0.732	-0.112	1.296
0.975162029266	0.724	-0.096	1.484
0.9787940979	0.724	-0.096	1.484
0.982448101044	0.68	-0.08	1.664
0.986083030701	0.656	-0.064	1.832
0.989716053009	0.628	-0.06	1.988
0.993355035782	0.628	-0.06	1.988
0.996979951859	0.576	-0.036	2.044
1.00060606003	0.504	-0.036	2.044
1.00423598289	0.504	-0.036	2.044
1.00787496567	0.444	-0.032	2.044
1.01151108742	0.392	-0.032	2.044
1.01514911652	0.316	-0.032	2.044
1.01879191399	0.316	-0.032	2.044
1.02242994308	0.244	-0.036	2.044
1.02606296539	0.18	-0.044	2.044
1.0296959877	0.18	-0.044	2.044
1.03333497047	0.1	-0.048	2.044
1.03696894646	0.016	-0.048	2.044
1.04060006142	-0.068	-0.06	2.044
1.04424095154	-0.068	-0.06	2.044
1.04787397385	-0.14	-0.072	2.044
1.05150914192	-0.228	-0.084	2.044
1.05514907837	-0.228	-0.084	2.044
1.05878305435	-0.3	-0.088	2.044
1.06242203712	-0.372	-0.092	2.044
1.06605911255	-0.436	-0.104	2.044
1.06969308853	-0.436	-0.104	2.044
1.07333397865	-0.492	-0.104	2.044
1.07696795464	-0.552	-0.108	2.044
1.08060312271	-0.552	-0.108	2.044
1.08424401283	-0.604	-0.108	1.952
1.08787703514	-0.644	-0.104	1.784
1.09151101112	-0.688	-0.108	1.608
1.0951499939	-0.688	-0.108	1.608
1.09878611565	-0.716	-0.12	1.432
1.10242414474	-0.744	-0.12	1.24
1.10605692863	-0.744	-0.12	1.24
1.10968995094	-0.748	-0.128	1.056
1.11333012581	-0.764	-0.136	0.868
1.11696505547	-0.764	-0.14	0.668
1.12061691284	-0.764	-0.14	0.668
1.12425804138	-0.732	-0.168	0.496
1.12790513039	-0.724	-0.168	0.316
1.13154006004	-0.724	-0.168	0.316
1.1351749897	-0.684	-0.172	0.136
1.13881206512	-0.64	-0.176	-0.02
1.14245200157	-0.612	-0.18	-0.168
1.14608693123	-0.612	-0.18	-0.168
1.14972305298	-0.568	-0.184	-0.3
1.1533639431	-0.52	-0.196	-0.428
1.15700006485	-0.52	-0.196	-0.428
1.16063404083	-0.444	-0.196	-0.556
1.16427707672	-0.376	-0.216	-0.616
1.16791200638	-0.312	-0.2	-0.684
1.17154693604	-0.312	-0.2	-0.684
1.17518591881	-0.224	-0.208	-0.732
1.17882609367	-0.144	-0.22	-0.768
1.18246793747	-0.144	-0.22	-0.768
1.18610310555	-0.064	-0.188	-0.772
1.1897380352	0.024	-0.184	-0.768
1.19337701797	0.084	-0.188	-0.728
1.19701194763	0.084	-0.188	-0.728
1.20064496994	0.176	-0.184	-0.676
1.20428609848	0.24	-0.16	-0.624
1.20792007446	0.24	-0.16	-0.624
1.21155405045	0.32	-0.152	-0.54
1.21518993378	0.38	-0.16	-0.436
1.21882390976	0.44	-0.148	-0.32
1.22247600555	0.44	-0.148	-0.32
1.22610998154	0.504	-0.14	-0.184
1.22974491119	0.592	-0.164	-0.036
1.23338913918	0.592	-0.164	-0.036
1.23702311516	0.62	-0.144	0.124
1.24065613747	0.648	-0.136	0.28
1.24429607391	0.684	-0.132	0.46
1.24792003632	0.684	-0.132	0.46
1.25154614449	0.72	-0.124	0.656
1.25517392159	0.728	-0.132	0.824
1.25880098343	0.728	-0.132	0.824
1.26243114471	0.712	-0.112	0.996
1.26606798172	0.708	-0.1	1.192
1.2697019577	0.72	-0.096	1.376
1.27334213257	0.72	-0.096	1.376
1.27697610855	0.7	-0.084	1.56
1.28060913086	0.668	-0.076	1.736
1.28424906731	0.668	-0.076	1.736
1.28788208961	0.64	-0.052	1.908
1.2915430069	0.62	-0.056	2.044
1.29518294334	0.54	-0.04	2.044
1.29881596565	0.54	-0.04	2.044
1.30245494843	0.508	-0.036	2.044
1.30608606339	0.436	-0.036	2.044
1.30971908569	0.436	-0.036	2.044
1.31335711479	0.352	-0.028	2.044
1.31699109077	0.276	-0.024	2.044
1.32062292099	0.212	-0.056	2.044
1.32427191734	0.212	-0.056	2.044
1.32790493965	0.136	-0.04	2.044
1.33153796196	0.06	-0.04	2.044
1.33517408371	0.06	-0.04	2.044
1.33881092072	-0.02	-0.064	2.044
1.34245109558	-0.116	-0.068	2.044
1.34608697891	-0.176	-0.084	2.044
1.34972214699	-0.176	-0.084	2.044
1.35336208344	-0.268	-0.08	2.044
1.35751795769	-0.34	-0.084	2.044
1.36116099358	-0.34	-0.084	2.044
1.36480593681	-0.404	-0.092	2.044
1.36844110489	-0.472	-0.104	2.044
1.37207508087	-0.52	-0.112	2.044
1.37571501732	-0.52	-0.112	2.044
1.3793489933	-0.58	-0.112	2.044
1.38298892975	-0.62	-0.12	1.876
1.3866250515	-0.62	-0.12	1.876
1.39025998116	-0.664	-0.128	1.708
1.3938999176	-0.696	-0.116	1.54
1.397534132	-0.728	-0.124	1.352
1.40116691589	-0.728	-0.124	1.352
1.40481305122	-0.748	-0.12	1.156
1.40844798088	-0.76	-0.128	0.972
1.41208195686	-0.76	-0.128	0.972
1.41571712494	-0.78	-0.136	0.78
1.41934895515	-0.756	-0.144	0.592
1.42298793793	-0.74	-0.164	0.412
1.42663311958	-0.74	-0.164	0.412
1.43026709557	-0.708	-0.152	0.24
1.43390703201	-0.684	-0.168	0.076
1.43754005432	-0.684	-0.168	0.076
1.44117307663	-0.62	-0.18	-0.084
1.44480895996	-0.584	-0.192	-0.224
1.44844412804	-0.54	-0.192	-0.36
1.45207905769	-0.54	-0.192	-0.36
1.45571899414	-0.472	-0.196	-0.472
1.45935606956	-0.412	-0.216	-0.572
1.46299505234	-0.412	-0.216	-0.572
1.46662306786	-0.344	-0.224	-0.632
1.47024798393	-0.268	-0.2	-0.72
1.47387909889	-0.18	-0.212	-0.752
1.47753810883	-0.18	-0.212	-0.752
1.48117303848	-0.112	-0.208	-0.768
1.4848151207	-0.032	-0.188	-0.768
1.48845005035	-0.032	-0.188	-0.768
1.49208498001	0.068	-0.184	-0.748
1.49572205544	0.136	-0.192	-0.716
1.49934792519	0.212	-0.168	-0.672
1.5029771328	0.212	-0.168	-0.672
1.50661492348	0.272	-0.16	-0.588
1.51024913788	0.352	-0.156	-0.492
1.51388907433	0.352	-0.156	-0.492
1.5175280571	0.408	-0.156	-0.384
1.52116298676	0.476	-0.136	-0.264
1.52480101585	0.532	-0.148	-0.124
1.528455019	0.532	-0.148	-0.124
1.53209114075	0.588	-0.148	0.044
1.53572702408	0.616	-0.132	0.204
1.53935909271	0.616	-0.132	0.204
1.54299497604	0.664	-0.132	0.36
1.54662799835	0.7	-0.124	0.544
1.55026006699	0.716	-0.136	0.72
1.55389809608	0.716	-0.136	0.72
1.55753111839	0.72	-0.124	0.924
1.5611641407	0.716	-0.108	1.096
1.56480407715	0.716	-0.108	1.096
1.56843495369	0.724	-0.096	1.28
1.57207107544	0.72	-0.096	1.46
1.57571411133	0.684	-0.084	1.64
1.57934713364	0.684	-0.084	1.64
1.58298492432	0.664	-0.056	1.804
1.58661699295	0.636	-0.056	1.976
1.59024810791	0.636	-0.056	1.976
1.59388709068	0.592	-0.044	2.044
1.59752011299	0.524	-0.04	2.044
1.6011531353	0.46	-0.036	2.044
1.60479307175	0.46	-0.036	2.044
1.60842514038	0.396	-0.032	2.044
1.61205792427	0.324	-0.036	2.044
1.61569595337	0.324	-0.036	2.044
1.61932897568	0.24	-0.032	2.044
1.62296795845	0.176	-0.044	2.044
1.6266040802	0.112	-0.06	2.044
1.63025307655	0.112	-0.06	2.044
1.63389205933	0.016	-0.048	2.044
1.63752508163	-0.068	-0.072	2.044
1.64115810394	-0.068	-0.072	2.044
1.64479804039	-0.148	-0.072	2.044
1.64843297005	-0.212	-0.076	2.044
1.65206599236	-0.3	-0.084	2.044
1.6557059288	-0.3	-0.084	2.044
1.6593439579	-0.376	-0.092	2.044
1.66298413277	-0.42	-0.104	2.044
1.66661691666	-0.42	-0.104	2.044
1.67024898529	-0.508	-0.116	2.044
1.67388796806	-0.552	-0.112	2.044
1.67752194405	-0.604	-0.12	1.96
1.68115592003	-0.604	-0.12	1.96
1.68481111526	-0.64	-0.116	1.792
1.68844604492	-0.676	-0.132	1.62
1.6920800209	-0.676	-0.132	1.62
1.69571399689	-0.724	-0.12	1.456
1.69935011864	-0.76	-0.116	1.276
1.70298814774	-0.752	-0.128	1.068
1.70662307739	-0.752	-0.128	1.068
1.71025395393	-0.76	-0.124	0.88
1.71389102936	-0.756	-0.144	0.696
1.71752405167	-0.756	-0.144	0.696
1.72115707397	-0.748	-0.152	0.52
1.7247979641	-0.72	-0.164	0.34
1.7284309864	-0.696	-0.176	0.156
1.73207402229	-0.696	-0.176	0.156
1.73570895195	-0.656	-0.164	-0.012
1.7393450737	-0.612	-0.188	-0.156
1.74298906326	-0.612	-0.188	-0.156
1.74661612511	-0.564	-0.196	-0.28
1.75024199486	-0.508	-0.196	-0.408
1.75387310982	-0.432	-0.216	-0.512
1.7575070858	-0.432	-0.216	-0.512
1.76113891602	-0.384	-0.22	-0.608
1.76477813721	-0.316	-0.204	-0.684
1.76841306686	-0.316	-0.204	-0.684
1.77204704285	-0.232	-0.2	-0.744
1.77568602562	-0.156	-0.204	-0.756
1.77931904793	-0.068	-0.216	-0.78
1.78295707703	-0.068	-0.216	-0.78
1.78659200668	0.008	-0.188	-0.78
1.79022312164	0.104	-0.18	-0.736
1.79386210442	0.104	-0.18	-0.736
1.79749798775	0.168	-0.172	-0.696
1.80112910271	0.236	-0.172	-0.628
1.80476593971	0.316	-0.16	-0.54
1.80839705467	0.316	-0.16	-0.54
1.81202793121	0.384	-0.144	-0.444
1.81566691399	0.432	-0.152	-0.324
1.81929898262	0.432	-0.152	-0.324
1.82293701172	0.492	-0.148	-0.192
1.82656908035	0.56	-0.148	-0.048
1.83020091057	0.604	-0.148	0.096
1.83384799957	0.604	-0.148	0.096
1.83747911453	0.648	-0.14	0.264
1.84110999107	0.68	-0.112	0.436
1.8447470665	0.68	-0.112	0.436
1.84849405289	0.716	-0.132	0.616
1.85212993622	0.724	-0.124	0.808
1.85578012466	0.724	-0.116	0.988
1.85941314697	0.724	-0.116	0.988
1.86305093765	0.72	-0.104	1.156
1.86668610573	0.712	-0.092	1.352
1.87031793594	0.712	-0.092	1.352
1.87395811081	0.7	-0.096	1.548
1.87759113312	0.668	-0.08	1.716
1.88122200966	0.648	-0.068	1.872
1.88486194611	0.648	-0.068	1.872
1.88849592209	0.608	-0.04	2.032
1.89212799072	0.552	-0.044	2.044
1.89576911926	0.552	-0.044	2.044
1.8993999958	0.488	-0.04	2.044
1.9030380249	0.444	-0.028	2.044
1.90667104721	0.376	-0.032	2.044
1.91030597687	0.376	-0.032	2.044
1.91394495964	0.292	-0.024	2.044
1.91759204865	0.208	-0.032	2.044
1.92122507095	0.208	-0.032	2.044
1.92486310005	0.144	-0.044	2.044
1.92849802971	0.08	-0.056	2.044
1.93213105202	-0.004	-0.044	2.044
1.93577694893	-0.004	-0.044	2.044
1.93941092491	-0.096	-0.072	2.044
1.94305109978	-0.16	-0.08	2.044
1.94668507576	-0.16	-0.08	2.044
1.95031905174	-0.24	-0.076	2.044
1.95395898819	-0.316	-0.088	2.044
1.95759296417	-0.4	-0.104	2.044
1.96122694016	-0.4	-0.104	2.044
1.96486592293	-0.456	-0.104	2.044
1.96850395203	-0.536	-0.096	2.044
1.97213697433	-0.536	-0.096	2.044
1.9757809639	-0.58	-0.116	2.044
1.97941398621	-0.624	-0.12	1.896
1.98305296898	-0.66	-0.116	1.728
1.98668694496	-0.66	-0.116	1.728
1.99032092094	-0.704	-0.116	1.556
1.99396014214	-0.724	-0.128	1.376
1.99758696556	-0.724	-0.128	1.376
2.00121307373	-0.736	-0.132	1.2
2.00484395027	-0.736	-0.124	0.996
2.00848197937	-0.768	-0.132	0.8
2.01211595535	-0.768	-0.132	0.8
2.01575613022	-0.76	-0.144	0.628
2.01939105988	-0.736	-0.156	0.44
2.02303504944	-0.736	-0.156	0.44
2.02666807175	-0.72	-0.168	0.252
2.03030014038	-0.688	-0.168	0.092
2.03394007683	-0.64	-0.188	-0.064
2.03758502007	-0.64	-0.188	-0.064
2.04121994972	-0.608	-0.188	-0.212
2.04486107826	-0.536	-0.2	-0.336
2.04849410057	-0.536	-0.2	-0.336
2.05212807655	-0.476	-0.204	-0.456
2.05577206612	-0.416	-0.2	-0.548
2.05940699577	-0.364	-0.196	-0.636
2.06304693222	-0.364	-0.196	-0.636
2.06668114662	-0.284	-0.208	-0.704
2.0703151226	-0.192	-0.204	-0.748
2.07395410538	-0.192	-0.204	-0.748
2.07758998871	-0.136	-0.212	-0.768
2.08123803139	-0.044	-0.2	-0.772
2.0848801136	0.048	-0.192	-0.756
2.08851504326	0.048	-0.192	-0.756
2.09214997292	0.132	-0.176	-0.72
2.09579110146	0.204	-0.176	-0.66
2.09942293167	0.204	-0.176	-0.66
2.10306191444	0.272	-0.156	-0.596
2.10669612885	0.356	-0.16	-0.508
2.11033010483	0.412	-0.148	-0.404
2.11397099495	0.412	-0.148	-0.404
2.11760497093	0.456	-0.152	-0.272
2.12123799324	0.516	-0.14	-0.144
2.12487697601	0.516	-0.14	-0.144
2.12850904465	0.576	-0.148	0.008
2.13214111328	0.612	-0.132	0.152
2.1357820034	0.652	-0.132	0.34
2.13942503929	0.652	-0.132	0.34
2.14306211472	0.692	-0.128	0.516
2.14669513702	0.724	-0.128	0.688
2.15032696724	0.724	-0.128	0.688
2.15396595001	0.728	-0.112	0.872
2.15759897232	0.72	-0.108	1.072
2.16123199463	0.732	-0.1	1.252
2.16487002373	0.732	-0.1	1.252
2.16850304604	0.724	-0.08	1.44
2.17213606834	0.684	-0.084	1.608
2.17577505112	0.684	-0.084	1.608
2.17943096161	0.652	-0.068	1.792
2.18306994438	0.64	-0.064	1.952
2.18670296669	0.596	-0.056	2.044
2.190335989	0.596	-0.056	2.044
2.19397711754	0.524	-0.036	2.044
2.19761013985	0.48	-0.028	2.044
2.20124292374	0.48	-0.028	2.044
2.20488214493	0.4	-0.02	2.044
2.20851492882	0.336	-0.04	2.044
2.21214699745	0.256	-0.036	2.044
2.21579003334	0.256	-0.036	2.044
2.21942210197	0.176	-0.04	2.044
2.22306513786	0.12	-0.048	2.044
2.22669696808	0.12	-0.048	2.044
2.23032808304	0.02	-0.052	2.044
2.23396706581	-0.06	-0.068	2.044
2.23760294914	-0.116	-0.104	2.044
2.24124693871	-0.116	-0.104	2.044
2.24488806725	-0.196	-0.084	2.044
2.24851799011	-0.284	-0.084	2.044
2.25214409828	-0.284	-0.084	2.044
2.25577402115	-0.348	-0.088	2.044
2.25940108299	-0.424	-0.108	2.044
2.2630341053	-0.492	-0.116	2.044
2.26667499542	-0.492	-0.116	2.044
2.27030992508	-0.556	-0.108	2.044
2.27395009995	-0.608	-0.1	1.956
2.27758312225	-0.608	-0.1	1.956
2.28121709824	-0.64	-0.128	1.812
2.28485798836	-0.684	-0.112	1.648
2.28849291801	-0.708	-0.12	1.472
2.29212713242	-0.708	-0.12	1.472
2.29576611519	-0.724	-0.124	1.284
2.29940104485	-0.74	-0.132	1.1
2.30304098129	-0.74	-0.132	1.1
2.30667996407	-0.756	-0.128	0.9
2.31031298637	-0.764	-0.144	0.724
2.31395101547	-0.744	-0.156	0.524
2.31758403778	-0.744	-0.156	0.524
2.32121610641	-0.724	-0.156	0.348
2.32485508919	-0.712	-0.164	0.168
2.3284881115	-0.712	-0.164	0.168
2.33212304115	-0.668	-0.18	0.024
2.33575701714	-0.616	-0.188	-0.136
2.33939099312	-0.568	-0.192	-0.276
2.34307003021	-0.568	-0.192	-0.276
2.34670591354	-0.508	-0.184	-0.404
2.35034012794	-0.444	-0.208	-0.512
2.35398006439	-0.444	-0.208	-0.512
2.35761499405	-0.388	-0.208	-0.604
2.36125397682	-0.32	-0.204	-0.676
2.3648891449	-0.248	-0.204	-0.732
2.3685259819	-0.248	-0.204	-0.732
2.37215900421	-0.152	-0.208	-0.748
2.37580013275	-0.092	-0.204	-0.772
2.37943911552	-0.092	-0.204	-0.772
2.38307905197	-0.004	-0.192	-0.768
2.38671398163	0.104	-0.192	-0.732
2.39034605026	0.164	-0.18	-0.708
2.39398598671	0.164	-0.18	-0.708
2.39762091637	0.244	-0.168	-0.64
2.40125513077	0.312	-0.168	-0.548
2.40488910675	0.312	-0.168	-0.548
2.40852594376	0.388	-0.152	-0.448
2.41215896606	0.44	-0.14	-0.332
2.41579914093	0.492	-0.148	-0.204
2.4194381237	0.492	-0.148	-0.204
2.42307806015	0.548	-0.14	-0.056
2.42671203613	0.6	-0.14	0.096
2.43034291267	0.6	-0.14	0.096
2.4339799881	0.636	-0.14	0.24
2.43761301041	0.668	-0.124	0.404
2.44124507904	0.712	-0.132	0.616
2.44488811493	0.712	-0.132	0.616
2.44852304459	0.74	-0.116	0.796
2.45215511322	0.728	-0.112	0.988
2.45579409599	0.728	-0.112	0.988
2.45942592621	0.728	-0.112	1.164
2.4630651474	0.736	-0.096	1.356
2.46669101715	0.7	-0.088	1.54
2.47031593323	0.7	-0.088	1.54
2.47399306297	0.684	-0.088	1.736
2.47763109207	0.644	-0.056	1.88
2.48126506805	0.644	-0.056	1.88
2.48493313789	0.608	-0.06	2.036
2.48856806755	0.548	-0.044	2.044
2.49220108986	0.484	-0.032	2.044
2.49583697319	0.484	-0.032	2.044
2.49946212769	0.448	-0.028	2.044
2.50309109688	0.38	-0.032	2.044
2.50672602654	0.38	-0.032	2.044
2.51035714149	0.292	-0.016	2.044
2.51399707794	0.212	-0.028	2.044
2.51763010025	0.136	-0.052	2.044
2.52126193047	0.136	-0.052	2.044
2.52492594719	0.064	-0.056	2.044
2.52855992317	-0.02	-0.06	2.044
2.53219604492	-0.02	-0.06	2.044
2.53583598137	-0.112	-0.076	2.044
2.53946995735	-0.164	-0.084	2.044
2.54311013222	-0.272	-0.08	2.044
2.54676699638	-0.272	-0.08	2.044
2.55040097237	-0.324	-0.092	2.044
2.55404305458	-0.388	-0.092	2.044
2.55767798424	-0.388	-0.092	2.044
2.56131196022	-0.456	-0.108	2.044
2.56498003006	-0.532	-0.108	2.044
2.56861305237	-0.588	-0.108	2.044
2.57225394249	-0.588	-0.108	2.044
2.57588791847	-0.636	-0.12	1.896
2.57952308655	-0.668	-0.112	1.708
2.58316302299	-0.668	-0.112	1.708
2.58680009842	-0.708	-0.112	1.544
2.59043502808	-0.728	-0.124	1.356
2.59407401085	-0.736	-0.132	1.176
2.59770894051	-0.736	-0.132	1.176
2.60134196281	-0.74	-0.128	0.984
2.60498404503	-0.756	-0.128	0.796
2.60861706734	-0.756	-0.128	0.796
2.61225605011	-0.76	-0.148	0.62
2.61589002609	-0.748	-0.152	0.456
2.61952400208	-0.712	-0.164	0.252
2.62316298485	-0.712	-0.164	0.252
2.62679696083	-0.696	-0.172	0.076
2.63042998314	-0.644	-0.192	-0.092
2.63406991959	-0.644	-0.192	-0.092
2.63770508766	-0.612	-0.196	-0.216
2.64134001732	-0.54	-0.188	-0.36
2.64498400688	-0.468	-0.212	-0.472
2.64862513542	-0.468	-0.212	-0.472
2.65226507187	-0.404	-0.216	-0.572
2.65589904785	-0.344	-0.204	-0.652
2.65953397751	-0.344	-0.204	-0.652
2.66317296028	-0.268	-0.2	-0.712
2.66680693626	-0.18	-0.216	-0.74
2.67044091225	-0.104	-0.204	-0.784
2.67408108711	-0.104	-0.204	-0.784
2.67771601677	-0.04	-0.184	-0.76
2.68135094643	0.052	-0.188	-0.76
2.68498897552	0.052	-0.188	-0.76
2.68862199783	0.14	-0.184	-0.72
2.69226098061	0.208	-0.172	-0.668
2.69589495659	0.288	-0.164	-0.592
2.69953298569	0.288	-0.164	-0.592
2.70317411423	0.372	-0.156	-0.492
2.70680809021	0.424	-0.152	-0.36
2.71044301987	0.424	-0.152	-0.36
2.71408200264	0.48	-0.14	-0.252
2.7177169323	0.528	-0.144	-0.12
2.72135210037	0.588	-0.136	0.032
2.72499012947	0.588	-0.136	0.032
2.72862195969	0.616	-0.136	0.2
2.73225712776	0.66	-0.132	0.356
2.73588991165	0.66	-0.132	0.356
2.73952102661	0.696	-0.136	0.536
2.74315905571	0.74	-0.128	0.72
2.74678397179	0.74	-0.12	0.9
2.75041794777	0.74	-0.12	0.9
2.75404596329	0.732	-0.108	1.1
2.75768399239	0.732	-0.104	1.284
2.76131510735	0.732	-0.104	1.284
2.76497793198	0.72	-0.088	1.48
2.76860809326	0.676	-0.072	1.644
2.77226400375	0.652	-0.072	1.804
2.77589607239	0.652	-0.072	1.804
2.77952694893	0.6	-0.06	1.988
2.78316307068	0.576	-0.048	2.044
2.78679394722	0.576	-0.048	2.044
2.79042410851	0.524	-0.048	2.044
2.7940621376	0.464	-0.032	2.044
2.79769301414	0.408	-0.024	2.044
2.80132293701	0.408	-0.024	2.044
2.80502200127	0.328	-0.028	2.044
2.80868792534	0.244	-0.032	2.044
2.81233096123	0.244	-0.032	2.044
2.81596302986	0.172	-0.056	2.044
2.81959414482	0.096	-0.048	2.044
2.82323098183	0.008	-0.052	2.044
2.82686305046	0.008	-0.052	2.044
2.83049297333	-0.076	-0.052	2.044
2.83413004875	-0.14	-0.084	2.044
2.83776307106	-0.14	-0.084	2.044
2.84139204025	-0.204	-0.084	2.044
2.84502792358	-0.292	-0.084	2.044
2.84866809845	-0.364	-0.092	2.044
2.85231900215	-0.364	-0.092	2.044
2.8559551239	-0.428	-0.108	2.044
2.85959005356	-0.496	-0.104	2.044
2.86323094368	-0.496	-0.104	2.044
2.86686611176	-0.56	-0.112	2.044
2.87050414085	-0.616	-0.112	1.952
2.8741440773	-0.656	-0.124	1.788
2.87777709961	-0.656	-0.124	1.788
2.88140892982	-0.684	-0.124	1.62
2.88504910469	-0.708	-0.132	1.44
2.88868308067	-0.708	-0.132	1.44
2.89232397079	-0.736	-0.124	1.256
2.8959569931	-0.744	-0.132	1.072
2.89959001541	-0.756	-0.136	0.884
2.90322899818	-0.756	-0.136	0.884
2.90686297417	-0.76	-0.156	0.7
2.91049814224	-0.74	-0.148	0.512
2.91413712502	-0.74	-0.148	0.512
2.917771101	-0.72	-0.156	0.328
2.92140197754	-0.696	-0.164	0.164
2.92504501343	-0.668	-0.18	0.0
2.92867207527	-0.668	-0.18	0.0
2.93229913712	-0.616	-0.188	-0.144
2.9359331131	-0.564	-0.196	-0.296
2.93956804276	-0.564	-0.196	-0.296
2.9432079792	-0.516	-0.192	-0.412
2.94684195518	-0.424	-0.212	-0.52
2.95047593117	-0.376	-0.208	-0.612
2.95412707329	-0.376	-0.208	-0.612
2.95776200294	-0.304	-0.196	-0.668
2.96139597893	-0.216	-0.2	-0.74
2.96503400803	-0.216	-0.2	-0.74
2.96866798401	-0.152	-0.208	-0.768
2.97230911255	-0.08	-0.204	-0.772
2.97594308853	0.008	-0.188	-0.756
2.97957706451	0.008	-0.188	-0.756
2.9832201004	0.104	-0.184	-0.74
2.98685503006	0.168	-0.184	-0.692
2.99048805237	0.168	-0.184	-0.692
2.99412798882	0.236	-0.152	-0.62
2.99775409698	0.324	-0.156	-0.54
3.00137996674	0.4	-0.16	-0.436
3.00503396988	0.4	-0.16	-0.436
3.00866794586	0.452	-0.148	-0.324
3.0123090744	0.504	-0.128	-0.212
3.01594209671	0.504	-0.128	-0.212
3.01957607269	0.56	-0.144	-0.052
3.02321600914	0.6	-0.144	0.108
3.02684903145	0.632	-0.128	0.276
3.03048110008	0.632	-0.128	0.276
3.03411912918	0.668	-0.12	0.448
3.03775501251	0.708	-0.132	0.632
3.04138994217	0.708	-0.132	0.632
3.04502701759	0.724	-0.12	0.812
3.04866099358	0.736	-0.12	1.02
3.052298069	0.732	-0.104	1.192
3.0559399128	0.732	-0.104	1.192
3.0595741272	0.732	-0.096	1.392
3.06321310997	0.708	-0.08	1.552
3.06684494019	0.708	-0.08	1.552
3.07047796249	0.656	-0.072	1.728
3.07411599159	0.64	-0.06	1.896
3.07774996758	0.616	-0.056	2.044
3.08138203621	0.616	-0.056	2.044
3.08502292633	0.536	-0.032	2.044
3.08865594864	0.488	-0.044	2.044
3.09229397774	0.488	-0.044	2.044
3.09592914581	0.436	-0.036	2.044
3.09956097603	0.376	-0.032	2.044
3.10319900513	0.296	-0.036	2.044
3.10683202744	0.296	-0.036	2.044
3.11046409607	0.216	-0.04	2.044
3.11410212517	0.144	-0.048	2.044
3.11773514748	0.144	-0.048	2.044
3.12136697769	0.06	-0.044	2.044
3.12500405312	-0.028	-0.06	2.044
3.1286380291	-0.116	-0.08	2.044
3.13227295876	-0.116	-0.08	2.044
3.13590812683	-0.176	-0.076	2.044
3.13954210281	-0.256	-0.084	2.044
3.14318108559	-0.256	-0.084	2.044
3.14681506157	-0.32	-0.1	2.044
3.15045213699	-0.4	-0.096	2.044
3.15409207344	-0.452	-0.108	2.044
3.157736063	-0.452	-0.108	2.044
3.16137099266	-0.524	-0.088	2.044
3.16500997543	-0.576	-0.12	2.044
3.16864299774	-0.576	-0.12	2.044
3.17228412628	-0.628	-0.12	1.884
3.17592000961	-0.68	-0.128	1.704
3.1795539856	-0.708	-0.132	1.544
3.18322610855	-0.708	-0.132	1.544
3.18686199188	-0.736	-0.132	1.368
3.19049596786	-0.74	-0.128	1.164
3.19413614273	-0.74	-0.128	1.164
3.19777011871	-0.74	-0.136	0.984
3.20140314102	-0.756	-0.132	0.788
3.20504307747	-0.744	-0.148	0.608
3.20867991447	-0.744	-0.148	0.608
3.21231794357	-0.732	-0.144	0.44
3.21595001221	-0.712	-0.164	0.248
3.21958303452	-0.712	-0.164	0.248
3.22322297096	-0.676	-0.172	0.088
3.22685813904	-0.656	-0.184	-0.076
3.23049211502	-0.604	-0.196	-0.216
3.23413300514	-0.604	-0.196	-0.216
3.23776602745	-0.544	-0.196	-0.352
3.24140000343	-0.476	-0.208	-0.468
3.24503803253	-0.476	-0.208	-0.468
3.2486641407	-0.392	-0.224	-0.572
3.25231003761	-0.34	-0.2	-0.648
3.25594305992	-0.268	-0.2	-0.704
3.25958108902	-0.268	-0.2	-0.704
3.26321697235	-0.172	-0.212	-0.74
3.26685810089	-0.124	-0.208	-0.772
3.27049398422	-0.124	-0.208	-0.772
3.27413511276	-0.036	-0.184	-0.768
3.27777099609	0.052	-0.176	-0.76
3.28140497208	0.1	-0.176	-0.72
3.28504514694	0.1	-0.176	-0.72
3.28867912292	0.204	-0.172	-0.66
3.29231905937	0.28	-0.164	-0.588
3.29595208168	0.28	-0.164	-0.588
3.29958510399	0.368	-0.152	-0.5
3.30321907997	0.424	-0.148	-0.388
3.30685305595	0.484	-0.148	-0.26
3.31048703194	0.484	-0.148	-0.26
3.31412696838	0.54	-0.144	-0.116
3.31776213646	0.588	-0.152	0.028
3.32139801979	0.588	-0.152	0.028
3.32503604889	0.62	-0.136	0.18
3.3286690712	0.652	-0.128	0.356
3.33230400085	0.68	-0.132	0.54
3.33593893051	0.68	-0.132	0.54
3.33957099915	0.716	-0.132	0.724
3.34320998192	0.72	-0.116	0.904
3.34684205055	0.72	-0.116	0.904
3.35047411919	0.728	-0.104	1.096
3.35411310196	0.736	-0.1	1.288
3.35774707794	0.72	-0.092	1.456
3.36138892174	0.72	-0.092	1.456
3.36502695084	0.688	-0.076	1.652
3.36865997314	0.644	-0.064	1.808
3.37229990959	0.644	-0.064	1.808
3.37593793869	0.612	-0.052	1.976
3.379570961	0.58	-0.056	2.044
3.3832089901	0.5	-0.044	2.044
3.38683795929	0.5	-0.044	2.044
3.39046406746	0.484	-0.048	2.044
3.39409995079	0.404	-0.036	2.044
3.3977329731	0.404	-0.036	2.044
3.40136599541	0.336	-0.024	2.044
3.40500402451	0.26	-0.032	2.044
3.40863609314	0.184	-0.048	2.044
3.41227507591	0.184	-0.048	2.044
3.41590809822	0.112	-0.036	2.044
3.41953992844	0.012	-0.052	2.044
3.42317700386	0.012	-0.052	2.044
3.42681097984	-0.084	-0.06	2.044
3.43044304848	-0.156	-0.076	2.044
3.43408608437	-0.22	-0.08	2.044
3.43772006035	-0.22	-0.08	2.044
3.44135093689	-0.3	-0.084	2.044
3.44498896599	-0.38	-0.092	2.044
3.4486219883	-0.38	-0.092	2.044
3.45225811005	-0.432	-0.104	2.044
3.45589208603	-0.488	-0.104	2.044
3.45952510834	-0.548	-0.108	2.044
3.46317410469	-0.548	-0.108	2.044
3.46680402756	-0.608	-0.12	1.972
3.4704310894	-0.644	-0.124	1.8
3.47406101227	-0.644	-0.124	1.8
3.47769904137	-0.696	-0.108	1.616
3.48133301735	-0.708	-0.124	1.428
3.4849729538	-0.74	-0.132	1.252
3.48860907555	-0.74	-0.132	1.252
3.49224996567	-0.748	-0.136	1.068
3.49587607384	-0.748	-0.144	0.876
3.49950194359	-0.748	-0.144	0.876
3.50313305855	-0.76	-0.148	0.684
3.50677013397	-0.736	-0.156	0.504
3.51040506363	-0.72	-0.156	0.328
3.51404500008	-0.72	-0.156	0.328
3.51767992973	-0.712	-0.16	0.156
3.52131295204	-0.66	-0.172	-0.008
3.52497792244	-0.66	-0.172	-0.008
3.52861094475	-0.62	-0.184	-0.168
3.53224897385	-0.572	-0.196	-0.296
3.53588414192	-0.512	-0.2	-0.432
3.5395181179	-0.512	-0.2	-0.432
3.54315805435	-0.432	-0.208	-0.528
3.54679894447	-0.364	-0.216	-0.612
3.55043292046	-0.364	-0.216	-0.612
3.55407214165	-0.288	-0.216	-0.676
3.55770802498	-0.216	-0.216	-0.732
3.56134200096	-0.14	-0.208	-0.768
3.56500101089	-0.14	-0.208	-0.768
3.56863713264	-0.068	-0.192	-0.776
3.57227802277	0.02	-0.18	-0.764
3.57591199875	0.02	-0.18	-0.764
3.57954502106	0.116	-0.188	-0.728
3.58318400383	0.16	-0.176	-0.688
3.58681797981	0.244	-0.148	-0.636
3.59045290947	0.244	-0.148	-0.636
3.59409403801	0.332	-0.16	-0.532
3.59772801399	0.404	-0.16	-0.428
3.6013739109	0.404	-0.16	-0.428
3.60504508018	0.46	-0.152	-0.316
3.60868000984	0.504	-0.132	-0.18
3.61232113838	0.572	-0.148	-0.024
3.61595511436	0.572	-0.148	-0.024
3.6195909977	0.612	-0.132	0.116
3.62322902679	0.64	-0.14	0.3
3.6268620491	0.64	-0.14	0.3
3.63049292564	0.68	-0.128	0.456
3.63412904739	0.7	-0.124	0.644
3.6377620697	0.728	-0.132	0.832
3.64139413834	0.728	-0.132	0.832
3.64503192902	0.74	-0.12	1.02
3.64866399765	0.74	-0.104	1.208
3.65230202675	0.74	-0.104	1.208
3.65593600273	0.744	-0.088	1.396
3.65957307816	0.704	-0.06	1.568
3.66321110725	0.664	-0.064	1.748
3.66685414314	0.664	-0.064	1.748
3.67048692703	0.644	-0.064	1.916
3.67412495613	0.592	-0.044	2.044
3.67775797844	0.592	-0.044	2.044
3.68139100075	0.524	-0.04	2.044
3.68502807617	0.468	-0.032	2.044
3.68866109848	0.416	-0.036	2.044
3.69230008125	0.416	-0.036	2.044
3.69593191147	0.36	-0.032	2.044
3.6995639801	0.272	-0.024	2.044
3.70320296288	0.272	-0.024	2.044
3.70683813095	0.208	-0.04	2.044
3.71047210693	0.14	-0.048	2.044
3.71411395073	0.072	-0.06	2.044
3.71774792671	0.072	-0.06	2.044
3.721378088	-0.04	-0.06	2.044
3.72501707077	-0.128	-0.076	2.044
3.72865200043	-0.128	-0.076	2.044
3.73228693008	-0.184	-0.084	2.044
3.73592209816	-0.272	-0.08	2.044
3.73955607414	-0.348	-0.096	2.044
3.74319601059	-0.348	-0.096	2.044
3.74682402611	-0.412	-0.1	2.044
3.75044894218	-0.468	-0.108	2.044
3.75407910347	-0.468	-0.108	2.044
3.75771212578	-0.52	-0.104	2.044
3.76134490967	-0.572	-0.116	2.024
3.76498413086	-0.628	-0.12	1.868
3.76862692833	-0.628	-0.12	1.868
3.77226805687	-0.664	-0.128	1.688
3.7759001255	-0.716	-0.116	1.516
3.77953195572	-0.716	-0.116	1.516
3.78316903114	-0.74	-0.124	1.332
3.7868039608	-0.748	-0.16	1.152
3.79043602943	-0.748	-0.16	1.152
3.79407501221	-0.752	-0.136	0.94
3.79770708084	-0.752	-0.136	0.756
3.80133795738	-0.744	-0.152	0.58
3.80497598648	-0.744	-0.152	0.58
3.80860900879	-0.724	-0.152	0.4
3.81230401993	-0.692	-0.16	0.22
3.81594014168	-0.676	-0.176	0.052
3.81957507133	-0.676	-0.176	0.052
3.82321310043	-0.62	-0.18	-0.132
3.82684993744	-0.596	-0.188	-0.24
3.83048391342	-0.596	-0.188	-0.24
3.83412408829	-0.544	-0.196	-0.372
3.8377571106	-0.468	-0.208	-0.484
3.84138798714	-0.4	-0.212	-0.596
3.84502291679	-0.4	-0.212	-0.596
3.84866404533	-0.336	-0.2	-0.664
3.85230612755	-0.26	-0.212	-0.72
3.85594105721	-0.26	-0.212	-0.72
3.85957503319	-0.188	-0.196	-0.724
3.86321496964	-0.096	-0.196	-0.776
3.86685204506	-0.02	-0.188	-0.772
3.8704969883	-0.02	-0.188	-0.772
3.87413811684	0.072	-0.192	-0.748
3.87777113914	0.136	-0.184	-0.712
3.88140296936	0.136	-0.184	-0.712
3.88504695892	0.196	-0.168	-0.64
3.88868093491	0.284	-0.156	-0.572
3.89232110977	0.368	-0.152	-0.484
3.89595413208	0.368	-0.152	-0.484
3.8995859623	0.428	-0.144	-0.368
3.90322494507	0.492	-0.152	-0.248
3.9068710804	0.492	-0.152	-0.248
3.91050410271	0.536	-0.14	-0.1
3.91414213181	0.596	-0.136	0.04
3.91777396202	0.632	-0.136	0.212
3.92140603065	0.632	-0.136	0.212
3.92504310608	0.648	-0.132	0.368
3.92867612839	0.688	-0.132	0.556
3.93230891228	0.688	-0.132	0.556
3.93594193459	0.712	-0.12	0.752
3.93957805634	0.724	-0.12	0.924
3.94321703911	0.724	-0.12	0.924
3.94685196877	0.724	-0.112	1.116
3.95048499107	0.712	-0.088	1.304
3.95412302017	0.728	-0.084	1.476
3.95775604248	0.728	-0.084	1.476
3.96138906479	0.696	-0.08	1.664
3.96502709389	0.66	-0.064	1.828
3.96865797043	0.66	-0.064	1.828
3.97230601311	0.62	-0.048	1.992
3.97593998909	0.572	-0.04	2.044
3.97957491875	0.504	-0.04	2.044
3.98321294785	0.504	-0.04	2.044
3.98684597015	0.464	-0.02	2.044
3.99047803879	0.396	-0.04	2.044
3.99411606789	0.396	-0.04	2.044
3.9977440834	0.32	-0.044	2.044
4.00136899948	0.236	-0.036	2.044
4.00503206253	0.168	-0.044	2.044
4.00866603851	0.168	-0.044	2.044
4.01230502129	0.092	-0.04	2.044
4.01593708992	0.012	-0.056	2.044
4.01957011223	0.012	-0.056	2.044
4.023209095	-0.08	-0.064	2.044
4.02684497833	-0.156	-0.072	2.044
4.03047895432	-0.228	-0.084	2.044
4.03411793709	-0.228	-0.084	2.044
4.0377509594	-0.308	-0.084	2.044
4.04138493538	-0.388	-0.092	2.044
4.04502606392	-0.388	-0.092	2.044
4.0486600399	-0.44	-0.108	2.044
4.05230402946	-0.5	-0.112	2.044
4.05593514442	-0.548	-0.104	2.044
4.05956792831	-0.548	-0.104	2.044
4.06320905685	-0.6	-0.116	1.944
4.06684207916	-0.64	-0.128	1.784
4.07047605515	-0.64	-0.128	1.784
4.07412600517	-0.688	-0.124	1.608
4.07780003548	-0.728	-0.124	1.44
4.08143401146	-0.752	-0.136	1.24
4.08507204056	-0.752	-0.136	1.24
4.08870697021	-0.748	-0.132	1.048
4.09234714508	-0.764	-0.124	0.868
4.09597992897	-0.764	-0.124	0.868
4.09961295128	-0.756	-0.148	0.672
4.10325312614	-0.736	-0.156	0.488
4.10688900948	-0.72	-0.16	0.308
4.1105260849	-0.72	-0.16	0.308
4.11416506767	-0.684	-0.16	0.136
4.11779999733	-0.652	-0.18	-0.02
4.12143206596	-0.652	-0.18	-0.02
4.12507200241	-0.608	-0.192	-0.164
4.12870597839	-0.568	-0.188	-0.288
4.13234114647	-0.516	-0.204	-0.424
4.13597512245	-0.516	-0.204	-0.424
4.13961005211	-0.432	-0.22	-0.52
4.14324092865	-0.372	-0.212	-0.624
4.14687108994	-0.372	-0.212	-0.624
4.15050005913	-0.296	-0.216	-0.688
4.15413093567	-0.204	-0.212	-0.736
4.15776801109	-0.136	-0.216	-0.764
4.16140198708	-0.136	-0.216	-0.764
4.1650390625	-0.06	-0.176	-0.784
4.16866803169	0.02	-0.176	-0.76
4.17234492302	0.02	-0.176	-0.76
4.17601299286	0.104	-0.184	-0.728
4.17965006828	0.176	-0.172	-0.68
4.18329191208	0.228	-0.156	-0.628
4.18692708015	0.228	-0.156	-0.628
4.19056010246	0.332	-0.164	-0.532
4.19419813156	0.396	-0.156	-0.432
4.19783306122	0.396	-0.156	-0.432
4.2014670372	0.46	-0.148	-0.316
4.20510911942	0.524	-0.14	-0.172
4.2087430954	0.56	-0.136	-0.036
4.21238303185	0.56	-0.136	-0.036
4.21601700783	0.612	-0.128	0.136
4.21965003014	0.648	-0.144	0.304
4.22329497337	0.648	-0.144	0.304
4.22692799568	0.68	-0.132	0.464
4.23056006432	0.696	-0.124	0.652
4.23419904709	0.708	-0.116	0.836
4.2378320694	0.708	-0.116	0.836
4.24146294594	0.72	-0.124	1.036
4.24509811401	0.728	-0.112	1.212
4.24872398376	0.728	-0.112	1.212
4.25235104561	0.724	-0.096	1.392
4.25597906113	0.712	-0.076	1.58
4.25960612297	0.668	-0.072	1.748
4.26323699951	0.668	-0.072	1.748
4.26687812805	0.644	-0.06	1.908
4.27051210403	0.612	-0.044	2.044
4.27415204048	0.612	-0.044	2.044
4.27780199051	0.544	-0.04	2.044
4.28143596649	0.48	-0.032	2.044
4.28507304192	0.416	-0.032	2.044
4.28870391846	0.416	-0.032	2.044
4.29233503342	0.348	-0.04	2.044
4.29596590996	0.268	-0.04	2.044
4.2995929718	0.268	-0.04	2.044
4.30322313309	0.2	-0.04	2.044
4.30686211586	0.14	-0.044	2.044
4.31049513817	0.068	-0.052	2.044
4.31412696838	0.068	-0.052	2.044
4.31775808334	-0.032	-0.048	2.044
4.32138705254	-0.112	-0.076	2.044
4.32508206367	-0.112	-0.076	2.044
4.32872104645	-0.18	-0.068	2.044
4.33235907555	-0.264	-0.084	2.044
4.33599805832	-0.336	-0.092	2.044
4.33963298798	-0.336	-0.092	2.044
4.34327411652	-0.416	-0.1	2.044
4.34691095352	-0.464	-0.112	2.044
4.3505461216	-0.464	-0.112	2.044
4.35418701172	-0.52	-0.112	2.044
4.35782194138	-0.576	-0.116	2.028
4.36145496368	-0.628	-0.12	1.884
4.36509394646	-0.628	-0.12	1.884
4.36872911453	-0.672	-0.116	1.692
4.37237000465	-0.708	-0.12	1.52
4.37600493431	-0.708	-0.12	1.52
4.37966108322	-0.748	-0.12	1.332
4.38330197334	-0.752	-0.132	1.148
4.38693904877	-0.76	-0.136	0.944
4.3905749321	-0.76	-0.136	0.944
4.39421606064	-0.764	-0.132	0.76
4.3978509903	-0.744	-0.136	0.548
4.4014840126	-0.744	-0.136	0.548
4.40512299538	-0.732	-0.16	0.388
4.40875792503	-0.712	-0.16	0.216
4.4123980999	-0.672	-0.176	0.04
4.41603207588	-0.672	-0.176	0.04
4.41966509819	-0.604	-0.176	-0.108
4.42330598831	-0.588	-0.188	-0.244
4.42694211006	-0.588	-0.188	-0.244
4.43057703972	-0.54	-0.192	-0.376
4.43421602249	-0.496	-0.208	-0.48
4.43784999847	-0.4	-0.224	-0.58
4.44148492813	-0.4	-0.224	-0.58
4.445125103	-0.332	-0.2	-0.648
4.44876503944	-0.256	-0.208	-0.708
4.45240497589	-0.256	-0.208	-0.708
4.45603895187	-0.176	-0.204	-0.74
4.45967292786	-0.104	-0.208	-0.768
4.46331310272	-0.016	-0.18	-0.772
4.46694302559	-0.016	-0.18	-0.772
4.47056913376	0.084	-0.18	-0.752
4.47419905663	0.144	-0.18	-0.72
4.47783613205	0.144	-0.18	-0.72
4.48147797585	0.208	-0.176	-0.644
4.48511695862	0.288	-0.156	-0.576
4.48874998093	0.384	-0.164	-0.488
4.49239110947	0.384	-0.164	-0.488
4.49601602554	0.432	-0.152	-0.368
4.49964308739	0.488	-0.144	-0.232
4.50327301025	0.488	-0.144	-0.232
4.50690507889	0.56	-0.14	-0.1
4.51052999496	0.6	-0.144	0.068
4.51415896416	0.644	-0.14	0.224
4.51779508591	0.644	-0.14	0.224
4.52142691612	0.664	-0.132	0.392
4.52506613731	0.7	-0.14	0.58
4.5286989212	0.7	-0.14	0.58
4.5323331356	0.716	-0.124	0.752
4.53596806526	0.724	-0.116	0.936
4.5396001339	0.712	-0.104	1.124
4.54323792458	0.712	-0.104	1.124
4.54687094688	0.728	-0.092	1.32
4.55050301552	0.712	-0.084	1.5
4.55413913727	0.712	-0.084	1.5
4.55776906013	0.684	-0.084	1.672
4.56140494347	0.66	-0.052	1.812
4.56504297256	0.62	-0.056	2.004
4.56867599487	0.62	-0.056	2.004
4.57231497765	0.58	-0.044	2.044
4.57594799995	0.492	-0.036	2.044
4.57958102226	0.492	-0.036	2.044
4.58323907852	0.452	-0.024	2.044
4.58687210083	0.388	-0.028	2.044
4.59050512314	0.3	-0.036	2.044
4.59414291382	0.3	-0.036	2.044
4.59777712822	0.22	-0.036	2.044
4.60140895844	0.164	-0.052	2.044
4.60504794121	0.164	-0.052	2.044
4.60867905617	0.1	-0.048	2.044
4.61236214638	0.004	-0.056	2.044
4.6160030365	-0.092	-0.064	2.044
4.61963891983	-0.092	-0.064	2.044
4.6232790947	-0.152	-0.08	2.044
4.62691307068	-0.236	-0.072	2.044
4.63054704666	-0.236	-0.072	2.044
4.63418698311	-0.304	-0.084	2.044
4.63782095909	-0.38	-0.1	2.044
4.6414539814	-0.448	-0.104	2.044
4.64509391785	-0.448	-0.104	2.044
4.64872694016	-0.508	-0.108	2.044
4.65236592293	-0.556	-0.112	2.044
4.65599799156	-0.556	-0.112	2.044
4.6596300602	-0.604	-0.116	1.94
4.66327214241	-0.636	-0.12	1.768
4.66690897942	-0.688	-0.108	1.6
4.67054200172	-0.688	-0.108	1.6
4.67418503761	-0.712	-0.128	1.432
4.6778190136	-0.74	-0.128	1.228
4.6814520359	-0.74	-0.128	1.228
4.68509912491	-0.756	-0.14	1.028
4.68873405457	-0.772	-0.128	0.84
4.69237303734	-0.764	-0.148	0.66
4.69600701332	-0.764	-0.148	0.66
4.69964504242	-0.744	-0.152	0.472
4.70328402519	-0.704	-0.18	0.316
4.70691895485	-0.704	-0.18	0.316
4.71055197716	-0.696	-0.168	0.132
4.71418404579	-0.64	-0.172	-0.036
4.71781897545	-0.6	-0.188	-0.184
4.72145295143	-0.6	-0.188	-0.184
4.72509002686	-0.548	-0.2	-0.308
4.72872900963	-0.496	-0.2	-0.436
4.73236513138	-0.496	-0.2	-0.436
4.73600006104	-0.436	-0.216	-0.54
4.73963212967	-0.36	-0.22	-0.632
4.74327111244	-0.304	-0.208	-0.688
4.74690198898	-0.304	-0.208	-0.688
4.75052905083	-0.208	-0.212	-0.744
4.75415802002	-0.132	-0.216	-0.768
4.75779414177	-0.132	-0.216	-0.768
4.76142692566	-0.076	-0.176	-0.76
4.76506614685	0.04	-0.184	-0.764
4.76869797707	0.12	-0.18	-0.728
4.77233505249	0.12	-0.18	-0.728
4.77596712112	0.176	-0.18	-0.676
4.77959799767	0.256	-0.16	-0.612
4.78323698044	0.256	-0.16	-0.612
4.78688406944	0.32	-0.152	-0.524
4.79051804543	0.396	-0.16	-0.42
4.79415106773	0.476	-0.164	-0.296
4.79778313637	0.476	-0.164	-0.296
4.80141592026	0.516	-0.132	-0.156
4.80505204201	0.588	-0.144	-0.016
4.80868506432	0.588	-0.144	-0.016
4.81232213974	0.624	-0.14	0.152
4.81595301628	0.656	-0.136	0.32
4.81958413124	0.7	-0.128	0.492
4.82322001457	0.7	-0.128	0.492
4.82685303688	0.716	-0.124	0.664
4.83048295975	0.704	-0.104	0.864
4.83412003517	0.704	-0.104	0.864
4.83775091171	0.72	-0.104	1.044
4.84138607979	0.728	-0.1	1.232
4.84502196312	0.724	-0.096	1.412
4.84866213799	0.724	-0.096	1.412
4.85230302811	0.7	-0.072	1.584
4.85593605042	0.664	-0.064	1.764
4.8595700264	0.664	-0.064	1.764
4.86320900917	0.64	-0.06	1.928
4.86684393883	0.596	-0.072	2.044
4.87047696114	0.536	-0.044	2.044
4.87411093712	0.536	-0.044	2.044
4.87774610519	0.472	-0.024	2.044
4.88137698174	0.42	-0.04	2.044
4.88501501083	0.42	-0.04	2.044
4.88865709305	0.36	-0.028	2.044
4.8922970295	0.256	-0.032	2.044
4.8959300518	0.192	-0.044	2.044
4.89956712723	0.192	-0.044	2.044
4.90320706367	0.136	-0.02	2.044
4.9068441391	0.056	-0.044	2.044
4.91047692299	0.056	-0.044	2.044
4.91411495209	-0.056	-0.056	2.044
4.91775107384	-0.128	-0.084	2.044
4.92138504982	-0.2	-0.072	2.044
4.92502403259	-0.2	-0.072	2.044
4.9286570549	-0.276	-0.08	2.044
4.93229103088	-0.36	-0.1	2.044
4.93592500687	-0.36	-0.1	2.044
4.93955993652	-0.416	-0.104	2.044
4.94320011139	-0.484	-0.116	2.044
4.94683504105	-0.544	-0.116	2.044
4.95046806335	-0.544	-0.116	2.044
4.95410609245	-0.588	-0.116	2.0
4.95773696899	-0.628	-0.124	1.84
4.9613699913	-0.628	-0.124	1.84
4.96500992775	-0.668	-0.12	1.664
4.96864509583	-0.704	-0.116	1.488
4.97228503227	-0.736	-0.112	1.296
4.97591805458	-0.736	-0.112	1.296
4.97955203056	-0.744	-0.132	1.108
4.98319196701	-0.764	-0.124	0.932
4.98682999611	-0.764	-0.124	0.932
4.990473032	-0.764	-0.14	0.728
4.99411201477	-0.756	-0.144	0.564
4.99773907661	-0.736	-0.16	0.376
