Timestamp 	 X-Axis 	 Y-Axis 	 Z-Axis
0.000311136245728	-0.024	0.08	-1.592
0.00265002250671	-0.024	0.08	-1.592
0.00479912757874	0.0	-0.392	2.044
0.00693511962891	0.0	-0.392	2.044
0.00907015800476	-0.076	0.088	-1.104
0.0112299919128	-0.076	0.088	-1.104
0.0133709907532	0.176	-0.264	2.044
0.0155110359192	0.176	-0.264	2.044
0.0176541805267	0.176	-0.264	2.044
0.0198090076447	-0.08	-0.136	1.1
0.0219490528107	-0.08	-0.136	1.1
0.0240881443024	0.072	-0.064	-0.384
0.0262680053711	0.072	-0.064	-0.384
0.028412103653	-0.116	-0.252	2.044
0.0305709838867	-0.116	-0.252	2.044
0.0327119827271	-0.116	-0.252	2.044
0.0348510742188	-0.044	0.116	-1.668
0.0370001792908	-0.044	0.116	-1.668
0.0391440391541	0.064	-0.26	2.044
0.0412831306458	0.064	-0.26	2.044
0.0434210300446	0.064	-0.26	2.044
0.045557975769	-0.048	0.092	-0.764
0.0477011203766	-0.048	0.092	-0.764
0.0498440265656	0.108	-0.18	1.604
0.0519831180573	0.108	-0.18	1.604
0.0541210174561	-0.108	-0.176	1.596
0.0562801361084	-0.108	-0.176	1.596
0.0584230422974	-0.108	-0.176	1.596
0.0605790615082	0.04	-0.036	-0.772
0.06272315979	0.04	-0.036	-0.772
0.0648679733276	-0.064	-0.344	2.044
0.0670080184937	-0.064	-0.344	2.044
0.069149017334	0.016	0.128	-1.672
0.0712881088257	0.016	0.128	-1.672
0.0734269618988	0.016	0.128	-1.672
0.0755641460419	0.028	-0.248	2.044
0.0777130126953	0.028	-0.248	2.044
0.0798580646515	-0.1	0.04	-0.38
0.0819971561432	-0.1	0.04	-0.38
0.084135055542	-0.1	0.04	-0.38
0.0862829685211	0.064	-0.168	1.12
0.0884339809418	0.064	-0.168	1.12
0.0905811786652	-0.104	-0.208	2.044
0.0927290916443	-0.104	-0.208	2.044
0.0948760509491	0.004	0.008	-1.096
0.0970451831818	0.004	0.008	-1.096
0.0991921424866	0.004	0.008	-1.096
0.10135102272	0.068	-0.376	2.044
0.103497982025	0.068	-0.376	2.044
0.105645179749	-0.036	0.104	-1.58
0.107799053192	-0.036	0.104	-1.58
0.109945058823	0.04	-0.3	2.044
0.112090110779	0.04	-0.3	2.044
0.114236116409	0.04	-0.3	2.044
0.11638212204	-0.048	0.0	0.04
0.118520975113	-0.048	0.0	0.04
0.120669126511	-0.008	-0.144	0.644
0.122816085815	-0.008	-0.144	0.644
0.12496304512	-0.008	-0.144	0.644
0.127123117447	-0.108	-0.24	2.044
0.129281044006	-0.108	-0.24	2.044
0.131428956985	-0.024	0.048	-1.352
0.133576154709	-0.024	0.048	-1.352
0.135724067688	-0.06	-0.412	2.044
0.13787817955	-0.06	-0.412	2.044
0.140025138855	-0.06	-0.412	2.044
0.14217209816	-0.084	0.1	-1.424
0.144319057465	-0.084	0.1	-1.424
0.146471977234	0.124	-0.264	2.044
0.148619174957	0.124	-0.264	2.044
0.150763988495	-0.1	-0.06	0.496
0.1529109478	-0.1	-0.06	0.496
0.15505695343	-0.1	-0.06	0.496
0.157222032547	0.092	-0.12	0.184
0.159368038177	0.092	-0.12	0.184
0.161513090134	-0.084	-0.232	2.044
0.16366314888	-0.084	-0.232	2.044
0.165811061859	-0.084	-0.232	2.044
0.167963981628	-0.032	0.08	-1.544
0.170112133026	-0.032	0.08	-1.544
0.172259092331	0.032	-0.244	2.044
0.174404144287	0.032	-0.244	2.044
0.176556110382	-0.04	0.128	-1.188
0.178704023361	-0.04	0.128	-1.188
0.180860042572	-0.04	0.128	-1.188
0.183007001877	0.104	-0.228	2.044
0.185153007507	0.104	-0.228	2.044
0.187304973602	-0.084	-0.108	0.952
0.189450979233	-0.084	-0.108	0.952
0.191611051559	0.044	-0.1	-0.268
0.193758010864	0.044	-0.1	-0.268
0.195914030075	0.044	-0.1	-0.268
0.198066949844	-0.076	-0.288	2.044
0.200215101242	-0.076	-0.288	2.044
0.202362060547	0.016	0.12	-1.648
0.204507112503	0.016	0.12	-1.648
0.206658124924	-0.06	-0.276	2.044
0.208805084229	-0.06	-0.276	2.044
0.210952043533	-0.06	-0.276	2.044
0.213099002838	-0.072	0.096	-0.888
0.215245962143	-0.072	0.096	-0.888
0.217398166656	0.072	-0.196	1.728
0.219546079636	0.072	-0.196	1.728
0.221691131592	0.072	-0.196	1.728
0.223836183548	-0.12	-0.156	1.444
0.225983142853	-0.12	-0.156	1.444
0.228136062622	0.004	-0.056	-0.664
0.230290174484	0.004	-0.056	-0.664
0.232436180115	0.056	-0.32	2.044
0.234581947327	0.056	-0.32	2.044
0.236732959747	0.056	-0.32	2.044
0.238878011703	-0.056	0.096	-1.684
0.241034984589	-0.056	0.096	-1.684
0.243183135986	0.032	-0.344	2.044
0.245327949524	0.032	-0.344	2.044
0.247545003891	-0.04	0.044	-0.516
0.249725103378	-0.04	0.044	-0.516
0.251881122589	-0.04	0.044	-0.516
0.254031181335	0.032	-0.208	1.268
0.256179094315	0.032	-0.208	1.268
0.258334159851	-0.092	-0.196	1.9
0.260483026505	-0.092	-0.196	1.9
0.262634992599	-0.092	-0.196	1.9
0.264800071716	-0.016	-0.016	-0.996
0.266956090927	-0.016	-0.016	-0.996
0.269104957581	-0.032	-0.412	2.044
0.271252155304	-0.032	-0.412	2.044
0.273405075073	-0.032	0.104	-1.624
0.275554180145	-0.032	0.104	-1.624
0.277709007263	-0.032	0.104	-1.624
0.279858112335	0.128	-0.312	2.044
0.282006025314	0.128	-0.312	2.044
0.284152984619	-0.08	0.012	-0.104
0.286307096481	-0.08	0.012	-0.104
0.288455963135	0.108	-0.184	0.8
0.290603160858	0.108	-0.184	0.8
0.292747974396	0.108	-0.184	0.8
0.294895172119	-0.108	-0.216	2.044
0.297055959702	-0.108	-0.216	2.044
0.299204111099	-0.024	0.02	-1.284
0.301362037659	-0.024	0.02	-1.284
0.303508996964	-0.004	-0.252	2.044
0.305658102036	-0.004	-0.252	2.044
0.307811021805	-0.004	-0.252	2.044
0.309960126877	-0.068	0.16	-1.488
0.31210899353	-0.068	0.16	-1.488
0.314259052277	0.068	-0.26	2.044
0.316411972046	0.068	-0.26	2.044
0.318551063538	0.068	-0.26	2.044
0.3207051754	-0.068	-0.04	0.344
0.322848081589	-0.068	-0.04	0.344
0.324988126755	0.144	-0.136	0.336
0.327131032944	0.144	-0.136	0.336
0.329293012619	-0.116	-0.24	2.044
0.331442117691	-0.116	-0.24	2.044
0.33359003067	-0.116	-0.24	2.044
0.335736989975	0.044	0.072	-1.484
0.337891101837	0.044	0.072	-1.484
0.340037107468	-0.056	-0.28	2.044
0.342185974121	-0.056	-0.28	2.044
0.344333171844	-0.036	0.108	-1.272
0.346487998962	-0.036	0.108	-1.272
0.348634958267	-0.036	0.108	-1.272
0.350784063339	0.068	-0.236	2.044
0.352931976318	0.068	-0.236	2.044
0.355077981949	-0.116	-0.088	0.808
0.357231140137	-0.116	-0.088	0.808
0.359380960464	-0.116	-0.088	0.808
0.361541032791	0.044	-0.104	-0.112
0.363692998886	0.044	-0.104	-0.112
0.365839004517	-0.012	-0.296	2.044
0.367989063263	-0.012	-0.296	2.044
0.370138168335	-0.06	0.088	-1.628
0.37228512764	-0.06	0.088	-1.628
0.374434947968	-0.06	0.088	-1.628
0.376608133316	0.104	-0.364	2.044
0.378756999969	0.104	-0.364	2.044
0.3809030056	-0.04	0.092	-0.992
0.383049964905	-0.04	0.092	-0.992
0.385199069977	0.008	-0.248	1.892
0.387353181839	0.008	-0.248	1.892
0.389498949051	0.008	-0.248	1.892
0.391644954681	-0.104	-0.14	1.288
0.393793106079	-0.104	-0.14	1.288
0.395945072174	-0.032	-0.068	-0.524
0.398105144501	-0.032	-0.068	-0.524
0.400257110596	-0.108	-0.376	2.044
0.402405977249	-0.108	-0.376	2.044
0.404553174973	-0.108	-0.376	2.044
0.406707048416	-0.032	0.096	-1.684
0.408868074417	-0.032	0.096	-1.684
0.411017179489	0.112	-0.36	2.044
0.413162946701	0.112	-0.36	2.044
0.415308952332	0.112	-0.36	2.044
0.417528152466	-0.064	0.048	-0.644
0.419680118561	-0.064	0.048	-0.644
0.421837091446	0.164	-0.224	1.42
0.423985004425	0.164	-0.224	1.42
0.426133155823	-0.1	-0.184	1.768
0.428287029266	-0.1	-0.184	1.768
0.430438041687	-0.1	-0.184	1.768
0.432599067688	0.048	-0.02	-0.892
0.434754133224	0.048	-0.02	-0.892
0.436908960342	-0.124	-0.216	2.044
0.43905711174	-0.124	-0.216	2.044
0.441208124161	-0.064	0.14	-1.644
0.44335603714	-0.064	0.14	-1.644
0.445503950119	-0.064	0.14	-1.644
0.447658061981	0.072	-0.284	2.044
0.449807167053	0.072	-0.284	2.044
0.451953172684	-0.072	0.04	-0.244
0.454101085663	-0.072	0.04	-0.244
0.456254005432	0.144	-0.164	0.952
0.458400964737	0.144	-0.164	0.952
0.460546970367	0.144	-0.164	0.952
0.462704181671	-0.108	-0.232	2.044
0.464854001999	-0.108	-0.232	2.044
0.467008113861	0.036	0.028	-1.2
0.469155073166	0.036	0.028	-1.2
0.471302032471	0.036	0.028	-1.2
0.47344994545	-0.088	-0.304	2.044
0.475599050522	-0.088	-0.304	2.044
0.477753162384	-0.024	0.116	-1.536
0.479901075363	-0.024	0.116	-1.536
0.482059955597	0.076	-0.244	2.044
0.48420715332	0.076	-0.244	2.044
0.486361026764	0.076	-0.244	2.044
0.488507986069	-0.116	-0.008	0.224
0.490657091141	-0.116	-0.008	0.224
0.49280500412	0.072	-0.136	0.472
0.494951963425	0.072	-0.136	0.472
0.497110128403	-0.024	-0.304	2.044
0.499258995056	-0.024	-0.304	2.044
0.501407146454	-0.024	-0.304	2.044
0.503559112549	-0.004	0.056	-1.428
0.505707979202	-0.004	0.056	-1.428
0.507863998413	0.1	-0.364	2.044
0.510010957718	0.1	-0.364	2.044
0.512158155441	0.1	-0.364	2.044
0.51430606842	-0.024	0.096	-1.344
0.516460180283	-0.024	0.096	-1.344
0.518601179123	0.004	-0.276	2.044
0.520745038986	0.004	-0.276	2.044
0.522885084152	-0.072	-0.068	0.664
0.525024175644	-0.072	-0.068	0.664
0.527168989182	-0.072	-0.068	0.664
0.529330968857	-0.012	-0.08	0.02
0.531480073929	-0.012	-0.08	0.02
0.533626079559	-0.108	-0.336	2.044
0.535773992538	-0.108	-0.336	2.044
0.537930011749	-0.028	0.084	-1.592
0.540078163147	-0.028	0.084	-1.592
0.542236089706	-0.028	0.084	-1.592
0.544386148453	0.024	-0.392	2.044
0.546543121338	0.024	-0.392	2.044
0.548689126968	-0.084	0.076	-1.084
0.550837039948	-0.084	0.076	-1.084
0.552987098694	0.136	-0.264	2.032
0.555134057999	0.136	-0.264	2.032
0.557286977768	0.136	-0.264	2.032
0.559434175491	-0.092	-0.12	1.148
0.561583042145	-0.092	-0.12	1.148
0.56373500824	0.068	-0.06	-0.408
0.56588101387	0.068	-0.06	-0.408
0.568035125732	0.068	-0.06	-0.408
0.570183992386	-0.1	-0.26	2.044
0.572332143784	-0.1	-0.26	2.044
0.574479103088	-0.036	0.12	-1.672
0.576642036438	-0.036	0.12	-1.672
0.578794002533	0.056	-0.268	2.044
0.580957174301	0.056	-0.268	2.044
0.58310508728	0.056	-0.268	2.044
0.585255146027	-0.056	0.092	-0.752
0.587403059006	-0.056	0.092	-0.752
0.589552164078	0.14	-0.192	1.592
0.591700077057	0.14	-0.192	1.592
0.593847036362	-0.128	-0.172	1.612
0.595998048782	-0.128	-0.172	1.612
0.598152160645	-0.128	-0.172	1.612
0.600301027298	0.032	-0.02	-0.78
0.602458953857	0.032	-0.02	-0.78
0.604607105255	-0.116	-0.34	2.044
0.606760978699	-0.116	-0.34	2.044
0.608910083771	-0.116	-0.34	2.044
0.611057043076	0.0	0.124	-1.684
0.613195180893	0.0	0.124	-1.684
0.615334033966	0.068	-0.248	2.044
0.617486953735	0.068	-0.248	2.044
0.619634151459	-0.092	0.032	-0.372
0.621786117554	-0.092	0.032	-0.372
0.623934030533	-0.092	0.032	-0.372
0.626083135605	0.068	-0.176	1.092
0.628236055374	0.068	-0.176	1.092
0.630387067795	-0.108	-0.212	2.044
0.632536172867	-0.108	-0.212	2.044
0.634684085846	-0.016	0.008	-1.108
0.636837005615	-0.016	0.008	-1.108
0.63898396492	-0.016	0.008	-1.108
0.641132116318	0.052	-0.372	2.044
0.643279075623	0.052	-0.372	2.044
0.645425081253	-0.04	0.116	-1.568
0.647575139999	-0.04	0.116	-1.568
0.649728059769	-0.012	-0.284	2.044
0.651875019073	-0.012	-0.284	2.044
0.654021024704	-0.012	-0.284	2.044
0.656170129776	-0.068	-0.008	0.064
0.65832400322	-0.068	-0.008	0.064
0.660470962524	-0.008	-0.148	0.604
0.662636041641	-0.008	-0.148	0.604
0.664786100388	-0.008	-0.148	0.604
0.666952133179	-0.092	-0.244	2.044
0.669100046158	-0.092	-0.244	2.044
0.671247959137	0.004	0.068	-1.364
0.673396110535	0.004	0.068	-1.364
0.675543069839	-0.028	-0.416	2.044
0.677698135376	-0.028	-0.416	2.044
0.679850101471	-0.028	-0.416	2.044
0.681998968124	-0.084	0.088	-1.412
0.684146165848	-0.084	0.088	-1.412
0.686299085617	0.148	-0.3	2.044
0.688446998596	0.148	-0.3	2.044
0.690593957901	-0.088	-0.056	0.532
0.692742109299	-0.088	-0.056	0.532
0.694889068604	-0.088	-0.056	0.532
0.697047948837	0.048	-0.112	0.148
0.699195146561	0.048	-0.112	0.148
0.701339960098	-0.084	-0.232	2.044
0.703487157822	-0.084	-0.232	2.044
0.705649137497	-0.084	-0.232	2.044
0.707803010941	-0.048	0.064	-1.536
0.709951162338	-0.048	0.064	-1.536
0.712099075317	0.0	-0.312	2.044
0.714239120483	0.0	-0.312	2.044
0.716385126114	-0.044	0.12	-1.168
0.718526124954	-0.044	0.12	-1.168
0.720667123795	-0.044	0.12	-1.168
0.722818136215	0.14	-0.208	2.044
0.724956989288	0.14	-0.208	2.044
0.72710108757	-0.096	-0.124	1.008
0.729258060455	-0.096	-0.124	1.008
0.731409072876	0.06	-0.088	-0.288
0.733556032181	0.06	-0.088	-0.288
0.73570394516	0.06	-0.088	-0.288
0.737859010696	-0.104	-0.288	2.044
0.740007162094	-0.104	-0.288	2.044
0.742155075073	0.012	0.124	-1.656
0.744302988052	0.012	0.124	-1.656
0.74645614624	0.012	0.124	-1.656
0.748602151871	-0.024	-0.24	2.044
0.750751018524	-0.024	-0.24	2.044
0.752900123596	-0.084	0.096	-0.856
0.755048036575	-0.084	0.096	-0.856
0.757203102112	0.068	-0.2	1.708
0.759350061417	0.068	-0.2	1.708
0.761497974396	0.068	-0.2	1.708
0.763672113419	-0.112	-0.156	1.48
0.765820980072	-0.112	-0.156	1.48
0.767976045609	0.016	-0.06	-0.684
0.770127058029	0.016	-0.06	-0.684
0.77227306366	0.076	-0.316	2.044
0.77441906929	0.076	-0.316	2.044
0.776591062546	0.076	-0.316	2.044
0.778738975525	-0.02	0.12	-1.668
0.780887126923	-0.02	0.12	-1.668
0.783044099808	0.0	-0.332	2.044
0.785184144974	0.0	-0.332	2.044
0.787328958511	-0.056	0.048	-0.484
0.789476156235	-0.056	0.048	-0.484
0.791624069214	-0.056	0.048	-0.484
0.793785095215	0.02	-0.2	1.22
0.795935153961	0.02	-0.2	1.22
0.79808807373	-0.112	-0.196	1.94
0.80023598671	-0.112	-0.196	1.94
0.8028819561	-0.012	-0.008	-1.024
0.805037021637	-0.012	-0.008	-1.024
0.807193994522	-0.012	-0.008	-1.024
0.809345006943	0.004	-0.416	2.044
0.811491012573	0.004	-0.416	2.044
0.813637018204	-0.052	0.104	-1.62
0.815785169601	-0.052	0.104	-1.62
0.817939996719	0.14	-0.324	2.044
0.820088148117	0.14	-0.324	2.044
0.822234153748	0.14	-0.324	2.044
0.824381113052	-0.064	0.016	-0.06
0.826536178589	-0.064	0.016	-0.06
0.828683137894	0.076	-0.176	0.768
0.830832958221	0.076	-0.176	0.768
0.832980155945	0.076	-0.176	0.768
0.835126161575	-0.108	-0.22	2.044
0.837284088135	-0.108	-0.22	2.044
0.83944106102	-0.048	0.044	-1.296
0.841590166092	-0.048	0.044	-1.296
0.843748092651	-0.012	-0.292	2.044
0.845899105072	-0.012	-0.292	2.044
0.848052978516	-0.012	-0.292	2.044
0.850202083588	-0.068	0.14	-1.452
0.852349996567	-0.068	0.14	-1.452
0.854496002197	0.052	-0.268	2.044
0.856666088104	0.052	-0.268	2.044
0.858814001083	-0.084	-0.056	0.388
0.860962152481	-0.084	-0.056	0.388
0.863113164902	-0.084	-0.056	0.388
0.865262031555	0.116	-0.144	0.288
0.867410182953	0.116	-0.144	0.288
0.869558095932	-0.132	-0.248	2.044
0.871706962585	-0.132	-0.248	2.044
0.873875141144	0.048	0.072	-1.508
0.876024007797	0.048	0.072	-1.508
0.878177165985	0.048	0.072	-1.508
0.88032412529	-0.048	-0.232	2.044
0.882472038269	-0.048	-0.232	2.044
0.884619951248	-0.068	0.14	-1.256
0.886773109436	-0.068	0.14	-1.256
0.88892698288	-0.068	0.14	-1.256
0.891075134277	0.096	-0.224	2.044
0.893221139908	0.096	-0.224	2.044
0.895368099213	-0.092	-0.092	0.86
0.897525072098	-0.092	-0.092	0.86
0.899672985077	0.056	-0.116	-0.168
0.901818990707	0.056	-0.116	-0.168
0.903977155685	0.056	-0.116	-0.168
0.906126022339	0.0	-0.268	2.044
0.908271074295	0.0	-0.268	2.044
0.910408973694	-0.044	0.096	-1.628
0.912557125092	-0.044	0.096	-1.628
0.914704084396	0.048	-0.34	2.044
0.916856050491	0.048	-0.34	2.044
0.918996095657	0.048	-0.34	2.044
0.921138048172	-0.052	0.092	-0.932
0.923278093338	-0.052	0.092	-0.932
0.925418138504	0.008	-0.232	1.848
0.927572965622	0.008	-0.232	1.848
0.929727077484	0.008	-0.232	1.848
0.931874036789	-0.112	-0.14	1.332
0.934021949768	-0.112	-0.14	1.332
0.936169147491	-0.008	-0.068	-0.564
0.938325166702	-0.008	-0.068	-0.564
0.940474033356	-0.084	-0.38	2.044
0.942620992661	-0.084	-0.38	2.044
0.944782018661	-0.084	-0.38	2.044
0.946935176849	-0.052	0.1	-1.68
0.949083089828	-0.052	0.1	-1.68
0.951230049133	0.132	-0.356	2.044
0.953379154205	0.132	-0.356	2.044
0.955525159836	-0.048	0.068	-0.604
0.957679986954	-0.048	0.068	-0.604
0.959829092026	-0.048	0.068	-0.604
0.961977005005	0.1	-0.228	1.384
0.964136123657	0.1	-0.228	1.384
0.966289043427	-0.08	-0.184	1.804
0.968439102173	-0.08	-0.184	1.804
0.970587968826	0.0	-0.04	-0.924
0.972728013992	0.0	-0.04	-0.924
0.974868059158	0.0	-0.04	-0.924
0.977015018463	-0.044	-0.284	2.044
0.979164123535	-0.044	-0.284	2.044
0.98131108284	-0.028	0.14	-1.636
0.983458042145	-0.028	0.14	-1.636
0.985607147217	-0.028	0.14	-1.636
0.987761974335	0.04	-0.292	2.044
0.989907979965	0.04	-0.292	2.044
0.992053031921	-0.084	0.028	-0.176
0.994201183319	-0.084	0.028	-0.176
0.996369123459	0.156	-0.188	0.904
0.998516082764	0.156	-0.188	0.904
1.00068306923	0.156	-0.188	0.904
1.00283098221	-0.12	-0.228	2.044
1.00497913361	-0.12	-0.228	2.044
1.00713205338	0.06	0.02	-1.228
1.00928115845	0.06	0.02	-1.228
1.01142716408	-0.12	-0.252	2.044
1.01357507706	-0.12	-0.252	2.044
1.0157251358	-0.12	-0.252	2.044
1.01787996292	-0.064	0.12	-1.528
1.02002811432	-0.064	0.12	-1.528
1.02217698097	0.132	-0.244	2.044
1.02433300018	0.132	-0.244	2.044
1.02648210526	0.132	-0.244	2.044
1.02862906456	-0.064	-0.052	0.26
1.03078007698	-0.064	-0.052	0.26
1.03293895721	0.116	-0.132	0.436
1.03508496284	0.116	-0.132	0.436
1.03723597527	-0.036	-0.268	2.044
1.03938317299	-0.036	-0.268	2.044
1.04153203964	-0.036	-0.268	2.044
1.04367899895	-0.02	0.06	-1.468
1.04582715034	-0.02	0.06	-1.468
1.04798102379	0.056	-0.364	2.044
1.05012917519	0.056	-0.364	2.044
1.05227708817	-0.024	0.108	-1.316
1.05442500114	-0.024	0.108	-1.316
1.05657505989	-0.024	0.108	-1.316
1.05872297287	0.02	-0.284	2.044
1.0608689785	0.02	-0.284	2.044
1.0630171299	-0.096	-0.076	0.708
1.06516599655	-0.096	-0.076	0.708
1.06731915474	-0.096	-0.076	0.708
1.06946897507	0.0	-0.1	-0.032
1.07160806656	0.0	-0.1	-0.032
1.07374715805	-0.084	-0.348	2.044
1.07589411736	-0.084	-0.348	2.044
1.07804703712	-0.032	0.08	-1.616
1.0801961422	-0.032	0.08	-1.616
1.08234405518	-0.032	0.08	-1.616
1.08450102806	0.096	-0.372	2.044
1.08664798737	0.096	-0.372	2.044
1.08880710602	-0.084	0.08	-1.056
1.09095406532	-0.084	0.08	-1.056
1.09310007095	0.08	-0.264	1.972
1.09524512291	0.08	-0.264	1.972
1.09740495682	0.08	-0.264	1.972
1.09955310822	-0.088	-0.132	1.192
1.10170102119	-0.088	-0.132	1.192
1.10384917259	-0.004	-0.052	-0.448
1.10599803925	-0.004	-0.052	-0.448
1.10814809799	-0.092	-0.284	2.044
1.11028814316	-0.092	-0.284	2.044
1.11242794991	-0.092	-0.284	2.044
1.11456894875	-0.004	0.108	-1.664
1.11670899391	-0.004	0.108	-1.664
1.11885094643	0.036	-0.328	2.044
1.12099099159	0.036	-0.328	2.044
1.12313103676	0.036	-0.328	2.044
1.12526702881	-0.044	0.076	-0.716
1.12741208076	-0.044	0.076	-0.716
1.12958598137	0.192	-0.192	1.528
1.13173413277	0.192	-0.192	1.528
1.13389205933	-0.124	-0.176	1.664
1.1360411644	-0.124	-0.176	1.664
1.13819599152	-0.124	-0.176	1.664
1.14034414291	0.072	-0.02	-0.832
1.14249110222	0.072	-0.02	-0.832
1.14468002319	-0.184	-0.284	2.044
1.14683699608	-0.184	-0.284	2.044
1.14898514748	-0.072	0.112	-1.664
1.15113210678	-0.072	0.112	-1.664
1.15328097343	-0.072	0.112	-1.664
1.15542817116	0.112	-0.244	2.044
1.15758109093	0.112	-0.244	2.044
1.15972805023	-0.092	0.032	-0.324
1.16187810898	-0.092	0.032	-0.324
1.1640291214	-0.092	0.032	-0.324
1.16617512703	0.088	-0.16	1.052
1.1683280468	0.088	-0.16	1.052
1.17047405243	-0.1	-0.224	2.044
1.17262005806	-0.1	-0.224	2.044
1.17476916313	0.012	0.012	-1.144
1.1769349575	0.012	0.012	-1.144
1.17908096313	0.012	0.012	-1.144
1.18122696877	0.02	-0.344	2.044
1.1833729744	0.02	-0.344	2.044
1.18552112579	-0.008	0.124	-1.564
1.18767404556	-0.008	0.124	-1.564
1.18982100487	0.0	-0.3	2.044
1.19196009636	0.0	-0.3	2.044
1.19410014153	0.0	-0.3	2.044
1.19627213478	-0.088	-0.012	0.108
1.19842195511	-0.088	-0.012	0.108
1.20057010651	0.016	-0.136	0.556
1.20271706581	0.016	-0.136	0.556
1.20487213135	-0.08	-0.284	2.044
1.20702505112	-0.08	-0.284	2.044
1.20917606354	-0.08	-0.284	2.044
1.21132302284	0.0	0.056	-1.384
1.21345996857	0.0	0.056	-1.384
1.2156059742	0.036	-0.4	2.044
1.21775817871	0.036	-0.4	2.044
1.21990394592	0.036	-0.4	2.044
1.22204899788	-0.072	0.088	-1.408
1.22419714928	-0.072	0.088	-1.408
1.22635102272	0.096	-0.288	2.044
1.22849798203	0.096	-0.288	2.044
1.23065710068	-0.072	-0.064	0.572
1.232817173	-0.072	-0.064	0.572
1.23496413231	-0.072	-0.064	0.572
1.2371160984	0.008	-0.1	0.084
1.23926210403	0.008	-0.1	0.084
1.24140906334	-0.088	-0.26	2.044
1.24355602264	-0.088	-0.26	2.044
1.24570298195	-0.032	0.084	-1.572
1.24785709381	-0.032	0.084	-1.572
1.25000405312	-0.032	0.084	-1.572
1.25215101242	-0.04	-0.356	2.044
1.25429797173	-0.04	-0.356	2.044
1.25645399094	-0.06	0.104	-1.148
1.25860309601	-0.06	0.104	-1.148
1.26075005531	-0.06	0.104	-1.148
1.26289916039	0.168	-0.228	2.044
1.26505708694	0.168	-0.228	2.044
1.26721096039	-0.104	-0.128	1.06
1.26935815811	-0.104	-0.128	1.06
1.27150607109	0.12	-0.068	-0.332
1.27365398407	0.12	-0.068	-0.332
1.27580118179	0.12	-0.068	-0.332
1.27795505524	-0.112	-0.28	2.044
1.28010296822	-0.112	-0.28	2.044
1.28225111961	-0.02	0.096	-1.656
1.28439903259	-0.02	0.096	-1.656
1.28655195236	0.06	-0.232	2.044
1.28873515129	0.06	-0.232	2.044
1.29088401794	0.06	-0.232	2.044
1.29303312302	-0.068	0.1	-0.824
1.29518008232	-0.068	0.1	-0.824
1.29733800888	0.096	-0.208	1.648
1.29948401451	0.096	-0.208	1.648
1.30163002014	-0.116	-0.164	1.528
1.30377697945	-0.116	-0.164	1.528
1.30592513084	-0.116	-0.164	1.528
1.30807805061	-0.008	-0.016	-0.728
1.31022715569	-0.008	-0.016	-0.728
1.31237411499	0.012	-0.332	2.044
1.3145210743	0.012	-0.332	2.044
1.31667304039	0.012	-0.332	2.044
1.31881213188	0.012	0.108	-1.676
1.32096099854	0.012	0.108	-1.676
1.32310009003	-0.004	-0.292	2.044
1.32524895668	-0.004	-0.292	2.044
1.32739305496	-0.072	0.04	-0.436
1.3295481205	-0.072	0.04	-0.436
1.33169603348	-0.072	0.04	-0.436
1.33384299278	0.044	-0.184	1.172
1.33598899841	0.044	-0.184	1.172
1.33814406395	-0.108	-0.2	1.988
1.34029102325	-0.108	-0.2	1.988
1.34243798256	-0.016	0.004	-1.056
1.34458518028	-0.016	0.004	-1.056
1.34673905373	-0.016	0.004	-1.056
1.34888601303	0.048	-0.408	2.044
1.35103201866	0.048	-0.408	2.044
1.35317897797	-0.08	0.112	-1.6
1.35532617569	-0.08	0.112	-1.6
1.35750317574	-0.08	0.112	-1.6
1.35965108871	0.088	-0.32	2.044
1.36179804802	0.088	-0.32	2.044
1.36394715309	-0.04	0.008	-0.008
1.36609315872	-0.04	0.008	-0.008
1.3682410717	0.036	-0.164	0.7
1.37038707733	0.036	-0.164	0.7
1.37253308296	0.036	-0.164	0.7
1.37467908859	-0.092	-0.208	2.044
1.37684607506	-0.092	-0.208	2.044
1.37899208069	-0.016	0.048	-1.324
1.38113903999	-0.016	0.048	-1.324
1.38328695297	-0.044	-0.392	2.044
1.38548207283	-0.044	-0.392	2.044
1.38763809204	-0.044	-0.392	2.044
1.38978505135	-0.056	0.1	-1.444
1.39193201065	-0.056	0.1	-1.444
1.39408016205	0.112	-0.276	2.044
1.39626097679	0.112	-0.276	2.044
1.39840912819	-0.104	-0.056	0.444
1.40055704117	-0.104	-0.056	0.444
1.40270495415	-0.104	-0.056	0.444
1.40485095978	0.104	-0.148	0.232
1.40700411797	0.104	-0.148	0.232
1.40915298462	-0.124	-0.248	2.044
1.41130113602	-0.124	-0.248	2.044
1.41344714165	-0.124	-0.248	2.044
1.41560602188	-0.012	0.06	-1.536
1.41776108742	-0.012	0.06	-1.536
1.41990804672	0.0	-0.22	2.044
1.42204499245	0.0	-0.22	2.044
1.42418408394	-0.06	0.152	-1.208
1.42633795738	-0.06	0.152	-1.208
1.42848610878	-0.06	0.152	-1.208
1.43063616753	0.096	-0.216	2.044
1.43279600143	0.096	-0.216	2.044
1.43494200706	-0.092	-0.1	0.916
1.43709516525	-0.092	-0.1	0.916
1.43924212456	0.064	-0.112	-0.208
1.44139003754	0.064	-0.112	-0.208
1.44353795052	0.064	-0.112	-0.208
1.44569396973	-0.04	-0.276	2.044
1.44784808159	-0.04	-0.276	2.044
1.44999694824	0.02	0.112	-1.636
1.4521420002	0.02	0.112	-1.636
1.45428705215	0.02	0.112	-1.636
1.45643997192	-0.04	-0.312	2.044
1.45858812332	-0.04	-0.312	2.044
1.46073508263	-0.056	0.076	-0.896
1.46293306351	-0.056	0.076	-0.896
1.46508598328	0.044	-0.212	1.792
1.46723914146	0.044	-0.212	1.792
1.46938610077	0.044	-0.212	1.792
1.4715321064	-0.112	-0.144	1.384
1.47368216515	-0.112	-0.144	1.384
1.47582912445	0.0	-0.064	-0.616
1.47797513008	0.0	-0.064	-0.616
1.48011398315	-0.004	-0.368	2.044
1.48226213455	-0.004	-0.368	2.044
1.48440909386	-0.004	-0.368	2.044
1.48656201363	-0.08	0.112	-1.66
1.4887239933	-0.08	0.112	-1.66
1.4908721447	0.112	-0.356	2.044
1.49301815033	0.112	-0.356	2.044
1.49516415596	-0.036	0.056	-0.58
1.49732303619	-0.036	0.056	-0.58
1.49947094917	-0.036	0.056	-0.58
1.5016169548	0.06	-0.22	1.32
1.50376296043	0.06	-0.22	1.32
1.50592017174	-0.088	-0.192	1.852
1.50807595253	-0.088	-0.192	1.852
1.51022410393	-0.088	-0.192	1.852
1.51237297058	-0.024	-0.032	-0.968
1.51452207565	-0.024	-0.032	-0.968
1.51667904854	-0.024	-0.36	2.044
1.5188190937	-0.024	-0.36	2.044
1.52096104622	-0.032	0.128	-1.632
1.52310013771	-0.032	0.128	-1.632
1.52523899078	-0.032	0.128	-1.632
1.52738308907	0.1	-0.32	2.044
1.52954316139	0.1	-0.32	2.044
1.53169107437	-0.072	0.02	-0.136
1.53383803368	-0.072	0.02	-0.136
1.53598499298	0.14	-0.176	0.84
1.53814005852	0.14	-0.176	0.84
1.54028606415	0.14	-0.176	0.84
1.5424311161	-0.108	-0.22	2.044
1.54457998276	-0.108	-0.22	2.044
1.54673504829	0.008	0.012	-1.256
1.54888296127	0.008	0.012	-1.256
1.5510289669	0.008	0.012	-1.256
1.55317616463	-0.068	-0.208	2.044
1.55532407761	-0.068	-0.208	2.044
1.55750107765	-0.072	0.148	-1.496
1.55964899063	-0.072	0.148	-1.496
1.5617980957	0.072	-0.264	2.044
1.56394815445	0.072	-0.264	2.044
1.56610298157	0.072	-0.264	2.044
1.56825494766	-0.076	-0.044	0.296
1.57040214539	-0.076	-0.044	0.296
1.57254815102	0.132	-0.136	0.368
1.57469201088	0.132	-0.136	0.368
1.57685804367	-0.1	-0.252	2.044
1.57900714874	-0.1	-0.252	2.044
1.58115410805	-0.1	-0.252	2.044
1.58330011368	0.024	0.064	-1.476
1.58544707298	0.024	0.064	-1.476
1.58759999275	-0.024	-0.3	2.044
1.58974695206	-0.024	-0.3	2.044
1.59189605713	-0.024	-0.3	2.044
1.59404397011	-0.04	0.112	-1.3
1.59619498253	-0.04	0.112	-1.3
1.59835100174	0.044	-0.256	2.044
1.60049700737	0.044	-0.256	2.044
1.60264396667	-0.116	-0.08	0.776
1.6047911644	-0.116	-0.08	0.776
1.60694313049	-0.116	-0.08	0.776
1.60909414291	0.032	-0.104	-0.084
1.61124110222	0.032	-0.104	-0.084
1.61338710785	-0.044	-0.348	2.044
1.61553406715	-0.044	-0.348	2.044
1.61768317223	-0.048	0.076	-1.612
1.61983013153	-0.048	0.076	-1.612
1.62197709084	-0.048	0.076	-1.612
1.62412595749	0.156	-0.376	2.044
1.62628912926	0.156	-0.376	2.044
1.62843704224	-0.044	0.08	-1.004
1.63058900833	-0.044	0.08	-1.004
1.63275003433	0.024	-0.268	1.92
1.63489699364	0.024	-0.268	1.92
1.63704895973	0.024	-0.268	1.92
1.63919496536	-0.08	-0.132	1.248
1.64134407043	-0.08	-0.132	1.248
1.64349102974	-0.02	-0.068	-0.512
1.64563918114	-0.02	-0.068	-0.512
1.64778804779	-0.02	-0.068	-0.512
1.64993596077	-0.132	-0.34	2.044
1.65208411217	-0.132	-0.34	2.044
1.65423202515	-0.036	0.108	-1.668
1.65638613701	-0.036	0.108	-1.668
1.65853595734	0.072	-0.364	2.044
1.66072201729	0.072	-0.364	2.044
1.66287398338	0.072	-0.364	2.044
1.66502308846	-0.076	0.064	-0.676
1.66717815399	-0.076	0.064	-0.676
1.66932606697	0.168	-0.216	1.456
1.6714720726	0.168	-0.216	1.456
1.67362117767	-0.092	-0.18	1.724
1.67576909065	-0.092	-0.18	1.724
1.6779229641	-0.092	-0.18	1.724
1.68007111549	0.052	-0.024	-0.876
1.68221902847	0.052	-0.024	-0.876
1.68436598778	-0.16	-0.232	2.044
1.68652915955	-0.16	-0.232	2.044
1.68867707253	-0.072	0.124	-1.66
1.69082713127	-0.072	0.124	-1.66
1.69297409058	-0.072	0.124	-1.66
1.69512009621	0.064	-0.26	2.044
1.69727706909	0.064	-0.26	2.044
1.69942307472	-0.08	0.04	-0.272
1.70157003403	-0.08	0.04	-0.272
1.70371603966	-0.08	0.04	-0.272
1.70586514473	0.136	-0.18	0.984
1.70801901817	0.136	-0.18	0.984
1.7101650238	-0.116	-0.216	2.044
1.7123131752	-0.116	-0.216	2.044
1.71446013451	0.052	0.032	-1.176
1.71661305428	0.052	0.032	-1.176
1.71875095367	0.052	0.032	-1.176
1.72089409828	-0.072	-0.324	2.044
1.7230360508	-0.072	-0.324	2.044
1.72517609596	-0.016	0.116	-1.54
1.72731995583	-0.016	0.116	-1.54
1.72947502136	0.076	-0.264	2.044
1.73162317276	0.076	-0.264	2.044
1.73376917839	0.076	-0.264	2.044
1.7359161377	-0.1	-0.02	0.184
1.73807215691	-0.1	-0.02	0.184
1.74022316933	0.064	-0.14	0.504
1.74236798286	0.064	-0.14	0.504
1.74451303482	0.064	-0.14	0.504
1.74667406082	-0.032	-0.288	2.044
1.74882102013	-0.032	-0.288	2.044
1.75096607208	-0.004	0.044	-1.416
1.75311613083	-0.004	0.044	-1.416
1.75526213646	0.096	-0.384	2.044
1.75740814209	0.096	-0.384	2.044
1.75955510139	0.096	-0.384	2.044
1.76170301437	-0.056	0.088	-1.364
1.76385498047	-0.056	0.088	-1.364
1.76600313187	0.032	-0.26	2.044
1.76815605164	0.032	-0.26	2.044
1.77030301094	-0.06	-0.068	0.628
1.77244997025	-0.06	-0.068	0.628
1.77459716797	-0.06	-0.068	0.628
1.77676296234	-0.024	-0.088	0.04
1.77891111374	-0.024	-0.088	0.04
1.78105807304	-0.092	-0.312	2.044
1.78320407867	-0.092	-0.312	2.044
1.78535294533	-0.092	-0.312	2.044
1.78750705719	-0.024	0.096	-1.584
1.78965401649	-0.024	0.096	-1.584
1.7918009758	-0.016	-0.384	2.044
1.79394698143	-0.016	-0.384	2.044
1.79609704018	-0.092	0.084	-1.1
1.79824995995	-0.092	0.084	-1.1
1.80039715767	-0.092	0.084	-1.1
1.80254507065	0.16	-0.252	2.044
1.80469107628	0.16	-0.252	2.044
1.80685210228	-0.092	-0.12	1.116
1.80900216103	-0.092	-0.12	1.116
1.81114912033	0.08	-0.06	-0.384
1.81329607964	0.08	-0.06	-0.384
1.81544208527	0.08	-0.06	-0.384
1.81759810448	-0.104	-0.248	2.044
1.81974506378	-0.104	-0.248	2.044
1.82189202309	-0.04	0.108	-1.66
1.82403898239	-0.04	0.108	-1.66
1.82618713379	0.072	-0.272	2.044
1.82833909988	0.072	-0.272	2.044
1.83048796654	0.072	-0.272	2.044
1.83263611794	-0.044	0.1	-0.772
1.83478307724	-0.044	0.1	-0.772
1.83693814278	0.128	-0.172	1.588
1.83908414841	0.128	-0.172	1.588
1.84123110771	0.128	-0.172	1.588
1.84337711334	-0.136	-0.168	1.584
1.84552407265	-0.136	-0.168	1.584
1.84768509865	0.032	-0.028	-0.76
1.84983301163	0.032	-0.028	-0.76
1.85198116302	-0.092	-0.336	2.044
1.85412812233	-0.092	-0.336	2.044
1.85628199577	-0.092	-0.336	2.044
1.85843110085	0.004	0.124	-1.668
1.86057710648	0.004	0.124	-1.668
1.8627281189	0.052	-0.256	2.044
1.8648879528	0.052	-0.256	2.044
1.86704611778	-0.096	0.044	-0.4
1.86919307709	-0.096	0.044	-0.4
1.87133908272	-0.096	0.044	-0.4
1.8734869957	0.068	-0.184	1.116
1.875633955	0.068	-0.184	1.116
1.87778711319	-0.092	-0.204	2.044
1.87993597984	-0.092	-0.204	2.044
1.88211417198	-0.092	-0.204	2.044
1.88426303864	0.004	0.0	-1.088
1.88640713692	0.004	0.0	-1.088
1.88854503632	0.076	-0.372	2.044
1.8906929493	0.076	-0.372	2.044
1.89283895493	-0.048	0.108	-1.572
1.89498710632	-0.048	0.108	-1.572
1.89714717865	-0.048	0.108	-1.572
1.8992960453	0.02	-0.308	2.044
1.90144205093	0.02	-0.308	2.044
1.90358805656	-0.056	0.004	0.036
1.90573501587	-0.056	0.004	0.036
1.90788817406	-0.016	-0.144	0.64
1.91003513336	-0.016	-0.144	0.64
1.91218209267	-0.016	-0.144	0.64
1.9143280983	-0.108	-0.24	2.044
1.91648197174	-0.108	-0.24	2.044
1.91862201691	-0.02	0.056	-1.348
1.92077517509	-0.02	0.056	-1.348
1.92291498184	-0.02	0.056	-1.348
1.92505407333	-0.052	-0.412	2.044
1.92720794678	-0.052	-0.412	2.044
1.92936396599	-0.056	0.108	-1.44
1.93151307106	-0.056	0.108	-1.44
1.93366098404	0.152	-0.276	2.044
1.93580698967	0.152	-0.276	2.044
1.93796110153	0.152	-0.276	2.044
1.94010615349	-0.088	-0.052	0.504
1.94225311279	-0.088	-0.052	0.504
1.9444000721	0.1	-0.124	0.192
1.94655394554	0.1	-0.124	0.192
1.94870114326	-0.084	-0.228	2.044
1.95084905624	-0.084	-0.228	2.044
1.95299816132	-0.084	-0.228	2.044
1.9551460743	-0.048	0.08	-1.544
1.95729899406	-0.048	0.08	-1.544
1.95944714546	0.012	-0.276	2.044
1.96159601212	0.012	-0.276	2.044
1.96374607086	-0.06	0.12	-1.168
1.96589398384	-0.06	0.12	-1.168
1.96804904938	-0.06	0.12	-1.168
1.97019815445	0.116	-0.216	2.044
1.97234416008	0.116	-0.216	2.044
1.97448897362	-0.092	-0.12	0.972
1.97664117813	-0.092	-0.12	0.972
1.97878909111	-0.092	-0.12	0.972
1.98093509674	0.048	-0.084	-0.256
1.98308205605	0.048	-0.084	-0.256
1.98522996902	-0.096	-0.288	2.044
1.98739314079	-0.096	-0.288	2.044
1.98954105377	0.036	0.108	-1.644
1.99169898033	0.036	0.108	-1.644
1.9938480854	0.036	0.108	-1.644
1.99599695206	-0.056	-0.256	2.044
1.99815201759	-0.056	-0.256	2.044
2.00030016899	-0.076	0.088	-0.88
2.00244998932	-0.076	0.088	-0.88
2.00459694862	0.068	-0.2	1.724
2.00674915314	0.068	-0.2	1.724
2.00891017914	0.068	-0.2	1.724
2.01105713844	-0.116	-0.152	1.452
2.01320505142	-0.116	-0.152	1.452
2.01535105705	-0.008	-0.06	-0.656
2.01750612259	-0.008	-0.06	-0.656
2.01965308189	-0.008	-0.06	-0.656
2.0218000412	0.068	-0.32	2.044
2.0239470005	0.068	-0.32	2.044
2.0260951519	-0.04	0.12	-1.66
2.02824902534	-0.04	0.12	-1.66
2.03039908409	0.028	-0.332	2.044
2.0325460434	0.028	-0.332	2.044
2.0346930027	0.028	-0.332	2.044
2.03684616089	-0.052	0.056	-0.504
2.03899312019	-0.052	0.056	-0.504
2.04114198685	0.012	-0.216	1.256
2.04328799248	0.012	-0.216	1.256
2.04543399811	-0.108	-0.2	1.92
2.04759716988	-0.108	-0.2	1.92
2.0497469902	-0.108	-0.2	1.92
2.05189299583	-0.024	0.0	-1.004
2.054033041	-0.024	0.0	-1.004
2.05617308617	-0.028	-0.416	2.044
2.05832314491	-0.028	-0.416	2.044
2.06047010422	-0.056	0.108	-1.62
2.06262016296	-0.056	0.108	-1.62
2.06478095055	-0.056	0.108	-1.62
2.06693506241	0.136	-0.312	2.044
2.06908011436	0.136	-0.312	2.044
2.07122612	-0.048	0.012	-0.084
2.07337498665	-0.048	0.012	-0.084
2.07552194595	-0.048	0.012	-0.084
2.07767605782	0.116	-0.176	0.776
2.07982301712	0.116	-0.176	0.776
2.08196997643	-0.088	-0.208	2.044
2.08411717415	-0.088	-0.208	2.044
2.08626508713	-0.032	0.024	-1.296
2.08841204643	-0.032	0.024	-1.296
2.09056210518	-0.032	0.024	-1.296
2.09270811081	0.004	-0.276	2.044
2.09485316277	0.004	-0.276	2.044
2.09701013565	-0.072	0.148	-1.476
2.09915804863	-0.072	0.148	-1.476
2.10130405426	0.048	-0.264	2.044
2.10344910622	0.048	-0.264	2.044
2.1055970192	0.048	-0.264	2.044
2.10775613785	-0.092	-0.028	0.356
2.10989403725	-0.092	-0.028	0.356
2.11203217506	0.108	-0.152	0.328
2.11417102814	0.108	-0.152	0.328
2.11632299423	0.108	-0.152	0.328
2.11846613884	-0.14	-0.248	2.044
2.12060713768	-0.14	-0.248	2.044
2.12274718285	0.068	0.072	-1.496
2.12488508224	0.068	0.072	-1.496
2.12702798843	-0.044	-0.244	2.044
2.12919211388	-0.044	-0.244	2.044
2.13136816025	-0.044	-0.244	2.044
2.13351798058	-0.06	0.132	-1.252
2.13566613197	-0.06	0.132	-1.252
2.13783407211	0.1	-0.22	2.044
2.13998103142	0.1	-0.22	2.044
2.14212703705	-0.112	-0.088	0.848
2.14427399635	-0.112	-0.088	0.848
2.14642810822	-0.112	-0.088	0.848
2.14857506752	0.06	-0.116	-0.14
2.15072202682	0.06	-0.116	-0.14
2.15288305283	-0.004	-0.276	2.044
2.15503001213	-0.004	-0.276	2.044
2.15718317032	-0.004	-0.276	2.044
2.15932798386	-0.04	0.1	-1.632
2.1614780426	-0.04	0.1	-1.632
2.16362905502	0.064	-0.356	2.044
2.16577601433	0.064	-0.356	2.044
2.16794705391	-0.036	0.084	-0.968
2.17009615898	-0.036	0.084	-0.968
2.17224407196	-0.036	0.084	-0.968
2.17439007759	0.0	-0.236	1.84
2.17653512955	0.0	-0.236	1.84
2.17867398262	-0.108	-0.148	1.324
2.18082213402	-0.108	-0.148	1.324
2.18296909332	-0.016	-0.068	-0.552
2.18511795998	-0.016	-0.068	-0.552
2.18727207184	-0.016	-0.068	-0.552
2.18941998482	-0.104	-0.38	2.044
2.19158005714	-0.104	-0.38	2.044
2.19373011589	-0.056	0.104	-1.676
2.19588112831	-0.056	0.104	-1.676
2.19803500175	0.128	-0.356	2.044
2.20018100739	0.128	-0.356	2.044
2.20232701302	0.128	-0.356	2.044
2.20447301865	-0.08	0.052	-0.608
2.20662713051	-0.08	0.052	-0.608
2.20878815651	0.124	-0.216	1.4
2.21093511581	0.124	-0.216	1.4
2.21308016777	0.124	-0.216	1.4
2.21522498131	-0.084	-0.18	1.792
2.21738004684	-0.084	-0.18	1.792
2.21952795982	0.012	-0.024	-0.912
2.22167515755	0.012	-0.024	-0.912
2.22382211685	-0.064	-0.248	2.044
2.2259721756	-0.064	-0.248	2.044
2.22813606262	-0.064	-0.248	2.044
2.23028612137	-0.024	0.148	-1.644
2.23243498802	-0.024	0.148	-1.644
2.23458409309	0.024	-0.304	2.044
2.23673701286	0.024	-0.304	2.044
2.23888206482	-0.072	0.024	-0.208
2.24103116989	-0.072	0.024	-0.208
2.24317717552	-0.072	0.024	-0.208
2.24532198906	0.156	-0.172	0.912
2.24753713608	0.156	-0.172	0.912
2.24968695641	-0.124	-0.228	2.044
2.2518351078	-0.124	-0.228	2.044
2.25398111343	-0.124	-0.228	2.044
2.25612902641	0.052	0.016	-1.216
2.25828099251	0.052	0.016	-1.216
2.26042699814	-0.148	-0.256	2.044
2.26257896423	-0.148	-0.256	2.044
2.26472902298	-0.072	0.124	-1.528
2.26688408852	-0.072	0.124	-1.528
2.26903104782	-0.072	0.124	-1.528
2.27117800713	0.128	-0.256	2.044
2.27332615852	0.128	-0.256	2.044
2.27547216415	-0.084	-0.02	0.228
2.27762508392	-0.084	-0.02	0.228
2.27977395058	0.116	-0.14	0.436
2.2819211483	0.116	-0.14	0.436
2.28406596184	0.116	-0.14	0.436
2.28621006012	-0.044	-0.268	2.044
2.28836917877	-0.044	-0.268	2.044
2.29051613808	-0.008	0.048	-1.448
2.29266214371	-0.008	0.048	-1.448
2.29481005669	0.06	-0.344	2.044
2.29697704315	0.06	-0.344	2.044
2.29912495613	0.06	-0.344	2.044
2.30127096176	-0.016	0.12	-1.316
2.30341815948	-0.016	0.12	-1.316
2.30556607246	-0.012	-0.256	2.044
2.30771994591	-0.012	-0.256	2.044
2.30987715721	-0.012	-0.256	2.044
2.31202507019	-0.096	-0.08	0.704
2.31417298317	-0.096	-0.08	0.704
2.31632709503	-0.008	-0.088	-0.012
2.3184671402	-0.008	-0.088	-0.012
2.32060694695	-0.096	-0.36	2.044
2.32274699211	-0.096	-0.36	2.044
2.3248860836	-0.096	-0.36	2.044
2.32703018188	-0.024	0.088	-1.616
2.32918596268	-0.024	0.088	-1.616
2.33133506775	0.088	-0.404	2.044
2.33348011971	0.088	-0.404	2.044
2.33562612534	-0.084	0.08	-1.064
2.33778095245	-0.084	0.08	-1.064
2.33992910385	-0.084	0.08	-1.064
2.34207606316	0.128	-0.284	1.996
2.34422206879	0.128	-0.284	1.996
2.34637618065	-0.084	-0.132	1.172
2.34853315353	-0.084	-0.132	1.172
2.35068011284	-0.084	-0.132	1.172
2.35284113884	0.016	-0.06	-0.444
2.35498809814	0.016	-0.06	-0.444
2.35714197159	-0.088	-0.276	2.044
2.35928797722	-0.088	-0.276	2.044
2.36143708229	-0.032	0.1	-1.668
2.36358904839	-0.032	0.1	-1.668
2.36573696136	-0.032	0.1	-1.668
2.36788511276	0.032	-0.308	2.044
2.37003302574	0.032	-0.308	2.044
2.37217903137	-0.052	0.08	-0.728
2.374325037	-0.052	0.08	-0.728
2.37647795677	0.176	-0.196	1.516
2.3786251545	0.176	-0.196	1.516
2.38076996803	0.176	-0.196	1.516
2.38291597366	-0.116	-0.18	1.652
2.38506507874	-0.116	-0.18	1.652
2.3872179985	0.088	-0.012	-0.82
2.38936495781	0.088	-0.012	-0.82
2.39151096344	-0.176	-0.292	2.044
2.39366006851	-0.176	-0.292	2.044
2.39581108093	-0.176	-0.292	2.044
2.39796614647	-0.06	0.128	-1.664
2.40011405945	-0.06	0.128	-1.664
2.40226197243	0.104	-0.236	2.044
2.40440702438	0.104	-0.236	2.044
2.40655899048	0.104	-0.236	2.044
2.40871500969	-0.1	0.04	-0.348
2.41090202332	-0.1	0.04	-0.348
2.41305112839	0.072	-0.172	1.06
2.41519713402	0.072	-0.172	1.06
2.41735100746	-0.104	-0.216	2.044
2.41949796677	-0.104	-0.216	2.044
2.4216439724	-0.104	-0.216	2.044
2.42379117012	-0.012	0.016	-1.14
2.4259390831	-0.012	0.016	-1.14
2.42809414864	0.016	-0.344	2.044
2.43024301529	0.016	-0.344	2.044
2.43238997459	0.0	0.1	-1.56
2.43452906609	0.0	0.1	-1.56
2.43667507172	0.0	0.1	-1.56
2.43881297112	0.008	-0.284	2.044
2.44097208977	0.008	-0.284	2.044
2.44311904907	-0.084	-0.008	0.096
2.4452650547	-0.084	-0.008	0.096
2.4474799633	-0.084	-0.008	0.096
2.44963502884	0.008	-0.152	0.568
2.45178103447	0.008	-0.152	0.568
2.45392894745	-0.104	-0.256	2.044
2.4560790062	-0.104	-0.256	2.044
2.45823001862	-0.008	0.052	-1.384
2.46037697792	-0.008	0.052	-1.384
2.46253108978	-0.008	0.052	-1.384
2.46467804909	0.008	-0.412	2.044
2.46682596207	0.008	-0.412	2.044
2.46898198128	-0.084	0.096	-1.4
2.47113013268	-0.084	0.096	-1.4
2.473279953	0.116	-0.284	2.044
2.47543001175	0.116	-0.284	2.044
2.47759604454	0.116	-0.284	2.044
2.47975611687	-0.068	-0.068	0.576
2.48190402985	-0.068	-0.068	0.576
2.48405098915	0.028	-0.104	0.116
2.48619699478	0.028	-0.104	0.116
2.48835015297	-0.076	-0.24	2.044
2.49049806595	-0.076	-0.24	2.044
2.49264502525	-0.076	-0.24	2.044
2.49479198456	-0.044	0.076	-1.556
2.49696302414	-0.044	0.076	-1.556
2.49910998344	-0.028	-0.336	2.044
2.50125908852	-0.028	-0.336	2.044
2.50340604782	-0.028	-0.336	2.044
2.50555515289	-0.044	0.112	-1.136
2.50770902634	-0.044	0.112	-1.136
2.50985503197	0.144	-0.22	2.044
2.51200318336	0.144	-0.22	2.044
2.51415109634	-0.108	-0.116	1.036
2.51630401611	-0.108	-0.116	1.036
2.5184431076	-0.108	-0.116	1.036
2.52058315277	0.08	-0.076	-0.324
2.52272295952	0.08	-0.076	-0.324
2.52486300468	-0.108	-0.284	2.044
2.52700710297	-0.108	-0.284	2.044
2.52917313576	0.0	0.096	-1.664
2.5313141346	0.0	0.096	-1.664
2.533452034	0.0	0.096	-1.664
2.53559112549	0.036	-0.224	2.044
2.53776502609	0.036	-0.224	2.044
2.53991103172	-0.064	0.092	-0.84
2.54205799103	-0.064	0.092	-0.84
2.54420495033	-0.064	0.092	-0.84
2.54635906219	0.076	-0.184	1.656
2.54850697517	0.076	-0.184	1.656
2.5506529808	-0.116	-0.16	1.52
2.55282115936	-0.116	-0.16	1.52
2.55496811867	0.0	-0.048	-0.712
2.55711317062	0.0	-0.048	-0.712
2.55925297737	0.0	-0.048	-0.712
2.56139302254	0.032	-0.324	2.044
2.56354403496	0.032	-0.324	2.044
2.56568908691	0.016	0.132	-1.676
2.56784296036	0.016	0.132	-1.676
2.57000303268	0.0	-0.308	2.044
2.57214212418	0.0	-0.308	2.044
2.57428097725	0.0	-0.308	2.044
2.57642602921	-0.084	0.048	-0.448
2.5785741806	-0.084	0.048	-0.448
2.58072113991	0.032	-0.192	1.196
2.58286714554	0.032	-0.192	1.196
2.58501696587	0.032	-0.192	1.196
2.58717107773	-0.104	-0.204	1.976
2.58932900429	-0.104	-0.204	1.976
2.59147596359	0.008	0.004	-1.04
2.59362411499	0.008	0.004	-1.04
2.59577202797	0.032	-0.396	2.044
2.59792613983	0.032	-0.396	2.044
2.60007309914	0.032	-0.396	2.044
2.60222005844	-0.08	0.108	-1.6
2.60436701775	-0.08	0.108	-1.6
2.60651516914	0.104	-0.312	2.044
2.60866212845	0.104	-0.312	2.044
2.61080908775	-0.048	0.0	-0.024
2.61294817924	-0.048	0.0	-0.024
2.61508703232	-0.048	0.0	-0.024
2.61722898483	0.056	-0.156	0.712
2.61937618256	0.056	-0.156	0.712
2.62152099609	-0.096	-0.216	2.044
2.62366914749	-0.096	-0.216	2.044
2.62581801414	-0.044	0.04	-1.32
2.62797307968	-0.044	0.04	-1.32
2.63012313843	-0.044	0.04	-1.32
2.63227105141	0.0	-0.336	2.044
2.63441109657	0.0	-0.336	2.044
2.63655614853	-0.056	0.132	-1.456
2.63870406151	-0.056	0.132	-1.456
2.64086508751	-0.056	0.132	-1.456
2.64301395416	0.104	-0.28	2.044
2.64515900612	0.104	-0.28	2.044
2.64730501175	-0.108	-0.044	0.42
2.6494641304	-0.108	-0.044	0.42
2.65161108971	0.104	-0.136	0.248
2.65375804901	0.104	-0.136	0.248
2.65590405464	0.104	-0.136	0.248
2.65805697441	-0.12	-0.252	2.044
2.66020703316	-0.12	-0.252	2.044
2.6623570919	-0.008	0.072	-1.524
2.66450500488	-0.008	0.072	-1.524
2.66665816307	-0.024	-0.216	2.044
2.66880607605	-0.024	-0.216	2.044
2.67095303535	-0.024	-0.216	2.044
2.67310214043	-0.04	0.128	-1.216
2.67524909973	-0.04	0.128	-1.216
2.6774020195	0.088	-0.216	2.044
2.67954897881	0.088	-0.216	2.044
2.68169808388	0.088	-0.216	2.044
2.68384504318	-0.08	-0.104	0.92
2.68599200249	-0.08	-0.104	0.92
2.68814611435	0.048	-0.096	-0.22
2.69029211998	0.048	-0.096	-0.22
2.69243812561	-0.044	-0.268	2.044
2.69458508492	-0.044	-0.268	2.044
2.69674301147	-0.044	-0.268	2.044
2.69889307022	0.032	0.12	-1.64
2.70103907585	0.032	0.12	-1.64
2.70318412781	-0.04	-0.32	2.044
2.70533299446	-0.04	-0.32	2.044
2.70748710632	-0.076	0.084	-0.92
2.70964312553	-0.076	0.084	-0.92
2.71179199219	-0.076	0.084	-0.92
2.71393895149	0.048	-0.216	1.792
2.71608710289	0.048	-0.216	1.792
2.71823716164	-0.124	-0.144	1.392
2.72037696838	-0.124	-0.144	1.392
2.72251701355	-0.124	-0.144	1.392
2.72465610504	0.008	-0.068	-0.612
2.72685217857	0.008	-0.068	-0.612
2.72902297974	0.024	-0.36	2.044
2.73117113113	0.024	-0.36	2.044
2.73331713676	-0.064	0.1	-1.68
2.73546600342	-0.064	0.1	-1.68
2.73762011528	-0.064	0.1	-1.68
2.73976707458	0.14	-0.352	2.044
2.74191403389	0.14	-0.352	2.044
2.74406003952	-0.04	0.052	-0.556
2.74620914459	-0.04	0.052	-0.556
2.74835801125	0.052	-0.22	1.316
2.75050401688	0.052	-0.22	1.316
2.75265097618	0.052	-0.22	1.316
2.7547981739	-0.084	-0.196	1.864
2.75695109367	-0.084	-0.196	1.864
2.75909805298	-0.032	-0.024	-0.968
2.7612490654	-0.032	-0.024	-0.968
2.76340007782	-0.044	-0.36	2.044
2.7655479908	-0.044	-0.36	2.044
2.76770114899	-0.044	-0.36	2.044
2.76986002922	-0.032	0.136	-1.628
2.77200818062	-0.032	0.136	-1.628
2.7741560936	0.064	-0.304	2.044
2.77630901337	0.064	-0.304	2.044
2.77845597267	0.064	-0.304	2.044
2.78060102463	-0.076	0.016	-0.144
2.78274703026	-0.076	0.016	-0.144
2.78490400314	0.14	-0.184	0.84
2.78705716133	0.14	-0.184	0.84
2.78920197487	-0.092	-0.216	2.044
2.79135107994	-0.092	-0.216	2.044
2.79350209236	-0.092	-0.216	2.044
2.79565310478	-0.008	0.012	-1.256
2.79780817032	-0.008	0.012	-1.256
2.7999560833	-0.036	-0.228	2.044
2.80210399628	-0.036	-0.228	2.044
2.80425214767	-0.072	0.14	-1.5
2.80640101433	-0.072	0.14	-1.5
2.80854511261	-0.072	0.14	-1.5
2.81068897247	0.076	-0.264	2.044
2.8128361702	0.076	-0.264	2.044
2.81498217583	-0.072	-0.048	0.312
2.81713700294	-0.072	-0.048	0.312
2.81928396225	-0.072	-0.048	0.312
2.82143115997	0.12	-0.148	0.364
2.8235771656	0.12	-0.148	0.364
2.82572412491	-0.1	-0.248	2.044
2.82787704468	-0.1	-0.248	2.044
2.830037117	0.06	0.076	-1.472
2.83218407631	0.06	0.076	-1.472
2.83433008194	0.06	0.076	-1.472
2.83648395538	-0.036	-0.304	2.044
2.83863210678	-0.036	-0.304	2.044
2.84078097343	-0.044	0.116	-1.284
2.84292912483	-0.044	0.116	-1.284
2.84507608414	0.044	-0.236	2.044
2.84722900391	0.044	-0.236	2.044
2.8493771553	0.044	-0.236	2.044
2.85152411461	-0.112	-0.072	0.78
2.85367012024	-0.112	-0.072	0.78
2.85581612587	0.04	-0.108	-0.104
2.85797214508	0.04	-0.108	-0.104
2.86011910439	-0.04	-0.328	2.044
2.86226916313	-0.04	-0.328	2.044
2.86441707611	-0.04	-0.328	2.044
2.86656618118	-0.06	0.088	-1.612
2.86871314049	-0.06	0.088	-1.612
2.87085914612	0.136	-0.376	2.044
2.87301898003	0.136	-0.376	2.044
2.87516498566	0.136	-0.376	2.044
2.87731695175	-0.052	0.084	-0.992
2.87946414948	-0.052	0.084	-0.992
2.88161301613	0.028	-0.264	1.916
2.8837621212	0.028	-0.264	1.916
2.88590717316	-0.076	-0.132	1.268
2.88806200027	-0.076	-0.132	1.268
2.89021897316	-0.076	-0.132	1.268
2.89236712456	-0.02	-0.068	-0.516
2.89451503754	-0.02	-0.068	-0.516
2.89667201042	-0.116	-0.344	2.044
2.89882111549	-0.116	-0.344	2.044
2.9009680748	-0.024	0.104	-1.668
2.90311598778	-0.024	0.104	-1.668
2.90526604652	-0.024	0.104	-1.668
2.90744709969	0.072	-0.352	2.044
2.90959405899	0.072	-0.352	2.044
2.9117410183	-0.076	0.064	-0.66
2.9138879776	-0.076	0.064	-0.66
2.91603517532	-0.076	0.064	-0.66
2.91818404198	0.176	-0.212	1.44
2.92032313347	0.176	-0.212	1.44
2.92246198654	-0.092	-0.176	1.736
2.92460203171	-0.092	-0.176	1.736
2.92674612999	0.056	-0.032	-0.884
2.92891097069	0.056	-0.032	-0.884
2.93105912209	0.056	-0.032	-0.884
2.93320512772	-0.148	-0.228	2.044
2.93535017967	-0.148	-0.228	2.044
2.93750405312	-0.06	0.148	-1.656
2.93965101242	-0.06	0.148	-1.656
2.94179701805	0.08	-0.288	2.044
2.94394111633	0.08	-0.288	2.044
2.94608616829	0.08	-0.288	2.044
2.94823598862	-0.076	0.036	-0.244
2.95039105415	-0.076	0.036	-0.244
2.95253801346	0.128	-0.164	0.964
2.95468306541	0.128	-0.164	0.964
2.95683312416	-0.116	-0.232	2.044
2.95898103714	-0.116	-0.232	2.044
2.96112799644	-0.116	-0.232	2.044
2.96327614784	0.048	0.024	-1.184
2.96542000771	0.048	0.024	-1.184
2.96757006645	-0.104	-0.304	2.044
2.96971797943	-0.104	-0.304	2.044
2.97186303139	-0.104	-0.304	2.044
2.97400903702	-0.036	0.108	-1.532
2.97615408897	-0.036	0.108	-1.532
2.97830700874	0.092	-0.256	2.044
2.98045110703	0.092	-0.256	2.044
2.98259496689	-0.1	-0.024	0.184
2.98474001884	-0.1	-0.024	0.184
2.98689198494	-0.1	-0.024	0.184
2.98903799057	0.096	-0.144	0.496
2.99118113518	0.096	-0.144	0.496
2.99332499504	-0.036	-0.292	2.044
2.99547600746	-0.036	-0.292	2.044
2.99762797356	-0.032	0.044	-1.424
2.99977397919	-0.032	0.044	-1.424
3.00193309784	-0.032	0.044	-1.424
3.0040781498	0.088	-0.36	2.044
3.00622200966	0.088	-0.36	2.044
3.00840115547	-0.02	0.108	-1.36
3.01055717468	-0.02	0.108	-1.36
3.01270318031	-0.02	0.108	-1.36
3.01484799385	0.004	-0.284	2.044
3.01701211929	0.004	-0.284	2.044
3.01915812492	-0.08	-0.072	0.644
3.02130317688	-0.08	-0.072	0.644
3.02344608307	-0.016	-0.092	0.028
3.02559709549	-0.016	-0.092	0.028
3.02774906158	-0.016	-0.092	0.028
3.02989816666	-0.1	-0.328	2.044
3.03204512596	-0.1	-0.328	2.044
3.03419208527	-0.016	0.088	-1.592
3.03634309769	-0.016	0.088	-1.592
3.03848814964	0.008	-0.388	2.044
3.04067516327	0.008	-0.388	2.044
3.04282402992	0.008	-0.388	2.044
3.04497098923	-0.088	0.076	-1.08
3.04712700844	-0.088	0.076	-1.08
3.04927706718	0.152	-0.252	2.04
3.05142307281	0.152	-0.252	2.04
3.05356907845	0.152	-0.252	2.04
3.05571508408	-0.092	-0.128	1.128
3.05787014961	-0.092	-0.128	1.128
3.06001710892	0.084	-0.064	-0.384
3.06216716766	0.084	-0.064	-0.384
3.06431508064	-0.108	-0.252	2.044
3.06647014618	-0.108	-0.252	2.044
3.06861710548	-0.108	-0.252	2.044
3.07077503204	-0.032	0.104	-1.676
3.0729341507	-0.032	0.104	-1.676
3.07508301735	0.076	-0.272	2.044
3.07723617554	0.076	-0.272	2.044
3.07938218117	-0.04	0.08	-0.76
3.08157300949	-0.04	0.08	-0.76
3.08372306824	-0.04	0.08	-0.76
3.08587002754	0.144	-0.196	1.588
3.08802294731	0.144	-0.196	1.588
3.09017109871	-0.124	-0.168	1.604
3.09231805801	-0.124	-0.168	1.604
3.09446406364	0.044	-0.004	-0.776
3.09662008286	0.044	-0.004	-0.776
3.09876894951	0.044	-0.004	-0.776
3.10091495514	-0.112	-0.336	2.044
3.10306096077	-0.112	-0.336	2.044
3.10521006584	-0.024	0.116	-1.664
3.10736703873	-0.024	0.116	-1.664
3.10950708389	-0.024	0.116	-1.664
3.11164617538	0.036	-0.248	2.044
3.11378717422	0.036	-0.248	2.044
3.1159260273	-0.116	0.036	-0.372
3.11807012558	-0.116	0.036	-0.372
3.12021613121	0.076	-0.172	1.1
3.12235498428	0.076	-0.172	1.1
3.1244931221	0.076	-0.172	1.1
3.12663507462	-0.1	-0.204	2.044
3.12879014015	-0.1	-0.204	2.044
3.13094902039	-0.004	0.012	-1.108
3.13309812546	-0.004	0.012	-1.108
3.13524508476	0.06	-0.36	2.044
3.1374001503	0.06	-0.36	2.044
3.1395471096	0.06	-0.36	2.044
3.14169216156	0.0	0.104	-1.572
3.14384198189	0.0	0.104	-1.572
3.14598202705	0.016	-0.3	2.044
3.14813494682	0.016	-0.3	2.044
3.15028095245	0.016	-0.3	2.044
3.15242815018	-0.068	-0.008	0.056
3.15457510948	-0.068	-0.008	0.056
3.15672802925	-0.012	-0.152	0.632
3.15887498856	-0.012	-0.152	0.632
3.16103816032	-0.12	-0.244	2.044
3.16318917274	-0.12	-0.244	2.044
3.16533708572	-0.12	-0.244	2.044
3.16749000549	-0.008	0.064	-1.368
3.16964006424	-0.008	0.064	-1.368
3.17178606987	-0.036	-0.4	2.044
3.17393398285	-0.036	-0.4	2.044
3.17608118057	-0.092	0.104	-1.42
3.17823505402	-0.092	0.104	-1.42
3.180382967	-0.092	0.104	-1.42
3.18253302574	0.156	-0.28	2.044
3.18467903137	0.156	-0.28	2.044
3.18683099747	-0.076	-0.052	0.5
3.18897414207	-0.076	-0.052	0.5
3.19112610817	0.072	-0.136	0.164
3.19327497482	0.072	-0.136	0.164
3.1954240799	0.072	-0.136	0.164
3.19757604599	-0.084	-0.24	2.044
3.19972705841	-0.084	-0.24	2.044
3.20187497139	-0.044	0.064	-1.54
3.20402216911	-0.044	0.064	-1.54
3.20616817474	-0.044	0.064	-1.54
3.20832300186	0.0	-0.272	2.044
3.21046209335	0.0	-0.272	2.044
3.21259999275	-0.036	0.12	-1.18
3.21474599838	-0.036	0.12	-1.18
3.21691417694	0.108	-0.22	2.044
3.21906113625	0.108	-0.22	2.044
3.22120594978	0.108	-0.22	2.044
3.22335100174	-0.092	-0.12	0.976
3.22550106049	-0.092	-0.12	0.976
3.22765398026	0.064	-0.072	-0.276
3.229804039	0.064	-0.072	-0.276
3.23195099831	-0.084	-0.3	2.044
3.23409700394	-0.084	-0.3	2.044
3.23624897003	-0.084	-0.3	2.044
3.23839497566	0.036	0.116	-1.64
3.24054217339	0.036	0.116	-1.64
3.24268913269	-0.024	-0.264	2.044
3.244836092	-0.024	-0.264	2.044
3.24698901176	-0.024	-0.264	2.044
3.24913907051	-0.092	0.092	-0.868
3.2512960434	-0.092	0.092	-0.868
3.2534430027	0.072	-0.192	1.72
3.25558900833	0.072	-0.192	1.72
3.25774407387	-0.124	-0.152	1.448
3.25989317894	-0.124	-0.152	1.448
3.26204299927	-0.124	-0.152	1.448
3.26419210434	0.0	-0.064	-0.66
3.26633810997	0.0	-0.064	-0.66
3.26847815514	0.064	-0.32	2.044
3.27062296867	0.064	-0.32	2.044
3.2727701664	-0.016	0.116	-1.676
3.27491903305	-0.016	0.116	-1.676
3.27707195282	-0.016	0.116	-1.676
3.27921915054	0.02	-0.328	2.044
3.28136515617	0.02	-0.328	2.044
3.2835111618	-0.048	0.044	-0.5
3.28565406799	-0.048	0.044	-0.5
3.28780317307	-0.048	0.044	-0.5
3.2899479866	0.02	-0.204	1.244
3.29209399223	0.02	-0.204	1.244
3.29423999786	-0.096	-0.192	1.916
3.29639697075	-0.096	-0.192	1.916
3.29854607582	-0.004	-0.012	-1.024
3.3006939888	-0.004	-0.012	-1.024
3.3028409481	-0.004	-0.012	-1.024
3.30499100685	-0.028	-0.42	2.044
3.30714511871	-0.028	-0.42	2.044
3.30929303169	-0.06	0.112	-1.62
3.31145715714	-0.06	0.112	-1.62
3.31360602379	0.156	-0.352	2.044
3.31575298309	0.156	-0.352	2.044
3.31790113449	0.156	-0.352	2.044
3.32004117966	-0.076	0.016	-0.1
3.3221821785	-0.076	0.016	-0.1
3.32432103157	0.124	-0.188	0.784
3.32646298409	0.124	-0.188	0.784
3.32861614227	-0.08	-0.212	2.044
3.33076715469	-0.08	-0.212	2.044
3.33291316032	-0.08	-0.212	2.044
3.33506011963	-0.032	0.012	-1.284
3.33722496033	-0.032	0.012	-1.284
3.33937215805	0.004	-0.248	2.044
3.34151816368	0.004	-0.248	2.044
3.34366297722	0.004	-0.248	2.044
3.34581112862	-0.06	0.144	-1.48
3.34796500206	-0.06	0.144	-1.48
3.35011196136	0.056	-0.252	2.044
3.352257967	0.056	-0.252	2.044
3.35440516472	-0.088	-0.048	0.356
3.35655808449	-0.088	-0.048	0.356
3.35870504379	-0.088	-0.048	0.356
3.3608520031	0.096	-0.144	0.296
3.36300301552	0.096	-0.144	0.296
3.36514806747	-0.136	-0.252	2.044
3.36729598045	-0.136	-0.252	2.044
3.3694460392	0.048	0.076	-1.504
3.37160205841	0.048	0.076	-1.504
3.37374615669	0.048	0.076	-1.504
3.37589216232	-0.056	-0.264	2.044
3.37804698944	-0.056	-0.264	2.044
3.38019514084	-0.06	0.124	-1.264
3.38234210014	-0.06	0.124	-1.264
3.3844909668	-0.06	0.124	-1.264
3.38664603233	0.088	-0.24	2.044
3.38879203796	0.088	-0.24	2.044
3.39093804359	-0.096	-0.088	0.828
3.39309811592	-0.096	-0.088	0.828
3.39524817467	0.06	-0.116	-0.14
3.39740109444	0.06	-0.116	-0.14
3.39954805374	0.06	-0.116	-0.14
3.40169715881	-0.012	-0.28	2.044
3.40384411812	-0.012	-0.28	2.044
3.40599298477	-0.044	0.096	-1.632
3.40814709663	-0.044	0.096	-1.632
3.41029500961	0.08	-0.348	2.044
3.41244196892	0.08	-0.348	2.044
3.41458797455	0.08	-0.348	2.044
3.41674017906	-0.012	0.088	-0.972
3.41888904572	-0.012	0.088	-0.972
3.42103409767	0.016	-0.248	1.864
3.4231801033	0.016	-0.248	1.864
3.42532610893	0.016	-0.248	1.864
3.42754006386	-0.104	-0.144	1.296
3.42969202995	-0.104	-0.144	1.296
3.43186116219	-0.004	-0.068	-0.548
3.43401098251	-0.004	-0.068	-0.548
3.43615913391	-0.096	-0.384	2.044
3.43831300735	-0.096	-0.384	2.044
3.44046115875	-0.096	-0.384	2.044
3.44260907173	-0.044	0.104	-1.68
3.44475603104	-0.044	0.104	-1.68
3.44691109657	0.128	-0.368	2.044
3.44907212257	0.128	-0.368	2.044
3.45121908188	-0.08	0.06	-0.62
3.45336604118	-0.08	0.06	-0.62
3.45551204681	-0.08	0.06	-0.62
3.45766615868	0.136	-0.232	1.428
3.45981311798	0.136	-0.232	1.428
3.46196508408	-0.076	-0.184	1.78
3.46411514282	-0.076	-0.184	1.78
3.46626710892	0.008	-0.028	-0.9
3.4684150219	0.008	-0.028	-0.9
3.47056102753	0.008	-0.028	-0.9
3.47270703316	-0.096	-0.236	2.044
3.47485494614	-0.096	-0.236	2.044
3.47700405121	-0.06	0.136	-1.636
3.47915315628	-0.06	0.136	-1.636
3.48135495186	-0.06	0.136	-1.636
3.48350405693	0.064	-0.276	2.044
3.48565101624	0.064	-0.276	2.044
3.4878051281	-0.052	0.04	-0.22
3.48995304108	-0.052	0.04	-0.22
3.49211096764	0.144	-0.172	0.928
3.49425697327	0.144	-0.172	0.928
3.49641394615	0.144	-0.172	0.928
3.49856114388	-0.12	-0.24	2.044
3.50070714951	-0.12	-0.24	2.044
3.50290417671	0.068	0.028	-1.208
3.50506615639	0.068	0.028	-1.208
3.50721406937	-0.116	-0.284	2.044
3.50936317444	-0.116	-0.284	2.044
3.51151013374	-0.116	-0.284	2.044
3.51366996765	-0.068	0.128	-1.536
3.51581811905	-0.068	0.128	-1.536
3.51796317101	0.104	-0.252	2.044
3.52010297775	0.104	-0.252	2.044
3.52224206924	-0.088	-0.032	0.208
3.52438116074	-0.088	-0.032	0.208
3.52652406693	-0.088	-0.032	0.208
3.52868008614	0.112	-0.152	0.448
3.53082799911	0.112	-0.152	0.448
3.53297400475	-0.024	-0.276	2.044
3.53512096405	-0.024	-0.276	2.044
3.53727602959	-0.024	-0.276	2.044
3.53942418098	0.0	0.04	-1.432
3.54156208038	0.0	0.04	-1.432
3.54369902611	0.056	-0.344	2.044
3.54584717751	0.056	-0.344	2.044
3.54800009727	-0.036	0.1	-1.332
3.55014610291	-0.036	0.1	-1.332
3.55230402946	-0.036	0.1	-1.332
3.55445218086	-0.016	-0.268	2.044
3.55660605431	-0.016	-0.268	2.044
3.55875396729	-0.108	-0.076	0.68
3.56090307236	-0.108	-0.076	0.68
3.56305503845	0.0	-0.112	-0.004
3.56519412994	0.0	-0.112	-0.004
3.5673391819	0.0	-0.112	-0.004
3.56948018074	-0.108	-0.336	2.044
3.57162809372	-0.108	-0.336	2.044
3.57377409935	-0.024	0.076	-1.608
3.57592201233	-0.024	0.076	-1.608
3.57807803154	-0.024	0.076	-1.608
3.58022904396	0.096	-0.384	2.044
3.58237600327	0.096	-0.384	2.044
3.5845220089	-0.068	0.088	-1.064
3.58667612076	-0.068	0.088	-1.064
3.58882308006	0.128	-0.256	2.004
3.59096813202	0.128	-0.256	2.004
3.5931251049	0.128	-0.256	2.004
3.59527516365	-0.084	-0.132	1.164
3.59745907784	-0.084	-0.132	1.164
3.59960699081	0.036	-0.06	-0.42
3.60175609589	0.036	-0.06	-0.42
3.60390210152	-0.096	-0.264	2.044
3.60604906082	-0.096	-0.264	2.044
3.60820412636	-0.096	-0.264	2.044
3.61035299301	-0.044	0.104	-1.66
3.61250901222	-0.044	0.104	-1.66
3.61465597153	0.044	-0.3	2.044
3.61680197716	0.044	-0.3	2.044
3.61894917488	-0.06	0.092	-0.736
3.62109613419	-0.06	0.092	-0.736
3.62324309349	-0.06	0.092	-0.736
3.62539100647	0.156	-0.188	1.54
3.62754511833	0.156	-0.188	1.54
3.62969517708	-0.112	-0.184	1.628
3.63184213638	-0.112	-0.184	1.628
3.63399100304	-0.112	-0.184	1.628
3.63613700867	0.076	-0.024	-0.804
3.63829016685	0.076	-0.024	-0.804
3.64043807983	-0.136	-0.316	2.044
3.64258694649	-0.136	-0.316	2.044
3.64473414421	-0.036	0.124	-1.664
3.64688205719	-0.036	0.124	-1.664
3.64902901649	-0.036	0.124	-1.664
3.65117716789	0.1	-0.248	2.044
3.65332317352	0.1	-0.248	2.044
3.65546798706	-0.088	0.024	-0.328
3.65762495995	-0.088	0.024	-0.328
3.65977311134	0.056	-0.164	1.064
3.661921978	0.056	-0.164	1.064
3.66406917572	0.056	-0.164	1.064
3.66621518135	-0.096	-0.216	2.044
3.66839694977	-0.096	-0.216	2.044
3.67054414749	-0.004	0.012	-1.124
3.67270112038	-0.004	0.012	-1.124
3.67484903336	-0.004	0.012	-1.124
3.67700099945	0.036	-0.36	2.044
3.67914700508	0.036	-0.36	2.044
3.68129396439	0.004	0.112	-1.556
3.68343997002	0.004	0.112	-1.556
3.68558597565	0.008	-0.296	2.044
3.68773818016	0.008	-0.296	2.044
3.68990516663	0.008	-0.296	2.044
3.69205212593	-0.084	0.008	0.064
3.69419813156	-0.084	0.008	0.064
3.69635295868	0.0	-0.136	0.596
3.69849395752	0.0	-0.136	0.596
3.70063114166	-0.104	-0.268	2.044
3.70277810097	-0.104	-0.268	2.044
3.70492506027	-0.104	-0.268	2.044
3.70708012581	-0.004	0.064	-1.384
3.70922803879	-0.004	0.064	-1.384
3.71137404442	-0.028	-0.396	2.044
3.71352410316	-0.028	-0.396	2.044
3.71567106247	-0.1	0.1	-1.412
3.71782112122	-0.1	0.1	-1.412
3.71996116638	-0.1	0.1	-1.412
3.72210216522	0.124	-0.284	2.044
3.72424006462	0.124	-0.284	2.044
3.72638297081	-0.072	-0.056	0.536
3.72853803635	-0.072	-0.056	0.536
3.73068499565	-0.072	-0.056	0.536
3.73284101486	0.064	-0.116	0.132
3.73498702049	0.064	-0.116	0.132
3.73715114594	-0.072	-0.236	2.044
3.73930001259	-0.072	-0.236	2.044
3.74144697189	-0.044	0.076	-1.552
3.74359416962	-0.044	0.076	-1.552
3.74574303627	-0.044	0.076	-1.552
3.74789714813	0.008	-0.32	2.044
3.75004315376	0.008	-0.32	2.044
3.75218915939	-0.04	0.124	-1.16
3.75433802605	-0.04	0.124	-1.16
3.75648617744	0.128	-0.22	2.044
3.75863218307	0.128	-0.22	2.044
3.76077795029	0.128	-0.22	2.044
3.76292896271	-0.1	-0.136	1.012
3.76507616043	-0.1	-0.136	1.012
3.7672290802	0.064	-0.08	-0.292
3.76937794685	0.064	-0.08	-0.292
3.77152514458	0.064	-0.08	-0.292
3.77366995811	-0.1	-0.296	2.044
3.77581596375	-0.1	-0.296	2.044
3.77797317505	0.012	0.1	-1.664
3.78011918068	0.012	0.1	-1.664
3.78226494789	0.004	-0.224	2.044
3.78441095352	0.004	-0.224	2.044
3.78656411171	0.004	-0.224	2.044
3.78871107101	-0.076	0.1	-0.844
3.79085803032	-0.076	0.1	-0.844
3.79302811623	0.076	-0.188	1.684
3.79517912865	0.076	-0.188	1.684
3.79733204842	-0.112	-0.16	1.488
3.7994799614	-0.112	-0.16	1.488
3.80162906647	-0.112	-0.16	1.488
3.80377602577	-0.004	-0.036	-0.696
3.80592417717	-0.004	-0.036	-0.696
3.80807900429	0.032	-0.316	2.044
3.81022596359	0.032	-0.316	2.044
3.81237196922	0.032	-0.316	2.044
3.81451797485	0.004	0.116	-1.664
3.82381796837	-0.064	0.048	-0.476
3.82604598999	-0.064	0.048	-0.476
3.8282160759	0.044	-0.204	1.212
3.83036518097	0.044	-0.204	1.212
3.83251214027	0.044	-0.204	1.212
3.83466100693	-0.112	-0.2	1.964
3.83682703972	-0.112	-0.2	1.964
3.83897614479	0.004	0.016	-1.016
3.8411359787	0.004	0.016	-1.016
3.84328317642	0.024	-0.424	2.044
3.84543013573	0.024	-0.424	2.044
3.84758400917	0.024	-0.424	2.044
3.84973311424	-0.072	0.104	-1.604
3.8518819809	-0.072	0.104	-1.604
3.85403013229	0.14	-0.316	2.044
3.8561770916	0.14	-0.316	2.044
3.85833096504	-0.056	0.012	-0.056
3.86050605774	-0.056	0.012	-0.056
3.86265397072	-0.056	0.012	-0.056
3.86480116844	0.052	-0.18	0.744
3.8669500351	0.052	-0.18	0.744
3.86910104752	-0.108	-0.212	2.044
3.87124800682	-0.108	-0.212	2.044
3.87339711189	-0.108	-0.212	2.044
3.8755440712	-0.044	0.024	-1.308
3.87769818306	-0.044	0.024	-1.308
3.87984609604	0.008	-0.32	2.044
3.88199400902	0.008	-0.32	2.044
3.88414096832	-0.04	0.14	-1.464
3.88629698753	-0.04	0.14	-1.464
3.88844513893	-0.04	0.14	-1.464
3.89059305191	0.072	-0.256	2.044
3.89273905754	0.072	-0.256	2.044
3.89488601685	-0.092	-0.048	0.4
3.89705705643	-0.092	-0.048	0.4
3.89920496941	0.104	-0.148	0.276
3.90135216713	0.104	-0.148	0.276
3.90350413322	0.104	-0.148	0.276
3.9056520462	-0.144	-0.252	2.044
3.90780711174	-0.144	-0.252	2.044
3.90995407104	0.024	0.072	-1.512
3.91210007668	0.024	0.072	-1.512
3.91424608231	0.024	0.072	-1.512
3.91639614105	-0.056	-0.228	2.044
3.91853713989	-0.056	-0.228	2.044
3.92069911957	-0.072	0.124	-1.244
3.92284107208	-0.072	0.124	-1.244
3.92498016357	0.104	-0.244	2.044
3.92712402344	0.104	-0.244	2.044
3.92928910255	0.104	-0.244	2.044
3.93143701553	-0.08	-0.092	0.868
3.93358516693	-0.08	-0.092	0.868
3.93573498726	0.068	-0.128	-0.156
3.93796110153	0.068	-0.128	-0.156
3.94010996819	0.0	-0.272	2.044
3.942248106	0.0	-0.272	2.044
3.94438815117	0.0	-0.272	2.044
3.94653296471	-0.004	0.112	-1.64
3.94868206978	-0.004	0.112	-1.64
3.95082902908	0.012	-0.34	2.044
3.95299005508	0.012	-0.34	2.044
3.95513606071	-0.044	0.084	-0.944
3.95729017258	-0.044	0.084	-0.944
3.95943617821	-0.044	0.084	-0.944
3.96158504486	0.004	-0.22	1.832
3.96373105049	0.004	-0.22	1.832
3.96587610245	-0.132	-0.144	1.336
3.96803212166	-0.132	-0.144	1.336
3.97018313408	-0.132	-0.144	1.336
3.97233009338	0.004	-0.064	-0.576
3.97447609901	0.004	-0.064	-0.576
3.97662901878	-0.052	-0.38	2.044
3.97877812386	-0.052	-0.38	2.044
3.98093509674	-0.08	0.116	-1.684
3.98308396339	-0.08	0.116	-1.684
3.98523306847	-0.08	0.116	-1.684
3.98738718033	0.152	-0.356	2.044
3.98953509331	0.152	-0.356	2.044
3.99168205261	-0.028	0.052	-0.592
3.99383211136	-0.028	0.052	-0.592
3.99597907066	0.1	-0.228	1.36
3.99813318253	0.1	-0.228	1.36
4.00028014183	0.1	-0.228	1.36
4.00242996216	-0.08	-0.164	1.804
4.00457715988	-0.08	-0.164	1.804
4.00672602654	-0.02	-0.048	-0.936
4.00887799263	-0.02	-0.048	-0.936
4.01102805138	-0.02	-0.048	-0.936
4.01317596436	-0.064	-0.276	2.044
4.01532506943	-0.064	-0.276	2.044
4.01754999161	-0.024	0.144	-1.64
4.01970100403	-0.024	0.144	-1.64
4.02184796333	0.04	-0.304	2.044
4.02399516106	0.04	-0.304	2.044
4.02614402771	0.04	-0.304	2.044
4.02829694748	-0.072	0.02	-0.188
4.0304441452	-0.072	0.02	-0.188
4.03259110451	0.164	-0.172	0.9
4.03473806381	0.164	-0.172	0.9
4.0368950367	-0.108	-0.236	2.044
4.039041996	-0.108	-0.236	2.044
4.041203022	-0.108	-0.236	2.044
4.04335212708	0.068	0.016	-1.228
4.04549813271	0.068	0.016	-1.228
4.04764914513	-0.124	-0.248	2.044
4.04979801178	-0.124	-0.248	2.044
4.05194616318	-0.092	0.148	-1.512
4.05409216881	-0.092	0.148	-1.512
4.0562710762	-0.092	0.148	-1.512
4.05842113495	0.108	-0.26	2.044
4.06056714058	0.108	-0.26	2.044
4.06271314621	-0.088	-0.032	0.256
4.06486010551	-0.088	-0.032	0.256
4.06701302528	-0.088	-0.032	0.256
4.06916499138	0.104	-0.14	0.412
4.07131409645	0.104	-0.14	0.412
4.07346105576	-0.044	-0.268	2.044
4.07560896873	-0.044	-0.268	2.044
4.07776403427	0.008	0.06	-1.448
4.0799100399	0.008	0.06	-1.448
4.08207011223	0.008	0.06	-1.448
4.08421611786	0.052	-0.34	2.044
4.08636808395	0.052	-0.34	2.044
4.08851504326	0.0	0.088	-1.312
4.09065413475	0.0	0.088	-1.312
4.09279203415	0.02	-0.268	2.044
4.09493803978	0.02	-0.268	2.044
4.09708714485	0.02	-0.268	2.044
4.09923195839	-0.108	-0.076	0.712
4.10138916969	-0.108	-0.076	0.712
4.10354018211	0.032	-0.1	-0.028
4.10568904877	0.032	-0.1	-0.028
4.10783910751	-0.084	-0.36	2.044
4.10997915268	-0.084	-0.36	2.044
4.11211895943	-0.084	-0.36	2.044
4.11425900459	-0.064	0.072	-1.612
4.11639904976	-0.064	0.072	-1.612
4.11854314804	0.116	-0.392	2.044
4.12068295479	0.116	-0.392	2.044
4.12282395363	0.116	-0.392	2.044
4.12496209145	-0.068	0.088	-1.044
4.12710595131	-0.068	0.088	-1.044
4.12925696373	0.072	-0.264	1.98
4.13140416145	0.072	-0.264	1.98
4.13355016708	-0.068	-0.132	1.196
4.13569998741	-0.068	-0.132	1.196
4.1378569603	-0.068	-0.132	1.196
4.14000415802	0.02	-0.068	-0.448
4.14215016365	0.02	-0.068	-0.448
4.14429712296	-0.092	-0.28	2.044
4.1464509964	-0.092	-0.28	2.044
4.1485991478	-0.02	0.112	-1.672
4.1507461071	-0.02	0.112	-1.672
4.15289402008	-0.02	0.112	-1.672
4.15504217148	0.032	-0.32	2.044
4.15719413757	0.032	-0.32	2.044
4.1593401432	-0.072	0.08	-0.704
4.16149902344	-0.072	0.08	-0.704
4.16364598274	-0.072	0.08	-0.704
4.16579318047	0.18	-0.208	1.512
4.16795897484	0.18	-0.208	1.512
4.17011117935	-0.12	-0.184	1.664
4.17225909233	-0.12	-0.184	1.664
4.17440700531	0.076	-0.024	-0.824
4.1765601635	0.076	-0.024	-0.824
4.17870807648	0.076	-0.024	-0.824
4.18085408211	-0.168	-0.288	2.044
4.18300294876	-0.168	-0.288	2.044
4.18516397476	-0.052	0.108	-1.664
4.1873190403	-0.052	0.108	-1.664
4.18946814537	0.112	-0.252	2.044
4.191614151	0.112	-0.252	2.044
4.19376111031	0.112	-0.252	2.044
4.19590711594	-0.084	0.056	-0.332
4.19806218147	-0.084	0.056	-0.332
4.20021104813	0.088	-0.18	1.044
4.20236301422	0.088	-0.18	1.044
4.20450997353	0.088	-0.18	1.044
4.20666313171	-0.104	-0.224	2.044
4.20881104469	-0.104	-0.224	2.044
4.21095895767	-0.008	0.028	-1.148
4.2131061554	-0.008	0.028	-1.148
4.2152531147	-0.02	-0.336	2.044
4.21740412712	-0.02	-0.336	2.044
4.21955704689	-0.02	-0.336	2.044
4.22171497345	0.008	0.116	-1.572
4.22386097908	0.008	0.116	-1.572
4.2260081768	0.012	-0.276	2.044
4.22816109657	0.012	-0.276	2.044
4.2303071022	-0.088	-0.024	0.096
4.23245406151	-0.088	-0.024	0.096
4.23460197449	-0.088	-0.024	0.096
4.2367579937	0.04	-0.144	0.576
4.23890399933	0.04	-0.144	0.576
4.24106311798	-0.06	-0.284	2.044
4.24321103096	-0.06	-0.284	2.044
4.24535799026	-0.004	0.056	-1.388
4.24751114845	-0.004	0.056	-1.388
4.24966216087	-0.004	0.056	-1.388
4.25180912018	0.04	-0.396	2.044
4.25395607948	0.04	-0.396	2.044
4.25610113144	-0.076	0.096	-1.396
4.25825595856	-0.076	0.096	-1.396
4.26040410995	-0.076	0.096	-1.396
4.26255106926	0.076	-0.28	2.044
4.26469802856	0.076	-0.28	2.044
4.26685214043	-0.068	-0.06	0.564
4.26900315285	-0.068	-0.06	0.564
4.27114915848	0.008	-0.108	0.108
4.27329611778	0.008	-0.108	0.108
4.27544212341	0.008	-0.108	0.108
4.27759313583	-0.084	-0.244	2.044
4.27974009514	-0.084	-0.244	2.044
4.28189897537	-0.024	0.088	-1.56
4.28404808044	-0.024	0.088	-1.56
4.28619503975	-0.02	-0.344	2.044
4.28835105896	-0.02	-0.344	2.044
4.29050016403	-0.02	-0.344	2.044
4.29264712334	-0.06	0.116	-1.144
4.29479408264	-0.06	0.116	-1.144
4.29694795609	0.168	-0.236	2.044
4.29909706116	0.168	-0.236	2.044
4.30124306679	0.168	-0.236	2.044
4.30339217186	-0.12	-0.12	1.04
4.30554103851	-0.12	-0.12	1.04
4.30769515038	0.088	-0.064	-0.324
4.30984210968	0.088	-0.064	-0.324
4.31198906898	-0.104	-0.3	2.044
4.31413817406	-0.104	-0.3	2.044
4.31629109383	-0.104	-0.3	2.044
4.3184299469	-0.008	0.1	-1.668
4.32056903839	-0.008	0.1	-1.668
4.32270812988	0.048	-0.244	2.044
4.32484698296	0.048	-0.244	2.044
4.32699108124	-0.06	0.092	-0.832
4.32915902138	-0.06	0.092	-0.832
4.33130717278	-0.06	0.092	-0.832
4.33345413208	0.084	-0.188	1.652
4.33560395241	0.084	-0.188	1.652
4.33775997162	-0.104	-0.156	1.512
4.33990716934	-0.104	-0.156	1.512
4.34206414223	-0.104	-0.156	1.512
4.34421205521	-0.008	-0.028	-0.712
4.34636712074	-0.008	-0.028	-0.712
4.3485159874	0.024	-0.328	2.044
4.3506629467	0.024	-0.328	2.044
4.35280895233	0.004	0.128	-1.668
4.35495710373	0.004	0.128	-1.668
4.35710906982	0.004	0.128	-1.668
4.35925507545	-0.012	-0.288	2.044
4.36140298843	-0.012	-0.288	2.044
4.36354899406	-0.092	0.048	-0.456
4.36569595337	-0.092	0.048	-0.456
4.36785817146	0.016	-0.188	1.192
4.37000894547	0.016	-0.188	1.192
4.37215614319	0.016	-0.188	1.192
4.37430214882	-0.108	-0.196	1.968
4.37645602226	-0.108	-0.196	1.968
4.37860512733	0.008	0.004	-1.052
4.38075113297	0.008	0.004	-1.052
4.3828959465	0.04	-0.404	2.044
4.3850569725	0.04	-0.404	2.044
4.38721013069	0.04	-0.404	2.044
4.38935518265	-0.068	0.108	-1.604
4.39150214195	-0.068	0.108	-1.604
4.39365196228	0.068	-0.316	2.044
4.39580011368	0.068	-0.316	2.044
4.39795303345	0.068	-0.316	2.044
4.40009999275	-0.04	-0.004	-0.036
4.40226316452	-0.04	-0.004	-0.036
4.40441012383	0.036	-0.152	0.72
4.40656495094	0.036	-0.152	0.72
4.40871214867	-0.128	-0.208	2.044
4.41086006165	-0.128	-0.208	2.044
4.41300797462	-0.128	-0.208	2.044
4.41515398026	-0.044	0.044	-1.312
4.41730904579	-0.044	0.044	-1.312
4.41945815086	-0.028	-0.364	2.044
4.42160511017	-0.028	-0.364	2.044
4.42375206947	-0.06	0.132	-1.448
4.42590618134	-0.06	0.132	-1.448
4.42806100845	-0.06	0.132	-1.448
4.43020701408	0.12	-0.272	2.044
4.43235397339	0.12	-0.272	2.044
4.43449997902	-0.092	-0.048	0.42
4.43666696548	-0.092	-0.048	0.42
4.43881511688	-0.092	-0.048	0.42
4.44096302986	0.116	-0.14	0.26
4.44317507744	0.116	-0.14	0.26
4.44532108307	-0.12	-0.24	2.044
4.44753694534	-0.12	-0.24	2.044
4.44968795776	-0.012	0.052	-1.524
4.45183610916	-0.012	0.052	-1.524
4.45398306847	-0.012	0.052	-1.524
4.45613312721	-0.04	-0.228	2.044
4.45828795433	-0.04	-0.228	2.044
4.46043610573	-0.068	0.132	-1.224
4.46259212494	-0.068	0.132	-1.224
4.46474003792	0.08	-0.212	2.044
4.46689295769	0.08	-0.212	2.044
4.46904301643	0.08	-0.212	2.044
4.47118902206	-0.084	-0.104	0.892
4.47335100174	-0.084	-0.104	0.892
4.47549796104	0.064	-0.12	-0.184
4.47765111923	0.064	-0.12	-0.184
4.47979903221	-0.02	-0.276	2.044
4.48194813728	-0.02	-0.276	2.044
4.48409605026	-0.02	-0.276	2.044
4.48624897003	0.024	0.128	-1.632
4.48839616776	0.024	0.128	-1.632
4.49054312706	-0.008	-0.332	2.044
4.49268913269	-0.008	-0.332	2.044
4.49483513832	-0.008	-0.332	2.044
4.49698901176	-0.056	0.088	-0.948
4.49913716316	-0.056	0.088	-0.948
4.50128412247	0.024	-0.232	1.824
4.50343298912	0.024	-0.232	1.824
4.50558209419	-0.116	-0.144	1.356
4.50773715973	-0.116	-0.144	1.356
4.50988411903	-0.116	-0.144	1.356
4.51203203201	-0.004	-0.06	-0.584
4.51417899132	-0.004	-0.06	-0.584
4.51633405685	-0.032	-0.368	2.044
4.51847410202	-0.032	-0.368	2.044
4.52061605453	-0.068	0.104	-1.684
4.52276515961	-0.068	0.104	-1.684
4.52490496635	-0.068	0.104	-1.684
4.52705001831	0.132	-0.364	2.044
4.52921414375	0.132	-0.364	2.044
4.53136110306	-0.028	0.056	-0.588
4.53350901604	-0.028	0.056	-0.588
4.53565812111	0.076	-0.22	1.352
4.53781414032	0.076	-0.22	1.352
4.53996014595	0.076	-0.22	1.352
4.54210495949	-0.08	-0.208	1.824
4.54425311089	-0.08	-0.208	1.824
4.54640817642	-0.024	-0.024	-0.952
4.5485560894	-0.024	-0.024	-0.952
4.55070400238	-0.024	-0.024	-0.952
4.55285215378	-0.056	-0.312	2.044
4.55500006676	-0.056	-0.312	2.044
4.55715513229	-0.028	0.132	-1.632
4.55930399895	-0.028	0.132	-1.632
4.56145310402	0.056	-0.308	2.044
4.56360006332	0.056	-0.308	2.044
4.56574606895	0.056	-0.308	2.044
4.56790208817	-0.088	0.032	-0.176
4.57005500793	-0.088	0.032	-0.176
4.57220196724	0.156	-0.188	0.876
4.57434797287	0.156	-0.188	0.876
4.57649898529	-0.092	-0.208	2.044
4.57864809036	-0.092	-0.208	2.044
4.58079504967	-0.092	-0.208	2.044
4.58295106888	0.036	0.02	-1.24
4.58511614799	0.036	0.02	-1.24
4.58727002144	-0.084	-0.22	2.044
4.58941817284	-0.084	-0.22	2.044
4.59156608582	-0.084	-0.22	2.044
4.59371495247	-0.064	0.148	-1.528
4.59586310387	-0.064	0.148	-1.528
4.59801602364	0.104	-0.24	2.044
4.60016298294	0.104	-0.24	2.044
4.60231399536	-0.088	-0.032	0.264
4.60446214676	-0.088	-0.032	0.264
4.60661506653	-0.088	-0.032	0.264
4.60876202583	0.096	-0.152	0.404
4.61090803146	0.096	-0.152	0.404
4.61305499077	-0.068	-0.256	2.044
4.61520004272	-0.068	-0.256	2.044
4.61736416817	0.004	0.064	-1.46
4.6195101738	0.004	0.064	-1.46
4.62165617943	0.004	0.064	-1.46
4.62380099297	0.028	-0.324	2.044
4.62594795227	0.028	-0.324	2.044
4.62810015678	-0.056	0.112	-1.3
4.63024997711	-0.056	0.112	-1.3
4.63239812851	0.016	-0.26	2.044
4.63454413414	0.016	-0.26	2.044
4.63670015335	0.016	-0.26	2.044
4.63884615898	-0.1	-0.076	0.732
4.64099311829	-0.1	-0.076	0.732
4.64315009117	0.04	-0.104	-0.04
4.6452960968	0.04	-0.104	-0.04
4.64747405052	0.04	-0.104	-0.04
4.64962506294	-0.072	-0.36	2.044
4.65177202225	-0.072	-0.36	2.044
4.65391898155	-0.048	0.072	-1.612
4.65606617928	-0.048	0.072	-1.612
4.65822100639	0.12	-0.376	2.044
4.66036701202	0.12	-0.376	2.044
4.66251301765	0.12	-0.376	2.044
4.66465997696	-0.044	0.076	-1.036
4.66681814194	-0.044	0.076	-1.036
4.66897010803	0.048	-0.264	1.968
4.67111611366	0.048	-0.264	1.968
4.67326712608	-0.064	-0.132	1.204
4.67541503906	-0.064	-0.132	1.204
4.67756915092	-0.064	-0.132	1.204
4.67971515656	0.0	-0.072	-0.46
4.68185710907	0.0	-0.072	-0.46
4.68399596214	-0.092	-0.316	2.044
4.68614315987	-0.092	-0.316	2.044
4.68829703331	-0.092	-0.316	2.044
4.69044494629	-0.016	0.112	-1.676
4.69259214401	-0.016	0.112	-1.676
4.69473814964	0.048	-0.332	2.044
4.69689106941	0.048	-0.332	2.044
4.69903898239	-0.068	0.08	-0.716
4.70118498802	-0.068	0.08	-0.716
4.70334601402	-0.068	0.08	-0.716
4.70549416542	0.184	-0.212	1.508
4.70764708519	0.184	-0.212	1.508
4.70979309082	-0.108	-0.172	1.672
4.71194005013	-0.108	-0.172	1.672
4.7140879631	0.072	-0.04	-0.84
4.71629905701	0.072	-0.04	-0.84
4.7184419632	0.072	-0.04	-0.84
4.72058200836	-0.176	-0.26	2.044
4.7227230072	-0.176	-0.26	2.044
4.72486209869	-0.06	0.128	-1.664
4.72700595856	-0.06	0.128	-1.664
4.72915816307	0.132	-0.26	2.044
4.73130607605	0.132	-0.26	2.044
4.73345208168	0.132	-0.26	2.044
4.73560094833	-0.056	0.024	-0.312
4.73775815964	-0.056	0.024	-0.312
4.73990511894	0.104	-0.164	1.032
4.74205112457	0.104	-0.164	1.032
4.7441971302	0.104	-0.164	1.032
4.74635100365	-0.1	-0.22	2.044
4.74849915504	-0.1	-0.22	2.044
4.75064611435	0.008	0.024	-1.156
4.75279211998	0.008	0.024	-1.156
4.75493812561	0.0	-0.344	2.044
4.75708198547	0.0	-0.344	2.044
4.75922012329	0.0	-0.344	2.044
4.76137304306	-0.012	0.12	-1.564
4.76352906227	-0.012	0.12	-1.564
4.76567602158	0.02	-0.284	2.044
4.76782917976	0.02	-0.284	2.044
4.76997995377	-0.096	-0.02	0.096
4.77212715149	-0.096	-0.02	0.096
4.77427315712	-0.096	-0.02	0.096
4.77642607689	0.012	-0.14	0.564
4.77857303619	0.012	-0.14	0.564
4.78071904182	-0.064	-0.284	2.044
4.78286600113	-0.064	-0.284	2.044
4.78501296043	-0.064	-0.284	2.044
4.78716897964	-0.008	0.052	-1.388
4.78931808472	-0.008	0.052	-1.388
4.7914659977	0.044	-0.364	2.044
4.79361605644	0.044	-0.364	2.044
4.79576396942	-0.08	0.096	-1.392
4.79791212082	-0.08	0.096	-1.392
4.8000600338	-0.08	0.096	-1.392
4.80221104622	0.08	-0.288	2.044
4.80435705185	0.08	-0.288	2.044
4.80650210381	-0.06	-0.068	0.564
4.80865001678	-0.06	-0.068	0.564
4.81079816818	0.004	-0.104	0.096
4.81294298172	0.004	-0.104	0.096
4.81508708	0.004	-0.104	0.096
4.81725311279	-0.08	-0.252	2.044
4.8194000721	-0.08	-0.252	2.044
4.8215470314	-0.032	0.088	-1.568
4.82370495796	-0.032	0.088	-1.568
4.82585597038	-0.032	0.088	-1.568
4.82801008224	-0.028	-0.376	2.044
4.83015799522	-0.028	-0.376	2.044
4.83230495453	-0.06	0.104	-1.144
4.83445310593	-0.06	0.104	-1.144
4.83661317825	0.18	-0.236	2.044
4.83875894547	0.18	-0.236	2.044
4.84090900421	0.18	-0.236	2.044
4.84305715561	-0.096	-0.12	1.048
4.84520411491	-0.096	-0.12	1.048
4.84735608101	0.108	-0.072	-0.308
4.84950399399	0.108	-0.072	-0.308
4.85165095329	-0.12	-0.272	2.044
4.85379695892	-0.12	-0.272	2.044
4.85594296455	-0.12	-0.272	2.044
4.85810017586	-0.04	0.1	-1.668
4.86024808884	-0.04	0.1	-1.668
4.86239504814	0.052	-0.228	2.044
4.86454200745	0.052	-0.228	2.044
4.86669015884	-0.06	0.1	-0.82
4.86883997917	-0.06	0.1	-0.82
4.8709859848	-0.06	0.1	-0.82
4.87315201759	0.092	-0.184	1.652
4.8752989769	0.092	-0.184	1.652
4.87748408318	-0.104	-0.168	1.524
4.87963294983	-0.104	-0.168	1.524
4.88178110123	-0.104	-0.168	1.524
4.88393712044	0.012	-0.032	-0.736
4.88608503342	0.012	-0.032	-0.736
4.88823795319	0.016	-0.316	2.044
4.89038515091	0.016	-0.316	2.044
4.89252996445	0.02	0.116	-1.668
4.8946750164	0.02	0.116	-1.668
4.8968269825	0.02	0.116	-1.668
4.8989751339	-0.004	-0.304	2.044
4.9011220932	-0.004	-0.304	2.044
4.90327310562	-0.092	0.048	-0.456
4.90542507172	-0.092	0.048	-0.456
4.9075820446	0.032	-0.188	1.172
4.90972805023	0.032	-0.188	1.172
4.91187310219	0.032	-0.188	1.172
4.91402006149	-0.116	-0.216	1.992
4.91616916656	-0.116	-0.216	1.992
4.91831898689	-0.012	0.008	-1.044
4.92045903206	-0.012	0.008	-1.044
4.9226000309	-0.012	0.008	-1.044
4.92473912239	0.044	-0.412	2.044
4.92688202858	0.044	-0.412	2.044
4.92903399467	-0.072	0.1	-1.596
4.93118309975	-0.072	0.1	-1.596
4.93332910538	0.096	-0.316	2.044
4.93547916412	0.096	-0.316	2.044
4.93763518333	0.096	-0.316	2.044
4.93978095055	-0.036	0.004	-0.02
4.94192695618	-0.036	0.004	-0.02
4.94408297539	0.028	-0.156	0.696
4.94625902176	0.028	-0.156	0.696
4.94840717316	-0.108	-0.228	2.044
4.95055413246	-0.108	-0.228	2.044
4.95270204544	-0.108	-0.228	2.044
4.95485115051	-0.028	0.052	-1.336
4.95700597763	-0.028	0.052	-1.336
4.95915412903	-0.04	-0.392	2.044
4.96130394936	-0.04	-0.392	2.044
4.96345496178	-0.08	0.108	-1.452
4.96560311317	-0.08	0.108	-1.452
4.96775817871	-0.08	0.108	-1.452
4.96991610527	0.1	-0.268	2.044
4.97206306458	0.1	-0.268	2.044
4.97420811653	-0.096	-0.052	0.436
4.97636198997	-0.096	-0.052	0.436
4.97851109505	-0.096	-0.052	0.436
4.98065805435	0.124	-0.144	0.244
4.98280310631	0.124	-0.144	0.244
4.98494911194	-0.108	-0.232	2.044
4.98710298538	-0.108	-0.232	2.044
4.98925018311	-0.016	0.048	-1.52
4.99139714241	-0.016	0.048	-1.52
4.99354600906	-0.016	0.048	-1.52
4.99569296837	0.0	-0.22	2.044
4.997838974	0.0	-0.22	2.044
4.99997711182	-0.048	0.124	-1.22
