Timestamp 	 X-Axis 	 Y-Axis 	 Z-Axis
0.000313997268677	-0.048	-0.292	2.044
0.00228691101074	-0.048	-0.292	2.044
0.00406694412231	-0.032	0.04	-1.392
0.00584197044373	-0.032	0.04	-1.392
0.00761389732361	-0.032	0.04	-1.392
0.0094039440155	0.084	-0.384	2.044
0.0111768245697	0.084	-0.384	2.044
0.0129499435425	-0.02	0.112	-1.388
0.0147218704224	-0.02	0.112	-1.388
0.0165038108826	-0.02	0.112	-1.388
0.018275976181	0.04	-0.276	2.044
0.0200459957123	0.04	-0.276	2.044
0.0218188762665	0.04	-0.276	2.044
0.0235888957977	-0.084	-0.064	0.572
0.0253798961639	-0.084	-0.064	0.572
0.0271508693695	-0.084	-0.064	0.572
0.0289218425751	0.024	-0.112	0.092
0.030699968338	0.024	-0.112	0.092
0.0324709415436	0.024	-0.112	0.092
0.0342409610748	-0.092	-0.284	2.044
0.0360119342804	-0.092	-0.284	2.044
0.037782907486	-0.092	-0.284	2.044
0.0395529270172	-0.02	0.08	-1.564
0.0413289070129	-0.02	0.08	-1.564
0.0431008338928	-0.02	0.08	-1.564
0.0448708534241	-0.028	-0.388	2.044
0.04665184021	-0.028	-0.388	2.044
0.0484228134155	-0.028	-0.388	2.044
0.0502068996429	-0.048	0.096	-1.14
0.0519869327545	-0.048	0.096	-1.14
0.0537688732147	0.172	-0.244	2.044
0.0555398464203	0.172	-0.244	2.044
0.0573098659515	0.172	-0.244	2.044
0.0590789318085	-0.044	-0.128	1.048
0.0608508586884	-0.044	-0.128	1.048
0.0626239776611	-0.044	-0.128	1.048
0.0644028186798	0.08	-0.092	-0.304
0.0661737918854	0.08	-0.092	-0.304
0.0679438114166	0.08	-0.092	-0.304
0.0697150230408	-0.116	-0.248	2.044
0.0714888572693	-0.116	-0.248	2.044
0.073264837265	-0.116	-0.248	2.044
0.0750358104706	-0.028	0.104	-1.664
0.0768048763275	-0.028	0.104	-1.664
0.0785748958588	-0.028	0.104	-1.664
0.0803618431091	0.072	-0.268	2.044
0.0821328163147	0.072	-0.268	2.044
0.0839149951935	0.072	-0.268	2.044
0.0856838226318	-0.084	0.092	-0.82
0.0874538421631	-0.084	0.092	-0.82
0.0892248153687	-0.084	0.092	-0.82
0.0909998416901	0.096	-0.18	1.644
0.0927798748016	0.096	-0.18	1.644
0.0945568084717	-0.104	-0.16	1.524
0.0963358879089	-0.104	-0.16	1.524
0.0981140136719	-0.104	-0.16	1.524
0.0999009609222	0.076	-0.04	-0.724
0.101684808731	0.076	-0.04	-0.724
0.103463888168	0.076	-0.04	-0.724
0.105251789093	-0.052	-0.34	2.044
0.107039928436	-0.052	-0.34	2.044
0.108817815781	-0.052	-0.34	2.044
0.110602855682	-0.008	0.112	-1.68
0.11238193512	-0.008	0.112	-1.68
0.11415886879	-0.008	0.112	-1.68
0.115936994553	0.04	-0.26	2.044
0.117712020874	0.04	-0.26	2.044
0.119488954544	0.04	-0.26	2.044
0.121302843094	-0.092	0.032	-0.452
0.123081922531	-0.092	0.032	-0.452
0.124858856201	-0.092	0.032	-0.452
0.126635789871	0.096	-0.196	1.184
0.128413915634	0.096	-0.196	1.184
0.130203962326	-0.108	-0.192	1.984
0.131989002228	-0.108	-0.192	1.984
0.133765935898	-0.108	-0.192	1.984
0.135547876358	-0.048	0.012	-1.04
0.137326002121	-0.048	0.012	-1.04
0.139102935791	-0.048	0.012	-1.04
0.140887022018	0.056	-0.392	2.044
0.142663002014	0.056	-0.392	2.044
0.144440889359	0.056	-0.392	2.044
0.14621591568	-0.012	0.112	-1.6
0.147994995117	-0.012	0.112	-1.6
0.149781942368	-0.012	0.112	-1.6
0.151564836502	0.06	-0.312	2.044
0.153342962265	0.06	-0.312	2.044
0.155118942261	0.06	-0.312	2.044
0.156894922256	-0.052	0.004	-0.028
0.158684968948	-0.052	0.004	-0.028
0.160468816757	-0.052	0.004	-0.028
0.162256002426	0.02	-0.152	0.716
0.164032936096	0.02	-0.152	0.716
0.165808916092	-0.12	-0.22	2.044
0.167585849762	-0.12	-0.22	2.044
0.169363975525	-0.12	-0.22	2.044
0.171147823334	-0.004	0.016	-1.312
0.172925949097	-0.004	0.016	-1.312
0.174702882767	-0.004	0.016	-1.312
0.17648100853	-0.064	-0.396	2.044
0.1782579422	-0.064	-0.396	2.044
0.18003487587	-0.064	-0.396	2.044
0.181818008423	-0.084	0.136	-1.456
0.183595895767	-0.084	0.136	-1.456
0.18537402153	-0.084	0.136	-1.456
0.1871509552	0.144	-0.272	2.044
0.188926935196	0.144	-0.272	2.044
0.190716981888	0.144	-0.272	2.044
0.192493915558	-0.04	-0.068	0.42
0.194269895554	-0.04	-0.068	0.42
0.196045875549	-0.04	-0.068	0.42
0.197822809219	0.096	-0.132	0.252
0.199608802795	0.096	-0.132	0.252
0.201390981674	-0.08	-0.236	2.044
0.203168869019	-0.08	-0.236	2.044
0.204945802689	-0.08	-0.236	2.044
0.206722974777	-0.016	0.08	-1.532
0.208499908447	-0.016	0.08	-1.532
0.210277795792	-0.016	0.08	-1.532
0.212061882019	0.028	-0.236	2.044
0.213837862015	0.028	-0.236	2.044
0.21561384201	0.028	-0.236	2.044
0.217394828796	-0.044	0.124	-1.216
0.219172954559	-0.044	0.124	-1.216
0.220956802368	-0.044	0.124	-1.216
0.222735881805	0.096	-0.216	2.044
0.224511861801	0.096	-0.216	2.044
0.226290941238	0.096	-0.216	2.044
0.228066921234	-0.116	-0.092	0.876
0.229846000671	-0.116	-0.092	0.876
0.231628894806	-0.116	-0.092	0.876
0.233407020569	0.068	-0.072	-0.188
0.235183954239	0.068	-0.072	-0.188
0.236961841583	-0.068	-0.292	2.044
0.238739967346	-0.068	-0.292	2.044
0.240523815155	-0.068	-0.292	2.044
0.242300987244	0.0	0.092	-1.624
0.244069814682	0.0	0.092	-1.624
0.24584197998	0.0	0.092	-1.624
0.247610807419	-0.052	-0.288	2.044
0.249397993088	-0.052	-0.288	2.044
0.251181840897	-0.052	-0.288	2.044
0.25295996666	-0.088	0.096	-0.936
0.25473690033	-0.088	0.096	-0.936
0.256513834	-0.088	0.096	-0.936
0.258291006088	0.092	-0.196	1.812
0.260066986084	0.092	-0.196	1.812
0.261844873428	0.092	-0.196	1.812
0.26362490654	-0.116	-0.144	1.372
0.265404939651	-0.116	-0.144	1.372
0.267182826996	-0.116	-0.144	1.372
0.268959999084	-0.028	-0.048	-0.604
0.270744800568	-0.028	-0.048	-0.604
0.272533893585	-0.028	-0.048	-0.604
0.274312973022	0.024	-0.336	2.044
0.276089906693	0.024	-0.336	2.044
0.277866840363	-0.016	0.116	-1.692
0.279644966125	-0.016	0.116	-1.692
0.281428813934	-0.016	0.116	-1.692
0.283205986023	0.072	-0.352	2.044
0.284982919693	0.072	-0.352	2.044
0.286758899689	0.072	-0.352	2.044
0.288535833359	-0.048	0.06	-0.576
0.290313005447	-0.048	0.06	-0.576
0.292095899582	-0.048	0.06	-0.576
0.293872833252	0.032	-0.208	1.34
0.295648813248	0.032	-0.208	1.34
0.297423839569	0.032	-0.208	1.34
0.299209833145	-0.104	-0.184	1.848
0.300992012024	-0.104	-0.184	1.848
0.302769899368	-0.104	-0.184	1.848
0.304548025131	0.008	0.0	-0.94
0.30631685257	0.008	0.0	-0.94
0.308084964752	0.008	0.0	-0.94
0.309855937958	-0.044	-0.4	2.044
0.311638832092	-0.044	-0.4	2.044
0.31341791153	-0.072	0.128	-1.636
0.315193891525	-0.072	0.128	-1.636
0.316970825195	-0.072	0.128	-1.636
0.318747997284	0.104	-0.32	2.044
0.320531845093	0.104	-0.32	2.044
0.322309970856	0.104	-0.32	2.044
0.324084997177	-0.048	0.024	-0.164
0.325861930847	-0.048	0.024	-0.164
0.327643871307	-0.048	0.024	-0.164
0.329420804977	0.112	-0.188	0.872
0.331203937531	0.112	-0.188	0.872
0.332979917526	0.112	-0.188	0.872
0.334755897522	-0.104	-0.244	2.044
0.336534023285	-0.104	-0.244	2.044
0.338310956955	-0.104	-0.244	2.044
0.340088844299	-0.028	0.0	-1.24
0.341863870621	-0.028	0.0	-1.24
0.343634843826	-0.028	0.0	-1.24
0.345404863358	-0.02	-0.224	2.044
0.347180843353	-0.02	-0.224	2.044
0.348967790604	-0.044	0.128	-1.508
0.350752830505	-0.044	0.128	-1.508
0.352531909943	-0.044	0.128	-1.508
0.354308843613	0.092	-0.264	2.044
0.356088876724	0.092	-0.264	2.044
0.35786485672	0.092	-0.264	2.044
0.359648942947	-0.084	-0.024	0.264
0.361432790756	-0.084	-0.024	0.264
0.363210916519	-0.084	-0.024	0.264
0.364987850189	0.1	-0.148	0.4
0.366762876511	0.1	-0.148	0.4
0.368538856506	0.1	-0.148	0.4
0.370312929153	-0.092	-0.228	2.044
0.372097015381	-0.092	-0.228	2.044
0.373873949051	-0.092	-0.228	2.044
0.375651836395	0.04	0.08	-1.46
0.377427816391	0.04	0.08	-1.46
0.379203796387	0.04	0.08	-1.46
0.380985975266	-0.04	-0.296	2.044
0.382774829865	-0.04	-0.296	2.044
0.384552001953	-0.04	-0.296	2.044
0.386328935623	-0.068	0.112	-1.312
0.388105869293	-0.068	0.112	-1.312
0.389883995056	0.064	-0.252	2.044
0.391664981842	0.064	-0.252	2.044
0.393441915512	0.064	-0.252	2.044
0.395216941833	-0.124	-0.08	0.74
0.396994829178	-0.124	-0.08	0.74
0.398782014847	-0.124	-0.08	0.74
0.400565862656	0.012	-0.112	-0.056
0.402342796326	0.012	-0.112	-0.056
0.404119968414	0.012	-0.112	-0.056
0.40589594841	-0.016	-0.328	2.044
0.40767288208	-0.016	-0.328	2.044
0.40944981575	-0.016	-0.328	2.044
0.411314964294	-0.004	0.088	-1.624
0.413096904755	-0.004	0.088	-1.624
0.414874792099	-0.004	0.088	-1.624
0.416656017303	0.116	-0.356	2.044
0.418432950974	0.116	-0.356	2.044
0.420208930969	0.116	-0.356	2.044
0.421990871429	-0.052	0.088	-1.028
0.423767805099	-0.052	0.088	-1.028
0.425544977188	0.008	-0.252	1.952
0.427321910858	0.008	-0.252	1.952
0.42909693718	0.008	-0.252	1.952
0.43087887764	-0.112	-0.128	1.22
0.432657957077	-0.112	-0.128	1.22
0.434435844421	-0.112	-0.128	1.22
0.43621301651	0.012	-0.088	-0.472
0.437999010086	0.012	-0.088	-0.472
0.43977689743	0.012	-0.088	-0.472
0.441559791565	-0.104	-0.356	2.044
0.443336963654	-0.104	-0.356	2.044
0.445114850998	-0.104	-0.356	2.044
0.446892023087	-0.06	0.112	-1.68
0.448678970337	-0.06	0.112	-1.68
0.450462818146	-0.06	0.112	-1.68
0.452239990234	0.076	-0.368	2.044
0.454016923904	0.076	-0.368	2.044
0.4557929039	0.076	-0.368	2.044
0.45756983757	-0.024	0.076	-0.692
0.459347009659	-0.024	0.076	-0.692
0.461123943329	0.164	-0.216	1.488
0.462900876999	0.164	-0.216	1.488
0.464676856995	0.164	-0.216	1.488
0.466455936432	-0.084	-0.172	1.688
0.468232870102	-0.084	-0.172	1.688
0.470009803772	-0.084	-0.172	1.688
0.471792936325	0.02	-0.06	-0.836
0.473569869995	0.02	-0.06	-0.836
0.475345849991	0.02	-0.06	-0.836
0.477123975754	-0.168	-0.236	2.044
0.47889995575	-0.168	-0.236	2.044
0.480700016022	-0.168	-0.236	2.044
0.48247885704	-0.048	0.132	-1.656
0.484257936478	-0.048	0.132	-1.656
0.486035823822	-0.048	0.132	-1.656
0.487813949585	0.092	-0.276	2.044
0.489590883255	0.092	-0.276	2.044
0.491372823715	0.092	-0.276	2.044
0.493151903152	-0.1	0.04	-0.3
0.494927883148	-0.1	0.04	-0.3
0.496703863144	0.084	-0.156	1.028
0.49848985672	0.084	-0.156	1.028
0.500265836716	0.084	-0.156	1.028
0.502046823502	-0.08	-0.216	2.044
0.503824949265	-0.08	-0.216	2.044
0.505601882935	-0.08	-0.216	2.044
0.50737786293	0.076	0.024	-1.152
0.5091547966	0.076	0.024	-1.152
0.510936975479	0.076	0.024	-1.152
0.512713909149	-0.08	-0.32	2.044
0.514490842819	-0.08	-0.32	2.044
0.516268014908	-0.08	-0.32	2.044
0.518043994904	-0.044	0.124	-1.564
0.519820928574	-0.044	0.124	-1.564
0.52160692215	-0.044	0.124	-1.564
0.523384809494	0.08	-0.244	2.044
0.525159835815	0.08	-0.244	2.044
0.526935815811	0.08	-0.244	2.044
0.528711795807	-0.112	-0.028	0.128
0.530495882034	-0.112	-0.028	0.128
0.532272815704	-0.112	-0.028	0.128
0.534050941467	0.064	-0.148	0.54
0.535826921463	0.064	-0.148	0.54
0.537601947784	-0.048	-0.272	2.044
0.53937792778	-0.048	-0.272	2.044
0.541160821915	-0.048	-0.272	2.044
0.542937994003	0.016	0.036	-1.392
0.544713020325	0.016	0.036	-1.392
0.546487808228	0.016	0.036	-1.392
0.548280954361	0.088	-0.348	2.044
0.55005979538	0.088	-0.348	2.044
0.551848888397	0.088	-0.348	2.044
0.553625822067	-0.02	0.124	-1.392
0.55540394783	-0.02	0.124	-1.392
0.5571808815	-0.02	0.124	-1.392
0.55895781517	0.0	-0.268	2.044
0.560732841492	0.0	-0.268	2.044
0.562501907349	0.0	-0.268	2.044
0.56427192688	-0.1	-0.076	0.596
0.56604886055	-0.1	-0.076	0.596
0.567826986313	-0.1	-0.076	0.596
0.569604873657	0.032	-0.112	0.096
0.571386814117	0.032	-0.112	0.096
0.573162794113	-0.108	-0.328	2.044
0.574939012527	-0.108	-0.328	2.044
0.576720952988	-0.108	-0.328	2.044
0.578498840332	-0.056	0.08	-1.572
0.580274820328	-0.056	0.08	-1.572
0.582053899765	-0.056	0.08	-1.572
0.583832025528	-0.012	-0.396	2.044
0.585608959198	-0.012	-0.396	2.044
0.587386846542	-0.012	-0.396	2.044
0.589164018631	-0.052	0.104	-1.132
0.590948820114	-0.052	0.104	-1.132
0.592726945877	-0.052	0.104	-1.132
0.594502925873	0.136	-0.256	2.044
0.596278905869	0.136	-0.256	2.044
0.598064899445	0.136	-0.256	2.044
0.59984087944	-0.06	-0.128	1.052
0.601622819901	-0.06	-0.128	1.052
0.603405952454	-0.06	-0.128	1.052
0.605182886124	0.08	-0.1	-0.356
0.606957912445	0.08	-0.1	-0.356
0.608734846115	-0.108	-0.24	2.044
0.610518932343	-0.108	-0.24	2.044
0.612295866013	-0.108	-0.24	2.044
0.614072799683	-0.032	0.108	-1.656
0.615850925446	-0.032	0.108	-1.656
0.617627859116	-0.032	0.108	-1.656
0.619404792786	0.084	-0.264	2.044
0.621186971664	0.084	-0.264	2.044
0.62296295166	0.084	-0.264	2.044
0.62473988533	-0.072	0.104	-0.8
0.626516819	-0.072	0.104	-0.8
0.628293991089	-0.072	0.104	-0.8
0.630069971085	0.1	-0.188	1.648
0.631878852844	0.1	-0.188	1.648
0.633657932281	0.1	-0.188	1.648
0.635433912277	-0.1	-0.168	1.552
0.637210845947	-0.1	-0.168	1.552
0.638988018036	-0.1	-0.168	1.552
0.64077091217	0.056	-0.008	-0.732
0.642546892166	0.056	-0.008	-0.732
0.644323825836	0.056	-0.008	-0.732
0.646100997925	-0.088	-0.328	2.044
0.647886991501	-0.088	-0.328	2.044
0.649664878845	-0.016	0.116	-1.668
0.651446819305	-0.016	0.116	-1.668
0.653224945068	-0.016	0.116	-1.668
0.655002832413	0.06	-0.256	2.044
0.656778812408	0.06	-0.256	2.044
0.658557891846	0.06	-0.256	2.044
0.660333871841	-0.088	0.044	-0.424
0.662112951279	-0.088	0.044	-0.424
0.664386987686	-0.088	0.044	-0.424
0.666171789169	0.08	-0.192	1.152
0.667948961258	0.08	-0.192	1.152
0.669725894928	0.08	-0.192	1.152
0.671508789062	-0.112	-0.2	2.0
0.673286914825	-0.112	-0.2	2.0
0.675060987473	0.012	0.016	-1.056
0.676836967468	0.012	0.016	-1.056
0.678612947464	0.012	0.016	-1.056
0.680389881134	0.04	-0.348	2.044
0.682171821594	0.04	-0.348	2.044
0.683948993683	0.04	-0.348	2.044
0.685724020004	-0.016	0.116	-1.596
0.687503814697	-0.016	0.116	-1.596
0.68928194046	-0.016	0.116	-1.596
0.691064834595	0.004	-0.304	2.044
0.692842006683	0.004	-0.304	2.044
0.694616794586	0.004	-0.304	2.044
0.696391820908	-0.072	-0.004	-0.008
0.698180913925	-0.072	-0.004	-0.008
0.699957847595	-0.072	-0.004	-0.008
0.701739788055	0.044	-0.176	0.688
0.703516960144	0.044	-0.176	0.688
0.70529294014	0.044	-0.176	0.688
0.707068920135	-0.104	-0.236	2.044
0.708844900131	-0.104	-0.236	2.044
0.710628986359	-0.012	0.064	-1.348
0.712405920029	-0.012	0.064	-1.348
0.71418595314	-0.012	0.064	-1.348
0.715963840485	-0.068	-0.412	2.044
0.717741012573	-0.068	-0.412	2.044
0.719517946243	-0.068	-0.412	2.044
0.721345901489	-0.064	0.112	-1.44
0.723143815994	-0.064	0.112	-1.44
0.724922895432	-0.064	0.112	-1.44
0.726699829102	0.136	-0.268	2.044
0.728475809097	0.136	-0.268	2.044
0.730251789093	0.136	-0.268	2.044
0.732033967972	-0.044	-0.056	0.448
0.733810901642	-0.044	-0.056	0.448
0.735587835312	-0.044	-0.056	0.448
0.737365007401	0.072	-0.116	0.224
0.739140987396	0.072	-0.116	0.224
0.740922927856	0.072	-0.116	0.224
0.742700815201	-0.096	-0.236	2.044
0.744479894638	-0.096	-0.236	2.044
0.746258020401	-0.012	0.056	-1.52
0.748055934906	-0.012	0.056	-1.52
0.749832868576	-0.012	0.056	-1.52
0.751616001129	0.032	-0.26	2.044
0.753392934799	0.032	-0.26	2.044
0.755168914795	0.032	-0.26	2.044
0.756944894791	-0.048	0.12	-1.212
0.758721828461	-0.048	0.12	-1.212
0.760504961014	-0.048	0.12	-1.212
0.762282848358	0.108	-0.216	2.044
0.764060020447	0.108	-0.216	2.044
0.765836954117	0.108	-0.216	2.044
0.767611980438	-0.096	-0.092	0.924
0.76939201355	-0.096	-0.092	0.924
0.771179914474	-0.096	-0.092	0.924
0.772956848145	0.076	-0.064	-0.228
0.774734020233	0.076	-0.064	-0.228
0.776512861252	0.076	-0.064	-0.228
0.778288841248	-0.08	-0.304	2.044
0.780066013336	-0.08	-0.304	2.044
0.781848907471	-0.08	-0.304	2.044
0.783625841141	-0.012	0.104	-1.64
0.785404920578	-0.012	0.104	-1.64
0.787181854248	-0.044	-0.26	2.044
0.788959026337	-0.044	-0.26	2.044
0.790742874146	-0.044	-0.26	2.044
0.792520999908	-0.096	0.08	-0.908
0.794297933578	-0.096	0.08	-0.908
0.796074867249	-0.096	0.08	-0.908
0.79786491394	0.088	-0.204	1.78
0.799640893936	0.088	-0.204	1.78
0.801419973373	0.088	-0.204	1.78
0.803195953369	-0.116	-0.124	1.388
0.804973840714	-0.116	-0.124	1.388
0.806751012802	-0.116	-0.124	1.388
0.808527946472	0.008	-0.028	-0.624
0.810304880142	0.008	-0.028	-0.624
0.81208896637	0.008	-0.028	-0.624
0.81386590004	0.072	-0.312	2.044
0.81564283371	0.072	-0.312	2.044
0.817420005798	0.072	-0.312	2.044
0.819195985794	-0.012	0.108	-1.68
0.820979833603	-0.012	0.108	-1.68
0.82275891304	0.004	-0.328	2.044
0.824549913406	0.004	-0.328	2.044
0.826326847076	0.004	-0.328	2.044
0.828102827072	-0.084	0.052	-0.552
0.829880952835	-0.084	0.052	-0.552
0.831661939621	-0.084	0.052	-0.552
0.833439826965	0.02	-0.2	1.304
0.835215806961	0.02	-0.2	1.304
0.836990833282	0.02	-0.2	1.304
0.838766813278	-0.108	-0.196	1.88
0.84055185318	-0.108	-0.196	1.88
0.842329025269	-0.108	-0.196	1.88
0.844107866287	-0.016	0.0	-0.98
0.845876932144	-0.016	0.0	-0.98
0.847654819489	-0.016	0.0	-0.98
0.84942483902	-0.036	-0.424	2.044
0.851207971573	-0.036	-0.424	2.044
0.852988958359	-0.036	-0.424	2.044
0.854765892029	-0.068	0.116	-1.624
0.856544017792	-0.068	0.116	-1.624
0.858321905136	0.124	-0.32	2.044
0.860096931458	0.124	-0.32	2.044
0.861876010895	0.124	-0.32	2.044
0.863655805588	-0.04	0.024	-0.128
0.865432977676	-0.04	0.024	-0.128
0.867209911346	-0.04	0.024	-0.128
0.868986845016	0.096	-0.172	0.832
0.870769023895	0.096	-0.172	0.832
0.872545957565	0.096	-0.172	0.832
0.874320983887	-0.116	-0.2	2.044
0.876097917557	-0.116	-0.2	2.044
0.877874851227	-0.116	-0.2	2.044
0.879654884338	-0.02	0.024	-1.26
0.881438970566	-0.02	0.024	-1.26
0.88321685791	-0.02	0.024	-1.26
0.884994983673	0.0	-0.244	2.044
0.886762857437	0.0	-0.244	2.044
0.88853096962	0.0	-0.244	2.044
0.890298843384	-0.068	0.132	-1.5
0.892077922821	-0.068	0.132	-1.5
0.893849849701	-0.068	0.132	-1.5
0.895622968674	0.052	-0.264	2.044
0.89740896225	0.052	-0.264	2.044
0.89918589592	-0.076	-0.028	0.3
0.900968790054	-0.076	-0.028	0.3
0.902745962143	-0.076	-0.028	0.3
0.904521942139	0.116	-0.124	0.368
0.906298875809	0.116	-0.124	0.368
0.908087015152	0.116	-0.124	0.368
0.909862995148	-0.112	-0.248	2.044
0.911645889282	-0.112	-0.248	2.044
0.913424015045	-0.112	-0.248	2.044
0.915200948715	0.028	0.068	-1.472
0.916977882385	0.028	0.068	-1.472
0.918752908707	0.028	0.068	-1.472
0.920534849167	-0.052	-0.264	2.044
0.92231297493	-0.052	-0.264	2.044
0.924088954926	-0.052	-0.264	2.044
0.925865888596	-0.068	0.12	-1.284
0.927642822266	-0.068	0.12	-1.284
0.929420948029	-0.068	0.12	-1.284
0.931203842163	0.096	-0.228	2.044
0.932981014252	0.096	-0.228	2.044
0.934760808945	-0.132	-0.096	0.772
0.936539888382	-0.132	-0.096	0.772
0.9383289814	-0.132	-0.096	0.772
0.940107822418	-0.004	-0.096	-0.092
0.941890001297	-0.004	-0.096	-0.092
0.943667888641	-0.004	-0.096	-0.092
0.945444822311	-0.016	-0.256	2.044
0.947230815887	-0.016	-0.256	2.044
0.94900894165	-0.016	-0.256	2.044
0.950792789459	0.008	0.092	-1.612
0.952561855316	0.008	0.092	-1.612
0.954331874847	0.008	0.092	-1.612
0.956101894379	0.056	-0.344	2.044
0.957870960236	0.056	-0.344	2.044
0.959640026093	0.056	-0.344	2.044
0.961421012878	-0.04	0.1	-1.016
0.963202953339	-0.04	0.1	-1.016
0.964981794357	-0.04	0.1	-1.016
0.966758012772	0.028	-0.248	1.916
0.968534946442	0.028	-0.248	1.916
0.970310926437	-0.112	-0.14	1.248
0.972095012665	-0.112	-0.14	1.248
0.973871946335	-0.112	-0.14	1.248
0.975647926331	0.008	-0.08	-0.488
0.977425813675	0.008	-0.08	-0.488
0.979202985764	0.008	-0.08	-0.488
0.980985879898	-0.116	-0.392	2.044
0.982762813568	-0.116	-0.392	2.044
0.984541893005	-0.116	-0.392	2.044
0.986318826675	-0.052	0.104	-1.676
0.988095998764	-0.052	0.104	-1.676
0.98987698555	-0.052	0.104	-1.676
0.991655826569	0.112	-0.38	2.044
0.993431806564	0.112	-0.38	2.044
0.995208024979	0.112	-0.38	2.044
0.996994018555	-0.02	0.072	-0.656
0.998770952225	-0.02	0.072	-0.656
1.00055480003	-0.02	0.072	-0.656
1.0023329258	0.124	-0.212	1.464
1.00410890579	0.124	-0.212	1.464
1.00588488579	0.124	-0.212	1.464
1.00765991211	-0.084	-0.176	1.72
1.00943779945	-0.084	-0.176	1.72
1.01121997833	0.024	-0.048	-0.86
1.01299786568	0.024	-0.048	-0.86
1.01477384567	0.024	-0.048	-0.86
1.01655101776	-0.088	-0.236	2.044
1.01834082603	-0.088	-0.236	2.044
1.02011799812	-0.088	-0.236	2.044
1.02189588547	-0.06	0.132	-1.664
1.02367401123	-0.06	0.132	-1.664
1.0254509449	-0.06	0.132	-1.664
1.02722787857	0.052	-0.296	2.044
1.02900481224	0.052	-0.296	2.044
1.03078699112	0.052	-0.296	2.044
1.03256297112	-0.096	0.044	-0.276
1.03434085846	-0.096	0.044	-0.276
1.03611779213	-0.096	0.044	-0.276
1.03789591789	0.124	-0.172	1.0
1.03966784477	0.124	-0.172	1.0
1.04144191742	0.124	-0.172	1.0
1.04321289062	-0.088	-0.216	2.044
1.04499387741	-0.088	-0.216	2.044
1.04678082466	0.06	0.008	-1.176
1.04855895042	0.06	0.008	-1.176
1.05033588409	0.06	0.008	-1.176
1.05211281776	-0.112	-0.28	2.044
1.05388998985	-0.112	-0.28	2.044
1.05566692352	-0.112	-0.28	2.044
1.05744481087	-0.04	0.128	-1.544
1.05922198296	-0.04	0.128	-1.544
1.06100082397	-0.04	0.128	-1.544
1.06277799606	0.12	-0.26	2.044
1.06455397606	0.12	-0.26	2.044
1.06635093689	0.12	-0.26	2.044
1.06812787056	-0.08	-0.028	0.144
1.06990480423	-0.08	-0.028	0.144
1.07168579102	-0.08	-0.028	0.144
1.07346701622	0.048	-0.144	0.516
1.07524180412	0.048	-0.144	0.516
1.07701683044	0.048	-0.144	0.516
1.07879185677	-0.044	-0.276	2.044
1.08057498932	-0.044	-0.276	2.044
1.08235287666	0.012	0.052	-1.412
1.08412885666	0.012	0.052	-1.412
1.08590388298	0.012	0.052	-1.412
1.0876789093	0.076	-0.356	2.044
1.08945393562	0.076	-0.356	2.044
1.09126496315	0.076	-0.356	2.044
1.09304380417	-0.044	0.108	-1.372
1.09482097626	-0.044	0.108	-1.372
1.09660792351	-0.044	0.108	-1.372
1.09838485718	-0.008	-0.268	2.044
1.10016584396	-0.008	-0.268	2.044
1.10194897652	-0.008	-0.268	2.044
1.10372591019	-0.096	-0.072	0.608
1.10550284386	-0.096	-0.072	0.608
1.10727882385	-0.096	-0.072	0.608
1.10905480385	0.052	-0.124	0.052
1.11083698273	0.052	-0.124	0.052
1.11261296272	0.052	-0.124	0.052
1.11438894272	-0.108	-0.344	2.044
1.11616587639	-0.108	-0.344	2.044
1.11794281006	-0.108	-0.344	2.044
1.11971998215	-0.04	0.08	-1.576
1.12150287628	-0.04	0.08	-1.576
1.12327980995	0.032	-0.392	2.044
1.12505578995	0.032	-0.392	2.044
1.12683081627	0.032	-0.392	2.044
1.12861299515	-0.06	0.1	-1.108
1.13039278984	-0.06	0.1	-1.108
1.13217282295	-0.06	0.1	-1.108
1.13395094872	0.112	-0.256	2.044
1.13572692871	0.112	-0.256	2.044
1.13750386238	0.112	-0.256	2.044
1.1392788887	-0.072	-0.12	1.092
1.14106202126	-0.072	-0.12	1.092
1.1428399086	-0.072	-0.12	1.092
1.14461684227	0.048	-0.096	-0.336
1.14643383026	0.048	-0.096	-0.336
1.14821100235	0.048	-0.096	-0.336
1.14998698235	-0.1	-0.256	2.044
1.15176987648	-0.1	-0.256	2.044
1.15354585648	-0.1	-0.256	2.044
1.15532684326	-0.032	0.112	-1.66
1.15710496902	-0.032	0.112	-1.66
1.15888094902	0.068	-0.284	2.044
1.16066384315	0.068	-0.284	2.044
1.16243982315	0.068	-0.284	2.044
1.16421580315	-0.068	0.1	-0.804
1.16599297523	-0.068	0.1	-0.804
1.16776895523	-0.068	0.1	-0.804
1.1695458889	0.128	-0.188	1.628
1.17132592201	0.128	-0.188	1.628
1.17310190201	0.128	-0.188	1.628
1.174877882	-0.1	-0.148	1.556
1.17665600777	-0.1	-0.148	1.556
1.17843198776	-0.1	-0.148	1.556
1.18020987511	0.064	-0.02	-0.76
1.18199300766	0.064	-0.02	-0.76
1.18377280235	0.064	-0.02	-0.76
1.18554997444	-0.084	-0.332	2.044
1.18732786179	-0.084	-0.332	2.044
1.18910479546	-0.084	-0.332	2.044
1.19088792801	-0.028	0.112	-1.676
1.19266700745	-0.028	0.112	-1.676
1.19444298744	0.036	-0.268	2.044
1.19622993469	0.036	-0.268	2.044
1.19800686836	0.036	-0.268	2.044
1.19978094101	-0.096	0.032	-0.424
1.20156383514	-0.096	0.032	-0.424
1.20333981514	-0.096	0.032	-0.424
1.20511698723	0.096	-0.188	1.156
1.20689296722	0.096	-0.188	1.156
1.20866894722	0.096	-0.188	1.156
1.21049880981	-0.096	-0.204	2.004
1.2122797966	-0.096	-0.204	2.004
1.21405792236	-0.096	-0.204	2.004
1.21583485603	-0.012	0.012	-1.048
1.2176129818	-0.012	0.012	-1.048
1.21938991547	-0.012	0.012	-1.048
1.22117400169	0.072	-0.368	2.044
1.22294998169	0.072	-0.368	2.044
1.22472691536	0.072	-0.368	2.044
1.22650194168	0.0	0.112	-1.604
1.22827100754	0.0	0.112	-1.604
1.23003792763	0.024	-0.308	2.044
1.23181891441	0.024	-0.308	2.044
1.23359680176	0.024	-0.308	2.044
1.23537182808	-0.084	0.0	0.0
1.23713183403	-0.084	0.0	0.0
1.23889493942	-0.084	0.0	0.0
1.24066185951	0.024	-0.152	0.692
1.24243783951	0.024	-0.152	0.692
1.24421286583	0.024	-0.152	0.692
1.24600696564	-0.112	-0.244	2.044
1.24778485298	-0.112	-0.244	2.044
1.24956297874	-0.112	-0.244	2.044
1.25134587288	-0.02	0.04	-1.332
1.25312280655	-0.02	0.04	-1.332
1.25489902496	-0.02	0.04	-1.332
1.25667691231	-0.064	-0.416	2.044
1.25845384598	-0.064	-0.416	2.044
1.26023101807	-0.064	-0.416	2.044
1.26201081276	-0.064	0.116	-1.448
1.26379179955	-0.064	0.116	-1.448
1.26557302475	-0.064	0.116	-1.448
1.26734995842	0.136	-0.284	2.044
1.26912593842	0.136	-0.284	2.044
1.27090787888	-0.044	-0.06	0.444
1.27268600464	-0.044	-0.06	0.444
1.27446293831	-0.044	-0.06	0.444
1.2762389183	0.068	-0.14	0.228
1.2780148983	0.068	-0.14	0.228
1.2797908783	0.068	-0.14	0.228
1.28157281876	-0.104	-0.236	2.044
1.28334999084	-0.104	-0.236	2.044
1.28512692451	-0.104	-0.236	2.044
1.28690481186	-0.052	0.088	-1.52
1.28868198395	-0.052	0.088	-1.52
1.29046487808	-0.052	0.088	-1.52
1.29224300385	0.028	-0.272	2.044
1.29402184486	0.028	-0.272	2.044
1.29580783844	0.028	-0.272	2.044
1.29758381844	-0.068	0.116	-1.22
1.29936099052	-0.068	0.116	-1.22
1.30113983154	-0.068	0.116	-1.22
1.30291700363	0.088	-0.216	2.044
1.30469298363	0.088	-0.216	2.044
1.30646896362	-0.092	-0.1	0.92
1.30824494362	-0.092	-0.1	0.92
1.31002187729	-0.092	-0.1	0.92
1.31180286407	0.084	-0.068	-0.208
1.31358098984	0.084	-0.068	-0.208
1.31535792351	0.084	-0.068	-0.208
1.3171339035	-0.048	-0.284	2.044
1.3189098835	-0.048	-0.284	2.044
1.32069587708	-0.048	-0.284	2.044
1.32247400284	0.008	0.084	-1.644
1.32424998283	0.008	0.084	-1.644
1.32602500916	0.008	0.084	-1.644
1.32779979706	-0.048	-0.272	2.044
1.32957792282	-0.048	-0.272	2.044
1.33135986328	-0.048	-0.272	2.044
1.33313679695	-0.1	0.092	-0.92
1.33491492271	-0.1	0.092	-0.92
1.33669090271	-0.1	0.092	-0.92
1.33846879005	0.076	-0.208	1.784
1.34024500847	0.076	-0.208	1.784
1.34202694893	0.076	-0.208	1.784
1.34380292892	-0.136	-0.148	1.376
1.34559082985	-0.136	-0.148	1.376
1.34736895561	-0.028	-0.04	-0.62
1.3491499424	-0.028	-0.04	-0.62
1.35093379021	-0.028	-0.04	-0.62
1.35271286964	0.06	-0.32	2.044
1.35448789597	0.06	-0.32	2.044
1.35626387596	0.06	-0.32	2.044
1.35803985596	-0.012	0.108	-1.68
1.35981678963	-0.012	0.108	-1.68
1.36160087585	-0.012	0.108	-1.68
1.36337780952	0.06	-0.34	2.044
1.36515498161	0.06	-0.34	2.044
1.36693096161	0.06	-0.34	2.044
1.3687069416	-0.048	0.056	-0.552
1.37049078941	-0.048	0.056	-0.552
1.37226891518	-0.048	0.056	-0.552
1.37407493591	0.036	-0.208	1.328
1.37585687637	0.036	-0.208	1.328
1.37763285637	0.036	-0.208	1.328
1.37940883636	-0.128	-0.188	1.868
1.38119292259	-0.128	-0.188	1.868
1.38297080994	-0.012	-0.004	-0.956
1.38474988937	-0.012	-0.004	-0.956
1.38652682304	-0.012	-0.004	-0.956
1.38830399513	-0.052	-0.404	2.044
1.39008188248	-0.052	-0.404	2.044
1.39186382294	-0.052	-0.404	2.044
1.39364290237	-0.052	0.12	-1.636
1.3954308033	-0.052	0.12	-1.636
1.39720797539	-0.052	0.12	-1.636
1.39898586273	0.112	-0.316	2.044
1.40076899529	0.112	-0.316	2.044
1.40254497528	0.112	-0.316	2.044
1.4043238163	-0.024	0.028	-0.152
1.40610098839	-0.024	0.028	-0.152
1.40787792206	-0.024	0.028	-0.152
1.40965485573	0.12	-0.176	0.856
1.41143584251	0.12	-0.176	0.856
1.41321182251	0.12	-0.176	0.856
1.41498780251	-0.088	-0.208	2.044
1.41676592827	-0.088	-0.208	2.044
1.41854286194	-0.02	0.012	-1.252
1.42031979561	-0.02	0.012	-1.252
1.42210292816	-0.02	0.012	-1.252
1.42387986183	-0.008	-0.24	2.044
1.42565798759	-0.008	-0.24	2.044
1.42743492126	-0.008	-0.24	2.044
1.42921185493	-0.072	0.136	-1.512
1.43099999428	-0.072	0.136	-1.512
1.43277788162	-0.072	0.136	-1.512
1.43455481529	0.072	-0.272	2.044
1.43633198738	0.072	-0.272	2.044
1.43810796738	0.072	-0.272	2.044
1.43988394737	-0.108	-0.024	0.276
1.44166588783	-0.108	-0.024	0.276
1.4434428215	-0.108	-0.024	0.276
1.44523000717	0.096	-0.132	0.408
1.44700694084	0.096	-0.132	0.408
1.44878292084	0.096	-0.132	0.408
1.4505648613	-0.12	-0.24	2.044
1.45234179497	-0.12	-0.24	2.044
1.45411896706	0.044	0.072	-1.452
1.45589494705	0.044	0.072	-1.452
1.45767092705	0.044	0.072	-1.452
1.45944881439	-0.036	-0.296	2.044
1.4612288475	-0.036	-0.296	2.044
1.46301198006	-0.036	-0.296	2.044
1.4647898674	-0.06	0.096	-1.3
1.46656799316	-0.06	0.096	-1.3
1.46834492683	-0.06	0.096	-1.3
1.4701218605	0.08	-0.24	2.044
1.47190380096	0.08	-0.24	2.044
1.47368001938	0.08	-0.24	2.044
1.47545599937	-0.108	-0.08	0.736
1.47723388672	-0.108	-0.08	0.736
1.47900986671	-0.108	-0.08	0.736
1.48079395294	0.004	-0.1	-0.06
1.48257184029	0.004	-0.1	-0.06
1.48434782028	0.004	-0.1	-0.06
1.48612689972	-0.02	-0.316	2.044
1.48790383339	-0.02	-0.316	2.044
1.48968195915	-0.02	-0.316	2.044
1.49146389961	-0.02	0.1	-1.604
1.49324202538	-0.02	0.1	-1.604
1.49502801895	0.104	-0.356	2.044
1.49680495262	0.104	-0.356	2.044
1.49858093262	0.104	-0.356	2.044
1.50035595894	-0.048	0.084	-1.036
1.50213980675	-0.048	0.084	-1.036
1.50391793251	-0.048	0.084	-1.036
1.50569486618	0.02	-0.264	1.964
1.5074698925	0.02	-0.264	1.964
1.50924682617	0.02	-0.264	1.964
1.51102995872	-0.104	-0.124	1.204
1.51280784607	-0.104	-0.124	1.204
1.51458787918	-0.104	-0.124	1.204
1.51636600494	0.012	-0.072	-0.476
1.51814293861	0.012	-0.072	-0.476
1.51991987228	0.012	-0.072	-0.476
1.52170300484	-0.12	-0.368	2.044
1.52348089218	-0.12	-0.368	2.044
1.52525782585	-0.12	-0.368	2.044
1.52703595161	-0.052	0.112	-1.676
1.52881288528	-0.052	0.112	-1.676
1.53059601784	0.052	-0.348	2.044
1.53237199783	0.052	-0.348	2.044
1.53414797783	0.052	-0.348	2.044
1.53592300415	-0.036	0.068	-0.7
1.53769898415	-0.036	0.068	-0.7
1.53947496414	-0.036	0.068	-0.7
1.54129099846	0.144	-0.208	1.504
1.5430688858	0.144	-0.208	1.504
1.54485487938	0.144	-0.208	1.504
1.54663085938	-0.084	-0.164	1.684
1.54840779305	-0.084	-0.164	1.684
1.55018591881	-0.084	-0.164	1.684
1.55196499825	0.044	-0.048	-0.836
1.55374193192	0.044	-0.048	-0.836
1.55551886559	0.044	-0.048	-0.836
1.55732798576	-0.136	-0.248	2.044
1.55910682678	-0.136	-0.248	2.044
1.56089091301	-0.136	-0.248	2.044
1.56266999245	-0.04	0.14	-1.668
1.56444787979	-0.04	0.14	-1.668
1.56622385979	0.104	-0.276	2.044
1.56800079346	0.104	-0.276	2.044
1.56977987289	0.104	-0.276	2.044
1.57156085968	-0.084	0.048	-0.308
1.57333898544	-0.084	0.048	-0.308
1.57511591911	-0.084	0.048	-0.308
1.57689285278	0.112	-0.168	1.02
1.57866883278	0.112	-0.168	1.02
1.58044695854	0.112	-0.168	1.02
1.58222293854	-0.1	-0.212	2.044
1.58399891853	-0.1	-0.212	2.044
1.58577680588	-0.1	-0.212	2.044
1.58755397797	0.04	0.012	-1.144
1.58932995796	0.04	0.012	-1.144
1.5911128521	0.04	0.012	-1.144
1.59288883209	-0.076	-0.32	2.044
1.59467601776	-0.076	-0.32	2.044
1.59645700455	-0.076	-0.32	2.044
1.59823393822	-0.044	0.128	-1.572
1.60001182556	-0.044	0.128	-1.572
1.60179495811	0.076	-0.24	2.044
1.60357093811	0.076	-0.24	2.044
1.60534787178	0.076	-0.24	2.044
1.6071228981	-0.088	-0.032	0.116
1.60890102386	-0.088	-0.032	0.116
1.61068296432	-0.088	-0.032	0.116
1.61246085167	0.112	-0.148	0.564
1.61423587799	0.112	-0.148	0.564
1.61601090431	0.112	-0.148	0.564
1.61778688431	-0.032	-0.288	2.044
1.61956381798	-0.032	-0.288	2.044
1.62134599686	-0.032	-0.288	2.044
1.6231238842	-0.004	0.056	-1.392
1.62490487099	-0.004	0.056	-1.392
1.62668180466	-0.004	0.056	-1.392
1.62845802307	0.084	-0.372	2.044
1.63023400307	0.084	-0.372	2.044
1.6320168972	0.084	-0.372	2.044
1.6337928772	-0.028	0.116	-1.384
1.63556981087	-0.028	0.116	-1.384
1.63734698296	-0.028	0.116	-1.384
1.6391248703	0.016	-0.276	2.044
1.64090895653	0.016	-0.276	2.044
1.64268493652	-0.088	-0.076	0.568
1.64447283745	-0.088	-0.076	0.568
1.64625000954	-0.088	-0.076	0.568
1.64802789688	0.028	-0.108	0.092
1.64980387688	0.028	-0.108	0.092
1.65158891678	0.028	-0.108	0.092
1.65336585045	-0.092	-0.276	2.044
1.65514397621	-0.092	-0.276	2.044
1.65692090988	-0.092	-0.276	2.044
1.65869998932	-0.048	0.084	-1.572
1.66047787666	-0.048	0.084	-1.572
1.6622569561	-0.048	0.084	-1.572
1.6640329361	-0.048	-0.384	2.044
1.66580986977	-0.048	-0.384	2.044
1.66758680344	-0.048	-0.384	2.044
1.66936397552	-0.056	0.104	-1.144
1.67114686966	-0.056	0.104	-1.144
1.67292499542	-0.056	0.104	-1.144
1.67470192909	0.168	-0.248	2.044
1.67647695541	0.168	-0.248	2.044
1.67825293541	-0.064	-0.132	1.04
1.6800339222	-0.064	-0.132	1.04
1.68181681633	-0.064	-0.132	1.04
1.68359398842	0.096	-0.112	-0.296
1.68537092209	0.096	-0.112	-0.296
1.68714785576	0.096	-0.112	-0.296
1.68892478943	-0.12	-0.248	2.044
1.69070792198	-0.12	-0.248	2.044
1.69248580933	-0.12	-0.248	2.044
1.6942718029	-0.04	0.1	-1.648
1.69604992867	-0.04	0.1	-1.648
1.69782590866	-0.04	0.1	-1.648
1.69960284233	0.084	-0.248	2.044
1.70138382912	0.084	-0.248	2.044
1.70316100121	0.084	-0.248	2.044
1.7049369812	-0.088	0.112	-0.82
1.70671701431	-0.088	0.112	-0.82
1.70849394798	-0.088	0.112	-0.82
1.71027088165	0.108	-0.184	1.668
1.71205282211	0.108	-0.184	1.668
1.71382880211	-0.088	-0.152	1.512
1.7156059742	-0.088	-0.152	1.512
1.71738386154	-0.088	-0.152	1.512
1.71916079521	0.08	-0.004	-0.708
1.72094392776	0.08	-0.004	-0.708
1.72272086143	0.08	-0.004	-0.708
1.7244977951	-0.036	-0.332	2.044
1.72627496719	-0.036	-0.332	2.044
1.72805190086	-0.036	-0.332	2.044
1.72982788086	-0.02	0.116	-1.668
1.73161101341	-0.02	0.116	-1.668
1.73338890076	-0.02	0.116	-1.668
1.73516798019	0.0	-0.272	2.044
1.73693680763	0.0	-0.272	2.044
1.73870491982	0.0	-0.272	2.044
1.74047899246	-0.116	0.052	-0.468
1.74225592613	-0.116	0.052	-0.468
1.74405884743	-0.116	0.052	-0.468
1.74583697319	0.072	-0.2	1.208
1.74761295319	0.072	-0.2	1.208
1.74938988686	0.072	-0.2	1.208
1.75117301941	-0.112	-0.204	1.972
1.75295186043	-0.112	-0.204	1.972
1.7547287941	-0.056	0.008	-1.04
1.75650596619	-0.056	0.008	-1.04
1.75828194618	-0.056	0.008	-1.04
1.76005887985	0.048	-0.396	2.044
1.76185297966	0.048	-0.396	2.044
1.7636590004	0.048	-0.396	2.044
1.76543688774	-0.008	0.112	-1.6
1.7672150135	-0.008	0.112	-1.6
1.76899290085	-0.008	0.112	-1.6
1.77077794075	0.088	-0.316	2.044
1.77255392075	0.088	-0.316	2.044
1.77432990074	0.088	-0.316	2.044
1.77610588074	-0.036	0.0	-0.04
1.77787494659	-0.036	0.0	-0.04
1.77964282036	-0.036	0.0	-0.04
1.78141784668	0.036	-0.168	0.736
1.78319382668	0.036	-0.168	0.736
1.78497099876	0.036	-0.168	0.736
1.78674602509	-0.136	-0.216	2.044
1.78852391243	-0.136	-0.216	2.044
1.79030394554	-0.016	0.06	-1.312
1.79208779335	-0.016	0.06	-1.312
1.79387497902	-0.016	0.06	-1.312
1.79565286636	-0.044	-0.372	2.044
1.79742980003	-0.044	-0.372	2.044
1.79920697212	-0.044	-0.372	2.044
1.80098581314	-0.072	0.12	-1.46
1.8027639389	-0.072	0.12	-1.46
1.80454087257	-0.072	0.12	-1.46
1.80631780624	0.124	-0.288	2.044
1.80809402466	0.124	-0.288	2.044
1.80987000465	0.124	-0.288	2.044
1.81165099144	-0.052	-0.04	0.388
1.81342792511	-0.052	-0.04	0.388
1.81520485878	-0.052	-0.04	0.388
1.81698489189	0.1	-0.12	0.28
1.81875991821	0.1	-0.12	0.28
1.82054185867	0.1	-0.12	0.28
1.82231688499	-0.116	-0.24	2.044
1.82409501076	-0.116	-0.24	2.044
1.82587099075	-0.032	0.064	-1.504
1.82764792442	-0.032	0.064	-1.504
1.82942485809	-0.032	0.064	-1.504
1.83120799065	0.02	-0.232	2.044
1.83298397064	0.02	-0.232	2.044
1.83475899696	0.02	-0.232	2.044
1.83653497696	-0.076	0.12	-1.244
1.83831095695	-0.076	0.12	-1.244
1.84008789062	-0.076	0.12	-1.244
1.84186983109	0.084	-0.232	2.044
1.84365701675	0.084	-0.232	2.044
1.84543585777	0.084	-0.232	2.044
1.84721183777	-0.116	-0.084	0.876
1.84898996353	-0.116	-0.084	0.876
1.85077381134	-0.116	-0.084	0.876
1.85255098343	0.06	-0.068	-0.168
1.8543279171	0.06	-0.068	-0.168
1.85610389709	0.06	-0.068	-0.168
1.85788083076	-0.028	-0.272	2.044
1.85965895653	-0.028	-0.272	2.044
1.86143898964	-0.028	-0.272	2.044
1.8632209301	0.032	0.092	-1.636
1.8649969101	0.032	0.092	-1.636
1.86677193642	-0.028	-0.3	2.044
1.86854887009	-0.028	-0.3	2.044
1.87032485008	-0.028	-0.3	2.044
1.87211179733	-0.084	0.08	-0.948
1.8738899231	-0.084	0.08	-0.948
1.87566685677	-0.084	0.08	-0.948
1.87744379044	0.044	-0.224	1.84
1.87921881676	0.044	-0.224	1.84
1.88100194931	0.044	-0.224	1.84
1.88277888298	-0.112	-0.116	1.328
1.88455581665	-0.112	-0.116	1.328
1.88633298874	-0.112	-0.116	1.328
1.88811087608	-0.032	-0.044	-0.58
1.88988900185	-0.032	-0.044	-0.58
1.89167094231	-0.032	-0.044	-0.58
1.89345884323	-0.036	-0.372	2.044
1.89523696899	-0.036	-0.372	2.044
1.89701485634	-0.036	-0.372	2.044
1.89879179001	-0.06	0.116	-1.676
1.90057897568	-0.06	0.116	-1.676
1.90235686302	0.124	-0.368	2.044
1.90413379669	0.124	-0.368	2.044
1.90591096878	0.124	-0.368	2.044
1.90768694878	-0.032	0.056	-0.604
1.90946483612	-0.032	0.056	-0.604
1.91129493713	-0.032	0.056	-0.604
1.91307497025	0.064	-0.22	1.38
1.91485095024	0.064	-0.22	1.38
1.91662693024	0.064	-0.22	1.38
1.91840291023	-0.072	-0.2	1.836
1.92017889023	-0.072	-0.2	1.836
1.92196083069	-0.072	-0.2	1.836
1.92373800278	-0.004	-0.004	-0.928
1.92551493645	-0.004	-0.004	-0.928
1.92729496956	-0.004	-0.004	-0.928
1.92907381058	-0.044	-0.316	2.044
1.9308578968	-0.044	-0.316	2.044
1.93263483047	-0.044	-0.316	2.044
1.93441295624	-0.072	0.14	-1.648
1.93618988991	-0.072	0.14	-1.648
1.93796896935	0.044	-0.3	2.044
1.93974494934	0.044	-0.3	2.044
1.94152593613	0.044	-0.3	2.044
1.94331097603	-0.052	0.032	-0.212
1.94508886337	-0.052	0.032	-0.212
1.94686579704	-0.052	0.032	-0.212
1.94864201546	0.14	-0.168	0.916
1.9504878521	0.14	-0.168	0.916
1.95226383209	0.14	-0.168	0.916
1.95403385162	-0.088	-0.192	2.044
1.95580887794	-0.088	-0.192	2.044
1.95757985115	-0.088	-0.192	2.044
1.95935082436	0.02	0.024	-1.216
1.961124897	0.02	0.024	-1.216
1.96290397644	0.02	0.024	-1.216
1.96468091011	-0.056	-0.224	2.044
1.96645879745	-0.056	-0.224	2.044
1.96823596954	-0.056	-0.224	2.044
1.97001481056	-0.064	0.124	-1.528
1.97179794312	-0.064	0.124	-1.528
1.97357583046	0.096	-0.26	2.044
1.97535085678	0.096	-0.26	2.044
1.97712779045	0.096	-0.26	2.044
1.97890400887	-0.1	-0.028	0.224
1.98068785667	-0.1	-0.028	0.224
1.98246979713	-0.1	-0.028	0.224
1.9842479229	0.084	-0.144	0.44
1.98602294922	0.084	-0.144	0.44
1.98779892921	0.084	-0.144	0.44
1.98957395554	-0.084	-0.24	2.044
1.991355896	-0.084	-0.24	2.044
1.99314498901	-0.084	-0.24	2.044
1.99496102333	0.036	0.064	-1.44
1.99673986435	0.036	0.064	-1.44
1.99851584435	0.036	0.064	-1.44
2.00029182434	0.008	-0.328	2.044
2.00207400322	0.008	-0.328	2.044
2.00384998322	0.008	-0.328	2.044
2.00562691689	-0.044	0.116	-1.332
2.00740385056	-0.044	0.116	-1.332
2.00918197632	0.024	-0.252	2.044
2.01096796989	0.024	-0.252	2.044
2.01274490356	0.024	-0.252	2.044
2.01452088356	-0.1	-0.076	0.684
2.016299963	-0.1	-0.076	0.684
2.01807689667	-0.1	-0.076	0.684
2.01985383034	0.068	-0.128	0.0
2.02162384987	0.068	-0.128	0.0
2.02339196205	0.068	-0.128	0.0
2.02516078949	-0.072	-0.36	2.044
2.02693891525	-0.072	-0.36	2.044
2.0287168026	-0.072	-0.36	2.044
2.03050088882	-0.036	0.092	-1.604
2.03227901459	-0.036	0.092	-1.604
2.03405690193	-0.036	0.092	-1.604
2.0358338356	0.116	-0.392	2.044
2.03761386871	0.116	-0.392	2.044
2.03939080238	0.116	-0.392	2.044
2.04117393494	-0.032	0.092	-1.076
2.04296183586	-0.032	0.092	-1.076
2.04473996162	-0.032	0.092	-1.076
2.04651594162	0.072	-0.26	1.992
2.04829287529	0.072	-0.26	1.992
2.05006885529	-0.092	-0.132	1.152
2.05184793472	-0.092	-0.132	1.152
2.05362987518	-0.092	-0.132	1.152
2.05540680885	0.012	-0.088	-0.416
2.05718398094	0.012	-0.088	-0.416
2.05896091461	0.012	-0.088	-0.416
2.06073880196	-0.112	-0.296	2.044
2.06251692772	-0.112	-0.296	2.044
2.06429386139	-0.112	-0.296	2.044
2.06607580185	-0.036	0.112	-1.66
2.06785297394	-0.036	0.112	-1.66
2.06962895393	-0.036	0.112	-1.66
2.07141089439	0.02	-0.332	2.044
2.07318782806	0.02	-0.332	2.044
2.07496380806	0.02	-0.332	2.044
2.07673978806	-0.052	0.1	-0.74
2.07851696014	-0.052	0.1	-0.74
2.08029484749	-0.052	0.1	-0.74
2.08207798004	0.172	-0.204	1.58
2.08385396004	0.172	-0.204	1.58
2.08563089371	-0.076	-0.168	1.624
2.08740901947	-0.076	-0.168	1.624
2.08918690681	-0.076	-0.168	1.624
2.09096980095	0.06	-0.056	-0.78
2.09275984764	0.06	-0.056	-0.78
2.0945379734	0.06	-0.056	-0.78
2.0963139534	-0.168	-0.264	2.044
2.09809184074	-0.168	-0.264	2.044
2.09986901283	-0.168	-0.264	2.044
2.10165095329	-0.024	0.124	-1.664
2.10342884064	-0.024	0.124	-1.664
2.1052069664	-0.024	0.124	-1.664
2.10698485374	0.132	-0.26	2.044
2.10876083374	0.132	-0.26	2.044
2.11054301262	0.132	-0.26	2.044
2.11231994629	-0.084	0.036	-0.372
2.11409687996	-0.084	0.036	-0.372
2.11587500572	-0.084	0.036	-0.372
2.11765098572	0.072	-0.16	1.072
2.11942696571	0.072	-0.16	1.072
2.12121295929	-0.096	-0.196	2.044
2.12299180031	-0.096	-0.196	2.044
2.1247689724	-0.096	-0.196	2.044
2.12654685974	0.04	0.024	-1.112
2.12832283974	0.04	0.024	-1.112
2.13010001183	0.04	0.024	-1.112
2.13188099861	-0.028	-0.336	2.044
2.13365888596	-0.028	-0.336	2.044
2.13543701172	-0.028	-0.336	2.044
2.13721394539	-0.024	0.132	-1.584
2.13899183273	-0.024	0.132	-1.584
2.14077496529	-0.024	0.132	-1.584
2.14256882668	0.016	-0.28	2.044
2.14434599876	0.016	-0.28	2.044
2.14612197876	0.016	-0.28	2.044
2.14790081978	-0.1	-0.02	0.048
2.14967894554	-0.1	-0.02	0.048
2.151460886	-0.1	-0.02	0.048
2.15323996544	0.072	-0.188	0.632
2.15501499176	0.072	-0.188	0.632
2.15679097176	0.072	-0.188	0.632
2.15856599808	-0.072	-0.272	2.044
2.16034293175	-0.072	-0.272	2.044
2.16212582588	-0.028	0.036	-1.36
2.16390395164	-0.028	0.036	-1.36
2.16568088531	-0.028	0.036	-1.36
2.16745781898	0.02	-0.4	2.044
2.16923379898	0.02	-0.4	2.044
2.17101597786	0.02	-0.4	2.044
2.17279195786	-0.032	0.116	-1.416
2.1745698452	-0.032	0.116	-1.416
2.17635083199	-0.032	0.116	-1.416
2.17812895775	0.1	-0.288	2.044
2.17990493774	0.1	-0.288	2.044
2.18168592453	0.1	-0.288	2.044
2.1834628582	-0.048	-0.06	0.508
2.18524098396	-0.048	-0.06	0.508
2.18701791763	-0.048	-0.06	0.508
2.18879389763	0.028	-0.1	0.148
2.19057679176	0.028	-0.1	0.148
2.19236183167	0.028	-0.1	0.148
2.19413900375	-0.088	-0.256	2.044
2.19591498375	-0.088	-0.256	2.044
2.19769287109	-0.02	0.08	-1.536
2.19946980476	-0.02	0.08	-1.536
2.20132398605	-0.02	0.08	-1.536
2.20310902596	-0.02	-0.336	2.044
2.2048869133	-0.02	-0.336	2.044
2.20666384697	-0.02	-0.336	2.044
2.20844197273	-0.064	0.124	-1.18
2.21021986008	-0.064	0.124	-1.18
2.2120039463	-0.064	0.124	-1.18
2.21378087997	0.14	-0.228	2.044
2.21555781364	0.14	-0.228	2.044
2.21733593941	0.14	-0.228	2.044
2.2191119194	-0.064	-0.1	0.968
2.22089481354	-0.064	-0.1	0.968
2.2226729393	-0.064	-0.1	0.968
2.22444987297	0.084	-0.1	-0.252
2.22622799873	0.084	-0.1	-0.252
2.2280049324	0.084	-0.1	-0.252
2.22978281975	-0.1	-0.292	2.044
2.23156881332	-0.1	-0.292	2.044
2.23334789276	-0.016	0.108	-1.648
2.2351269722	-0.016	0.108	-1.648
2.23690485954	-0.016	0.108	-1.648
2.23868179321	0.024	-0.24	2.044
2.24046587944	0.024	-0.24	2.044
2.24225187302	0.024	-0.24	2.044
2.24402880669	-0.076	0.08	-0.884
2.24580597878	-0.076	0.08	-0.884
2.24758386612	-0.076	0.08	-0.884
2.24936079979	0.092	-0.196	1.736
2.25114393234	0.092	-0.196	1.736
2.25292086601	0.092	-0.196	1.736
2.25469779968	-0.12	-0.14	1.448
2.25651502609	-0.12	-0.14	1.448
2.25830101967	-0.12	-0.14	1.448
2.26007986069	0.04	-0.016	-0.676
2.26186084747	0.04	-0.016	-0.676
2.26364183426	0.04	-0.016	-0.676
2.26541900635	0.06	-0.3	2.044
2.26719594002	0.06	-0.3	2.044
2.26897096634	0.004	0.12	-1.676
2.27075386047	0.004	0.12	-1.676
2.27252984047	0.004	0.12	-1.676
2.27430486679	-0.004	-0.324	2.044
2.27608180046	-0.004	-0.324	2.044
2.27785801888	-0.004	-0.324	2.044
2.27963590622	-0.096	0.048	-0.528
2.28141999245	-0.096	0.048	-0.528
2.28319692612	-0.096	0.048	-0.528
2.28497290611	0.04	-0.204	1.276
2.28675198555	0.04	-0.204	1.276
2.28852891922	0.04	-0.204	1.276
2.29030489922	-0.116	-0.188	1.888
2.29209780693	-0.116	-0.188	1.888
2.29387593269	-0.116	-0.188	1.888
2.29565382004	-0.02	-0.008	-0.996
2.2974319458	-0.02	-0.008	-0.996
2.29920983315	-0.02	-0.008	-0.996
2.30098700523	-0.008	-0.432	2.044
2.3027639389	-0.008	-0.432	2.044
2.30454087257	-0.048	0.112	-1.628
2.30631780624	-0.048	0.112	-1.628
2.30809593201	-0.048	0.112	-1.628
2.309871912	0.136	-0.316	2.044
2.31165385246	0.136	-0.316	2.044
2.3134329319	0.136	-0.316	2.044
2.3152089119	-0.028	0.012	-0.108
2.31698584557	-0.028	0.012	-0.108
2.31876301765	-0.028	0.012	-0.108
2.32054591179	0.068	-0.164	0.804
2.32232284546	0.068	-0.164	0.804
2.32409787178	0.068	-0.164	0.804
2.3258728981	-0.104	-0.216	2.044
2.32764983177	-0.104	-0.216	2.044
2.32942700386	-0.104	-0.216	2.044
2.33120989799	-0.02	0.06	-1.296
2.33298802376	-0.02	0.06	-1.296
2.33476400375	-0.02	0.06	-1.296
2.33654093742	0.016	-0.276	2.044
2.33831691742	0.016	-0.276	2.044
2.34009289742	0.016	-0.276	2.044
2.34188580513	-0.068	0.136	-1.484
2.34366488457	-0.068	0.136	-1.484
2.34544301033	0.04	-0.256	2.044
2.34721899033	0.04	-0.256	2.044
2.34899497032	0.04	-0.256	2.044
2.35077691078	-0.096	-0.02	0.32
2.35255599022	-0.096	-0.02	0.32
2.35433292389	-0.096	-0.02	0.32
2.35610985756	0.124	-0.132	0.348
2.35788488388	0.124	-0.132	0.348
2.35966086388	0.124	-0.132	0.348
2.36144185066	-0.112	-0.244	2.044
2.36321997643	-0.112	-0.244	2.044
2.36499786377	-0.112	-0.244	2.044
2.36677479744	0.04	0.064	-1.484
2.36855483055	0.04	0.064	-1.484
2.37033200264	0.04	0.064	-1.484
2.3721139431	-0.044	-0.244	2.044
2.37389087677	-0.044	-0.244	2.044
2.37566781044	-0.044	-0.244	2.044
2.3774459362	-0.076	0.104	-1.264
2.37922286987	-0.076	0.104	-1.264
2.38100790977	0.096	-0.236	2.044
2.38278484344	0.096	-0.236	2.044
2.38456082344	0.096	-0.236	2.044
2.38633680344	-0.12	-0.1	0.8
2.38811302185	-0.12	-0.1	0.8
2.38988995552	-0.12	-0.1	0.8
2.39168190956	0.028	-0.096	-0.1
2.39345884323	0.028	-0.096	-0.1
2.39523482323	0.028	-0.096	-0.1
2.39701390266	-0.004	-0.26	2.044
2.39878988266	-0.004	-0.26	2.044
2.40056991577	-0.004	-0.26	2.044
2.40234899521	0.008	0.096	-1.62
2.40412688255	0.008	0.096	-1.62
2.40590286255	0.008	0.096	-1.62
2.40767788887	0.044	-0.344	2.044
2.40945482254	0.044	-0.344	2.044
2.41127181053	0.044	-0.344	2.044
2.41304993629	-0.052	0.08	-1.0
2.41482281685	-0.052	0.08	-1.0
2.41659593582	0.036	-0.244	1.916
2.41837286949	0.036	-0.244	1.916
2.42014884949	0.036	-0.244	1.916
2.42192792892	-0.14	-0.12	1.272
2.42370986938	-0.14	-0.12	1.272
2.42548799515	-0.14	-0.12	1.272
2.42726492882	0.0	-0.08	-0.5
2.42902994156	0.0	-0.08	-0.5
2.43079590797	0.0	-0.08	-0.5
2.43256092072	-0.1	-0.384	2.044
2.43433785439	-0.1	-0.384	2.044
2.43611598015	-0.1	-0.384	2.044
2.43789386749	-0.052	0.112	-1.684
2.43967199326	-0.052	0.112	-1.684
2.44146990776	-0.052	0.112	-1.684
2.4432477951	0.088	-0.356	2.044
2.44502401352	0.088	-0.356	2.044
2.44680094719	0.088	-0.356	2.044
2.44857692719	-0.048	0.072	-0.668
2.45035481453	-0.048	0.072	-0.668
2.45214080811	-0.048	0.072	-0.668
2.45391798019	0.116	-0.212	1.456
2.45569491386	0.116	-0.212	1.456
2.45747089386	-0.068	-0.196	1.72
2.45924901962	-0.068	-0.196	1.72
2.46102690697	-0.068	-0.196	1.72
2.46280479431	0.016	-0.056	-0.868
2.4645819664	0.016	-0.056	-0.868
2.46635890007	0.016	-0.056	-0.868
2.46813702583	-0.104	-0.228	2.044
2.46991300583	-0.104	-0.228	2.044
2.47169589996	-0.104	-0.228	2.044
2.4734749794	-0.048	0.148	-1.664
2.47525191307	-0.048	0.148	-1.664
2.47702884674	-0.048	0.148	-1.664
2.47880983353	0.072	-0.292	2.044
2.48059391975	0.072	-0.292	2.044
2.48237085342	0.072	-0.292	2.044
2.48414587975	-0.084	0.036	-0.264
2.48592281342	-0.084	0.036	-0.264
2.48769879341	-0.084	0.036	-0.264
2.4894759655	0.124	-0.164	0.976
2.49129986763	0.124	-0.164	0.976
2.49307799339	-0.104	-0.208	2.044
2.49485588074	-0.104	-0.208	2.044
2.49663281441	-0.104	-0.208	2.044
2.49841094017	0.044	0.008	-1.172
2.50018596649	0.044	0.008	-1.172
2.50196695328	0.044	0.008	-1.172
2.50374293327	-0.124	-0.28	2.044
2.50552082062	-0.124	-0.28	2.044
2.50730085373	-0.124	-0.28	2.044
2.50907993317	-0.048	0.128	-1.544
2.5108628273	-0.048	0.128	-1.544
2.51264190674	-0.048	0.128	-1.544
2.51441884041	0.12	-0.248	2.044
2.5161948204	0.12	-0.248	2.044
2.51797199249	0.12	-0.248	2.044
2.51974701881	-0.096	-0.028	0.172
2.52152895927	-0.096	-0.028	0.172
2.52330684662	-0.096	-0.028	0.172
2.52508401871	0.056	-0.148	0.5
2.52685689926	0.056	-0.148	0.5
2.52862882614	-0.052	-0.268	2.044
2.53040599823	-0.052	-0.268	2.044
2.53221702576	-0.052	-0.268	2.044
2.53399991989	0.024	0.064	-1.428
2.53577685356	0.024	0.064	-1.428
2.53755283356	0.024	0.064	-1.428
2.53932881355	0.076	-0.348	2.044
2.54112100601	0.076	-0.348	2.044
2.54289889336	0.076	-0.348	2.044
2.54467582703	-0.036	0.112	-1.36
2.54645299911	-0.036	0.112	-1.36
2.54822897911	-0.036	0.112	-1.36
2.55005598068	-0.008	-0.272	2.044
2.55183696747	-0.008	-0.272	2.044
2.55361580849	-0.008	-0.272	2.044
2.55539298058	-0.088	-0.072	0.644
2.55716991425	-0.088	-0.072	0.644
2.55894780159	-0.088	-0.072	0.644
2.56073188782	0.044	-0.112	0.052
2.56251192093	0.044	-0.112	0.052
2.56428790092	-0.088	-0.336	2.044
2.56606578827	-0.088	-0.336	2.044
2.56784391403	-0.088	-0.336	2.044
2.5696208477	-0.044	0.08	-1.572
2.57140493393	-0.044	0.08	-1.572
2.57318401337	-0.044	0.08	-1.572
2.57495999336	0.024	-0.388	2.044
2.57673692703	0.024	-0.388	2.044
2.5785138607	0.024	-0.388	2.044
2.5802898407	-0.04	0.1	-1.108
2.58206987381	-0.04	0.1	-1.108
2.58384680748	-0.04	0.1	-1.108
2.58562397957	0.128	-0.244	2.044
2.58740091324	0.128	-0.244	2.044
2.58917880058	0.128	-0.244	2.044
2.59097194672	-0.076	-0.124	1.088
2.59275102615	-0.076	-0.124	1.088
2.59452795982	-0.076	-0.124	1.088
2.59630489349	0.04	-0.088	-0.364
2.59808182716	0.04	-0.088	-0.364
2.59985780716	0.04	-0.088	-0.364
2.60164093971	-0.112	-0.264	2.044
2.60341882706	-0.112	-0.264	2.044
2.60519695282	-0.032	0.12	-1.668
2.60697388649	-0.032	0.12	-1.668
2.60875082016	-0.032	0.12	-1.668
2.61053586006	0.068	-0.28	2.044
2.61231184006	0.068	-0.28	2.044
2.61408782005	0.068	-0.28	2.044
2.61586284637	-0.068	0.104	-0.792
2.61764502525	-0.068	0.104	-0.792
2.61942195892	-0.068	0.104	-0.792
2.62120485306	0.148	-0.192	1.624
2.62298202515	0.148	-0.192	1.624
2.62475895882	0.148	-0.192	1.624
2.62653398514	-0.092	-0.148	1.572
2.62831282616	-0.092	-0.148	1.572
2.63008999825	-0.092	-0.148	1.572
2.63187289238	0.056	-0.036	-0.76
2.63364982605	0.056	-0.036	-0.76
2.63542699814	0.056	-0.036	-0.76
2.63720393181	-0.108	-0.324	2.044
2.63898181915	-0.108	-0.324	2.044
2.64077496529	-0.04	0.12	-1.664
2.6425538063	-0.04	0.12	-1.664
2.64433479309	-0.04	0.12	-1.664
2.64611291885	0.076	-0.252	2.044
2.64788889885	0.076	-0.252	2.044
2.64966583252	0.076	-0.252	2.044
2.6514480114	-0.104	0.044	-0.412
2.65322589874	-0.104	0.044	-0.412
2.65500402451	-0.104	0.044	-0.412
2.65678095818	0.076	-0.176	1.136
2.65855693817	0.076	-0.176	1.136
2.66033291817	0.076	-0.176	1.136
2.66211080551	-0.108	-0.196	2.012
2.6638879776	-0.108	-0.196	2.012
2.66566491127	-0.108	-0.196	2.012
2.66744089127	0.032	0.02	-1.076
2.66921687126	0.032	0.02	-1.076
2.67099881172	0.032	0.02	-1.076
2.67277789116	0.04	-0.348	2.044
2.67455387115	0.04	-0.348	2.044
2.67632985115	-0.004	0.12	-1.6
2.67810702324	-0.004	0.12	-1.6
2.67988395691	-0.004	0.12	-1.6
2.68166780472	0.004	-0.304	2.044
2.68344783783	0.004	-0.304	2.044
2.68522286415	0.004	-0.304	2.044
2.68699789047	-0.092	0.0	0.004
2.68876695633	-0.092	0.0	0.004
2.69055986404	-0.092	0.0	0.004
2.69232988358	0.044	-0.164	0.692
2.6941049099	0.044	-0.164	0.692
2.69587993622	0.044	-0.164	0.692
2.69765686989	-0.108	-0.228	2.044
2.699436903	-0.108	-0.228	2.044
2.70122098923	-0.108	-0.228	2.044
2.70299887657	-0.02	0.048	-1.336
2.70477700233	-0.02	0.048	-1.336
2.70655488968	-0.02	0.048	-1.336
2.70833182335	-0.052	-0.412	2.044
2.71010899544	-0.052	-0.412	2.044
2.7118909359	-0.052	-0.412	2.044
2.71367001534	-0.048	0.108	-1.436
2.71544599533	-0.048	0.108	-1.436
2.717222929	0.148	-0.28	2.044
2.718998909	0.148	-0.28	2.044
2.72078084946	0.148	-0.28	2.044
2.72255682945	-0.04	-0.056	0.46
2.72433400154	-0.04	-0.056	0.46
2.72610998154	-0.04	-0.056	0.46
2.72788882256	0.044	-0.104	0.228
2.72966599464	0.044	-0.104	0.228
2.73144698143	0.044	-0.104	0.228
2.73322296143	-0.096	-0.216	2.044
2.73500084877	-0.096	-0.216	2.044
2.73677682877	-0.096	-0.216	2.044
2.73855495453	-0.04	0.088	-1.528
2.7403409481	-0.04	0.088	-1.528
2.74212598801	-0.04	0.088	-1.528
2.74390292168	0.012	-0.288	2.044
2.74567985535	0.012	-0.288	2.044
2.74745583534	0.012	-0.288	2.044
2.74923086166	-0.076	0.112	-1.224
2.75101494789	-0.076	0.112	-1.224
2.75279283524	0.096	-0.224	2.044
2.75457286835	0.096	-0.224	2.044
2.75634884834	0.096	-0.224	2.044
2.75812387466	-0.072	-0.1	0.916
2.75990080833	-0.072	-0.1	0.916
2.76168489456	-0.072	-0.1	0.916
2.76346182823	0.104	-0.08	-0.22
2.76523900032	0.104	-0.08	-0.22
2.76701593399	0.104	-0.08	-0.22
2.76879286766	-0.056	-0.28	2.044
2.77057886124	-0.056	-0.28	2.044
2.772356987	-0.056	-0.28	2.044
2.77413487434	0.016	0.096	-1.648
2.77591180801	0.016	0.096	-1.648
2.77768778801	0.016	0.096	-1.648
2.77946400642	-0.024	-0.248	2.044
2.7813270092	-0.024	-0.248	2.044
2.78315401077	-0.024	-0.248	2.044
2.78494286537	-0.08	0.08	-0.908
2.78672480583	-0.08	0.08	-0.908
2.78850388527	0.088	-0.204	1.776
2.79029393196	0.088	-0.204	1.776
2.79207992554	0.088	-0.204	1.776
2.79385900497	-0.128	-0.148	1.396
2.79563879967	-0.128	-0.148	1.396
2.79741883278	-0.128	-0.148	1.396
2.79919695854	-0.024	-0.02	-0.608
2.80097985268	-0.024	-0.02	-0.608
2.80275988579	-0.024	-0.02	-0.608
2.80453896523	0.06	-0.304	2.044
2.80631685257	0.06	-0.304	2.044
2.80809593201	0.06	-0.304	2.044
2.80987787247	-0.008	0.128	-1.688
2.81166481972	-0.008	0.128	-1.688
2.81344389915	-0.008	0.128	-1.688
2.81522297859	0.044	-0.34	2.044
2.81700086594	0.044	-0.34	2.044
2.81877779961	0.044	-0.34	2.044
2.82056093216	-0.068	0.064	-0.552
2.8223388195	-0.068	0.064	-0.552
2.82411789894	0.036	-0.204	1.32
2.8258960247	0.036	-0.204	1.32
2.82767391205	0.036	-0.204	1.32
2.82945084572	-0.124	-0.196	1.86
2.83122992516	-0.124	-0.196	1.86
2.83301186562	-0.124	-0.196	1.86
2.83478999138	-0.02	-0.008	-0.972
2.8365688324	-0.02	-0.008	-0.972
2.83835101128	-0.02	-0.008	-0.972
2.84014201164	-0.048	-0.404	2.044
2.84192895889	-0.048	-0.404	2.044
2.84370779991	-0.048	-0.404	2.044
2.84548687935	-0.048	0.116	-1.62
2.84726691246	-0.048	0.116	-1.62
2.84904694557	-0.048	0.116	-1.62
2.85083198547	0.116	-0.32	2.044
2.852602005	0.116	-0.32	2.044
2.85437202454	0.116	-0.32	2.044
2.85614180565	-0.036	0.016	-0.152
2.85791301727	-0.036	0.016	-0.152
2.85968399048	0.116	-0.18	0.848
2.86146688461	0.116	-0.18	0.848
2.86325001717	0.116	-0.18	0.848
2.8650329113	-0.096	-0.216	2.044
2.86681294441	-0.096	-0.216	2.044
2.86859202385	-0.096	-0.216	2.044
2.87036991119	0.0	0.028	-1.268
2.87214779854	0.0	0.028	-1.268
2.87391996384	0.0	0.028	-1.268
2.87568879128	0.016	-0.236	2.044
2.87746787071	0.016	-0.236	2.044
2.87924480438	0.016	-0.236	2.044
2.88108181953	-0.068	0.14	-1.512
2.88286280632	-0.068	0.14	-1.512
2.88464188576	-0.068	0.14	-1.512
2.88642001152	0.052	-0.256	2.044
2.88819885254	0.052	-0.256	2.044
2.88998794556	0.052	-0.256	2.044
2.89177179337	-0.104	-0.02	0.292
2.89355301857	-0.104	-0.02	0.292
2.89533185959	0.104	-0.132	0.376
2.89711093903	0.104	-0.132	0.376
2.89888691902	0.104	-0.132	0.376
2.90066981316	-0.124	-0.24	2.044
2.90244889259	-0.124	-0.24	2.044
2.90422797203	-0.124	-0.24	2.044
2.90600800514	0.028	0.064	-1.464
2.90778684616	0.028	0.064	-1.464
2.90956401825	0.028	0.064	-1.464
2.91134691238	-0.048	-0.284	2.044
2.9131269455	-0.048	-0.284	2.044
2.91490483284	-0.048	-0.284	2.044
2.9166829586	-0.052	0.1	-1.3
2.91846084595	-0.052	0.1	-1.3
2.9202439785	-0.052	0.1	-1.3
2.92202997208	0.096	-0.244	2.044
2.9238088131	0.096	-0.244	2.044
2.92558693886	0.096	-0.244	2.044
2.92736291885	-0.088	-0.108	0.764
2.92914390564	-0.088	-0.108	0.764
2.93092799187	0.016	-0.096	-0.076
2.93270802498	0.016	-0.096	-0.076
2.93448495865	0.016	-0.096	-0.076
2.93626499176	-0.016	-0.292	2.044
2.93804502487	-0.016	-0.292	2.044
2.9398329258	-0.016	-0.292	2.044
2.94161891937	0.0	0.092	-1.62
2.94338989258	0.0	0.092	-1.62
2.94516181946	0.0	0.092	-1.62
2.94693183899	0.1	-0.344	2.044
2.94871282578	0.1	-0.344	2.044
2.950496912	0.1	-0.344	2.044
2.95227479935	-0.024	0.084	-1.028
2.95405602455	-0.024	0.084	-1.028
2.95583581924	-0.024	0.084	-1.028
2.95761394501	0.024	-0.256	1.956
2.95939183235	0.024	-0.256	1.956
2.96117281914	0.024	-0.256	1.956
2.9629509449	-0.108	-0.104	1.24
2.96473002434	-0.108	-0.104	1.24
2.96650695801	-0.108	-0.104	1.24
2.96828579903	-0.012	-0.064	-0.476
2.97006797791	-0.012	-0.064	-0.476
2.97185492516	-0.12	-0.396	2.044
2.9736328125	-0.12	-0.396	2.044
2.97541379929	-0.12	-0.396	2.044
2.97719502449	-0.056	0.116	-1.68
2.97897386551	-0.056	0.116	-1.68
2.98075795174	-0.056	0.116	-1.68
2.98253679276	0.072	-0.356	2.044
2.98431491852	0.072	-0.356	2.044
2.98609280586	0.072	-0.356	2.044
2.98786997795	-0.044	0.068	-0.672
2.98965787888	-0.044	0.068	-0.672
2.99144291878	-0.044	0.068	-0.672
2.99322199821	0.124	-0.208	1.492
2.99499988556	0.124	-0.208	1.492
2.99677681923	0.124	-0.208	1.492
2.99855184555	-0.084	-0.2	1.692
3.00033187866	-0.084	-0.2	1.692
3.00211787224	-0.084	-0.2	1.692
3.0038998127	0.044	-0.056	-0.848
3.00567889214	0.044	-0.056	-0.848
3.00745797157	-0.112	-0.24	2.044
3.00923895836	-0.112	-0.24	2.044
3.01102280617	-0.112	-0.24	2.044
3.01280283928	-0.04	0.132	-1.664
3.01458096504	-0.04	0.132	-1.664
3.01635980606	-0.04	0.132	-1.664
3.01813983917	0.076	-0.28	2.044
3.01991701126	0.076	-0.28	2.044
3.0216999054	0.076	-0.28	2.044
3.02347683907	-0.06	0.044	-0.296
3.02526187897	-0.06	0.044	-0.296
3.02704000473	-0.06	0.044	-0.296
3.02881789207	0.124	-0.164	1.024
3.03059983253	0.124	-0.164	1.024
3.0323779583	0.124	-0.164	1.024
3.03415584564	-0.096	-0.188	2.044
3.03593492508	-0.096	-0.188	2.044
3.03771400452	-0.096	-0.188	2.044
3.03950095177	0.048	0.012	-1.16
3.04131197929	0.048	0.012	-1.16
3.04308199883	-0.108	-0.312	2.044
3.04485297203	-0.108	-0.312	2.044
3.04662394524	-0.108	-0.312	2.044
3.04839491844	-0.064	0.124	-1.56
3.05016589165	-0.064	0.124	-1.56
3.05194091797	-0.064	0.124	-1.56
3.05371785164	0.076	-0.256	2.044
3.05548787117	0.076	-0.256	2.044
3.0572578907	0.076	-0.256	2.044
3.05903196335	-0.104	-0.04	0.132
3.06080794334	-0.104	-0.04	0.132
3.06258893013	-0.104	-0.04	0.132
3.06436896324	0.052	-0.152	0.544
3.06614685059	0.052	-0.152	0.544
3.06792402267	0.052	-0.152	0.544
3.06970095634	-0.02	-0.316	2.044
3.07148599625	-0.02	-0.316	2.044
3.07326579094	-0.02	-0.316	2.044
3.0750439167	0.016	0.052	-1.404
3.07682180405	0.016	0.052	-1.404
3.07859897614	0.092	-0.36	2.044
3.08037686348	0.092	-0.36	2.044
3.08216190338	0.092	-0.36	2.044
3.08393883705	-0.024	0.108	-1.368
3.08572101593	-0.024	0.108	-1.368
3.08749985695	-0.024	0.108	-1.368
3.08928990364	0.012	-0.284	2.044
3.09107398987	0.012	-0.284	2.044
3.09285283089	0.012	-0.284	2.044
3.09463095665	-0.092	-0.072	0.584
3.09641098976	-0.092	-0.072	0.584
3.09818983078	-0.092	-0.072	0.584
3.09996891022	0.04	-0.116	0.088
3.10175299644	0.04	-0.116	0.088
3.10352897644	0.04	-0.116	0.088
3.10530686378	-0.092	-0.32	2.044
3.10708594322	-0.092	-0.32	2.044
3.10886383057	-0.092	-0.32	2.044
3.11064791679	-0.016	0.092	-1.564
3.11242794991	-0.016	0.092	-1.564
3.11421084404	0.004	-0.396	2.044
3.11598801613	0.004	-0.396	2.044
3.11776590347	0.004	-0.396	2.044
3.11954188347	-0.036	0.108	-1.128
3.12132883072	-0.036	0.108	-1.128
3.12310695648	-0.036	0.108	-1.128
3.12488484383	0.136	-0.224	2.044
3.12666392326	0.136	-0.224	2.044
3.1284430027	0.136	-0.224	2.044
3.13022089005	-0.072	-0.124	1.06
3.13200592995	-0.072	-0.124	1.06
3.13378381729	-0.072	-0.124	1.06
3.13556194305	0.052	-0.096	-0.328
3.13734197617	0.052	-0.096	-0.328
3.13912987709	0.052	-0.096	-0.328
3.14091897011	-0.144	-0.24	2.044
3.14269900322	-0.144	-0.24	2.044
3.14447593689	-0.144	-0.24	2.044
3.14625597	-0.056	0.112	-1.66
3.14803481102	-0.056	0.112	-1.66
3.14981293678	-0.056	0.112	-1.66
3.15159797668	0.064	-0.276	2.044
3.15337586403	0.064	-0.276	2.044
3.1551527977	-0.08	0.104	-0.804
3.15693187714	-0.08	0.104	-0.804
3.16605186462	-0.08	-0.168	1.524
3.16790795326	-0.08	-0.168	1.524
3.1696908474	-0.08	-0.168	1.524
3.17148900032	0.072	-0.02	-0.724
3.17326998711	0.072	-0.02	-0.724
3.17504787445	0.072	-0.02	-0.724
3.17685198784	-0.052	-0.328	2.044
3.1786339283	-0.052	-0.328	2.044
3.18041181564	-0.012	0.124	-1.676
3.18224287033	-0.012	0.124	-1.676
3.18402385712	-0.012	0.124	-1.676
3.18580293655	0.036	-0.264	2.044
3.18757987022	0.036	-0.264	2.044
3.18935799599	0.036	-0.264	2.044
3.1911418438	-0.1	0.052	-0.444
3.19292283058	-0.1	0.052	-0.444
3.19470191002	-0.1	0.052	-0.444
3.19651579857	0.052	-0.168	1.16
3.19829392433	0.052	-0.168	1.16
3.20006990433	0.052	-0.168	1.16
3.2018558979	-0.116	-0.2	1.992
3.20364379883	-0.116	-0.2	1.992
3.20542192459	-0.116	-0.2	1.992
3.20720100403	-0.02	0.012	-1.048
3.20898199081	-0.02	0.012	-1.048
3.2107667923	-0.02	0.012	-1.048
3.21254587173	0.052	-0.368	2.044
3.2143239975	0.052	-0.368	2.044
3.21610093117	-0.02	0.112	-1.6
3.21787881851	-0.02	0.112	-1.6
3.21965694427	-0.02	0.112	-1.6
3.22144198418	0.024	-0.308	2.044
3.22321891785	0.024	-0.308	2.044
3.22499895096	0.024	-0.308	2.044
3.22677588463	-0.068	0.0	-0.028
3.2285490036	-0.068	0.0	-0.028
3.23031902313	-0.068	0.0	-0.028
3.23210287094	0.032	-0.184	0.732
3.2338809967	0.032	-0.184	0.732
3.2356569767	0.032	-0.184	0.732
3.23743391037	-0.132	-0.232	2.044
3.23921179771	-0.132	-0.232	2.044
3.24099898338	-0.132	-0.232	2.044
3.24277901649	-0.036	0.044	-1.328
3.24455690384	-0.036	0.044	-1.328
3.24636292458	-0.036	0.044	-1.328
3.24814200401	-0.072	-0.412	2.044
3.24992179871	-0.072	-0.412	2.044
3.25170302391	-0.072	-0.412	2.044
3.25347280502	-0.044	0.112	-1.456
3.25524401665	-0.044	0.112	-1.456
3.25701785088	0.148	-0.3	2.044
3.25879192352	0.148	-0.3	2.044
3.26062679291	0.148	-0.3	2.044
3.26240992546	-0.056	-0.048	0.424
3.26418995857	-0.056	-0.048	0.424
3.26597094536	-0.056	-0.048	0.424
3.2677500248	0.096	-0.1	0.228
3.26952695847	0.096	-0.1	0.228
3.27131199837	0.096	-0.1	0.228
3.27309083939	-0.08	-0.224	2.044
3.27486991882	-0.08	-0.224	2.044
3.27664685249	-0.08	-0.224	2.044
3.27842593193	-0.024	0.068	-1.52
3.28020501137	-0.024	0.068	-1.52
3.28198981285	-0.024	0.068	-1.52
3.28376889229	0.016	-0.256	2.044
3.28554701805	0.016	-0.256	2.044
3.28732800484	0.016	-0.256	2.044
3.28910779953	-0.072	0.136	-1.228
3.29089379311	-0.072	0.136	-1.228
3.29267501831	0.08	-0.224	2.044
3.29445290565	0.08	-0.224	2.044
3.29624080658	0.08	-0.224	2.044
3.29801893234	-0.092	-0.096	0.9
3.29979681969	-0.092	-0.096	0.9
3.30157589912	-0.092	-0.096	0.9
3.30335402489	0.08	-0.088	-0.176
3.30513381958	0.08	-0.088	-0.176
3.30691289902	0.08	-0.088	-0.176
3.30869197845	-0.064	-0.288	2.044
3.31047487259	-0.064	-0.288	2.044
3.3122549057	-0.064	-0.288	2.044
3.31403779984	0.012	0.096	-1.64
3.3158159256	0.012	0.096	-1.64
3.31759285927	0.012	0.096	-1.64
3.31936883926	-0.032	-0.268	2.044
3.32115697861	-0.032	-0.268	2.044
3.32293486595	-0.032	-0.268	2.044
3.32471585274	-0.088	0.08	-0.936
3.32649493217	-0.088	0.08	-0.936
3.32827186584	0.096	-0.216	1.816
3.33004999161	0.096	-0.216	1.816
3.33183383942	0.096	-0.216	1.816
3.33361101151	-0.116	-0.128	1.372
3.33538985252	-0.116	-0.128	1.372
3.33717083931	-0.116	-0.128	1.372
3.33894991875	-0.012	-0.004	-0.608
3.34073495865	-0.012	-0.004	-0.608
3.34251785278	-0.012	-0.004	-0.608
3.34429788589	0.052	-0.312	2.044
3.34608387947	0.052	-0.312	2.044
3.34786200523	0.052	-0.312	2.044
3.3496389389	-0.02	0.108	-1.672
3.35142993927	-0.02	0.108	-1.672
3.35321187973	-0.02	0.108	-1.672
3.35499095917	0.064	-0.348	2.044
3.35676789284	0.064	-0.348	2.044
3.35854482651	0.064	-0.348	2.044
3.3603219986	-0.056	0.06	-0.588
3.36210799217	-0.056	0.06	-0.588
3.36388587952	0.028	-0.216	1.34
3.36566495895	0.028	-0.216	1.34
3.36744093895	0.028	-0.216	1.34
3.36922383308	-0.108	-0.188	1.84
3.37100887299	-0.108	-0.188	1.84
3.37278795242	-0.108	-0.188	1.84
3.37456583977	-0.04	0.0	-0.932
3.37633681297	-0.04	0.0	-0.932
3.3781080246	-0.04	0.0	-0.932
3.37987780571	-0.048	-0.408	2.044
3.38166379929	-0.048	-0.408	2.044
3.38344192505	-0.048	-0.408	2.044
3.38522481918	-0.056	0.12	-1.624
3.38700294495	-0.056	0.12	-1.624
3.38878083229	-0.056	0.12	-1.624
3.39056491852	0.104	-0.312	2.044
3.39234089851	0.104	-0.312	2.044
3.39411997795	0.104	-0.312	2.044
3.39590787888	-0.048	0.008	-0.164
3.39768981934	-0.048	0.008	-0.164
3.39946699142	0.112	-0.176	0.868
3.40132594109	0.112	-0.176	0.868
3.4031059742	0.112	-0.176	0.868
3.40488386154	-0.096	-0.22	2.044
3.40666389465	-0.096	-0.22	2.044
3.40844297409	-0.096	-0.22	2.044
3.41022181511	0.004	0.032	-1.248
3.41200685501	0.004	0.032	-1.248
3.41378498077	0.004	0.032	-1.248
3.41556191444	0.016	-0.24	2.044
3.41734194756	0.016	-0.24	2.044
3.41911888123	0.016	-0.24	2.044
3.42090296745	-0.056	0.132	-1.512
3.42268180847	-0.056	0.132	-1.512
3.4244658947	-0.056	0.132	-1.512
3.42624497414	0.076	-0.26	2.044
3.42802190781	0.076	-0.26	2.044
3.42979884148	0.076	-0.26	2.044
3.43158197403	-0.08	-0.008	0.26
3.43336296082	-0.08	-0.008	0.26
3.43514084816	0.104	-0.124	0.4
3.43691802025	0.104	-0.124	0.4
3.43869400024	0.104	-0.124	0.4
3.44047689438	-0.124	-0.236	2.044
3.44225692749	-0.124	-0.236	2.044
3.44403481483	-0.124	-0.236	2.044
3.44582295418	0.012	0.076	-1.464
3.44759988785	0.012	0.076	-1.464
3.44937992096	0.012	0.076	-1.464
3.45116186142	-0.06	-0.288	2.044
3.45293688774	-0.06	-0.288	2.044
3.45470786095	-0.06	-0.288	2.044
3.45647788048	-0.06	0.1	-1.308
3.45824885368	-0.06	0.1	-1.308
3.46001887321	-0.06	0.1	-1.308
3.46180391312	0.088	-0.24	2.044
3.46358585358	0.088	-0.24	2.044
3.46536684036	0.088	-0.24	2.044
3.46714496613	-0.112	-0.108	0.744
3.46892285347	-0.112	-0.108	0.744
3.47070789337	0.02	-0.12	-0.052
3.47248697281	0.02	-0.12	-0.052
3.47426486015	0.02	-0.12	-0.052
3.47604179382	-0.012	-0.304	2.044
3.47781991959	-0.012	-0.304	2.044
3.47960281372	-0.012	-0.304	2.044
3.48138999939	-0.004	0.092	-1.612
3.48316884041	-0.004	0.092	-1.612
3.48494791985	-0.004	0.092	-1.612
3.48672485352	0.12	-0.36	2.044
3.48850297928	0.12	-0.36	2.044
3.49028086662	0.12	-0.36	2.044
3.49206399918	-0.036	0.084	-1.02
3.49384284019	-0.036	0.084	-1.02
3.49563097954	-0.036	0.084	-1.02
3.49741101265	0.012	-0.252	1.948
3.49918794632	0.012	-0.252	1.948
3.50097179413	0.012	-0.252	1.948
3.50274991989	-0.096	-0.12	1.2
3.50452899933	-0.096	-0.12	1.2
3.50630688667	-0.096	-0.12	1.2
3.50808882713	0.016	-0.096	-0.46
3.50986790657	0.016	-0.096	-0.46
3.51165390015	-0.116	-0.356	2.044
3.51343488693	-0.116	-0.356	2.044
3.51521396637	-0.116	-0.356	2.044
3.51699280739	-0.048	0.116	-1.668
3.51877093315	-0.048	0.116	-1.668
3.52055501938	-0.048	0.116	-1.668
3.52233481407	0.056	-0.364	2.044
3.52411293983	0.056	-0.364	2.044
3.52589082718	0.056	-0.364	2.044
3.52766680717	-0.036	0.088	-0.696
3.52944898605	-0.036	0.088	-0.696
3.53122782707	-0.036	0.088	-0.696
3.53300690651	0.132	-0.208	1.488
3.53478884697	0.132	-0.208	1.488
3.53656697273	0.132	-0.208	1.488
3.5383439064	-0.108	-0.184	1.696
3.54012179375	-0.108	-0.184	1.696
3.54190683365	-0.108	-0.184	1.696
3.54368591309	0.016	-0.056	-0.836
3.5454750061	0.016	-0.056	-0.836
3.5472548008	-0.144	-0.236	2.044
3.54903292656	-0.144	-0.236	2.044
3.5508108139	-0.144	-0.236	2.044
3.55260396004	-0.052	0.124	-1.656
3.55438399315	-0.052	0.124	-1.656
3.55616188049	-0.052	0.124	-1.656
3.55794000626	0.072	-0.276	2.044
3.55971598625	0.072	-0.276	2.044
3.56150197983	0.072	-0.276	2.044
3.56328296661	-0.068	0.06	-0.3
3.56506085396	-0.068	0.06	-0.3
3.56683897972	-0.068	0.06	-0.3
3.56862878799	0.132	-0.168	1.032
3.57040691376	0.132	-0.168	1.032
3.57221794128	0.132	-0.168	1.032
3.57399487495	-0.076	-0.192	2.044
3.57579398155	-0.076	-0.192	2.044
3.57757997513	-0.076	-0.192	2.044
3.57936000824	0.048	0.008	-1.136
3.58113694191	0.048	0.008	-1.136
3.58291387558	-0.112	-0.3	2.044
3.58469295502	-0.112	-0.3	2.044
3.58647084236	-0.112	-0.3	2.044
3.58824896812	-0.048	0.124	-1.564
3.59003090858	-0.048	0.124	-1.564
3.59181690216	-0.048	0.124	-1.564
3.59359788895	0.1	-0.252	2.044
3.5953848362	0.1	-0.252	2.044
3.59716200829	0.1	-0.252	2.044
3.59893798828	-0.112	-0.024	0.12
3.60073781013	-0.112	-0.024	0.12
3.60251688957	-0.112	-0.024	0.12
3.60429382324	0.052	-0.152	0.524
3.60607290268	0.052	-0.152	0.524
3.60784983635	0.052	-0.152	0.524
3.60962796211	-0.06	-0.272	2.044
3.61141490936	-0.06	-0.272	2.044
3.6131939888	-0.06	-0.272	2.044
3.61497092247	0.004	0.048	-1.392
3.61676287651	0.004	0.048	-1.392
3.6185438633	0.104	-0.364	2.044
3.62032079697	0.104	-0.364	2.044
3.62210488319	0.104	-0.364	2.044
3.62388181686	-0.02	0.112	-1.38
3.625674963	-0.02	0.112	-1.38
3.62745189667	-0.02	0.112	-1.38
3.6292309761	0.0	-0.272	2.044
3.63100600243	0.0	-0.272	2.044
3.63278698921	0.0	-0.272	2.044
3.63455700874	-0.08	-0.08	0.584
3.63633584976	-0.08	-0.08	0.584
3.63811302185	-0.08	-0.08	0.584
3.63988995552	0.032	-0.108	0.096
3.6416888237	0.032	-0.108	0.096
3.64346694946	0.032	-0.108	0.096
3.64525580406	-0.1	-0.324	2.044
3.64703679085	-0.1	-0.324	2.044
3.64881587029	-0.1	-0.324	2.044
3.65060091019	-0.044	0.08	-1.584
3.65237188339	-0.044	0.08	-1.584
3.6541428566	-0.016	-0.388	2.044
3.65592479706	-0.016	-0.388	2.044
3.65769791603	-0.016	-0.388	2.044
3.65946888924	-0.036	0.112	-1.132
3.6613278389	-0.036	0.112	-1.132
3.66311001778	-0.036	0.112	-1.132
3.66489100456	0.152	-0.252	2.044
3.66666889191	0.152	-0.252	2.044
3.6684448719	0.152	-0.252	2.044
3.67022180557	-0.072	-0.116	1.056
3.67200779915	-0.072	-0.116	1.056
3.67380189896	-0.072	-0.116	1.056
3.67558097839	0.072	-0.088	-0.336
3.67735981941	0.072	-0.088	-0.336
3.67919898033	0.072	-0.088	-0.336
3.68098592758	-0.132	-0.256	2.044
3.68276596069	-0.132	-0.256	2.044
3.68454384804	-0.132	-0.256	2.044
3.6863219738	-0.044	0.108	-1.66
3.68810081482	-0.044	0.108	-1.66
3.68988084793	0.056	-0.276	2.044
3.69166493416	0.056	-0.276	2.044
3.6934428215	0.056	-0.276	2.044
3.69523000717	-0.076	0.104	-0.82
3.69700980186	-0.076	0.104	-0.82
3.69878792763	-0.076	0.104	-0.82
3.70057892799	0.12	-0.18	1.652
3.70235681534	0.12	-0.18	1.652
3.70413398743	0.12	-0.18	1.652
3.70591282845	-0.092	-0.152	1.544
3.70769095421	-0.092	-0.152	1.544
3.70946979523	-0.092	-0.152	1.544
3.71128797531	0.068	-0.044	-0.72
3.71310281754	0.068	-0.044	-0.72
3.71488285065	0.068	-0.044	-0.72
3.71666097641	-0.096	-0.328	2.044
3.71843981743	-0.096	-0.328	2.044
3.72021889687	-0.096	-0.328	2.044
3.72199892998	-0.012	0.12	-1.668
3.72377800941	-0.012	0.12	-1.668
3.72555685043	0.088	-0.256	2.044
3.72733402252	0.088	-0.256	2.044
3.72911691666	0.088	-0.256	2.044
3.73089599609	-0.096	0.044	-0.44
3.73267793655	-0.096	0.044	-0.44
3.73445701599	-0.096	0.044	-0.44
3.73623681068	0.092	-0.184	1.164
3.73801779747	0.092	-0.184	1.164
3.73979592323	0.092	-0.184	1.164
3.74157500267	-0.112	-0.188	1.988
3.74335193634	-0.112	-0.188	1.988
3.74514293671	-0.112	-0.188	1.988
3.74692296982	-0.012	0.012	-1.052
3.74870085716	-0.012	0.012	-1.052
3.7504940033	-0.012	0.012	-1.052
3.75228691101	0.048	-0.368	2.044
3.75406599045	0.048	-0.368	2.044
3.75584793091	0.048	-0.368	2.044
3.75762796402	-0.012	0.112	-1.6
3.75940680504	-0.012	0.112	-1.6
3.76119279861	0.036	-0.312	2.044
3.7629699707	0.036	-0.312	2.044
3.76474785805	0.036	-0.312	2.044
3.76652598381	-0.064	0.0	-0.02
3.76829695702	-0.064	0.0	-0.02
3.77006697655	-0.064	0.0	-0.02
3.77184700966	0.012	-0.148	0.724
3.77362585068	0.012	-0.148	0.724
3.77540183067	0.012	-0.148	0.724
3.77718091011	-0.112	-0.224	2.044
3.77895879745	-0.112	-0.224	2.044
3.78074193001	-0.112	-0.224	2.044
3.78252196312	-0.032	0.048	-1.316
3.78430485725	-0.032	0.048	-1.316
3.78608393669	-0.032	0.048	-1.316
3.7878639698	-0.076	-0.416	2.044
3.78964495659	-0.076	-0.416	2.044
3.79142999649	-0.076	-0.416	2.044
3.79320883751	-0.068	0.12	-1.452
3.79499793053	-0.068	0.12	-1.452
3.79677700996	0.14	-0.284	2.044
3.79855179787	0.14	-0.284	2.044
3.80032992363	0.14	-0.284	2.044
3.80210900307	-0.048	-0.052	0.432
3.80388879776	-0.048	-0.052	0.432
3.80566692352	-0.048	-0.052	0.432
3.80744481087	0.092	-0.12	0.244
3.80922293663	0.092	-0.12	0.244
3.81100988388	0.092	-0.12	0.244
3.81278800964	-0.088	-0.22	2.044
3.81456589699	-0.088	-0.22	2.044
3.81634497643	-0.088	-0.22	2.044
3.81812381744	-0.028	0.08	-1.528
3.81990194321	-0.028	0.08	-1.528
3.82168889046	-0.028	0.08	-1.528
3.82346796989	0.024	-0.264	2.044
3.82524681091	0.024	-0.264	2.044
3.827023983	0.024	-0.264	2.044
3.82880187035	-0.068	0.132	-1.232
3.83058595657	-0.068	0.132	-1.232
3.83236479759	0.084	-0.212	2.044
3.83414196968	0.084	-0.212	2.044
3.83591985703	0.084	-0.212	2.044
3.83769583702	-0.084	-0.104	0.896
3.83947587013	-0.084	-0.104	0.896
3.84130096436	-0.084	-0.104	0.896
3.84307980537	0.06	-0.064	-0.192
3.84486794472	0.06	-0.064	-0.192
3.84664583206	0.06	-0.064	-0.192
3.84842395782	-0.08	-0.292	2.044
3.85020184517	-0.08	-0.292	2.044
3.85198283195	-0.08	-0.292	2.044
3.85375595093	0.004	0.112	-1.64
3.85552501678	0.004	0.112	-1.64
3.85729384422	0.004	0.112	-1.64
3.85906386375	-0.028	-0.268	2.044
3.86084079742	-0.028	-0.268	2.044
3.86263799667	-0.028	-0.268	2.044
3.86441898346	-0.092	0.096	-0.932
3.86620402336	-0.092	0.096	-0.932
3.86798286438	0.104	-0.22	1.808
3.86975979805	0.104	-0.22	1.808
3.87154483795	0.104	-0.22	1.808
3.87332487106	-0.12	-0.148	1.364
3.8751039505	-0.12	-0.148	1.364
3.87688183784	-0.12	-0.148	1.364
3.87865996361	0.0	-0.056	-0.576
3.88045597076	0.0	-0.056	-0.576
3.88222980499	0.0	-0.056	-0.576
3.88399982452	0.052	-0.312	2.044
3.88577580452	0.052	-0.312	2.044
3.88755297661	0.052	-0.312	2.044
3.88933086395	-0.028	0.112	-1.684
3.89111495018	-0.028	0.112	-1.684
3.8928937912	-0.028	0.112	-1.684
3.89468598366	0.064	-0.352	2.044
3.89646482468	0.064	-0.352	2.044
3.89824295044	0.064	-0.352	2.044
3.90001988411	-0.048	0.04	-0.568
3.90180397034	-0.048	0.04	-0.568
3.90358185768	0.036	-0.212	1.344
3.9053709507	0.036	-0.212	1.344
3.90714788437	0.036	-0.212	1.344
3.90892481804	-0.108	-0.204	1.828
3.91070985794	-0.108	-0.204	1.828
3.91248989105	-0.108	-0.204	1.828
3.91426992416	-0.008	0.0	-0.944
3.9160399437	-0.008	0.0	-0.944
3.91780996323	-0.008	0.0	-0.944
3.91957998276	-0.04	-0.396	2.044
3.92136979103	-0.04	-0.396	2.044
3.92314887047	-0.04	-0.396	2.044
3.92492794991	-0.036	0.12	-1.64
3.92670583725	-0.036	0.12	-1.64
3.92848587036	-0.036	0.12	-1.64
3.9302649498	0.116	-0.332	2.044
3.93204879761	0.116	-0.332	2.044
3.93382692337	0.116	-0.332	2.044
3.93560290337	-0.056	0.044	-0.16
3.9373819828	-0.056	0.044	-0.16
3.93915987015	-0.056	0.044	-0.16
3.9409430027	0.108	-0.176	0.88
3.94271993637	0.108	-0.176	0.88
3.9445078373	-0.108	-0.22	2.044
3.94628787041	-0.108	-0.22	2.044
3.94806599617	-0.108	-0.22	2.044
3.94984698296	0.0	0.024	-1.24
3.95162391663	0.0	0.024	-1.24
3.95339488983	0.0	0.024	-1.24
3.95516395569	0.024	-0.24	2.044
3.95694184303	0.024	-0.24	2.044
3.95871782303	0.024	-0.24	2.044
3.96049594879	-0.06	0.128	-1.516
3.9622759819	-0.06	0.128	-1.516
3.96405386925	-0.06	0.128	-1.516
3.96583294868	0.064	-0.26	2.044
3.96760892868	0.064	-0.26	2.044
3.96938681602	0.064	-0.26	2.044
3.97117090225	-0.06	-0.028	0.272
3.9729487896	-0.06	-0.028	0.272
3.97472691536	-0.06	-0.028	0.272
3.97650885582	0.124	-0.136	0.4
3.97828698158	0.124	-0.136	0.4
3.98006296158	-0.124	-0.24	2.044
3.98184800148	-0.124	-0.24	2.044
3.9836268425	-0.124	-0.24	2.044
3.98540592194	0.02	0.06	-1.46
3.98718285561	0.02	0.06	-1.46
3.98895788193	0.02	0.06	-1.46
3.99074101448	-0.06	-0.276	2.044
3.9925198555	-0.06	-0.276	2.044
3.99430990219	-0.06	-0.276	2.044
3.99608778954	-0.072	0.108	-1.316
3.9978659153	-0.072	0.108	-1.316
3.99964380264	-0.072	0.108	-1.316
4.00142979622	0.096	-0.252	2.044
4.00320696831	0.096	-0.252	2.044
4.00498700142	0.096	-0.252	2.044
4.00676393509	-0.132	-0.076	0.752
4.00854086876	-0.132	-0.076	0.752
4.01032185555	-0.132	-0.076	0.752
4.01210784912	0.02	-0.096	-0.048
4.01388502121	0.02	-0.096	-0.048
4.01566195488	-0.016	-0.292	2.044
4.01744198799	-0.016	-0.292	2.044
4.01921987534	-0.016	-0.292	2.044
4.02100396156	0.0	0.088	-1.62
4.02277398109	0.0	0.088	-1.62
4.02454400063	0.0	0.088	-1.62
4.02631402016	0.128	-0.352	2.044
4.02809095383	0.128	-0.352	2.044
4.02986693382	0.128	-0.352	2.044
4.03165388107	-0.04	0.108	-1.04
4.03343582153	-0.04	0.108	-1.04
4.03521490097	-0.04	0.108	-1.04
4.03699088097	0.02	-0.256	1.956
4.03876781464	0.02	-0.256	1.956
4.04055190086	0.02	-0.256	1.956
4.04232192039	-0.1	-0.144	1.204
4.04410290718	-0.1	-0.144	1.204
4.04587388039	-0.1	-0.144	1.204
4.04764389992	-0.004	-0.068	-0.476
4.0494158268	-0.004	-0.068	-0.476
4.0511879921	-0.004	-0.068	-0.476
4.05296301842	-0.12	-0.388	2.044
4.05473279953	-0.12	-0.388	2.044
4.05650496483	-0.064	0.108	-1.676
4.05827689171	-0.064	0.108	-1.676
4.06005001068	-0.064	0.108	-1.676
4.06183290482	0.064	-0.364	2.044
4.06361484528	0.064	-0.364	2.044
4.06539392471	0.064	-0.364	2.044
4.06717181206	-0.036	0.076	-0.696
4.06894993782	-0.036	0.076	-0.696
4.07073402405	-0.036	0.076	-0.696
4.07251191139	0.14	-0.216	1.516
4.07429099083	0.14	-0.216	1.516
4.0760679245	0.14	-0.216	1.516
4.07784485817	-0.088	-0.152	1.68
4.07962298393	-0.088	-0.152	1.68
4.08140993118	-0.088	-0.152	1.68
4.08318901062	0.036	-0.04	-0.828
4.08496785164	0.036	-0.04	-0.828
4.0867497921	0.036	-0.04	-0.828
4.08852982521	-0.116	-0.244	2.044
4.09030890465	-0.116	-0.244	2.044
4.09209489822	-0.056	0.128	-1.66
4.09388399124	-0.056	0.128	-1.66
4.09566092491	-0.056	0.128	-1.66
4.09744095802	0.076	-0.276	2.044
4.09921884537	0.076	-0.276	2.044
4.10100388527	0.076	-0.276	2.044
4.10278081894	-0.068	0.048	-0.316
4.10455989838	-0.068	0.048	-0.316
4.10633993149	-0.068	0.048	-0.316
4.10811686516	0.124	-0.16	1.04
4.10989499092	0.124	-0.16	1.04
4.11167883873	0.124	-0.16	1.04
4.11345481873	-0.068	-0.228	2.044
4.11523795128	-0.068	-0.228	2.044
4.11701583862	-0.068	-0.228	2.044
4.11880898476	0.064	0.012	-1.152
4.12059283257	0.064	0.012	-1.152
4.12237095833	0.064	0.012	-1.152
4.12414693832	-0.1	-0.308	2.044
4.12592601776	-0.1	-0.308	2.044
4.12770390511	-0.036	0.12	-1.564
4.12948489189	-0.036	0.12	-1.564
4.13129687309	-0.036	0.12	-1.564
4.13307595253	0.096	-0.268	2.044
4.1348528862	0.096	-0.268	2.044
4.13663101196	0.096	-0.268	2.044
4.13840985298	-0.124	-0.016	0.112
4.14018893242	-0.124	-0.016	0.112
4.14197802544	-0.124	-0.016	0.112
4.14376688004	0.04	-0.16	0.572
4.14554595947	0.04	-0.16	0.572
4.14732384682	0.04	-0.16	0.572
4.14919281006	-0.044	-0.26	2.044
4.1509809494	-0.044	-0.26	2.044
4.15276098251	-0.044	-0.26	2.044
4.15454101562	0.008	0.052	-1.376
4.1563179493	0.008	0.052	-1.376
4.15809679031	0.008	0.052	-1.376
4.15987586975	0.076	-0.36	2.044
4.16166186333	0.076	-0.36	2.044
4.16343998909	-0.032	0.108	-1.388
4.16521787643	-0.032	0.108	-1.388
4.1669960022	-0.032	0.108	-1.388
4.16878795624	0.004	-0.276	2.044
4.17057585716	0.004	-0.276	2.044
4.17235398293	0.004	-0.276	2.044
4.1741309166	-0.06	-0.064	0.58
4.17590880394	-0.06	-0.064	0.58
4.17768788338	-0.06	-0.064	0.58
4.17946696281	0.052	-0.124	0.1
4.18131995201	0.052	-0.124	0.1
4.18309998512	0.052	-0.124	0.1
4.18487691879	-0.08	-0.308	2.044
4.1866569519	-0.08	-0.308	2.044
4.18843483925	-0.08	-0.308	2.044
4.19021296501	-0.04	0.092	-1.56
4.19200491905	-0.04	0.092	-1.56
4.19379496574	-0.04	0.092	-1.56
4.19557285309	-0.024	-0.388	2.044
4.19735479355	-0.024	-0.388	2.044
4.19913387299	-0.052	0.108	-1.144
4.20093297958	-0.052	0.108	-1.144
4.2027130127	-0.052	0.108	-1.144
4.20449090004	0.168	-0.236	2.044
4.20626783371	0.168	-0.236	2.044
4.20804381371	0.168	-0.236	2.044
4.20982193947	-0.064	-0.108	1.044
4.21160793304	-0.064	-0.108	1.044
4.21338486671	-0.064	-0.108	1.044
4.21516394615	0.076	-0.104	-0.324
4.21695780754	0.076	-0.104	-0.324
4.2187359333	0.076	-0.104	-0.324
4.22052001953	-0.124	-0.252	2.044
4.22229790688	-0.124	-0.252	2.044
4.22407698631	-0.124	-0.252	2.044
4.22585892677	-0.04	0.104	-1.668
4.22763800621	-0.04	0.104	-1.668
4.22941684723	-0.04	0.104	-1.668
4.23119997978	0.072	-0.272	2.044
4.23298978806	0.072	-0.272	2.044
4.23476886749	-0.08	0.104	-0.832
4.23654794693	-0.08	0.104	-0.832
4.2383248806	-0.08	0.104	-0.832
4.24010300636	0.096	-0.176	1.66
4.24188780785	0.096	-0.176	1.66
4.24367499352	0.096	-0.176	1.66
4.24545383453	-0.096	-0.164	1.512
4.24723291397	-0.096	-0.164	1.512
4.24901294708	-0.096	-0.164	1.512
4.25079894066	0.056	-0.044	-0.7
4.25257301331	0.056	-0.044	-0.7
4.25434398651	0.056	-0.044	-0.7
4.25611495972	-0.072	-0.316	2.044
4.25788593292	-0.072	-0.316	2.044
4.25965690613	-0.072	-0.316	2.044
4.26144099236	0.008	0.104	-1.68
4.26322484016	0.008	0.104	-1.68
4.26500582695	0.008	0.104	-1.68
4.26678586006	0.072	-0.264	2.044
4.26856398582	0.072	-0.264	2.044
4.27034187317	-0.096	0.044	-0.452
4.27212691307	-0.096	0.044	-0.452
4.27390694618	-0.096	0.044	-0.452
4.27568602562	0.08	-0.192	1.212
4.27746200562	0.08	-0.192	1.212
4.27923893929	0.08	-0.192	1.212
4.28102779388	-0.104	-0.188	1.98
4.282807827	-0.104	-0.188	1.98
4.28458595276	-0.104	-0.188	1.98
4.28636479378	0.016	0.02	-1.052
4.28814196587	0.016	0.02	-1.052
4.28991985321	0.016	0.02	-1.052
4.29170489311	0.06	-0.364	2.044
4.29349684715	0.06	-0.364	2.044
4.29527401924	0.06	-0.364	2.044
4.29705381393	-0.04	0.12	-1.616
4.29883384705	-0.04	0.12	-1.616
4.30061388016	-0.04	0.12	-1.616
4.30239200592	0.016	-0.32	2.044
4.30416989326	0.016	-0.32	2.044
4.3059489727	-0.088	0.004	-0.044
4.30772995949	-0.088	0.004	-0.044
4.30950689316	-0.088	0.004	-0.044
4.31131792068	0.052	-0.148	0.724
4.31309890747	0.052	-0.148	0.724
4.31487679482	0.052	-0.148	0.724
4.3166539669	-0.116	-0.224	2.044
4.31843185425	-0.116	-0.224	2.044
4.32020998001	-0.116	-0.224	2.044
4.32199597359	-0.028	0.052	-1.32
4.32377386093	-0.028	0.052	-1.32
4.32555294037	-0.028	0.052	-1.32
4.32732987404	-0.064	-0.412	2.044
4.32911086082	-0.064	-0.412	2.044
4.33089494705	-0.064	-0.412	2.044
4.33267378807	-0.064	0.128	-1.456
4.33445191383	-0.064	0.128	-1.456
4.33623385429	-0.064	0.128	-1.456
4.33801293373	0.132	-0.284	2.044
4.33979082108	0.132	-0.284	2.044
4.34157395363	-0.044	-0.056	0.42
4.34337902069	-0.044	-0.056	0.42
4.34516000748	-0.044	-0.056	0.42
4.3469388485	0.108	-0.144	0.276
4.34871482849	0.108	-0.144	0.276
4.35049796104	0.108	-0.144	0.276
4.35227584839	-0.1	-0.232	2.044
4.35405397415	-0.1	-0.232	2.044
4.35583281517	-0.1	-0.232	2.044
4.35761094093	-0.024	0.064	-1.512
4.35938882828	-0.024	0.064	-1.512
4.36117482185	-0.024	0.064	-1.512
4.36295795441	0.036	-0.26	2.044
4.36473679543	0.036	-0.26	2.044
4.36651182175	0.036	-0.26	2.044
4.36828899384	-0.06	0.132	-1.232
4.37006783485	-0.06	0.132	-1.232
4.37185287476	-0.06	0.132	-1.232
4.37363195419	0.092	-0.216	2.044
4.37540984154	0.092	-0.216	2.044
4.37718987465	-0.084	-0.096	0.888
4.37896800041	-0.084	-0.096	0.888
4.38075399399	-0.084	-0.096	0.888
4.38253188133	0.072	-0.064	-0.192
4.384308815	0.072	-0.064	-0.192
4.38608884811	0.072	-0.064	-0.192
4.3878660202	-0.084	-0.304	2.044
4.38964390755	-0.084	-0.304	2.044
4.39143300056	-0.084	-0.304	2.044
4.39322400093	-0.004	0.092	-1.632
4.39500594139	-0.004	0.092	-1.632
4.39678382874	-0.004	0.092	-1.632
4.3985619545	-0.04	-0.26	2.044
4.40033984184	-0.04	-0.26	2.044
4.40212678909	-0.04	-0.26	2.044
4.40390586853	-0.104	0.092	-0.936
4.40568399429	-0.104	0.092	-0.936
4.40746092796	-0.104	0.092	-0.936
4.40924096107	0.08	-0.208	1.808
4.41102480888	0.08	-0.208	1.808
4.41280293465	0.08	-0.208	1.808
4.4145898819	-0.128	-0.136	1.372
4.41636991501	-0.128	-0.136	1.372
4.41815185547	0.004	-0.032	-0.588
4.41993188858	0.004	-0.032	-0.588
4.42171692848	0.004	-0.032	-0.588
4.42349386215	0.072	-0.304	2.044
4.42527389526	0.072	-0.304	2.044
4.42705392838	0.072	-0.304	2.044
4.42883086205	-0.008	0.108	-1.676
4.43061590195	-0.008	0.108	-1.676
4.43239593506	-0.008	0.108	-1.676
4.4341738224	0.056	-0.34	2.044
4.43595099449	0.056	-0.34	2.044
4.43772792816	0.056	-0.34	2.044
4.43950486183	-0.064	0.056	-0.576
4.44135785103	-0.064	0.056	-0.576
4.44314694405	-0.064	0.056	-0.576
4.44492483139	0.024	-0.208	1.344
4.44670581818	0.024	-0.208	1.344
4.44848394394	-0.116	-0.184	1.828
4.45026397705	-0.116	-0.184	1.828
4.45204591751	-0.116	-0.184	1.828
4.45381689072	-0.032	0.0	-0.944
4.45557880402	-0.032	0.0	-0.944
4.45734381676	-0.032	0.0	-0.944
4.4591088295	-0.052	-0.4	2.044
4.46088385582	-0.052	-0.4	2.044
4.46266579628	-0.052	-0.4	2.044
4.46444487572	-0.072	0.128	-1.64
4.46622395515	-0.072	0.128	-1.64
4.46800398827	-0.072	0.128	-1.64
4.46978092194	0.096	-0.32	2.044
4.47156500816	0.096	-0.32	2.044
4.47334885597	0.096	-0.32	2.044
4.47512793541	-0.036	0.044	-0.176
4.47690701485	-0.036	0.044	-0.176
4.47868585587	-0.036	0.044	-0.176
4.48046994209	0.112	-0.18	0.88
4.48224782944	0.112	-0.18	0.88
4.48402500153	0.112	-0.18	0.88
4.48580098152	-0.1	-0.216	2.044
4.48757886887	-0.1	-0.216	2.044
4.48935890198	-0.004	0.012	-1.244
4.4911468029	-0.004	0.012	-1.244
4.49293494225	-0.004	0.012	-1.244
4.49471282959	-0.008	-0.224	2.044
4.49649095535	-0.008	-0.224	2.044
4.49826979637	-0.008	-0.224	2.044
4.50004696846	-0.068	0.136	-1.516
4.50182890892	-0.068	0.136	-1.516
4.50360679626	-0.068	0.136	-1.516
4.50538897514	0.076	-0.268	2.044
4.50716590881	0.076	-0.268	2.044
4.50894284248	0.076	-0.268	2.044
4.51072096825	-0.076	-0.028	0.268
4.51249885559	-0.076	-0.028	0.268
4.51427793503	-0.076	-0.028	0.268
4.51605582237	0.12	-0.132	0.424
4.51783299446	0.12	-0.132	0.424
4.51960897446	0.12	-0.132	0.424
4.52139592171	-0.108	-0.236	2.044
4.52317595482	-0.108	-0.236	2.044
4.52495384216	0.032	0.068	-1.452
4.52673196793	0.032	0.068	-1.452
4.52851200104	0.032	0.068	-1.452
4.53028893471	-0.052	-0.28	2.044
4.53207397461	-0.052	-0.28	2.044
4.53385186195	-0.052	-0.28	2.044
4.53562998772	-0.068	0.108	-1.324
4.5374109745	-0.068	0.108	-1.324
4.53918981552	-0.068	0.108	-1.324
4.54097390175	0.08	-0.24	2.044
4.54276180267	0.08	-0.24	2.044
4.54453992844	0.08	-0.24	2.044
4.54631781578	-0.124	-0.064	0.72
4.54809594154	-0.124	-0.064	0.72
4.54987382889	-0.124	-0.064	0.72
4.55165290833	0.008	-0.108	-0.044
4.55343294144	0.008	-0.108	-0.044
4.55521392822	0.008	-0.108	-0.044
4.55699586868	-0.02	-0.3	2.044
4.55877494812	-0.02	-0.3	2.044
4.56055879593	-0.012	0.088	-1.604
4.56233882904	-0.012	0.088	-1.604
4.56411790848	-0.012	0.088	-1.604
4.56589579582	0.124	-0.364	2.044
4.56767296791	0.124	-0.364	2.044
4.56945800781	0.124	-0.364	2.044
4.57130599022	-0.04	0.1	-1.044
4.57308793068	-0.04	0.1	-1.044
4.57486701012	-0.04	0.1	-1.044
4.57664585114	0.02	-0.244	1.964
4.57842588425	0.02	-0.244	1.964
4.58020281792	0.02	-0.244	1.964
4.58198094368	-0.112	-0.124	1.22
4.58376383781	-0.112	-0.124	1.22
4.5855448246	-0.112	-0.124	1.22
4.58732700348	0.02	-0.084	-0.464
4.58910393715	0.02	-0.084	-0.464
4.59088802338	0.02	-0.084	-0.464
4.5926759243	-0.112	-0.348	2.044
4.59445595741	-0.112	-0.348	2.044
4.59623599052	-0.056	0.116	-1.68
4.59801387787	-0.056	0.116	-1.68
4.59979200363	-0.056	0.116	-1.68
4.60157990456	0.044	-0.356	2.044
4.6033577919	0.044	-0.356	2.044
4.60513496399	0.044	-0.356	2.044
4.60691094398	-0.044	0.088	-0.704
4.60869002342	-0.044	0.088	-0.704
4.610476017	-0.044	0.088	-0.704
4.61225795746	0.148	-0.208	1.508
4.6140358448	0.148	-0.208	1.508
4.6158118248	0.148	-0.208	1.508
4.61759090424	-0.08	-0.172	1.672
4.61937379837	-0.08	-0.172	1.672
4.6211578846	-0.08	-0.172	1.672
4.62293601036	0.02	-0.056	-0.824
4.62472987175	0.02	-0.056	-0.824
4.62650895119	0.02	-0.056	-0.824
4.62828588486	-0.144	-0.24	2.044
4.63006281853	-0.144	-0.24	2.044
4.6318488121	-0.056	0.128	-1.66
4.63362979889	-0.056	0.128	-1.66
4.63540697098	-0.056	0.128	-1.66
4.63718485832	0.088	-0.276	2.044
4.63896584511	0.088	-0.276	2.044
4.64076399803	0.088	-0.276	2.044
4.64256000519	-0.072	0.052	-0.316
4.64433884621	-0.072	0.052	-0.316
4.64611792564	-0.072	0.052	-0.316
4.6479139328	0.116	-0.16	1.036
4.64969396591	0.116	-0.16	1.036
4.65147590637	0.116	-0.16	1.036
4.65324497223	-0.116	-0.204	2.044
4.65501499176	-0.116	-0.204	2.044
4.65679383278	-0.116	-0.204	2.044
4.6585688591	0.064	-0.004	-1.132
4.66033792496	0.064	-0.004	-1.132
4.66212201118	0.064	-0.004	-1.132
4.66391897202	-0.092	-0.32	2.044
4.6656999588	-0.092	-0.32	2.044
4.66749286652	-0.02	0.116	-1.556
4.66927194595	-0.02	0.116	-1.556
4.67105698586	-0.02	0.116	-1.556
4.67283701897	0.096	-0.252	2.044
4.67461395264	0.096	-0.252	2.044
4.67639088631	0.096	-0.252	2.044
4.67823600769	-0.1	-0.02	0.112
4.68001580238	-0.1	-0.02	0.112
4.68181586266	-0.1	-0.02	0.112
4.68359398842	0.056	-0.148	0.568
4.68537187576	0.056	-0.148	0.568
4.68715000153	0.056	-0.148	0.568
4.68893098831	-0.048	-0.268	2.044
4.69071793556	-0.048	-0.268	2.044
4.69250679016	-0.048	-0.268	2.044
4.69428992271	0.004	0.032	-1.388
4.69606781006	0.004	0.032	-1.388
4.69784784317	0.004	0.032	-1.388
4.69962596893	0.084	-0.372	2.044
4.70140886307	0.084	-0.372	2.044
4.70318698883	-0.028	0.12	-1.392
4.70496797562	-0.028	0.12	-1.392
4.70674586296	-0.028	0.12	-1.392
4.70852589607	0.008	-0.292	2.044
4.71030187607	0.008	-0.292	2.044
4.71208500862	0.008	-0.292	2.044
4.71386384964	-0.092	-0.06	0.568
4.71564292908	-0.092	-0.06	0.568
4.71742081642	-0.092	-0.06	0.568
4.71919798851	0.044	-0.116	0.108
4.72098398209	0.044	-0.116	0.108
4.7227640152	0.044	-0.116	0.108
4.72454094887	-0.088	-0.308	2.044
4.72631883621	-0.088	-0.308	2.044
4.72809791565	-0.088	-0.308	2.044
4.72987890244	-0.036	0.092	-1.564
4.73166394234	-0.036	0.092	-1.564
4.73344302177	-0.036	0.092	-1.564
4.73522090912	-0.028	-0.38	2.044
4.73700094223	-0.028	-0.38	2.044
4.73878097534	-0.048	0.116	-1.136
4.74056601524	-0.048	0.116	-1.136
4.74235296249	-0.048	0.116	-1.136
4.74413180351	0.156	-0.248	2.044
4.74591088295	0.156	-0.248	2.044
4.74768781662	0.156	-0.248	2.044
4.7494699955	-0.072	-0.12	1.048
4.75132489204	-0.072	-0.12	1.048
4.75310587883	-0.072	-0.12	1.048
4.75488495827	0.068	-0.088	-0.324
4.75666379929	0.068	-0.088	-0.324
4.75844192505	0.068	-0.088	-0.324
4.76021885872	-0.124	-0.26	2.044
4.76200699806	-0.124	-0.26	2.044
4.76378583908	-0.124	-0.26	2.044
4.76556491852	-0.032	0.116	-1.652
4.76734495163	-0.032	0.116	-1.652
4.76912498474	-0.032	0.116	-1.652
4.77091097832	0.072	-0.264	2.044
4.77268886566	0.072	-0.264	2.044
4.77446699142	-0.068	0.104	-0.82
4.77624487877	-0.068	0.104	-0.82
4.77802681923	-0.068	0.104	-0.82
4.77980589867	0.108	-0.188	1.66
4.78159093857	0.108	-0.188	1.66
4.78336691856	0.108	-0.188	1.66
4.785145998	-0.092	-0.16	1.508
4.78692483902	-0.092	-0.16	1.508
4.78870296478	-0.092	-0.16	1.508
4.79048800468	0.06	-0.044	-0.708
4.79227685928	0.06	-0.044	-0.708
4.79405593872	0.06	-0.044	-0.708
4.79583382607	-0.084	-0.336	2.044
4.79761195183	-0.084	-0.336	2.044
4.79939079285	-0.084	-0.336	2.044
4.80117082596	-0.024	0.116	-1.68
4.8029499054	-0.024	0.116	-1.68
4.80473089218	-0.024	0.116	-1.68
4.80650901794	0.052	-0.252	2.044
4.80828690529	0.052	-0.252	2.044
4.81006598473	-0.096	0.04	-0.448
4.81184983253	-0.096	0.04	-0.448
4.81362891197	-0.096	0.04	-0.448
4.81540679932	0.072	-0.164	1.192
4.81718492508	0.072	-0.164	1.192
4.81896185875	0.072	-0.164	1.192
4.82074594498	-0.116	-0.196	1.972
4.82252502441	-0.116	-0.196	1.972
4.82430386543	-0.116	-0.196	1.972
4.82608389854	0.02	0.02	-1.052
4.82786083221	0.02	0.02	-1.052
4.82963681221	0.02	0.02	-1.052
4.83141994476	0.056	-0.364	2.044
4.8332028389	0.056	-0.364	2.044
4.83498096466	0.056	-0.364	2.044
4.83675789833	-0.02	0.116	-1.632
4.83853602409	-0.02	0.116	-1.632
4.84031486511	-0.02	0.116	-1.632
4.84210991859	0.028	-0.308	2.044
4.84388780594	0.028	-0.308	2.044
4.8456659317	0.028	-0.308	2.044
4.8474419117	-0.08	0.004	-0.028
4.84922099113	-0.08	0.004	-0.028
4.85100388527	0.044	-0.172	0.712
4.85277295113	0.044	-0.172	0.712
4.85454201698	0.044	-0.172	0.712
4.85631084442	-0.128	-0.216	2.044
4.85808300972	-0.128	-0.216	2.044
4.85985589027	-0.128	-0.216	2.044
4.86164093018	-0.04	0.048	-1.316
4.8634250164	-0.04	0.048	-1.316
4.8652048111	-0.04	0.048	-1.316
4.86698389053	-0.068	-0.404	2.044
4.8687620163	-0.068	-0.404	2.044
4.87054681778	-0.068	-0.404	2.044
4.87232685089	-0.052	0.116	-1.452
4.874106884	-0.052	0.116	-1.452
4.87588596344	-0.052	0.116	-1.452
4.87766480446	0.144	-0.28	2.044
4.87944197655	0.144	-0.28	2.044
4.88122200966	0.144	-0.28	2.044
4.88300085068	-0.048	-0.044	0.416
4.88477993011	-0.048	-0.044	0.416
4.88655781746	0.084	-0.124	0.244
4.88833999634	0.084	-0.124	0.244
4.89011788368	0.084	-0.124	0.244
4.89191198349	-0.096	-0.236	2.044
4.89369082451	-0.096	-0.236	2.044
4.89546990395	-0.096	-0.236	2.044
4.89724993706	-0.036	0.064	-1.512
4.89902901649	-0.036	0.064	-1.512
4.90081381798	-0.036	0.064	-1.512
4.90259194374	0.036	-0.26	2.044
4.90436983109	0.036	-0.26	2.044
4.90614700317	0.036	-0.26	2.044
4.90792489052	-0.068	0.132	-1.228
4.90970301628	-0.068	0.132	-1.228
4.91148686409	-0.068	0.132	-1.228
4.91326785088	0.096	-0.224	2.044
4.91504883766	0.096	-0.224	2.044
4.91682600975	0.096	-0.224	2.044
4.91860389709	-0.088	-0.1	0.888
4.92038297653	-0.088	-0.1	0.888
4.92216801643	0.08	-0.064	-0.192
4.92394590378	0.08	-0.064	-0.192
4.92572379112	0.08	-0.064	-0.192
4.92750096321	-0.052	-0.296	2.044
4.92928099632	-0.052	-0.296	2.044
4.9310669899	-0.052	-0.296	2.044
4.93284487724	0.016	0.104	-1.64
4.93462181091	0.016	0.104	-1.64
4.93639993668	0.016	0.104	-1.64
4.93817782402	-0.04	-0.28	2.044
4.93995690346	-0.04	-0.28	2.044
4.94175100327	-0.04	-0.28	2.044
4.94353294373	-0.08	0.084	-0.932
4.94531297684	-0.08	0.084	-0.932
4.94708991051	-0.08	0.084	-0.932
4.94886779785	0.084	-0.216	1.824
4.9506509304	0.084	-0.216	1.824
4.95242881775	0.084	-0.216	1.824
4.95420789719	-0.128	-0.152	1.364
4.9559879303	-0.128	-0.152	1.364
4.95776486397	-0.016	-0.02	-0.612
4.95954298973	-0.016	-0.02	-0.612
4.96132993698	-0.016	-0.02	-0.612
4.96310901642	0.048	-0.32	2.044
4.96488595009	0.048	-0.32	2.044
4.96666288376	0.048	-0.32	2.044
4.96843981743	-0.02	0.104	-1.688
4.97022390366	-0.02	0.104	-1.688
4.97200989723	-0.02	0.104	-1.688
4.97378802299	0.068	-0.344	2.044
4.97556495667	0.068	-0.344	2.044
4.97734284401	0.068	-0.344	2.044
4.9791200161	-0.052	0.064	-0.576
4.98090481758	-0.052	0.064	-0.576
4.98268294334	-0.052	0.064	-0.576
4.98446202278	0.04	-0.216	1.356
4.9862408638	0.04	-0.216	1.356
4.9880168438	0.04	-0.216	1.356
4.98979282379	-0.112	-0.2	1.832
4.99159693718	-0.112	-0.2	1.832
4.99337697029	-0.112	-0.2	1.832
4.99515485764	-0.028	-0.012	-0.944
4.9969329834	-0.028	-0.012	-0.944
4.99871492386	-0.052	-0.396	2.044
