Timestamp 	 X-Axis 	 Y-Axis 	 Z-Axis
0.000308990478516	-0.04	0.116	-1.584
0.00270915031433	-0.04	0.116	-1.584
0.00492000579834	-0.096	-0.244	2.044
0.00712609291077	-0.096	-0.244	2.044
0.0093309879303	-0.052	0.196	-1.604
0.0115540027618	-0.052	0.196	-1.604
0.0137581825256	-0.052	0.196	-1.604
0.0159611701965	0.16	-0.388	2.044
0.0181629657745	0.16	-0.388	2.044
0.0203809738159	-0.048	0.068	-0.836
0.0225851535797	-0.048	0.068	-0.836
0.0248010158539	0.048	-0.276	2.044
0.0270051956177	0.048	-0.276	2.044
0.0292060375214	0.048	-0.276	2.044
0.0314271450043	-0.076	-0.096	0.504
0.0336310863495	-0.076	-0.096	0.504
0.0358350276947	0.004	-0.168	0.644
0.0380430221558	0.004	-0.168	0.644
0.040246963501	-0.112	-0.224	1.992
0.0424511432648	-0.112	-0.224	1.992
0.0446541309357	0.028	0.016	-0.72
0.0468549728394	0.028	0.016	-0.72
0.0490550994873	0.028	0.016	-0.72
0.0512580871582	-0.044	-0.196	2.044
0.0534610748291	-0.044	-0.196	2.044
0.0556631088257	-0.04	0.132	-1.552
0.0578761100769	-0.04	0.132	-1.552
0.0600810050964	0.08	-0.344	2.044
0.0622961521149	0.08	-0.344	2.044
0.0645020008087	0.08	-0.344	2.044
0.0667111873627	-0.02	0.168	-1.62
0.0689141750336	-0.02	0.168	-1.62
0.0711190700531	0.032	-0.368	2.044
0.0733211040497	0.032	-0.368	2.044
0.0755231380463	-0.036	0.06	-0.9
0.07772397995	-0.036	0.06	-0.9
0.0799670219421	-0.036	0.06	-0.9
0.0821800231934	0.004	-0.352	2.044
0.0843889713287	0.004	-0.352	2.044
0.0865969657898	-0.072	-0.08	0.384
0.0888161659241	-0.072	-0.08	0.384
0.0910291671753	0.116	-0.252	0.76
0.093239068985	0.116	-0.252	0.76
0.095447063446	0.116	-0.252	0.76
0.0976560115814	-0.124	-0.208	1.9
0.0999131202698	-0.124	-0.208	1.9
0.102125167847	-0.052	0.012	-0.616
0.104349136353	-0.052	0.012	-0.616
0.106559038162	-0.108	-0.244	2.044
0.108771085739	-0.108	-0.244	2.044
0.110982179642	-0.032	0.152	-1.524
0.113193035126	-0.032	0.152	-1.524
0.115403175354	-0.032	0.152	-1.524
0.117613077164	0.132	-0.392	2.044
0.119822978973	0.132	-0.392	2.044
0.122030973434	-0.024	0.156	-1.636
0.124251127243	-0.024	0.156	-1.636
0.126461982727	0.18	-0.256	2.044
0.128677129745	0.18	-0.256	2.044
0.130899190903	0.18	-0.256	2.044
0.133116960526	-0.064	0.06	-0.988
0.135328054428	-0.064	0.06	-0.988
0.137539148331	-0.044	-0.388	2.044
0.139755964279	-0.044	-0.388	2.044
0.141967058182	-0.072	-0.064	0.312
0.144176959991	-0.072	-0.064	0.312
0.14638710022	-0.072	-0.064	0.312
0.148596048355	0.096	-0.236	0.864
0.150810003281	0.096	-0.236	0.864
0.153019189835	-0.1	-0.196	1.808
0.155229091644	-0.1	-0.196	1.808
0.157438993454	-0.036	0.016	-0.544
0.159649133682	-0.036	0.016	-0.544
0.161871194839	-0.044	-0.288	2.044
0.164081096649	-0.044	-0.288	2.044
0.166290044785	-0.044	-0.288	2.044
0.16850399971	0.02	0.14	-1.476
0.170714139938	0.02	0.14	-1.476
0.172922134399	-0.048	-0.436	2.044
0.175131082535	-0.048	-0.436	2.044
0.177340984344	0.0	0.172	-1.672
0.179548025131	0.0	0.172	-1.672
0.181749105453	0.0	0.172	-1.672
0.183950185776	0.124	-0.252	2.044
0.186168193817	0.124	-0.252	2.044
0.188378095627	-0.104	0.076	-1.048
0.190593004227	-0.104	0.076	-1.048
0.192804098129	0.14	-0.34	2.044
0.195013046265	0.14	-0.34	2.044
0.197234153748	0.14	-0.34	2.044
0.199444055557	-0.084	-0.064	0.188
0.201663970947	-0.084	-0.064	0.188
0.20387506485	0.016	-0.216	0.956
0.206083059311	0.016	-0.216	0.956
0.208291053772	-0.092	-0.184	1.7
0.210505962372	-0.092	-0.184	1.7
0.2127161026	0.012	0.0	-0.472
0.214917182922	0.012	0.0	-0.472
0.217118024826	0.012	0.0	-0.472
0.219325065613	0.056	-0.264	2.044
0.221534013748	0.056	-0.264	2.044
0.223742961884	0.02	0.124	-1.432
0.225952148438	0.02	0.124	-1.432
0.228160142899	0.06	-0.264	2.044
0.230374097824	0.06	-0.264	2.044
0.232583045959	0.06	-0.264	2.044
0.234791994095	-0.028	0.196	-1.676
0.237010002136	-0.028	0.196	-1.676
0.239226102829	-0.048	-0.364	2.044
0.241436958313	-0.048	-0.364	2.044
0.243646144867	-0.068	0.108	-1.116
0.245856046677	-0.068	0.108	-1.116
0.248075962067	-0.068	0.108	-1.116
0.250292062759	0.116	-0.256	2.044
0.252501964569	0.116	-0.256	2.044
0.254711151123	-0.056	-0.088	0.096
0.256921052933	-0.056	-0.088	0.096
0.259137153625	-0.012	-0.2	1.056
0.261347055435	-0.012	-0.2	1.056
0.263556003571	-0.012	-0.2	1.056
0.265767097473	-0.12	-0.172	1.592
0.267978191376	-0.12	-0.172	1.592
0.270197153091	0.068	-0.044	-0.372
0.27240896225	0.068	-0.044	-0.372
0.274620056152	-0.02	-0.368	2.044
0.276829957962	-0.02	-0.368	2.044
0.279041051865	-0.016	0.112	-1.392
0.28125500679	-0.016	0.112	-1.392
0.283464193344	-0.016	0.112	-1.392
0.285672187805	-0.088	-0.176	2.044
0.287882089615	-0.088	-0.176	2.044
0.290096998215	-0.032	0.204	-1.696
0.292307138443	-0.032	0.204	-1.696
0.294516086578	0.144	-0.444	2.044
0.296724081039	0.144	-0.444	2.044
0.298938035965	0.144	-0.444	2.044
0.301146030426	-0.08	0.112	-1.172
0.303356170654	-0.08	0.112	-1.172
0.30557012558	0.044	-0.28	2.044
0.307778120041	0.044	-0.28	2.044
0.310001134872	-0.056	-0.068	0.0
0.312203168869	-0.056	-0.068	0.0
0.314404010773	-0.056	-0.068	0.0
0.316604137421	-0.048	-0.24	1.16
0.318819046021	-0.048	-0.24	1.16
0.321030139923	-0.12	-0.172	1.48
0.323238134384	-0.12	-0.172	1.48
0.325448036194	0.08	-0.08	-0.284
0.327656984329	0.08	-0.08	-0.284
0.329869031906	-0.024	-0.276	2.044
0.332081079483	-0.024	-0.276	2.044
0.334290981293	-0.024	-0.276	2.044
0.336500167847	-0.072	0.08	-1.344
0.338726043701	-0.072	0.08	-1.344
0.340936183929	-0.132	-0.256	2.044
0.343145132065	-0.132	-0.256	2.044
0.345355033875	0.0	0.2	-1.696
0.347556114197	0.0	0.2	-1.696
0.349763154984	0.0	0.2	-1.696
0.351963996887	0.092	-0.432	2.044
0.354171991348	0.092	-0.432	2.044
0.356381177902	-0.04	0.108	-1.236
0.358591079712	-0.04	0.108	-1.236
0.360808134079	0.104	-0.3	2.044
0.36301612854	0.104	-0.3	2.044
0.365225076675	0.104	-0.3	2.044
0.367434024811	-0.08	-0.032	-0.108
0.369650125504	-0.08	-0.032	-0.108
0.371870040894	0.076	-0.272	1.276
0.374083995819	0.076	-0.272	1.276
0.376293182373	-0.128	-0.184	1.392
0.378504037857	-0.128	-0.184	1.392
0.38072013855	-0.02	-0.084	-0.204
0.382930040359	-0.02	-0.084	-0.204
0.385143041611	-0.02	-0.084	-0.204
0.387353181839	-0.016	-0.184	2.044
0.38957118988	-0.016	-0.184	2.044
0.39178109169	-0.068	0.092	-1.3
0.393992185593	-0.068	0.092	-1.3
0.396201133728	0.108	-0.328	2.044
0.398410081863	0.108	-0.328	2.044
0.400624990463	0.108	-0.328	2.044
0.402832984924	0.012	0.176	-1.7
0.405040979385	0.012	0.176	-1.7
0.407253026962	0.044	-0.328	2.044
0.409468173981	0.044	-0.328	2.044
0.411677122116	-0.028	0.128	-1.312
0.413886070251	-0.028	0.128	-1.312
0.416095018387	-0.028	0.128	-1.312
0.418305158615	-0.052	-0.372	2.044
0.420516014099	-0.052	-0.372	2.044
0.422724962234	-0.072	0.012	-0.196
0.424934148788	-0.072	0.012	-0.196
0.427144050598	0.156	-0.272	1.392
0.429352998734	0.156	-0.272	1.392
0.431560993195	0.156	-0.272	1.392
0.433779001236	-0.136	-0.184	1.288
0.435989141464	-0.136	-0.184	1.288
0.438199043274	-0.016	-0.08	-0.092
0.440411090851	-0.016	-0.08	-0.092
0.442625045776	-0.112	-0.244	2.044
0.444836139679	-0.112	-0.244	2.044
0.447052001953	-0.036	0.08	-1.228
0.44926404953	-0.036	0.08	-1.228
0.451472997665	-0.036	0.08	-1.228
0.453683137894	0.1	-0.42	2.044
0.455891132355	0.1	-0.42	2.044
0.458099126816	0.012	0.156	-1.692
0.460314035416	0.012	0.156	-1.692
0.462522983551	0.128	-0.224	2.044
0.464732170105	0.128	-0.224	2.044
0.466940164566	0.128	-0.224	2.044
0.469155073166	-0.064	0.124	-1.352
0.471364974976	-0.064	0.124	-1.352
0.47357416153	0.028	-0.384	2.044
0.475793123245	0.028	-0.384	2.044
0.478002071381	-0.056	0.012	-0.28
0.480214118958	-0.056	0.012	-0.28
0.482426166534	-0.056	0.012	-0.28
0.48463511467	0.016	-0.224	1.476
0.486844062805	0.016	-0.224	1.476
0.489058017731	-0.096	-0.168	1.184
0.491269111633	-0.096	-0.168	1.184
0.493479013443	0.012	-0.032	-0.008
0.495697975159	0.012	-0.032	-0.008
0.497908115387	-0.096	-0.252	2.044
0.500123977661	-0.096	-0.252	2.044
0.502335071564	-0.096	-0.252	2.044
0.504544019699	0.048	0.088	-1.188
0.50675201416	0.048	0.088	-1.188
0.508967161179	-0.012	-0.36	2.044
0.511181116104	-0.012	-0.36	2.044
0.513391017914	0.004	0.168	-1.692
0.515599966049	0.004	0.168	-1.692
0.517811059952	0.004	0.168	-1.692
0.520024061203	-0.068	-0.264	2.044
0.522233963013	-0.068	-0.264	2.044
0.524444103241	-0.096	0.144	-1.392
0.526653051376	-0.096	0.144	-1.392
0.528869152069	0.168	-0.34	2.044
0.531078100204	0.168	-0.34	2.044
0.533286094666	0.168	-0.34	2.044
0.535495042801	-0.052	0.0	-0.372
0.537697076797	-0.052	0.0	-0.372
0.539935112	0.004	-0.26	1.588
0.542143106461	0.004	-0.26	1.588
0.544358968735	-0.092	-0.14	1.088
0.546571016312	-0.092	-0.14	1.088
0.54878616333	0.048	-0.104	0.096
0.550994157791	0.048	-0.104	0.096
0.553202152252	0.048	-0.104	0.096
0.555410146713	-0.004	-0.296	2.044
0.557629108429	-0.004	-0.296	2.044
0.559839010239	0.024	0.08	-1.116
0.562047958374	0.024	0.08	-1.116
0.564257144928	-0.048	-0.176	2.044
0.566467046738	-0.048	-0.176	2.044
0.56868314743	-0.048	-0.176	2.044
0.570892095566	-0.02	0.184	-1.68
0.573101997375	-0.02	0.184	-1.68
0.575311183929	0.072	-0.376	2.044
0.577520132065	0.072	-0.376	2.044
0.579738140106	-0.06	0.144	-1.444
0.581948041916	-0.06	0.144	-1.444
0.584158182144	-0.06	0.144	-1.444
0.586368083954	0.032	-0.304	2.044
0.588576078415	0.032	-0.304	2.044
0.59079003334	-0.02	-0.008	-0.456
0.593001127243	-0.02	-0.008	-0.456
0.595215082169	0.008	-0.292	1.676
0.597438097	0.008	-0.292	1.676
0.59964799881	0.008	-0.292	1.676
0.601858139038	-0.108	-0.132	0.968
0.604067087173	-0.108	-0.132	0.968
0.606276988983	0.092	-0.136	0.18
0.608484983444	0.092	-0.136	0.18
0.610700130463	-0.036	-0.296	2.044
0.61291217804	-0.036	-0.296	2.044
0.615121126175	-0.064	0.068	-1.064
0.61733007431	-0.064	0.068	-1.064
0.619554042816	-0.064	0.068	-1.064
0.621762990952	-0.224	-0.252	2.044
0.62397313118	-0.224	-0.252	2.044
0.626182079315	-0.02	0.192	-1.672
0.628391981125	-0.02	0.192	-1.672
0.630606174469	0.196	-0.428	2.044
0.632816076279	0.196	-0.428	2.044
0.63502407074	0.196	-0.428	2.044
0.637231111526	-0.052	0.132	-1.496
0.639446020126	-0.052	0.132	-1.496
0.641654968262	0.128	-0.276	2.044
0.643864154816	0.128	-0.276	2.044
0.646071195602	-0.052	0.008	-0.556
0.648282051086	-0.052	0.008	-0.556
0.650493144989	-0.052	0.008	-0.556
0.652703046799	-0.032	-0.332	1.784
0.654911994934	-0.032	-0.332	1.784
0.657123088837	-0.1	-0.112	0.868
0.659337997437	-0.1	-0.112	0.868
0.66154718399	0.064	-0.168	0.288
0.663756132126	0.064	-0.168	0.288
0.665963172913	-0.092	-0.196	2.044
0.668172121048	-0.092	-0.196	2.044
0.670382976532	-0.092	-0.196	2.044
0.672597169876	-0.076	0.068	-0.992
0.674806118011	-0.076	0.068	-0.992
0.677015066147	-0.02	-0.316	2.044
0.679224967957	-0.02	-0.316	2.044
0.681452035904	0.02	0.184	-1.632
0.683662176132	0.02	0.184	-1.632
0.685881137848	0.02	0.184	-1.632
0.688090085983	-0.024	-0.448	2.044
0.690304994583	-0.024	-0.448	2.044
0.692514181137	-0.02	0.144	-1.496
0.694723129272	-0.02	0.144	-1.496
0.696933031082	0.124	-0.284	2.044
0.699146986008	0.124	-0.284	2.044
0.701354980469	0.124	-0.284	2.044
0.703562021255	-0.108	0.02	-0.62
0.705770015717	-0.108	0.02	-0.62
0.707978963852	0.136	-0.312	1.892
0.710191965103	0.136	-0.312	1.892
0.712399959564	-0.136	-0.14	0.764
0.714609146118	-0.136	-0.14	0.764
0.716822147369	-0.008	-0.148	0.372
0.719037055969	-0.008	-0.148	0.372
0.721246004105	-0.008	-0.148	0.372
0.723453044891	-0.068	-0.196	2.044
0.725661039352	-0.068	-0.196	2.044
0.727869987488	-0.048	0.048	-0.916
0.730086088181	-0.048	0.048	-0.916
0.732295036316	0.16	-0.272	2.044
0.734502077103	0.16	-0.272	2.044
0.736709117889	0.16	-0.272	2.044
0.738923072815	0.024	0.184	-1.64
0.741131067276	0.024	0.184	-1.64
0.743349075317	0.024	-0.308	2.044
0.745557069778	0.024	-0.308	2.044
0.747764110565	-0.04	0.18	-1.552
0.749982118607	-0.04	0.18	-1.552
0.752192020416	-0.04	0.18	-1.552
0.754400968552	-0.056	-0.364	2.044
0.756610155106	-0.056	-0.364	2.044
0.75882601738	-0.08	0.056	-0.708
0.761036157608	-0.08	0.056	-0.708
0.763245105743	0.116	-0.252	1.976
0.765453100204	0.116	-0.252	1.976
0.767660140991	0.116	-0.252	1.976
0.769870042801	-0.1	-0.14	0.672
0.772082090378	-0.1	-0.14	0.672
0.774291992188	0.008	-0.124	0.5
0.776496171951	0.008	-0.124	0.5
0.778706073761	-0.088	-0.236	2.044
0.780915021896	-0.088	-0.236	2.044
0.783123970032	0.012	0.004	-0.828
0.785359144211	0.012	0.004	-0.828
0.787568092346	0.012	0.004	-0.828
0.789782047272	-0.024	-0.368	2.044
0.791993141174	-0.024	-0.368	2.044
0.79420208931	-0.008	0.152	-1.6
0.796411991119	-0.008	0.152	-1.6
0.79861998558	-0.024	-0.196	2.044
0.800863027573	-0.024	-0.196	2.044
0.803073167801	-0.024	-0.196	2.044
0.805292129517	-0.048	0.192	-1.588
0.807502031326	-0.048	0.192	-1.588
0.809717178345	0.116	-0.412	2.044
0.81192612648	0.116	-0.412	2.044
0.814133167267	-0.068	0.076	-0.784
0.816342115402	-0.068	0.076	-0.784
0.818555116653	-0.068	0.076	-0.784
0.820770025253	0.012	-0.24	2.044
0.82297706604	0.012	-0.24	2.044
0.825685977936	-0.076	-0.112	0.564
0.82790517807	-0.076	-0.112	0.564
0.830121040344	-0.008	-0.14	0.572
0.832331180573	-0.008	-0.14	0.572
0.834540128708	-0.112	-0.232	2.044
0.836749076843	-0.112	-0.232	2.044
0.838965177536	-0.112	-0.232	2.044
0.841174125671	0.068	0.008	-0.76
0.843383073807	0.068	0.008	-0.76
0.845590114594	-0.052	-0.276	2.044
0.847798109055	-0.052	-0.276	2.044
0.850013017654	-0.052	0.132	-1.584
0.852223157883	-0.052	0.132	-1.584
0.854434967041	-0.04	-0.308	2.044
0.856644153595	-0.04	-0.308	2.044
0.858858108521	-0.04	-0.308	2.044
0.86106801033	-0.032	0.176	-1.604
0.863276958466	-0.032	0.176	-1.604
0.86548614502	0.084	-0.388	2.044
0.867705106735	0.084	-0.388	2.044
0.869987010956	-0.028	0.064	-0.86
0.872199058533	-0.028	0.064	-0.86
0.874410152435	-0.028	0.064	-0.86
0.876618146896	0.068	-0.308	2.044
0.878828048706	0.068	-0.308	2.044
0.881036996841	-0.084	-0.076	0.42
0.883244991302	-0.084	-0.076	0.42
0.885452985764	0.032	-0.212	0.696
0.887665987015	0.032	-0.212	0.696
0.889906167984	0.032	-0.212	0.696
0.892116069794	-0.128	-0.22	1.96
0.894325017929	-0.128	-0.22	1.96
0.896533966064	0.0	0.004	-0.692
0.898760080338	0.0	0.004	-0.692
0.900959968567	-0.06	-0.18	2.044
0.903170108795	-0.06	-0.18	2.044
0.905379056931	-0.048	0.14	-1.544
0.907587051392	-0.048	0.14	-1.544
0.909801959991	-0.048	0.14	-1.544
0.91201210022	0.156	-0.36	2.044
0.914220094681	0.156	-0.36	2.044
0.916428089142	-0.032	0.16	-1.636
0.918661117554	-0.032	0.16	-1.636
0.920873165131	0.048	-0.32	2.044
0.923084974289	0.048	-0.32	2.044
0.92529296875	0.048	-0.32	2.044
0.927502155304	-0.048	0.056	-0.924
0.929738998413	-0.048	0.056	-0.924
0.931950092316	-0.056	-0.376	2.044
0.934161186218	-0.056	-0.376	2.044
0.936370134354	-0.076	-0.064	0.36
0.938580036163	-0.076	-0.064	0.36
0.940795183182	-0.076	-0.064	0.36
0.943004131317	0.14	-0.244	0.8
0.945212125778	0.14	-0.244	0.8
0.947420120239	-0.14	-0.208	1.856
0.949635028839	-0.14	-0.208	1.856
0.951845169067	-0.056	0.032	-0.6
0.954055070877	-0.056	0.032	-0.6
0.956267118454	-0.108	-0.288	2.044
0.958477020264	-0.108	-0.288	2.044
0.960690975189	-0.108	-0.288	2.044
0.962900161743	-0.008	0.144	-1.504
0.965108156204	-0.008	0.144	-1.504
0.96731710434	0.032	-0.436	2.044
0.969532012939	0.032	-0.436	2.044
0.971740007401	-0.012	0.16	-1.664
0.973948001862	-0.012	0.16	-1.664
0.97615814209	-0.012	0.16	-1.664
0.978367090225	0.22	-0.24	2.044
0.980579137802	0.22	-0.24	2.044
0.982788085938	-0.096	0.072	-1.012
0.984997034073	-0.096	0.072	-1.012
0.987205028534	0.016	-0.376	2.044
0.989420175552	0.016	-0.376	2.044
0.991641998291	0.016	-0.376	2.044
0.993851184845	-0.1	-0.064	0.252
0.99606013298	-0.1	-0.064	0.252
0.998269081116	0.052	-0.208	0.9
1.00048112869	0.052	-0.208	0.9
1.00269007683	-0.088	-0.188	1.76
1.00489902496	-0.088	-0.188	1.76
1.0071079731	-0.036	0.008	-0.496
1.00932407379	-0.036	0.008	-0.496
1.0115339756	-0.036	0.008	-0.496
1.01374197006	0.024	-0.252	2.044
1.01594996452	0.024	-0.252	2.044
1.01815915108	0.02	0.132	-1.46
1.02037096024	0.02	0.132	-1.46
1.02257919312	-0.02	-0.392	2.044
1.02480316162	-0.02	-0.392	2.044
1.02701401711	-0.02	-0.392	2.044
1.02922916412	-0.008	0.196	-1.672
1.03143906593	-0.008	0.196	-1.672
1.03364896774	-0.016	-0.288	2.044
1.0358581543	-0.016	-0.288	2.044
1.03806710243	-0.088	0.084	-1.096
1.04028201103	-0.088	0.084	-1.096
1.04249215126	-0.088	0.084	-1.096
1.0447010994	0.18	-0.268	2.044
1.04690909386	0.18	-0.268	2.044
1.04912400246	-0.084	-0.072	0.148
1.05133318901	-0.084	-0.072	0.148
1.05355095863	0.0	-0.212	1.004
1.05575299263	0.0	-0.212	1.004
1.05795311928	0.0	-0.212	1.004
1.06016206741	-0.108	-0.18	1.652
1.06237316132	-0.108	-0.18	1.652
1.06458115578	0.024	-0.036	-0.416
1.06679010391	0.024	-0.036	-0.416
1.06900501251	0.032	-0.324	2.044
1.07121300697	0.032	-0.324	2.044
1.07342100143	0.012	0.12	-1.416
1.0756289959	0.012	0.12	-1.416
1.07783508301	0.012	0.12	-1.416
1.08004498482	0.028	-0.2	2.044
1.08225607872	0.028	-0.2	2.044
1.08446311951	-0.028	0.212	-1.684
1.08667206764	-0.028	0.212	-1.684
1.08888816833	0.044	-0.432	2.044
1.09109711647	0.044	-0.432	2.044
1.09330916405	0.044	-0.432	2.044
1.09551715851	-0.068	0.116	-1.144
1.09772706032	-0.068	0.116	-1.144
1.09997701645	0.044	-0.244	2.044
1.10218501091	0.044	-0.244	2.044
1.1043920517	-0.036	-0.088	0.056
1.10660099983	-0.036	-0.088	0.056
1.10881614685	-0.036	-0.088	0.056
1.11102414131	-0.032	-0.224	1.116
1.11323308945	-0.032	-0.224	1.116
1.11545205116	-0.1	-0.16	1.552
1.11766219139	-0.1	-0.16	1.552
1.11990308762	0.08	-0.06	-0.32
1.12211298943	0.08	-0.06	-0.32
1.12432217598	-0.052	-0.364	2.044
1.12653112411	-0.052	-0.364	2.044
1.1287560463	-0.052	-0.364	2.044
1.1309671402	-0.04	0.104	-1.38
1.13317704201	-0.04	0.104	-1.38
1.13538599014	-0.164	-0.216	2.044
1.1375951767	-0.164	-0.216	2.044
1.1398100853	-0.024	0.204	-1.696
1.14201903343	-0.024	0.204	-1.696
1.14422798157	-0.024	0.204	-1.696
1.1464381218	0.16	-0.444	2.044
1.14865207672	0.16	-0.444	2.044
1.15086007118	-0.048	0.1	-1.18
1.15306901932	-0.048	0.1	-1.18
1.15527796745	0.096	-0.284	2.044
1.15748500824	0.096	-0.284	2.044
1.1596930027	0.096	-0.284	2.044
1.16190505028	-0.06	-0.048	-0.036
1.16411519051	-0.06	-0.048	-0.036
1.16633605957	-0.008	-0.268	1.22
1.16854596138	-0.008	-0.268	1.22
1.17075705528	-0.124	-0.188	1.456
1.17296600342	-0.124	-0.188	1.456
1.17517518997	0.036	-0.068	-0.236
1.17739415169	0.036	-0.068	-0.236
1.17960906029	0.036	-0.068	-0.236
1.1818189621	-0.004	-0.192	2.044
1.18402814865	-0.004	-0.192	2.044
1.18623709679	-0.064	0.108	-1.332
1.1884469986	-0.064	0.108	-1.332
1.19066214561	-0.024	-0.3	2.044
1.19287109375	-0.024	-0.3	2.044
1.19508004189	-0.024	-0.3	2.044
1.19729113579	0.024	0.192	-1.712
1.1995010376	0.024	0.192	-1.712
1.20171117783	0.024	-0.404	2.044
1.20391917229	0.024	-0.404	2.044
1.20612716675	-0.02	0.112	-1.276
1.20833516121	-0.02	0.112	-1.276
1.21055006981	-0.02	0.112	-1.276
1.21276116371	0.056	-0.336	2.044
1.21496796608	0.056	-0.336	2.044
1.21717596054	-0.092	-0.02	-0.144
1.21939206123	-0.092	-0.02	-0.144
1.22160196304	0.136	-0.28	1.316
1.22380900383	0.136	-0.28	1.316
1.22601604462	0.136	-0.28	1.316
1.22822403908	-0.148	-0.18	1.344
1.23044204712	-0.148	-0.18	1.344
1.23265314102	-0.04	-0.068	-0.148
1.23486304283	-0.04	-0.068	-0.148
1.23707199097	-0.064	-0.212	2.044
1.23929715157	-0.064	-0.212	2.044
1.24150800705	-0.06	0.088	-1.264
1.2437171936	-0.06	0.088	-1.264
1.24592709541	-0.06	0.088	-1.264
1.24813604355	0.136	-0.36	2.044
1.25034999847	0.136	-0.36	2.044
1.25255799294	0.004	0.16	-1.68
1.2547659874	0.004	0.16	-1.68
1.25697398186	0.112	-0.256	2.044
1.2591881752	0.112	-0.256	2.044
1.26139497757	0.112	-0.256	2.044
1.26360297203	-0.06	0.128	-1.312
1.26582503319	-0.06	0.128	-1.312
1.26803517342	-0.06	-0.384	2.044
1.27024817467	-0.06	-0.384	2.044
1.27245903015	-0.06	0.004	-0.224
1.27466702461	-0.06	0.004	-0.224
1.2768740654	-0.06	0.004	-0.224
1.27908301353	0.108	-0.244	1.416
1.28129196167	0.108	-0.244	1.416
1.28349900246	-0.116	-0.184	1.24
1.28570914268	-0.116	-0.184	1.24
1.28791809082	-0.008	-0.04	-0.076
1.29013299942	-0.008	-0.04	-0.076
1.29234313965	-0.132	-0.248	2.044
1.29455113411	-0.132	-0.248	2.044
1.29675912857	-0.132	-0.248	2.044
1.29897809029	0.012	0.088	-1.204
1.30119609833	0.012	0.088	-1.204
1.30340409279	0.012	-0.424	2.044
1.30561709404	0.012	-0.424	2.044
1.30782413483	0.0	0.168	-1.688
1.31002902985	0.0	0.168	-1.688
1.31222915649	0.0	0.168	-1.688
1.31442904472	0.036	-0.252	2.044
1.31663703918	0.036	-0.252	2.044
1.31885004044	-0.076	0.136	-1.368
1.32105898857	-0.076	0.136	-1.368
1.3232691288	0.136	-0.364	2.044
1.32549715042	0.136	-0.364	2.044
1.32770705223	0.136	-0.364	2.044
1.32995009422	-0.052	-0.004	-0.332
1.33216118813	-0.052	-0.004	-0.332
1.33437299728	-0.004	-0.228	1.504
1.33658218384	-0.004	-0.228	1.504
1.33879709244	-0.084	-0.152	1.136
1.34100604057	-0.084	-0.152	1.136
1.34321403503	0.024	-0.064	0.04
1.3454220295	0.024	-0.064	0.04
1.34762907028	0.024	-0.064	0.04
1.34984302521	-0.048	-0.244	2.044
1.35205197334	-0.048	-0.244	2.044
1.35426211357	0.048	0.072	-1.148
1.35646915436	0.048	0.072	-1.148
1.35868215561	-0.004	-0.264	2.044
1.36089205742	-0.004	-0.264	2.044
1.36311101913	-0.004	-0.264	2.044
1.3653190136	-0.016	0.188	-1.692
1.36753296852	-0.016	0.188	-1.692
1.36975002289	-0.056	-0.34	2.044
1.37196016312	-0.056	-0.34	2.044
1.37417006493	-0.068	0.14	-1.412
1.37637901306	-0.068	0.14	-1.412
1.3785879612	-0.068	0.14	-1.412
1.38080310822	0.112	-0.324	2.044
1.38301205635	0.112	-0.324	2.044
1.38522005081	-0.016	-0.02	-0.384
1.38743019104	-0.016	-0.02	-0.384
1.38964796066	0.016	-0.276	1.616
1.39185619354	0.016	-0.276	1.616
1.394064188	0.016	-0.276	1.616
1.39627099037	-0.108	-0.132	1.032
1.39847898483	-0.108	-0.132	1.032
1.40069508553	0.068	-0.136	0.128
1.4029071331	0.068	-0.136	0.128
1.40511512756	-0.016	-0.316	2.044
1.40732502937	-0.016	-0.316	2.044
1.40954208374	-0.016	0.072	-1.084
1.4117500782	-0.016	0.072	-1.084
1.41395902634	-0.016	0.072	-1.084
1.4161670208	-0.164	-0.18	2.044
1.4183781147	-0.164	-0.18	2.044
1.42058897018	-0.016	0.192	-1.692
1.42279815674	-0.016	0.192	-1.692
1.42504906654	0.18	-0.404	2.044
1.42725896835	0.18	-0.404	2.044
1.4294731617	0.18	-0.404	2.044
1.43168115616	-0.064	0.128	-1.452
1.43389010429	-0.064	0.128	-1.452
1.43610095978	0.036	-0.292	2.044
1.43831014633	0.036	-0.292	2.044
1.44052314758	-0.024	-0.004	-0.5
1.44272899628	-0.024	-0.004	-0.5
1.44493317604	-0.024	-0.004	-0.5
1.44713807106	-0.032	-0.328	1.732
1.44935297966	-0.032	-0.328	1.732
1.45156216621	-0.1	-0.112	0.932
1.45377111435	-0.1	-0.112	0.932
1.45597910881	0.088	-0.16	0.248
1.4581861496	0.088	-0.16	0.248
1.46039795876	-0.084	-0.244	2.044
1.46260714531	-0.084	-0.244	2.044
1.46481609344	-0.084	-0.244	2.044
1.46702504158	-0.072	0.06	-1.012
1.4692401886	-0.072	0.06	-1.012
1.47145199776	-0.148	-0.316	2.044
1.47366118431	-0.148	-0.316	2.044
1.47587013245	0.016	0.172	-1.652
1.47807717323	0.016	0.172	-1.652
1.48028707504	0.016	0.172	-1.652
1.48249912262	0.084	-0.444	2.044
1.48470711708	0.084	-0.444	2.044
1.48692297935	-0.032	0.136	-1.504
1.48913812637	-0.032	0.136	-1.504
1.49134707451	0.188	-0.248	2.044
1.49355506897	0.188	-0.248	2.044
1.49576210976	0.188	-0.248	2.044
1.49797010422	-0.084	0.008	-0.584
1.50018405914	-0.084	0.008	-0.584
1.50239300728	0.032	-0.336	1.832
1.50464701653	0.032	-0.336	1.832
1.50685715675	-0.12	-0.12	0.82
1.50907206535	-0.12	-0.12	0.82
1.51128196716	0.024	-0.164	0.308
1.51348996162	0.024	-0.164	0.308
1.51569700241	0.024	-0.164	0.308
1.5179040432	-0.088	-0.188	2.044
1.52011919022	-0.088	-0.188	2.044
1.52232909203	-0.072	0.068	-0.96
1.52453804016	-0.072	0.068	-0.96
1.52674603462	0.096	-0.288	2.044
1.52896118164	0.096	-0.288	2.044
1.53117012978	0.096	-0.288	2.044
1.53337812424	0.032	0.188	-1.64
1.5355861187	0.032	0.188	-1.64
1.53779411316	-0.04	-0.388	2.044
1.5400121212	-0.04	-0.388	2.044
1.54222297668	-0.028	0.168	-1.536
1.54443216324	-0.028	0.168	-1.536
1.54664111137	-0.028	0.168	-1.536
1.54887604713	0.004	-0.328	2.044
1.5510840416	0.004	-0.328	2.044
1.55329203606	-0.088	0.052	-0.668
1.55550003052	-0.088	0.052	-0.668
1.55770802498	0.168	-0.28	1.928
1.55995798111	0.168	-0.28	1.928
1.56216812134	-0.124	-0.144	0.724
1.56437706947	-0.124	-0.144	0.724
1.56658411026	-0.124	-0.144	0.724
1.56879806519	0.004	-0.136	0.44
1.57100510597	0.004	-0.136	0.44
1.57321500778	-0.072	-0.208	2.044
1.57542514801	-0.072	-0.208	2.044
1.57763504982	-0.012	0.016	-0.88
1.57984399796	-0.012	0.016	-0.88
1.58205318451	-0.012	0.016	-0.88
1.58425998688	0.108	-0.308	2.044
1.58646798134	0.108	-0.308	2.044
1.58868217468	-0.004	0.152	-1.612
1.59089112282	-0.004	0.152	-1.612
1.59310102463	0.052	-0.224	2.044
1.59530997276	0.052	-0.224	2.044
1.59751915932	0.052	-0.224	2.044
1.59972715378	-0.06	0.184	-1.572
1.60192918777	-0.06	0.184	-1.572
1.60413098335	0.008	-0.404	2.044
1.60633111	0.008	-0.404	2.044
1.60853409767	-0.068	0.068	-0.752
1.6107571125	-0.068	0.068	-0.752
1.61296796799	-0.068	0.068	-0.752
1.61517810822	0.044	-0.228	2.008
1.61738801003	0.044	-0.228	2.008
1.61960101128	-0.084	-0.148	0.632
1.6218111515	-0.084	-0.148	0.632
1.62401914597	-0.012	-0.104	0.524
1.6262280941	-0.012	-0.104	0.524
1.62843608856	-0.1	-0.236	2.044
1.63065218925	-0.1	-0.236	2.044
1.63286018372	-0.1	-0.236	2.044
1.63506913185	0.064	0.012	-0.796
1.63727712631	0.064	0.012	-0.796
1.63948512077	-0.084	-0.372	2.044
1.6416990757	-0.084	-0.372	2.044
1.64390897751	-0.032	0.132	-1.596
1.64611816406	-0.032	0.132	-1.596
1.6483271122	-0.032	0.132	-1.596
1.65054106712	-0.108	-0.216	2.044
1.65275001526	-0.108	-0.216	2.044
1.65495800972	-0.048	0.212	-1.62
1.65716719627	-0.048	0.212	-1.62
1.65938210487	0.156	-0.412	2.044
1.66158914566	0.156	-0.412	2.044
1.66379714012	0.156	-0.412	2.044
1.66600513458	-0.056	0.072	-0.812
1.66821312904	-0.056	0.072	-0.812
1.67042517662	0.044	-0.256	2.044
1.67264604568	0.044	-0.256	2.044
1.67485404015	-0.08	-0.1	0.516
1.67706608772	-0.08	-0.1	0.516
1.67927718163	-0.08	-0.1	0.516
1.68148708344	0.004	-0.18	0.64
1.68369412422	0.004	-0.18	0.64
1.68590211868	-0.112	-0.212	2.016
1.68811106682	-0.112	-0.212	2.016
1.69032716751	0.032	0.004	-0.704
1.69253396988	0.032	0.004	-0.704
1.69474196434	-0.048	-0.208	2.044
1.6969499588	-0.048	-0.208	2.044
1.69916510582	-0.048	-0.208	2.044
1.70137500763	-0.044	0.136	-1.56
1.70358419418	-0.044	0.136	-1.56
1.70579314232	0.08	-0.34	2.044
1.70803117752	0.08	-0.34	2.044
1.71024799347	-0.024	0.156	-1.608
1.7124581337	-0.024	0.156	-1.608
1.71466803551	-0.024	0.156	-1.608
1.71687602997	0.02	-0.36	2.044
1.71908998489	0.02	-0.36	2.044
1.72130012512	-0.02	0.064	-0.9
1.72350716591	-0.02	0.064	-0.9
1.72571611404	0.02	-0.344	2.044
1.72792315483	0.02	-0.344	2.044
1.73013615608	0.02	-0.344	2.044
1.73234295845	-0.084	-0.076	0.408
1.73456096649	-0.084	-0.076	0.408
1.73677015305	0.128	-0.24	0.764
1.73898506165	0.128	-0.24	0.764
1.74119210243	-0.132	-0.212	1.912
1.74340105057	-0.132	-0.212	1.912
1.74561309814	-0.048	0.012	-0.632
1.74782109261	-0.048	0.012	-0.632
1.75003504753	-0.048	0.012	-0.632
1.75224518776	-0.104	-0.236	2.044
1.75445508957	-0.104	-0.236	2.044
1.7566640377	-0.024	0.156	-1.528
1.75888109207	-0.024	0.156	-1.528
1.76109099388	0.132	-0.4	2.044
1.76329803467	0.132	-0.4	2.044
1.76550602913	0.132	-0.4	2.044
1.76771306992	-0.028	0.152	-1.648
1.76999402046	-0.028	0.152	-1.648
1.77220416069	0.184	-0.264	2.044
1.77441310883	0.184	-0.264	2.044
1.77662014961	-0.088	0.052	-0.972
1.77883505821	-0.088	0.052	-0.972
1.78104496002	-0.088	0.052	-0.972
1.78325414658	-0.052	-0.404	2.044
1.78546309471	-0.052	-0.404	2.044
1.7876701355	-0.076	-0.052	0.296
1.7899119854	-0.076	-0.052	0.296
1.79212212563	0.096	-0.224	0.848
1.79433012009	0.096	-0.224	0.848
1.79654812813	-0.096	-0.2	1.796
1.79876303673	-0.096	-0.2	1.796
1.80097317696	-0.096	-0.2	1.796
1.80318212509	-0.04	0.016	-0.54
1.80539107323	-0.04	0.016	-0.54
1.80759811401	-0.052	-0.284	2.044
1.80981302261	-0.052	-0.284	2.044
1.81202197075	0.024	0.144	-1.484
1.81423306465	0.024	0.144	-1.484
1.81644201279	0.024	0.144	-1.484
1.81865596771	-0.068	-0.428	2.044
1.82086515427	-0.068	-0.428	2.044
1.8230741024	-0.004	0.164	-1.66
1.82528305054	-0.004	0.164	-1.66
1.827491045	0.128	-0.244	2.044
1.82970499992	0.128	-0.244	2.044
1.83191299438	0.128	-0.244	2.044
1.83412003517	-0.112	0.08	-1.06
1.8363301754	-0.112	0.08	-1.06
1.83853816986	0.144	-0.32	2.044
1.84075117111	0.144	-0.32	2.044
1.84295916557	-0.1	-0.084	0.192
1.84516716003	-0.1	-0.084	0.192
1.84738016129	0.008	-0.204	0.956
1.84959316254	0.008	-0.204	0.956
1.851801157	0.008	-0.204	0.956
1.85400700569	-0.092	-0.192	1.7
1.85621619225	-0.092	-0.192	1.7
1.85843300819	-0.004	-0.012	-0.456
1.86064910889	-0.004	-0.012	-0.456
1.86285805702	0.06	-0.264	2.044
1.86506605148	0.06	-0.264	2.044
1.86727309227	0.06	-0.264	2.044
1.86948609352	0.02	0.124	-1.444
1.87169408798	0.02	0.124	-1.444
1.87390112877	0.06	-0.272	2.044
1.87610912323	0.06	-0.272	2.044
1.87831711769	-0.024	0.208	-1.68
1.88052916527	-0.024	0.208	-1.68
1.88274502754	-0.024	0.208	-1.68
1.884953022	-0.044	-0.376	2.044
1.88716316223	-0.044	-0.376	2.044
1.88937807083	-0.076	0.116	-1.12
1.89158797264	-0.076	0.116	-1.12
1.89379715919	0.112	-0.256	2.044
1.89600515366	0.112	-0.256	2.044
1.89821314812	0.112	-0.256	2.044
1.90042519569	-0.06	-0.08	0.076
1.90263319016	-0.06	-0.08	0.076
1.90484213829	-0.02	-0.208	1.072
1.90705013275	-0.02	-0.208	1.072
1.90926504135	-0.116	-0.18	1.592
1.91147518158	-0.116	-0.18	1.592
1.91369509697	0.064	-0.056	-0.368
1.91590809822	0.064	-0.056	-0.368
1.91811704636	0.064	-0.056	-0.368
1.92033696175	-0.028	-0.364	2.044
1.9225461483	-0.028	-0.364	2.044
1.92475509644	-0.008	0.092	-1.4
1.92696404457	-0.008	0.092	-1.4
1.92917919159	-0.12	-0.184	2.044
1.93138813972	-0.12	-0.184	2.044
1.93359708786	-0.12	-0.184	2.044
1.93583798409	-0.032	0.212	-1.692
1.93804812431	-0.032	0.212	-1.692
1.94026398659	0.148	-0.46	2.044
1.94247198105	0.148	-0.46	2.044
1.94467997551	-0.08	0.108	-1.172
1.94689011574	-0.08	0.108	-1.172
1.94910502434	-0.08	0.108	-1.172
1.95131707191	0.036	-0.264	2.044
1.9535241127	0.036	-0.264	2.044
1.95573210716	-0.04	-0.068	-0.012
1.95794010162	-0.04	-0.068	-0.012
1.96015405655	-0.052	-0.252	1.196
1.96236395836	-0.052	-0.252	1.196
1.96457219124	-0.12	-0.176	1.484
1.9667801857	-0.12	-0.176	1.484
1.9689950943	-0.12	-0.176	1.484
1.97120308876	0.076	-0.076	-0.272
1.9734120369	0.076	-0.076	-0.272
1.97562098503	-0.028	-0.256	2.044
1.97783017159	-0.028	-0.256	2.044
1.98004412651	-0.068	0.096	-1.336
1.98226308823	-0.068	0.096	-1.336
1.9844751358	-0.068	0.096	-1.336
1.98668599129	-0.108	-0.288	2.044
1.98890209198	-0.108	-0.288	2.044
1.99111104012	0.008	0.2	-1.688
1.9933180809	0.008	0.2	-1.688
1.99552607536	0.056	-0.436	2.044
1.99773311615	0.056	-0.436	2.044
1.99994802475	0.056	-0.436	2.044
2.00215601921	-0.032	0.12	-1.244
2.00436496735	-0.032	0.12	-1.244
2.0065741539	0.092	-0.316	2.044
2.0087890625	0.092	-0.316	2.044
2.01099705696	-0.08	-0.036	-0.112
2.0132060051	-0.08	-0.036	-0.112
2.01541519165	0.096	-0.296	1.272
2.01762413979	0.096	-0.296	1.272
2.01984119415	0.096	-0.296	1.272
2.02205014229	-0.14	-0.184	1.364
2.02425813675	-0.14	-0.184	1.364
2.02646708488	-0.02	-0.084	-0.18
2.02868413925	-0.02	-0.084	-0.18
2.03089404106	-0.032	-0.18	2.044
2.03310203552	-0.032	-0.18	2.044
2.03531002998	-0.032	-0.18	2.044
2.03751897812	-0.064	0.096	-1.284
2.03973317146	-0.064	0.096	-1.284
2.04194307327	0.112	-0.332	2.044
2.04416108131	0.112	-0.332	2.044
2.04636907578	0.008	0.172	-1.692
2.04857611656	0.008	0.172	-1.692
2.0507850647	0.008	0.172	-1.692
2.05299711227	0.052	-0.3	2.044
2.05520510674	0.052	-0.3	2.044
2.05741500854	-0.048	0.128	-1.308
2.05962514877	-0.048	0.128	-1.308
2.06183314323	-0.056	-0.372	2.044
2.06404209137	-0.056	-0.372	2.044
2.06625103951	-0.056	-0.372	2.044
2.06845903397	-0.076	0.0	-0.216
2.07066512108	-0.076	0.0	-0.216
2.07286596298	0.14	-0.256	1.4
2.07507419586	0.14	-0.256	1.4
2.07728099823	-0.136	-0.164	1.264
2.07949018478	-0.136	-0.164	1.264
2.08170008659	-0.02	-0.068	-0.088
2.0839099884	-0.02	-0.068	-0.088
2.08611798286	-0.02	-0.068	-0.088
2.08833003044	-0.112	-0.256	2.044
2.09054517746	-0.112	-0.256	2.044
2.0927541256	-0.02	0.084	-1.228
2.09496307373	-0.02	0.084	-1.228
2.09717512131	0.06	-0.432	2.044
2.09939098358	0.06	-0.432	2.044
2.10159802437	0.06	-0.432	2.044
2.10380506516	0.008	0.148	-1.692
2.10602498055	0.008	0.148	-1.692
2.10823297501	0.1	-0.212	2.044
2.11044716835	0.1	-0.212	2.044
2.11265611649	-0.072	0.14	-1.352
2.11486411095	-0.072	0.14	-1.352
2.11707305908	-0.072	0.14	-1.352
2.11928796768	0.06	-0.388	2.044
2.12150096893	0.06	-0.388	2.044
2.12371015549	-0.056	0.0	-0.288
2.12591099739	-0.056	0.0	-0.288
2.12811207771	0.008	-0.228	1.496
2.13032507896	0.008	-0.228	1.496
2.13253211975	-0.088	-0.156	1.156
2.13474202156	-0.088	-0.156	1.156
2.13695001602	-0.088	-0.156	1.156
2.13916516304	0.012	-0.044	0.02
2.1413731575	0.012	-0.044	0.02
2.1435790062	-0.08	-0.244	2.044
2.14578819275	-0.08	-0.244	2.044
2.14799714088	0.032	0.072	-1.156
2.15021109581	0.032	0.072	-1.156
2.15242004395	0.032	0.072	-1.156
2.15462803841	-0.012	-0.296	2.044
2.15684008598	-0.012	-0.296	2.044
2.15905618668	-0.016	0.184	-1.688
2.16126513481	-0.016	0.184	-1.688
2.16347503662	-0.084	-0.304	2.044
2.16568398476	-0.084	-0.304	2.044
2.16792201996	-0.084	-0.304	2.044
2.17013406754	-0.068	0.136	-1.404
2.17234396935	-0.068	0.136	-1.404
2.1745531559	0.148	-0.316	2.044
2.17676115036	0.148	-0.316	2.044
2.17897510529	-0.032	-0.004	-0.392
2.18118596077	-0.032	-0.004	-0.392
2.18339514732	-0.032	-0.004	-0.392
2.18560409546	0.012	-0.264	1.596
2.18781208992	0.012	-0.264	1.596
2.1900370121	-0.092	-0.144	1.052
2.19227719307	-0.092	-0.144	1.052
2.19448900223	0.044	-0.108	0.14
2.19669818878	0.044	-0.108	0.14
2.19890618324	0.004	-0.32	2.044
2.2011141777	0.004	-0.32	2.044
2.20332217216	0.004	-0.32	2.044
2.20553016663	0.02	0.072	-1.1
2.20773696899	0.02	0.072	-1.1
2.20995116234	-0.108	-0.164	2.044
2.21216011047	-0.108	-0.164	2.044
2.21437001228	-0.028	0.188	-1.68
2.21657896042	-0.028	0.188	-1.68
2.21879506111	-0.028	0.188	-1.68
2.22100496292	0.14	-0.4	2.044
2.22321200371	0.14	-0.4	2.044
2.22542405128	-0.06	0.148	-1.448
2.22763299942	-0.06	0.148	-1.448
2.22985696793	0.032	-0.304	2.044
2.23206615448	0.032	-0.304	2.044
2.23427510262	0.032	-0.304	2.044
2.2364821434	-0.032	-0.012	-0.484
2.23869800568	-0.032	-0.012	-0.484
2.2409081459	-0.024	-0.316	1.712
2.24311709404	-0.024	-0.316	1.712
2.24532604218	-0.104	-0.12	0.944
2.24753403664	-0.104	-0.12	0.944
2.24975013733	0.1	-0.16	0.208
2.25195908546	0.1	-0.16	0.208
2.25416612625	0.1	-0.16	0.208
2.25637316704	-0.064	-0.256	2.044
2.2585849762	-0.064	-0.256	2.044
2.26080107689	-0.064	0.072	-1.04
2.26301002502	-0.064	0.072	-1.04
2.26521897316	-0.2	-0.28	2.044
2.26742815971	-0.2	-0.28	2.044
2.26963615417	-0.2	-0.28	2.044
2.27184510231	0.004	0.196	-1.66
2.27405309677	0.004	0.196	-1.66
2.27625918388	0.152	-0.428	2.044
2.27846717834	0.152	-0.428	2.044
2.28067708015	-0.048	0.12	-1.488
2.28288602829	-0.048	0.12	-1.488
2.28509616852	-0.048	0.12	-1.488
2.28730511665	0.168	-0.268	2.044
2.28951406479	0.168	-0.268	2.044
2.2917330265	-0.088	0.012	-0.56
2.29394602776	-0.088	0.012	-0.56
2.29615497589	0.012	-0.344	1.812
2.29836416245	0.012	-0.344	1.812
2.30057311058	-0.12	-0.128	0.844
2.30278205872	-0.12	-0.128	0.844
2.30499005318	-0.12	-0.128	0.844
2.30719804764	0.024	-0.152	0.308
2.30941104889	0.024	-0.152	0.308
2.31161904335	-0.084	-0.192	2.044
2.31382799149	-0.084	-0.192	2.044
2.31603598595	-0.08	0.068	-0.964
2.3182451725	-0.08	0.068	-0.964
2.32045912743	-0.08	0.068	-0.964
2.32266902924	0.08	-0.28	2.044
2.32487607002	0.08	-0.28	2.044
2.32708597183	0.036	0.176	-1.636
2.32930207253	0.036	0.176	-1.636
2.33151006699	-0.052	-0.424	2.044
2.33371901512	-0.052	-0.424	2.044
2.33592915535	-0.052	-0.424	2.044
2.33813810349	-0.016	0.156	-1.532
2.34035301208	-0.016	0.156	-1.532
2.34256315231	0.06	-0.296	2.044
2.34477114677	0.06	-0.296	2.044
2.34697818756	-0.096	0.028	-0.656
2.34919309616	-0.096	0.028	-0.656
2.35140299797	-0.096	0.028	-0.656
2.35362005234	0.16	-0.284	1.916
2.35582900047	0.16	-0.284	1.916
2.35803699493	-0.136	-0.14	0.776
2.36024999619	-0.136	-0.14	0.776
2.36246299744	0.004	-0.14	0.404
2.3646709919	0.004	-0.14	0.404
2.36687898636	-0.092	-0.208	2.044
2.36909413338	-0.092	-0.208	2.044
2.37130308151	-0.092	-0.208	2.044
2.37351202965	-0.024	0.036	-0.896
2.37573313713	-0.024	0.036	-0.896
2.37794303894	0.124	-0.296	2.044
2.38015699387	0.124	-0.296	2.044
2.38236498833	-0.008	0.156	-1.616
2.38457417488	-0.008	0.156	-1.616
2.38678216934	-0.008	0.156	-1.616
2.38900113106	0.04	-0.24	2.044
2.39120912552	0.04	-0.24	2.044
2.39341807365	-0.048	0.208	-1.576
2.39563107491	-0.048	0.208	-1.576
2.39784097672	-0.02	-0.4	2.044
2.40005612373	-0.02	-0.4	2.044
2.40226507187	-0.02	-0.4	2.044
2.40447306633	-0.06	0.076	-0.736
2.40668106079	-0.06	0.076	-0.736
2.40889716148	0.048	-0.224	2.008
2.41110610962	0.048	-0.224	2.008
2.41331410408	-0.092	-0.14	0.628
2.41553211212	-0.092	-0.14	0.628
2.41774106026	-0.016	-0.112	0.52
2.41995596886	-0.016	-0.112	0.52
2.42216515541	-0.016	-0.112	0.52
2.42437314987	-0.1	-0.232	2.044
2.42658209801	-0.1	-0.232	2.044
2.42879796028	0.056	0.008	-0.796
2.43100905418	0.056	0.008	-0.796
2.43321800232	-0.072	-0.376	2.044
2.43543219566	-0.072	-0.376	2.044
2.43764209747	-0.072	-0.376	2.044
2.43985199928	-0.012	0.136	-1.596
2.44206118584	-0.012	0.136	-1.596
2.44427108765	-0.068	-0.204	2.044
2.44648003578	-0.068	-0.204	2.044
2.44869613647	-0.064	0.204	-1.6
2.45090508461	-0.064	0.204	-1.6
2.45311403275	-0.064	0.204	-1.6
2.45532298088	0.16	-0.416	2.044
2.45753097534	0.16	-0.416	2.044
2.45974516869	-0.068	0.08	-0.82
2.4619550705	-0.068	0.08	-0.82
2.46416807175	0.04	-0.248	2.044
2.46637701988	0.04	-0.248	2.044
2.46858596802	0.04	-0.248	2.044
2.47079896927	-0.08	-0.108	0.524
2.47300815582	-0.08	-0.108	0.524
2.47521615028	-0.008	-0.164	0.628
2.47743415833	-0.008	-0.164	0.628
2.47968411446	-0.104	-0.224	2.028
2.48189616203	-0.104	-0.224	2.028
2.48410606384	0.064	0.012	-0.732
2.4863140583	0.064	0.012	-0.732
2.48852109909	0.064	0.012	-0.732
2.49073505402	-0.036	-0.248	2.044
2.49294400215	-0.036	-0.248	2.044
2.49515318871	-0.048	0.14	-1.564
2.49736213684	-0.048	0.14	-1.564
2.49958109856	0.008	-0.328	2.044
2.50179004669	0.008	-0.328	2.044
2.50399708748	0.008	-0.328	2.044
2.50620508194	-0.024	0.176	-1.616
2.50841403008	-0.024	0.176	-1.616
2.51063013077	0.056	-0.368	2.044
2.51283812523	0.056	-0.368	2.044
2.51504611969	-0.032	0.068	-0.888
2.51725411415	-0.032	0.068	-0.888
2.51946902275	-0.032	0.068	-0.888
2.52167701721	0.028	-0.336	2.044
2.52388501167	0.028	-0.336	2.044
2.52609300613	-0.092	-0.084	0.424
2.52830314636	-0.092	-0.084	0.424
2.53051710129	0.116	-0.236	0.732
2.53272914886	0.116	-0.236	0.732
2.53493618965	-0.124	-0.224	1.912
2.53714418411	-0.124	-0.224	1.912
2.53936910629	-0.124	-0.224	1.912
2.5415790081	-0.048	0.012	-0.66
2.54378700256	-0.048	0.012	-0.66
2.54599499702	-0.104	-0.224	2.044
2.54820513725	-0.104	-0.224	2.044
2.55042004585	-0.036	0.152	-1.528
2.55262899399	-0.036	0.152	-1.528
2.55483818054	-0.036	0.152	-1.528
2.55704808235	0.164	-0.372	2.044
2.55926203728	0.164	-0.372	2.044
2.56147098541	-0.036	0.16	-1.644
2.56368017197	-0.036	0.16	-1.644
2.5658891201	0.124	-0.276	2.044
2.56809997559	0.124	-0.276	2.044
2.57031416893	0.124	-0.276	2.044
2.57252311707	-0.06	0.06	-0.944
2.57473015785	-0.06	0.06	-0.944
2.57693910599	-0.076	-0.388	2.044
2.57915496826	-0.076	-0.388	2.044
2.58136510849	-0.076	-0.056	0.32
2.58357310295	-0.076	-0.056	0.32
2.58578300476	0.132	-0.232	0.844
2.58799004555	0.132	-0.232	0.844
2.5902030468	0.132	-0.232	0.844
2.59241104126	-0.092	-0.208	1.824
2.5946199894	-0.092	-0.208	1.824
2.59682917595	-0.048	0.008	-0.568
2.59904408455	-0.048	0.008	-0.568
2.60125803947	-0.076	-0.296	2.044
2.60346007347	-0.076	-0.296	2.044
2.60566306114	-0.076	-0.296	2.044
2.60786414146	0.004	0.136	-1.492
2.61007714272	0.004	0.136	-1.492
2.61228704453	-0.032	-0.448	2.044
2.61449718475	-0.032	-0.448	2.044
2.61670613289	-0.012	0.156	-1.66
2.61892104149	-0.012	0.156	-1.66
2.62112998962	-0.012	0.156	-1.66
2.62333798409	0.18	-0.244	2.044
2.62554717064	0.18	-0.244	2.044
2.62775397301	-0.1	0.08	-1.06
2.62996816635	-0.1	0.08	-1.06
2.63217711449	0.108	-0.344	2.044
2.63438415527	0.108	-0.344	2.044
2.63659501076	0.108	-0.344	2.044
2.63880801201	-0.104	-0.072	0.216
2.64101696014	-0.104	-0.072	0.216
2.6432261467	0.008	-0.2	0.936
2.64543414116	0.008	-0.2	0.936
2.64764118195	-0.084	-0.184	1.724
2.64985609055	-0.084	-0.184	1.724
2.65206599236	-0.016	-0.004	-0.48
2.65427517891	-0.016	-0.004	-0.48
2.65648412704	-0.016	-0.004	-0.48
2.65869903564	0.044	-0.236	2.044
2.66090703011	0.044	-0.236	2.044
2.66313409805	0.036	0.12	-1.432
2.6653470993	0.036	0.12	-1.432
2.66755509377	0.036	-0.324	2.044
2.66976809502	0.036	-0.324	2.044
2.6719751358	0.036	-0.324	2.044
2.67418408394	-0.012	0.196	-1.68
2.67639303207	-0.012	0.196	-1.68
2.67860198021	-0.04	-0.336	2.044
2.68081402779	-0.04	-0.336	2.044
2.68302416801	-0.076	0.096	-1.108
2.68523406982	-0.076	0.096	-1.108
2.68744301796	-0.076	0.096	-1.108
2.68965816498	0.148	-0.26	2.044
2.69186615944	0.148	-0.26	2.044
2.6940741539	-0.064	-0.08	0.104
2.69628310204	-0.064	-0.08	0.104
2.69849205017	-0.004	-0.212	1.016
2.70070695877	-0.004	-0.212	1.016
2.70291614532	-0.12	-0.176	1.612
2.70512604713	-0.12	-0.176	1.612
2.70733714104	-0.12	-0.176	1.612
2.70955204964	0.032	-0.048	-0.384
2.71176218987	0.032	-0.048	-0.384
2.713971138	0.004	-0.36	2.044
2.71617913246	0.004	-0.36	2.044
2.7183880806	0.0	0.104	-1.4
2.72059297562	0.0	0.104	-1.4
2.72279500961	0.0	0.104	-1.4
2.72500419617	-0.052	-0.168	2.044
2.7272131443	-0.052	-0.168	2.044
2.72942900658	-0.02	0.204	-1.688
2.7316391468	-0.02	0.204	-1.688
2.73384809494	0.104	-0.436	2.044
2.7360560894	0.104	-0.436	2.044
2.73826813698	0.104	-0.436	2.044
2.74048113823	-0.068	0.128	-1.16
2.74269008636	-0.068	0.128	-1.16
2.7448990345	0.036	-0.248	2.044
2.74710607529	0.036	-0.248	2.044
2.74932003021	-0.064	-0.072	0.024
2.75152897835	-0.064	-0.072	0.024
2.75373601913	-0.064	-0.072	0.024
2.7559440136	-0.048	-0.24	1.156
2.75815296173	-0.048	-0.24	1.156
2.76036715508	-0.12	-0.176	1.508
2.76257705688	-0.12	-0.176	1.508
2.76478600502	0.1	-0.088	-0.296
2.76699519157	0.1	-0.088	-0.296
2.76921010017	-0.04	-0.3	2.044
2.77141809464	-0.04	-0.3	2.044
2.77363014221	-0.04	-0.3	2.044
2.77583909035	-0.06	0.092	-1.36
2.77804803848	-0.06	0.092	-1.36
2.7802631855	-0.152	-0.26	2.044
2.78247308731	-0.152	-0.26	2.044
2.78468108177	0.012	0.204	-1.692
2.78689813614	0.012	0.204	-1.692
2.78911304474	0.012	0.204	-1.692
2.7913210392	0.124	-0.44	2.044
2.79352903366	0.124	-0.44	2.044
2.79573702812	-0.052	0.108	-1.224
2.79794597626	-0.052	0.108	-1.224
2.8001601696	0.1	-0.288	2.044
2.80236816406	0.1	-0.288	2.044
2.80461502075	0.1	-0.288	2.044
2.80682897568	-0.084	-0.044	-0.084
2.80904698372	-0.084	-0.044	-0.084
2.81125712395	0.032	-0.272	1.256
2.81346607208	0.032	-0.272	1.256
2.81567406654	-0.128	-0.172	1.416
2.81788396835	-0.128	-0.172	1.416
2.8200981617	0.012	-0.076	-0.204
2.82230806351	0.012	-0.076	-0.204
2.82451605797	0.012	-0.076	-0.204
2.8267250061	-0.016	-0.196	2.044
2.82893896103	-0.016	-0.196	2.044
2.83114910126	-0.068	0.096	-1.3
2.83335804939	-0.068	0.096	-1.3
2.83556699753	0.072	-0.312	2.044
2.83777403831	0.072	-0.312	2.044
2.83998703957	0.072	-0.312	2.044
2.84219908714	0.012	0.18	-1.688
2.8444070816	0.012	0.18	-1.688
2.84661507607	0.02	-0.36	2.044
2.8488380909	0.02	-0.36	2.044
2.85104703903	-0.04	0.12	-1.284
2.85325717926	-0.04	0.12	-1.284
2.8554661274	-0.04	0.12	-1.284
2.85767507553	-0.028	-0.352	2.044
2.85995912552	-0.028	-0.352	2.044
2.86221003532	-0.076	0.0	-0.176
2.86442017555	-0.076	0.0	-0.176
2.86662602425	0.172	-0.276	1.368
2.86884307861	0.172	-0.276	1.368
2.87104606628	-0.14	-0.176	1.3
2.87326216698	-0.14	-0.176	1.3
2.87546896935	-0.14	-0.176	1.3
2.87767219543	-0.012	-0.076	-0.12
2.87996912003	-0.012	-0.076	-0.12
2.8821811676	-0.092	-0.22	2.044
2.88439106941	-0.092	-0.22	2.044
2.88660001755	-0.032	0.088	-1.244
2.88881516457	-0.032	0.088	-1.244
2.89102506638	-0.032	0.088	-1.244
2.89323401451	0.116	-0.388	2.044
2.89544200897	0.116	-0.388	2.044
2.89765000343	-0.004	0.136	-1.684
2.89985918999	-0.004	0.136	-1.684
2.90206813812	0.128	-0.24	2.044
2.90427708626	0.128	-0.24	2.044
2.90648508072	0.128	-0.24	2.044
2.90869903564	-0.084	0.14	-1.34
2.91092205048	-0.084	0.14	-1.34
2.91314196587	0.004	-0.396	2.044
2.91534996033	0.004	-0.396	2.044
2.91755819321	-0.06	0.008	-0.268
2.91976904869	-0.06	0.008	-0.268
2.92197799683	0.036	-0.228	1.456
2.92418718338	0.036	-0.228	1.456
2.92639398575	0.036	-0.228	1.456
2.92860102654	-0.108	-0.164	1.204
2.93081212044	-0.108	-0.164	1.204
2.93302106857	0.0	-0.028	-0.024
2.93522119522	0.0	-0.028	-0.024
2.9374229908	-0.116	-0.248	2.044
2.93963813782	-0.116	-0.248	2.044
2.94184708595	-0.116	-0.248	2.044
2.94405913353	0.028	0.08	-1.176
2.94626808167	0.028	0.08	-1.176
2.94847607613	-0.012	-0.384	2.044
2.95069098473	-0.012	-0.384	2.044
2.95290017128	0.012	0.164	-1.692
2.95510911942	0.012	0.164	-1.692
2.95731496811	0.012	0.164	-1.692
2.95952701569	-0.06	-0.248	2.044
2.96173810959	-0.06	-0.248	2.044
2.96394610405	-0.076	0.148	-1.396
2.96615409851	-0.076	0.148	-1.396
2.96836304665	0.184	-0.36	2.044
2.97058010101	0.184	-0.36	2.044
2.97279715538	-0.044	0.0	-0.364
2.97499799728	-0.044	0.0	-0.364
2.97721219063	-0.044	0.0	-0.364
2.97942209244	0.02	-0.24	1.56
2.9816300869	0.02	-0.24	1.56
2.98385596275	-0.096	-0.14	1.084
2.98607110977	-0.096	-0.14	1.084
2.98827910423	0.044	-0.096	0.092
2.99049305916	0.044	-0.096	0.092
2.99270009995	0.044	-0.096	0.092
2.99490618706	-0.008	-0.304	2.044
2.99711418152	-0.008	-0.304	2.044
2.99932813644	0.024	0.072	-1.12
3.00153708458	0.024	0.072	-1.12
3.00374412537	-0.048	-0.184	2.044
3.00595211983	-0.048	-0.184	2.044
3.00816011429	-0.048	-0.184	2.044
3.01037502289	-0.036	0.188	-1.676
3.01258802414	-0.036	0.188	-1.676
3.01479697227	0.06	-0.38	2.044
3.01700401306	0.06	-0.38	2.044
3.01921916008	-0.064	0.14	-1.424
3.02142810822	-0.064	0.14	-1.424
3.023635149	-0.064	0.14	-1.424
3.02584505081	0.044	-0.3	2.044
3.02805113792	0.044	-0.3	2.044
3.03026509285	-0.02	-0.004	-0.44
3.03247499466	-0.02	-0.004	-0.44
3.03469419479	0.012	-0.296	1.672
3.03690099716	0.012	-0.296	1.672
3.03911519051	-0.12	-0.128	0.988
3.04132413864	-0.12	-0.128	0.988
3.04353117943	-0.12	-0.128	0.988
3.04573917389	0.092	-0.152	0.18
3.04795002937	0.092	-0.152	0.18
3.05017709732	-0.036	-0.3	2.044
3.05238509178	-0.036	-0.3	2.044
3.05459403992	-0.04	0.072	-1.068
3.05684399605	-0.04	0.072	-1.068
3.05906510353	-0.04	0.072	-1.068
3.06127595901	-0.212	-0.244	2.044
3.06348705292	-0.212	-0.244	2.044
3.06570005417	-0.008	0.196	-1.668
3.0679090023	-0.008	0.196	-1.668
3.07012104988	0.2	-0.416	2.044
3.0723221302	0.2	-0.416	2.044
3.0745241642	0.2	-0.416	2.044
3.0767250061	-0.068	0.14	-1.472
3.07893204689	-0.068	0.14	-1.472
3.08117008209	0.132	-0.276	2.044
3.08338117599	0.132	-0.276	2.044
3.08559012413	-0.068	0.004	-0.528
3.08779907227	-0.068	0.004	-0.528
3.09001708031	-0.032	-0.336	1.772
3.09222817421	-0.032	-0.336	1.772
3.09443807602	-0.032	-0.336	1.772
3.09665799141	-0.108	-0.116	0.876
3.09887599945	-0.108	-0.116	0.876
3.10108709335	0.068	-0.156	0.284
3.10329413414	0.068	-0.156	0.284
3.10550498962	-0.096	-0.2	2.044
3.10771417618	-0.096	-0.2	2.044
3.10995697975	-0.096	-0.2	2.044
3.11216902733	-0.08	0.06	-0.984
3.11437916756	-0.08	0.06	-0.984
3.11659312248	-0.02	-0.328	2.044
3.11880898476	-0.02	-0.328	2.044
3.12101912498	0.032	0.18	-1.644
3.12323212624	0.032	0.18	-1.644
3.12544107437	0.032	0.18	-1.644
3.12764906883	-0.016	-0.452	2.044
3.12986207008	-0.016	-0.452	2.044
3.13207411766	-0.008	0.108	-1.496
3.13428401947	-0.008	0.108	-1.496
3.13649606705	0.148	-0.276	2.044
3.13871216774	0.148	-0.276	2.044
3.14092111588	-0.1	0.016	-0.632
3.14313006401	-0.1	0.016	-0.632
3.14535498619	-0.1	0.016	-0.632
3.14756512642	0.14	-0.316	1.872
3.14978408813	0.14	-0.316	1.872
3.15200614929	-0.14	-0.132	0.776
3.1542160511	-0.14	-0.132	0.776
3.15642619133	-0.016	-0.152	0.36
3.15865015984	-0.016	-0.152	0.36
3.16086101532	-0.016	-0.152	0.36
3.16307210922	-0.068	-0.2	2.044
3.16528296471	-0.068	-0.2	2.044
3.16749215126	-0.052	0.064	-0.924
3.16974616051	-0.052	0.064	-0.924
3.17195701599	0.172	-0.264	2.044
3.17416596413	0.172	-0.264	2.044
3.17637610435	0.172	-0.264	2.044
3.17858695984	0.02	0.168	-1.628
3.18080306053	0.02	0.168	-1.628
3.18301105499	0.016	-0.312	2.044
3.18523716927	0.016	-0.312	2.044
3.1874461174	-0.024	0.184	-1.568
3.189661026	-0.024	0.184	-1.568
3.19189119339	-0.056	-0.356	2.044
3.19410419464	-0.056	-0.356	2.044
3.19631409645	-0.056	-0.356	2.044
3.19852519035	-0.076	0.052	-0.708
3.20073604584	-0.076	0.052	-0.708
3.20294713974	0.14	-0.272	1.98
3.2051551342	0.14	-0.272	1.98
3.20736312866	-0.116	-0.14	0.668
3.2095811367	-0.116	-0.14	0.668
3.21179103851	-0.116	-0.14	0.668
3.21400117874	0.008	-0.124	0.472
3.2162091732	0.008	-0.124	0.472
3.21842217445	-0.092	-0.228	2.044
3.22064900398	-0.092	-0.228	2.044
3.22286105156	0.032	0.004	-0.824
3.22506904602	0.032	0.004	-0.824
3.22727799416	0.032	0.004	-0.824
3.22949099541	-0.02	-0.372	2.044
3.23170113564	-0.02	-0.372	2.044
3.23391318321	-0.02	0.14	-1.6
3.23612308502	-0.02	0.14	-1.6
3.23833298683	-0.048	-0.172	2.044
3.2405500412	-0.048	-0.172	2.044
3.24276018143	-0.052	0.188	-1.588
3.24497008324	-0.052	0.188	-1.588
3.24717998505	-0.052	0.188	-1.588
3.24939799309	0.12	-0.412	2.044
3.25160717964	0.12	-0.412	2.044
3.2538189888	-0.06	0.084	-0.788
3.25602912903	-0.06	0.084	-0.788
3.25823998451	0.004	-0.228	2.044
3.26045608521	0.004	-0.228	2.044
3.26266503334	0.004	-0.228	2.044
3.26487398148	-0.076	-0.112	0.552
3.2670841217	-0.076	-0.112	0.552
3.26929998398	-0.024	-0.132	0.604
3.27150201797	-0.024	-0.132	0.604
3.27370595932	-0.092	-0.244	2.044
3.27590799332	-0.092	-0.244	2.044
3.27811002731	-0.092	-0.244	2.044
3.28032612801	0.084	0.004	-0.752
3.28255009651	0.084	0.004	-0.752
3.28475904465	-0.056	-0.28	2.044
3.28697299957	-0.056	-0.28	2.044
3.28920698166	-0.032	0.136	-1.568
3.29141712189	-0.032	0.136	-1.568
3.2936270237	-0.036	-0.316	2.044
3.29583716393	-0.036	-0.316	2.044
3.29804801941	-0.036	-0.316	2.044
3.3002641201	-0.036	0.188	-1.608
3.30247497559	-0.036	0.188	-1.608
3.30468511581	0.08	-0.396	2.044
3.30689501762	0.08	-0.396	2.044
3.30911016464	-0.044	0.064	-0.888
3.31132102013	-0.044	0.064	-0.888
3.31353497505	-0.044	0.064	-0.888
3.31574416161	0.06	-0.304	2.044
3.31795215607	0.06	-0.304	2.044
3.32016801834	-0.088	-0.084	0.452
3.32238101959	-0.088	-0.084	0.452
3.32458996773	0.052	-0.232	0.692
3.32679700851	0.052	-0.232	0.692
3.32901000977	0.052	-0.232	0.692
3.33122014999	-0.124	-0.196	1.96
3.3334300518	-0.124	-0.196	1.96
3.33564019203	-0.02	0.016	-0.68
3.33785200119	-0.02	0.016	-0.68
3.34006905556	-0.076	-0.204	2.044
3.34227919579	-0.076	-0.204	2.044
3.3444981575	-0.04	0.136	-1.54
3.34670901299	-0.04	0.136	-1.54
3.34892606735	-0.04	0.136	-1.54
3.35113501549	0.144	-0.348	2.044
3.35334706306	0.144	-0.348	2.044
3.35555911064	-0.02	0.156	-1.644
3.35777115822	-0.02	0.156	-1.644
3.35998797417	0.064	-0.316	2.044
3.36221003532	0.064	-0.316	2.044
3.36441802979	0.064	-0.316	2.044
3.36662697792	-0.028	0.052	-0.948
3.36884212494	-0.028	0.052	-0.948
3.37105417252	-0.056	-0.376	2.044
3.37326407433	-0.056	-0.376	2.044
3.37547302246	-0.076	-0.064	0.344
3.37768507004	-0.076	-0.064	0.344
3.37996912003	-0.076	-0.064	0.344
3.3821811676	0.152	-0.224	0.792
3.38439106941	0.152	-0.224	0.792
3.38660097122	-0.12	-0.204	1.868
3.38882112503	-0.12	-0.204	1.868
3.3910369873	-0.052	0.02	-0.6
3.39326119423	-0.052	0.02	-0.6
3.39547109604	-0.104	-0.3	2.044
3.39768099785	-0.104	-0.3	2.044
3.39992713928	-0.104	-0.3	2.044
3.40214109421	-0.028	0.16	-1.496
3.40435218811	-0.028	0.16	-1.496
3.40657114983	0.028	-0.444	2.044
3.4087870121	0.028	-0.444	2.044
3.41099715233	-0.036	0.14	-1.66
3.41320610046	-0.036	0.14	-1.66
3.41541600227	-0.036	0.14	-1.66
3.41762804985	0.228	-0.244	2.044
3.41983819008	0.228	-0.244	2.044
3.42204713821	-0.1	0.068	-1.016
3.42426013947	-0.1	0.068	-1.016
3.42647004128	0.024	-0.384	2.044
3.42868518829	0.024	-0.384	2.044
3.4308950901	0.024	-0.384	2.044
3.43310499191	-0.068	-0.06	0.256
3.43531513214	-0.068	-0.06	0.256
3.43752408028	0.068	-0.228	0.908
3.43973898888	0.068	-0.228	0.908
3.44195008278	-0.088	-0.196	1.76
3.44415998459	-0.088	-0.196	1.76
3.44637012482	-0.04	0.008	-0.512
3.44858002663	-0.04	0.008	-0.512
3.45079803467	-0.04	0.008	-0.512
3.4530081749	0.02	-0.252	2.044
3.45521616936	0.02	-0.252	2.044
3.45742607117	0.02	0.124	-1.46
3.45964407921	0.02	0.124	-1.46
3.46185302734	-0.016	-0.38	2.044
3.46406316757	-0.016	-0.38	2.044
3.46627616882	-0.016	-0.38	2.044
3.46849513054	-0.012	0.176	-1.676
3.47070813179	-0.012	0.176	-1.676
3.47291111946	-0.004	-0.272	2.044
3.47511315346	-0.004	-0.272	2.044
3.47731518745	-0.084	0.092	-1.08
3.47952318192	-0.084	0.092	-1.08
3.48173904419	-0.084	0.092	-1.08
3.48395013809	0.18	-0.28	2.044
3.48615908623	0.18	-0.28	2.044
3.48836898804	-0.092	-0.08	0.16
3.4905860424	-0.092	-0.08	0.16
3.49280405045	-0.004	-0.204	0.992
3.49501419067	-0.004	-0.204	0.992
3.49722719193	-0.004	-0.204	0.992
3.49944806099	-0.1	-0.188	1.656
3.5016579628	-0.1	-0.188	1.656
3.50386810303	0.024	-0.028	-0.424
3.50609207153	0.024	-0.028	-0.424
3.50830197334	0.044	-0.324	2.044
3.51051807404	0.044	-0.324	2.044
3.51272797585	0.008	0.108	-1.42
3.51493811607	0.008	0.108	-1.42
3.51714611053	0.008	0.108	-1.42
3.51936006546	0.048	-0.196	2.044
3.52157115936	0.048	-0.196	2.044
3.5237801075	-0.012	0.212	-1.692
3.52598905563	-0.012	0.212	-1.692
3.52820205688	0.04	-0.416	2.044
3.53042817116	0.04	-0.416	2.044
3.53263711929	0.04	-0.416	2.044
3.53484511375	-0.064	0.124	-1.148
3.53705596924	-0.064	0.124	-1.148
3.53927302361	0.06	-0.256	2.044
3.54148197174	0.06	-0.256	2.044
3.54369306564	-0.048	-0.06	0.048
3.54590606689	-0.048	-0.06	0.048
3.5481159687	-0.048	-0.06	0.048
3.55033111572	-0.04	-0.22	1.12
3.55254101753	-0.04	-0.22	1.12
3.55475211143	-0.132	-0.176	1.556
3.55696105957	-0.132	-0.176	1.556
3.55917716026	0.068	-0.064	-0.336
3.56139206886	0.068	-0.064	-0.336
3.56360316277	-0.068	-0.352	2.044
3.56581306458	-0.068	-0.352	2.044
3.56803417206	-0.068	-0.352	2.044
3.57025098801	-0.044	0.108	-1.376
3.57246017456	-0.044	0.108	-1.376
3.5746691227	-0.168	-0.212	2.044
3.57687997818	-0.168	-0.212	2.044
3.57909703255	0.0	0.196	-1.684
3.5813601017	0.0	0.196	-1.684
3.58356404305	0.0	0.196	-1.684
3.58576703072	0.176	-0.44	2.044
3.58797597885	0.176	-0.44	2.044
3.59018611908	-0.064	0.116	-1.204
3.59240698814	-0.064	0.116	-1.204
3.59461808205	0.084	-0.272	2.044
3.5968310833	0.084	-0.272	2.044
3.59904503822	0.084	-0.272	2.044
3.60125517845	-0.072	-0.06	-0.04
3.60346508026	-0.072	-0.06	-0.04
3.6056740284	-0.016	-0.268	1.224
3.60788297653	-0.016	-0.268	1.224
3.6101140976	-0.124	-0.172	1.444
3.6123239994	-0.124	-0.172	1.444
3.61453413963	0.04	-0.072	-0.248
3.61674213409	0.04	-0.072	-0.248
3.61895799637	0.04	-0.072	-0.248
3.6211681366	0.004	-0.208	2.044
3.62337613106	0.004	-0.208	2.044
3.62558698654	-0.08	0.1	-1.316
3.62779712677	-0.08	0.1	-1.316
3.63001704216	-0.016	-0.304	2.044
3.63222813606	-0.016	-0.304	2.044
3.63443803787	-0.016	-0.304	2.044
3.63664698601	0.008	0.2	-1.68
3.63885998726	0.008	0.2	-1.68
3.64106917381	0.012	-0.404	2.044
3.64327812195	0.012	-0.404	2.044
3.64548611641	-0.044	0.104	-1.268
3.64769601822	-0.044	0.104	-1.268
3.64993906021	-0.044	0.104	-1.268
3.65214896202	0.04	-0.332	2.044
3.65436697006	0.04	-0.332	2.044
3.65657615662	-0.096	-0.028	-0.128
3.65879511833	-0.096	-0.028	-0.128
3.660998106	0.124	-0.292	1.328
3.66319799423	0.124	-0.292	1.328
3.66540503502	-0.152	-0.18	1.336
3.66760706902	-0.152	-0.18	1.336
3.66981005669	-0.152	-0.18	1.336
3.67201399803	-0.012	-0.068	-0.16
3.67423009872	-0.012	-0.068	-0.16
3.6764330864	-0.052	-0.212	2.044
3.67868614197	-0.052	-0.212	2.044
3.68090009689	-0.04	0.088	-1.268
3.68311214447	-0.04	0.088	-1.268
3.68532204628	-0.04	0.088	-1.268
3.68753314018	0.148	-0.36	2.044
3.68975019455	0.148	-0.36	2.044
3.69196009636	0.004	0.168	-1.696
3.69416809082	0.004	0.168	-1.696
3.69637608528	0.124	-0.264	2.044
3.69858908653	0.124	-0.264	2.044
3.70080399513	0.124	-0.264	2.044
3.70301198959	-0.064	0.136	-1.328
3.70524096489	-0.064	0.136	-1.328
3.70745110512	-0.064	-0.368	2.044
3.70966696739	-0.064	-0.368	2.044
3.71187710762	-0.064	0.004	-0.232
3.71408700943	-0.064	0.004	-0.232
3.71630501747	0.088	-0.24	1.424
3.71851396561	0.088	-0.24	1.424
3.7207300663	0.088	-0.24	1.424
3.72293901443	-0.116	-0.156	1.24
3.72515010834	-0.116	-0.156	1.24
3.72735905647	-0.008	-0.064	-0.064
3.72957611084	-0.008	-0.064	-0.064
3.73178601265	-0.136	-0.252	2.044
3.73400115967	-0.136	-0.252	2.044
3.7362101078	-0.136	-0.252	2.044
3.73842096329	0.008	0.084	-1.2
3.74063515663	0.008	0.084	-1.2
3.74284315109	0.028	-0.432	2.044
3.74505114555	0.028	-0.432	2.044
3.74725914001	0.004	0.148	-1.696
3.74947309494	0.004	0.148	-1.696
3.75168013573	0.004	0.148	-1.696
3.75389099121	0.016	-0.216	2.044
3.75609898567	0.016	-0.216	2.044
3.75830698013	-0.076	0.148	-1.368
3.76052308083	-0.076	0.148	-1.368
3.76273298264	0.152	-0.376	2.044
3.76494216919	0.152	-0.376	2.044
3.76715397835	-0.056	0.012	-0.324
3.7693810463	-0.056	0.012	-0.324
3.77159404755	-0.056	0.012	-0.324
3.77380418777	-0.004	-0.232	1.516
3.77601313591	-0.004	-0.232	1.516
3.77823209763	-0.108	-0.152	1.136
3.78044915199	-0.108	-0.152	1.136
3.78265810013	0.028	-0.068	0.048
3.78486609459	0.028	-0.068	0.048
3.78707408905	0.028	-0.068	0.048
3.78928804398	-0.036	-0.272	2.044
3.7914981842	-0.036	-0.272	2.044
3.79370808601	0.044	0.08	-1.14
3.79591608047	0.044	0.08	-1.14
3.79812407494	-0.028	-0.22	2.044
3.80033898354	-0.028	-0.22	2.044
3.80255413055	-0.028	-0.22	2.044
3.80476307869	-0.016	0.176	-1.688
3.80697202682	-0.016	0.176	-1.688
3.80920219421	-0.052	-0.34	2.044
3.81141209602	-0.052	-0.34	2.044
3.81362199783	-0.08	0.136	-1.416
3.81583213806	-0.08	0.136	-1.416
3.81804800034	-0.08	0.136	-1.416
3.8202650547	0.088	-0.312	2.044
3.82247805595	0.088	-0.312	2.044
3.82468700409	-0.036	-0.016	-0.42
3.82689619064	-0.036	-0.016	-0.42
3.82911205292	0.032	-0.284	1.64
3.83132004738	0.032	-0.284	1.64
3.83353018761	-0.1	-0.128	1.016
3.83574318886	-0.1	-0.128	1.016
3.83795309067	-0.1	-0.128	1.016
3.84017801285	0.072	-0.132	0.152
3.84238696098	0.072	-0.132	0.152
3.84459400177	-0.02	-0.32	2.044
3.84680318832	-0.02	-0.32	2.044
3.8490190506	-0.028	0.076	-1.084
3.8512301445	-0.028	0.076	-1.084
3.85344004631	-0.028	0.076	-1.084
3.85564899445	-0.204	-0.212	2.044
3.85785913467	-0.204	-0.212	2.044
3.86007499695	-0.024	0.192	-1.676
3.86228513718	-0.024	0.192	-1.676
3.86449503899	0.204	-0.412	2.044
3.86670398712	0.204	-0.412	2.044
3.86891913414	0.204	-0.412	2.044
3.87112212181	-0.072	0.14	-1.448
3.87333703041	-0.072	0.14	-1.448
3.87553906441	0.068	-0.276	2.044
3.87773919106	0.068	-0.276	2.044
3.88001799583	-0.036	0.0	-0.516
3.88222312927	-0.036	0.0	-0.516
3.88442516327	-0.044	-0.328	1.744
3.8866341114	-0.044	-0.328	1.744
3.88884997368	-0.044	-0.328	1.744
3.89106106758	-0.108	-0.128	0.912
3.89327001572	-0.108	-0.128	0.912
3.89547896385	0.088	-0.16	0.256
3.89769005775	0.088	-0.16	0.256
3.8999350071	-0.104	-0.216	2.044
3.90215396881	-0.104	-0.216	2.044
3.90436911583	-0.104	-0.216	2.044
3.90657997131	-0.064	0.068	-1.016
3.90879607201	-0.064	0.068	-1.016
3.91100597382	-0.08	-0.324	2.044
3.91323518753	-0.08	-0.324	2.044
3.91544604301	0.016	0.192	-1.66
3.91765403748	0.016	0.192	-1.66
3.91986203194	0.016	0.192	-1.66
3.92207312584	0.032	-0.46	2.044
3.92428207397	0.032	-0.46	2.044
3.93367600441	0.184	-0.268	2.044
3.93599319458	-0.096	0.016	-0.608
3.93820810318	-0.096	0.016	-0.608
3.94043707848	0.08	-0.336	1.868
3.94264912605	0.08	-0.336	1.868
3.94485998154	0.08	-0.336	1.868
3.94707798958	-0.116	-0.124	0.812
3.94929504395	-0.116	-0.124	0.812
3.95150518417	-0.004	-0.148	0.34
3.95371603966	-0.004	-0.148	0.34
3.95592617989	-0.08	-0.192	2.044
3.9581360817	-0.08	-0.192	2.044
3.96035218239	-0.08	-0.192	2.044
3.96256303787	-0.092	0.052	-0.932
3.9647731781	-0.092	0.052	-0.932
3.96698212624	0.144	-0.268	2.044
3.96921801567	0.144	-0.268	2.044
3.97145605087	0.028	0.172	-1.636
3.9736661911	0.028	0.172	-1.636
3.97587299347	0.028	0.172	-1.636
3.97808408737	-0.004	-0.36	2.044
3.9803071022	-0.004	-0.36	2.044
3.98251819611	-0.004	0.176	-1.54
3.98472809792	-0.004	0.176	-1.54
3.98693799973	-0.02	-0.336	2.044
3.98915314674	-0.02	-0.336	2.044
3.99136304855	-0.084	0.06	-0.696
3.99357509613	-0.084	0.06	-0.696
3.99578404427	-0.084	0.06	-0.696
3.99799418449	0.152	-0.256	1.956
4.00021004677	0.152	-0.256	1.956
4.002420187	-0.116	-0.136	0.696
4.00462818146	-0.116	-0.136	0.696
4.00683808327	-0.016	-0.12	0.448
4.00905418396	-0.016	-0.12	0.448
4.01126503944	-0.016	-0.12	0.448
4.01347517967	-0.108	-0.216	2.044
4.01569414139	-0.108	-0.216	2.044
4.01790618896	0.008	0.02	-0.856
4.02012014389	0.008	0.02	-0.856
4.02232718468	0.048	-0.344	2.044
4.02453613281	0.048	-0.344	2.044
4.02674603462	0.048	-0.344	2.044
4.02896118164	-0.008	0.14	-1.612
4.03117108345	-0.008	0.14	-1.612
4.03340315819	0.02	-0.208	2.044
4.03561210632	0.02	-0.208	2.044
4.03782010078	-0.048	0.188	-1.572
4.04003715515	-0.048	0.188	-1.572
4.04224896431	0.056	-0.4	2.044
4.04445815086	0.056	-0.4	2.044
4.04666614532	0.056	-0.4	2.044
4.04888415337	-0.044	0.076	-0.776
4.05115914345	-0.044	0.076	-0.776
4.05337119102	0.028	-0.232	2.036
4.05558013916	0.028	-0.232	2.036
4.05779004097	-0.088	-0.12	0.588
4.06000709534	-0.088	-0.12	0.588
4.06221699715	-0.088	-0.12	0.588
4.0644261837	-0.016	-0.12	0.548
4.06663703918	-0.016	-0.12	0.548
4.0688521862	-0.092	-0.236	2.044
4.07105302811	-0.092	-0.236	2.044
4.07327413559	0.08	0.012	-0.784
4.07547497749	0.08	0.012	-0.784
4.07767510414	0.08	0.012	-0.784
4.08002614975	-0.06	-0.324	2.044
4.08224105835	-0.06	-0.324	2.044
4.08445501328	-0.044	0.148	-1.572
4.08666610718	-0.044	0.148	-1.572
4.08888196945	-0.084	-0.276	2.044
4.09109306335	-0.084	-0.276	2.044
4.09330296516	-0.044	0.188	-1.592
4.09552311897	-0.044	0.188	-1.592
4.09773516655	-0.044	0.188	-1.592
4.09995102882	0.132	-0.4	2.044
4.10215997696	0.132	-0.4	2.044
4.10436916351	-0.06	0.068	-0.836
4.10657906532	-0.06	0.068	-0.836
4.10879516602	0.06	-0.276	2.044
4.11100316048	0.06	-0.276	2.044
4.11322617531	0.06	-0.276	2.044
4.11543512344	-0.088	-0.096	0.484
4.11764812469	-0.088	-0.096	0.484
4.11986398697	0.024	-0.208	0.672
4.12207508087	0.024	-0.208	0.672
4.12428402901	-0.108	-0.216	1.984
4.12649297714	-0.108	-0.216	1.984
4.12870907784	0.028	0.012	-0.708
4.13091802597	0.028	0.012	-0.708
4.13312602043	0.028	0.012	-0.708
4.13533401489	-0.052	-0.2	2.044
4.13755106926	-0.052	-0.2	2.044
4.13977098465	-0.04	0.144	-1.568
4.1419801712	-0.04	0.144	-1.568
4.14419007301	0.116	-0.348	2.044
4.14639997482	0.116	-0.348	2.044
4.14860701561	0.116	-0.348	2.044
4.15081715584	-0.028	0.18	-1.632
4.15303206444	-0.028	0.18	-1.632
4.15524196625	0.012	-0.34	2.044
4.15745902061	0.012	-0.34	2.044
4.15967512131	-0.032	0.064	-0.92
4.16188597679	-0.032	0.064	-0.92
4.16409397125	-0.032	0.064	-0.92
4.16630315781	-0.016	-0.356	2.044
4.16851305962	-0.016	-0.356	2.044
4.17072510719	-0.084	-0.076	0.388
4.17293405533	-0.084	-0.076	0.388
4.17514204979	0.128	-0.252	0.788
4.17736411095	0.128	-0.252	0.788
4.17957806587	0.128	-0.252	0.788
4.18178606033	-0.12	-0.212	1.888
4.18401408195	-0.12	-0.212	1.888
4.18623018265	-0.044	0.016	-0.628
4.18844008446	-0.044	0.016	-0.628
4.19065618515	-0.112	-0.272	2.044
4.19286608696	-0.112	-0.272	2.044
4.19507598877	-0.028	0.156	-1.516
4.197286129	-0.028	0.156	-1.516
4.19949817657	-0.028	0.156	-1.516
4.20170998573	0.072	-0.404	2.044
4.20391917229	0.072	-0.404	2.044
4.20612597466	-0.044	0.144	-1.644
4.20833516121	-0.044	0.144	-1.644
4.21055197716	0.22	-0.244	2.044
4.21275997162	0.22	-0.244	2.044
4.21496796608	0.22	-0.244	2.044
4.21717715263	-0.084	0.064	-0.992
4.21940302849	-0.084	0.064	-0.992
4.22161698341	-0.012	-0.388	2.044
4.22382616997	-0.012	-0.388	2.044
4.22603702545	-0.072	-0.056	0.276
4.22824597359	-0.072	-0.056	0.276
4.23046112061	-0.072	-0.056	0.276
4.23267006874	0.076	-0.204	0.872
4.23487901688	0.076	-0.204	0.872
4.23708701134	-0.088	-0.184	1.78
4.23930311203	-0.088	-0.184	1.78
4.24151301384	-0.04	0.012	-0.544
4.24372315407	-0.04	0.012	-0.544
4.24593019485	-0.012	-0.276	2.044
4.24814105034	-0.012	-0.276	2.044
4.25035810471	-0.012	-0.276	2.044
4.25256800652	0.012	0.144	-1.472
4.25478005409	0.012	0.144	-1.472
4.25698804855	-0.048	-0.412	2.044
4.25920510292	-0.048	-0.412	2.044
4.26141500473	-0.008	0.164	-1.664
4.26362299919	-0.008	0.164	-1.664
4.26583504677	-0.008	0.164	-1.664
4.268045187	0.044	-0.26	2.044
4.27025699615	0.044	-0.26	2.044
4.27245807648	-0.092	0.084	-1.068
4.27466106415	-0.092	0.084	-1.068
4.27686214447	0.176	-0.308	2.044
4.27906918526	0.176	-0.308	2.044
4.28131008148	0.176	-0.308	2.044
4.28352117538	-0.088	-0.068	0.14
4.28573107719	-0.088	-0.068	0.14
4.28794002533	-0.004	-0.192	0.996
4.29016113281	-0.004	-0.192	0.996
4.29237008095	-0.1	-0.18	1.668
4.29457902908	-0.1	-0.18	1.668
4.29678797722	0.024	-0.028	-0.44
4.29900503159	0.024	-0.028	-0.44
4.30121397972	0.024	-0.028	-0.44
4.30342316628	0.048	-0.284	2.044
4.30563402176	0.048	-0.284	2.044
4.30784296989	0.012	0.124	-1.428
4.31005811691	0.012	0.124	-1.428
4.31227517128	0.048	-0.22	2.044
4.31448507309	0.048	-0.22	2.044
4.31669211388	0.048	-0.22	2.044
4.31890702248	0.0	0.2	-1.672
4.3211081028	0.0	0.2	-1.672
4.32331204414	0.02	-0.4	2.044
4.3255200386	0.02	-0.4	2.044
4.32772803307	-0.064	0.12	-1.132
4.32999110222	-0.064	0.12	-1.132
4.33220219612	-0.064	0.12	-1.132
4.33441114426	0.06	-0.248	2.044
4.33661913872	0.06	-0.248	2.044
4.33883309364	-0.048	-0.068	0.076
4.34104204178	-0.048	-0.068	0.076
4.34326004982	-0.032	-0.208	1.096
4.3454720974	-0.032	-0.208	1.096
4.34768199921	-0.132	-0.172	1.56
4.34992814064	-0.132	-0.172	1.56
4.35215115547	-0.132	-0.172	1.56
4.35436105728	0.064	-0.036	-0.356
4.35657000542	0.064	-0.036	-0.356
4.35878896713	-0.056	-0.372	2.044
4.36100006104	-0.056	-0.372	2.044
4.36321115494	-0.04	0.092	-1.376
4.36542105675	-0.04	0.092	-1.376
4.36763095856	-0.04	0.092	-1.376
4.36984801292	-0.152	-0.216	2.044
4.37205696106	-0.152	-0.216	2.044
4.37426710129	0.0	0.216	-1.688
4.37646818161	0.0	0.216	-1.688
4.37867498398	0.188	-0.448	2.044
4.38088297844	0.188	-0.448	2.044
4.38309001923	0.188	-0.448	2.044
4.38531208038	-0.056	0.112	-1.2
4.38752198219	-0.056	0.112	-1.2
4.389742136	0.088	-0.264	2.044
4.39195513725	0.088	-0.264	2.044
4.39416718483	-0.06	-0.04	-0.032
4.39637708664	-0.06	-0.04	-0.032
4.39858603477	-0.06	-0.04	-0.032
4.40080213547	-0.028	-0.264	1.2
4.40301203728	-0.028	-0.264	1.2
4.40523099899	-0.12	-0.176	1.476
4.40744018555	-0.12	-0.176	1.476
4.40965914726	0.056	-0.088	-0.244
4.4118680954	0.056	-0.088	-0.244
4.41407799721	-0.004	-0.224	2.044
4.41628813744	-0.004	-0.224	2.044
4.41849708557	-0.004	-0.224	2.044
4.42070817947	-0.064	0.1	-1.344
4.42291712761	-0.064	0.1	-1.344
4.42512702942	-0.048	-0.304	2.044
4.42734408379	-0.048	-0.304	2.044
4.42956018448	0.02	0.188	-1.696
4.43176913261	0.02	0.188	-1.696
4.43397903442	0.02	0.188	-1.696
4.43618702888	0.036	-0.416	2.044
4.43839502335	0.036	-0.416	2.044
4.44061017036	-0.04	0.116	-1.252
4.44282102585	-0.04	0.116	-1.252
4.44502997398	0.056	-0.308	2.044
4.44724011421	0.056	-0.308	2.044
4.44946408272	0.056	-0.308	2.044
4.45167303085	-0.092	-0.028	-0.136
4.45388317108	-0.092	-0.028	-0.136
4.45609498024	0.116	-0.3	1.304
4.45830607414	0.116	-0.3	1.304
4.46052503586	-0.148	-0.184	1.368
4.46273517609	-0.148	-0.184	1.368
4.4649450779	-0.052	-0.064	-0.18
4.46716499329	-0.052	-0.064	-0.18
4.46938109398	-0.052	-0.064	-0.18
4.47158408165	-0.06	-0.2	2.044
4.47378802299	-0.06	-0.2	2.044
4.47598910332	-0.072	0.092	-1.268
4.47819018364	-0.072	0.092	-1.268
4.48040509224	0.152	-0.372	2.044
4.48262000084	0.152	-0.372	2.044
4.4848279953	0.152	-0.372	2.044
4.48703598976	0.004	0.172	-1.692
4.48925209045	0.004	0.172	-1.692
4.49146199226	0.092	-0.276	2.044
4.49366998672	0.092	-0.276	2.044
4.4958820343	-0.064	0.132	-1.304
4.49809408188	-0.064	0.132	-1.304
4.50031018257	-0.064	0.132	-1.304
4.50252008438	-0.08	-0.38	2.044
4.50472998619	-0.08	-0.38	2.044
4.50694108009	-0.072	0.008	-0.228
4.50915598869	-0.072	0.008	-0.228
4.51136398315	0.116	-0.256	1.412
4.51357507706	0.116	-0.256	1.412
4.51578307152	-0.124	-0.168	1.26
4.51799201965	-0.124	-0.168	1.26
4.52020716667	-0.124	-0.168	1.26
4.52241802216	0.008	-0.064	-0.064
4.52462697029	0.008	-0.064	-0.064
4.52683401108	-0.124	-0.26	2.044
4.52906298637	-0.124	-0.26	2.044
4.53127408028	0.012	0.072	-1.216
4.53348207474	0.012	0.072	-1.216
4.53568911552	0.012	0.072	-1.216
4.53789997101	0.048	-0.412	2.044
4.54011511803	0.048	-0.412	2.044
4.54232406616	0.008	0.16	-1.688
4.5445330143	0.008	0.16	-1.688
4.54674100876	0.044	-0.228	2.044
4.54895615578	0.044	-0.228	2.044
4.55116415024	0.044	-0.228	2.044
4.55337405205	-0.08	0.132	-1.344
4.55558609962	-0.08	0.132	-1.344
4.55779504776	0.116	-0.368	2.044
4.56002306938	0.116	-0.368	2.044
4.56223297119	-0.06	0.004	-0.308
4.56445717812	-0.06	0.004	-0.308
4.56666517258	-0.012	-0.228	1.492
4.56888198853	-0.012	-0.228	1.492
4.57115316391	-0.012	-0.228	1.492
4.57336616516	-0.1	-0.164	1.152
4.57557606697	-0.1	-0.164	1.152
4.57778716087	0.016	-0.056	0.024
4.58000397682	0.016	-0.056	0.024
4.58221197128	-0.064	-0.26	2.044
4.58442306519	-0.064	-0.26	2.044
4.586632967	-0.064	-0.26	2.044
4.58884811401	0.076	0.084	-1.164
4.59106612206	0.076	0.084	-1.164
4.59328913689	-0.008	-0.264	2.044
4.59549808502	-0.008	-0.264	2.044
4.59771108627	-0.008	0.172	-1.692
4.59999513626	-0.008	0.172	-1.692
4.60220909119	-0.008	0.172	-1.692
4.60442018509	-0.056	-0.328	2.044
4.60662913322	-0.056	-0.328	2.044
4.60883998871	-0.072	0.148	-1.428
4.61105108261	-0.072	0.148	-1.428
4.61326003075	0.112	-0.32	2.044
4.61546707153	0.112	-0.32	2.044
4.61768198013	-0.04	-0.016	-0.404
4.61992907524	-0.04	-0.016	-0.404
4.62214016914	-0.04	-0.016	-0.404
4.62435007095	0.048	-0.276	1.608
4.62655806541	0.048	-0.276	1.608
4.62877106667	-0.084	-0.12	1.04
4.63098096848	-0.084	-0.12	1.04
4.63319396973	0.068	-0.124	0.132
4.63540315628	0.068	-0.124	0.132
4.63761115074	0.068	-0.124	0.132
4.63982510567	-0.004	-0.316	2.044
4.64203500748	-0.004	-0.316	2.044
4.64424514771	-0.012	0.08	-1.08
4.64645409584	-0.012	0.08	-1.08
4.64866995811	-0.172	-0.18	2.044
4.65088200569	-0.172	-0.18	2.044
4.6531021595	-0.172	-0.18	2.044
4.65531206131	-0.04	0.184	-1.684
4.65752315521	-0.04	0.184	-1.684
4.65973806381	0.18	-0.4	2.044
4.66193914413	0.18	-0.4	2.044
4.66413998604	-0.072	0.132	-1.456
4.66635799408	-0.072	0.132	-1.456
4.66856098175	0.044	-0.308	2.044
4.67076611519	0.044	-0.308	2.044
4.67296910286	0.044	-0.308	2.044
4.67517018318	-0.036	-0.016	-0.496
4.67737197876	-0.036	-0.016	-0.496
4.67957901955	-0.036	-0.316	1.712
4.68179297447	-0.036	-0.316	1.712
4.6840031147	-0.092	-0.128	0.928
4.68621206284	-0.092	-0.128	0.928
4.68842196465	-0.092	-0.128	0.928
4.69063806534	0.12	-0.16	0.232
4.6928460598	0.12	-0.16	0.232
4.69505310059	-0.076	-0.24	2.044
4.6972630024	-0.076	-0.24	2.044
4.69947910309	-0.072	0.068	-1.04
4.70169305801	-0.072	0.068	-1.04
4.70390200615	-0.072	0.068	-1.04
4.70611310005	-0.136	-0.32	2.044
4.70832204819	-0.136	-0.32	2.044
4.71053814888	0.004	0.196	-1.652
4.71274805069	0.004	0.196	-1.652
4.71496701241	0.08	-0.456	2.044
4.71717596054	0.08	-0.456	2.044
4.71939015388	0.08	-0.456	2.044
4.72160005569	-0.044	0.124	-1.488
4.72380900383	-0.044	0.124	-1.488
4.72601914406	0.196	-0.268	2.044
4.72822809219	0.196	-0.268	2.044
4.73044419289	-0.08	0.012	-0.576
4.73265504837	-0.08	0.012	-0.576
4.73486804962	0.036	-0.34	1.82
4.73707604408	0.036	-0.34	1.82
4.7392911911	0.036	-0.34	1.82
4.74150013924	-0.104	-0.128	0.832
4.7437081337	-0.104	-0.128	0.832
4.74591898918	0.016	-0.148	0.324
4.74812698364	0.016	-0.148	0.324
4.75034117699	-0.088	-0.164	2.044
4.7525510788	-0.088	-0.164	2.044
4.75476098061	-0.088	-0.164	2.044
4.75697016716	-0.092	0.056	-0.956
4.75918602943	-0.092	0.056	-0.956
4.76139616966	0.116	-0.288	2.044
4.7636051178	0.116	-0.288	2.044
4.76581215858	0.024	0.18	-1.64
4.76801896095	0.024	0.18	-1.64
4.77025413513	0.024	0.18	-1.64
4.77246212959	-0.024	-0.396	2.044
4.7746720314	-0.024	-0.396	2.044
4.77689099312	-0.004	0.156	-1.524
4.77910709381	-0.004	0.156	-1.524
4.78131699562	0.012	-0.308	2.044
4.78352403641	0.012	-0.308	2.044
4.78573298454	-0.064	0.02	-0.652
4.7879421711	-0.064	0.02	-0.652
4.79015803337	-0.064	0.02	-0.652
4.79236698151	0.168	-0.28	1.932
4.79457616806	0.168	-0.28	1.932
4.79678416252	-0.144	-0.148	0.728
4.79899907112	-0.144	-0.148	0.728
4.80120801926	-0.016	-0.136	0.424
4.80342102051	-0.016	-0.136	0.424
4.80562996864	-0.016	-0.136	0.424
4.8078379631	-0.096	-0.232	2.044
4.81005716324	-0.096	-0.232	2.044
4.81226706505	-0.024	0.028	-0.888
4.81447601318	-0.024	0.028	-0.888
4.81668496132	0.084	-0.324	2.044
4.81890010834	0.084	-0.324	2.044
4.82110905647	0.084	-0.324	2.044
4.82331705093	0.012	0.152	-1.636
4.82552719116	0.012	0.152	-1.636
4.82773518562	0.048	-0.224	2.044
4.82995009422	0.048	-0.224	2.044
4.83215808868	-0.036	0.188	-1.56
4.83438014984	-0.036	0.188	-1.56
4.83658909798	0.036	-0.4	2.044
4.83881616592	0.036	-0.4	2.044
4.84102511406	0.036	-0.4	2.044
4.84323501587	-0.068	0.076	-0.74
4.8454451561	-0.068	0.076	-0.74
4.84765505791	0.02	-0.228	2.02
4.84986495972	0.02	-0.228	2.02
4.85207605362	-0.088	-0.128	0.612
4.85428500175	-0.088	-0.128	0.612
4.85649514198	-0.088	-0.128	0.612
4.85871100426	-0.008	-0.124	0.552
4.86092019081	-0.008	-0.124	0.552
4.86312699318	-0.108	-0.236	2.044
4.86535096169	-0.108	-0.236	2.044
4.86756014824	0.072	0.004	-0.804
4.86977410316	0.072	0.004	-0.804
4.87197804451	0.072	0.004	-0.804
4.87418007851	-0.072	-0.34	2.044
4.87638115883	-0.072	-0.34	2.044
4.87858319283	-0.028	0.136	-1.564
4.88079714775	-0.028	0.136	-1.564
4.88300800323	-0.1	-0.248	2.044
4.88521814346	-0.1	-0.248	2.044
4.8874270916	-0.1	-0.248	2.044
4.88964700699	-0.044	0.192	-1.592
4.89186096191	-0.044	0.192	-1.592
4.89407014847	0.156	-0.392	2.044
4.8962790966	0.156	-0.392	2.044
4.89848709106	-0.068	0.076	-0.828
4.90071201324	-0.068	0.076	-0.828
4.90292215347	0.052	-0.276	2.044
4.90513110161	0.052	-0.276	2.044
4.90734314919	0.052	-0.276	2.044
4.90955805779	-0.08	-0.092	0.496
4.91176700592	-0.08	-0.092	0.496
4.91397809982	0.0	-0.176	0.64
4.91617918015	0.0	-0.176	0.64
4.9183781147	-0.1	-0.228	2.0
4.92058706284	-0.1	-0.228	2.0
4.92279314995	-0.1	-0.228	2.0
4.92499899864	0.04	0.016	-0.716
4.9272069931	0.04	0.016	-0.716
4.92942118645	-0.032	-0.2	2.044
4.93163013458	-0.032	-0.2	2.044
4.93383908272	-0.036	0.136	-1.568
4.93604803085	-0.036	0.136	-1.568
4.93827795982	-0.036	0.136	-1.568
4.94049811363	0.092	-0.34	2.044
4.94270610809	0.092	-0.34	2.044
4.94491410255	-0.032	0.172	-1.62
4.94712305069	-0.032	0.172	-1.62
4.94933795929	0.032	-0.352	2.044
4.95154500008	0.032	-0.352	2.044
4.95375609398	-0.044	0.064	-0.904
4.95596504211	-0.044	0.064	-0.904
4.95817399025	-0.044	0.064	-0.904
4.96039009094	0.0	-0.336	2.044
4.96260213852	0.0	-0.336	2.044
4.96480202675	-0.096	-0.076	0.408
4.96701097488	-0.096	-0.076	0.408
4.96922707558	0.092	-0.24	0.744
4.97143602371	0.092	-0.24	0.744
4.97364497185	0.092	-0.24	0.744
4.97585511208	-0.124	-0.212	1.9
4.97806596756	-0.124	-0.212	1.9
4.98028302193	-0.048	0.008	-0.64
4.98249697685	-0.048	0.008	-0.64
4.98470616341	-0.136	-0.236	2.044
4.98691606522	-0.136	-0.236	2.044
4.98913097382	-0.136	-0.236	2.044
4.99134016037	-0.028	0.148	-1.528
4.99355101585	-0.028	0.148	-1.528
4.99575996399	0.112	-0.388	2.044
4.99796795845	0.112	-0.388	2.044
