Timestamp 	 X-Axis 	 Y-Axis 	 Z-Axis
0.000309944152832	-0.276	-0.208	-0.708
0.0025749206543	-0.276	-0.208	-0.708
0.00465703010559	-0.192	-0.216	-0.748
0.00673294067383	-0.192	-0.216	-0.748
0.0088038444519	-0.112	-0.232	-0.752
0.0108938217163	-0.112	-0.232	-0.752
0.0129659175873	-0.04	-0.192	-0.772
0.0150418281555	-0.04	-0.192	-0.772
0.0171129703522	-0.04	-0.192	-0.772
0.0191969871521	0.06	-0.18	-0.756
0.0212688446045	0.06	-0.18	-0.756
0.0233409404755	0.128	-0.176	-0.72
0.0254149436951	0.128	-0.176	-0.72
0.0274848937988	0.128	-0.176	-0.72
0.0295748710632	0.2	-0.172	-0.664
0.0316460132599	0.2	-0.172	-0.664
0.0337188243866	0.272	-0.156	-0.592
0.035796880722	0.272	-0.156	-0.592
0.0378658771515	0.272	-0.156	-0.592
0.0399348735809	0.348	-0.16	-0.5
0.0420010089874	0.348	-0.16	-0.5
0.0440678596497	0.404	-0.144	-0.404
0.0461399555206	0.404	-0.144	-0.404
0.0482089519501	0.404	-0.144	-0.404
0.0502789020538	0.452	-0.144	-0.272
0.0524408817291	0.452	-0.144	-0.272
0.0545508861542	0.516	-0.14	-0.132
0.0566368103027	0.516	-0.14	-0.132
0.0587368011475	0.58	-0.148	0.008
0.0608239173889	0.58	-0.148	0.008
0.0629079341888	0.58	-0.148	0.008
0.0649869441986	0.632	-0.132	0.18
0.0670669078827	0.632	-0.132	0.18
0.0691449642181	0.66	-0.132	0.34
0.0712239742279	0.66	-0.132	0.34
0.0733149051666	0.66	-0.132	0.34
0.0753979682922	0.7	-0.128	0.528
0.077476978302	0.7	-0.128	0.528
0.0795550346375	0.736	-0.14	0.724
0.0816328525543	0.736	-0.14	0.724
0.0837149620056	0.736	-0.14	0.724
0.0857949256897	0.72	-0.12	0.892
0.0878729820251	0.72	-0.12	0.892
0.0899529457092	0.732	-0.108	1.076
0.0920298099518	0.732	-0.108	1.076
0.0941319465637	0.732	-0.108	1.076
0.0962109565735	0.724	-0.104	1.264
0.0983009338379	0.724	-0.104	1.264
0.100381851196	0.72	-0.076	1.444
0.102468967438	0.72	-0.076	1.444
0.104547023773	0.72	-0.076	1.444
0.106626033783	0.68	-0.076	1.62
0.108706951141	0.68	-0.076	1.62
0.110783815384	0.656	-0.072	1.784
0.112869024277	0.656	-0.072	1.784
0.114948034286	0.64	-0.048	1.916
0.117035865784	0.64	-0.048	1.916
0.119114875793	0.64	-0.048	1.916
0.121194839478	0.588	-0.044	2.044
0.123291015625	0.588	-0.044	2.044
0.125378847122	0.528	-0.036	2.044
0.127460956573	0.528	-0.036	2.044
0.129537820816	0.528	-0.036	2.044
0.131616830826	0.468	-0.02	2.044
0.1337018013	0.468	-0.02	2.044
0.135778903961	0.412	-0.028	2.044
0.137858867645	0.412	-0.028	2.044
0.139935016632	0.412	-0.028	2.044
0.142014026642	0.328	-0.032	2.044
0.144098997116	0.328	-0.032	2.044
0.146175861359	0.248	-0.032	2.044
0.148254871368	0.248	-0.032	2.044
0.150332927704	0.248	-0.032	2.044
0.1524310112	0.184	-0.044	2.044
0.15451002121	0.184	-0.044	2.044
0.156590938568	0.108	-0.04	2.044
0.158672809601	0.108	-0.04	2.044
0.160751819611	0.032	-0.056	2.044
0.162837982178	0.032	-0.056	2.044
0.16491484642	0.032	-0.056	2.044
0.16699385643	-0.04	-0.068	2.044
0.16907286644	-0.04	-0.068	2.044
0.17115187645	-0.132	-0.068	2.044
0.173238992691	-0.132	-0.068	2.044
0.175328969955	-0.132	-0.068	2.044
0.177407979965	-0.196	-0.076	2.044
0.179486989975	-0.196	-0.076	2.044
0.181564807892	-0.276	-0.08	2.044
0.183650016785	-0.276	-0.08	2.044
0.185742855072	-0.276	-0.08	2.044
0.187821865082	-0.336	-0.104	2.044
0.189911842346	-0.336	-0.104	2.044
0.19199180603	-0.42	-0.096	2.044
0.194077968597	-0.42	-0.096	2.044
0.196156978607	-0.42	-0.096	2.044
0.198235988617	-0.492	-0.108	2.044
0.200312852859	-0.492	-0.108	2.044
0.202399015427	-0.54	-0.104	2.044
0.204479932785	-0.54	-0.104	2.044
0.206557035446	-0.592	-0.108	1.984
0.208637952805	-0.592	-0.108	1.984
0.210718870163	-0.592	-0.108	1.984
0.212803840637	-0.632	-0.112	1.824
0.214882850647	-0.632	-0.112	1.824
0.216964006424	-0.68	-0.124	1.656
0.219041824341	-0.68	-0.124	1.656
0.221120834351	-0.68	-0.124	1.656
0.223215818405	-0.712	-0.104	1.48
0.225294828415	-0.712	-0.104	1.48
0.227375030518	-0.724	-0.128	1.3
0.229453802109	-0.724	-0.128	1.3
0.231532812119	-0.724	-0.128	1.3
0.233628034592	-0.74	-0.124	1.124
0.235709905624	-0.74	-0.124	1.124
0.23778796196	-0.756	-0.128	0.924
0.239867925644	-0.756	-0.128	0.924
0.241945981979	-0.756	-0.128	0.924
0.244029998779	-0.76	-0.128	0.744
0.246109962463	-0.76	-0.128	0.744
0.248188018799	-0.752	-0.132	0.548
0.250267028809	-0.752	-0.132	0.548
0.252352952957	-0.732	-0.168	0.364
0.25443482399	-0.732	-0.168	0.364
0.256515026093	-0.732	-0.168	0.364
0.258594989777	-0.68	-0.176	0.192
0.260673999786	-0.68	-0.176	0.192
0.262758970261	-0.66	-0.172	0.024
0.264843940735	-0.66	-0.172	0.024
0.26692199707	-0.66	-0.172	0.024
0.268999814987	-0.616	-0.184	-0.14
0.271078824997	-0.616	-0.184	-0.14
0.273165941238	-0.584	-0.2	-0.26
0.275245904922	-0.584	-0.2	-0.26
0.277323961258	-0.584	-0.2	-0.26
0.279405832291	-0.504	-0.196	-0.392
0.281486988068	-0.504	-0.196	-0.392
0.2835688591	-0.452	-0.204	-0.5
0.285648822784	-0.452	-0.204	-0.5
0.287729978561	-0.452	-0.204	-0.5
0.28980588913	-0.396	-0.216	-0.596
0.29189491272	-0.396	-0.216	-0.596
0.293979883194	-0.332	-0.204	-0.68
0.296051979065	-0.332	-0.204	-0.68
0.29812502861	-0.248	-0.196	-0.724
0.300196886063	-0.248	-0.196	-0.724
0.302268981934	-0.248	-0.196	-0.724
0.304350852966	-0.172	-0.212	-0.756
0.306428909302	-0.172	-0.212	-0.756
0.308506965637	-0.088	-0.216	-0.772
0.31058883667	-0.088	-0.216	-0.772
0.312673807144	-0.088	-0.216	-0.772
0.314752817154	-0.008	-0.168	-0.78
0.316828966141	-0.008	-0.168	-0.78
0.318916797638	0.08	-0.184	-0.744
0.320996999741	0.08	-0.184	-0.744
0.323079824448	0.08	-0.184	-0.744
0.325158834457	0.16	-0.184	-0.7
0.327237844467	0.16	-0.184	-0.7
0.329314947128	0.236	-0.18	-0.64
0.331393003464	0.236	-0.18	-0.64
0.333477973938	0.236	-0.18	-0.64
0.335554838181	0.312	-0.156	-0.56
0.337631940842	0.312	-0.156	-0.56
0.339706897736	0.372	-0.148	-0.468
0.341784954071	0.372	-0.148	-0.468
0.343868970871	0.372	-0.148	-0.468
0.345947027206	0.432	-0.152	-0.344
0.348023891449	0.432	-0.152	-0.344
0.35011100769	0.496	-0.168	-0.208
0.352190971375	0.496	-0.168	-0.208
0.3542740345	0.532	-0.136	-0.084
0.356352806091	0.532	-0.136	-0.084
0.358426809311	0.532	-0.136	-0.084
0.360505819321	0.604	-0.148	0.072
0.362591028214	0.604	-0.148	0.072
0.364667892456	0.636	-0.132	0.232
0.366744995117	0.636	-0.132	0.232
0.368819952011	0.636	-0.132	0.232
0.370894908905	0.676	-0.132	0.42
0.372978925705	0.676	-0.132	0.42
0.375053882599	0.708	-0.128	0.584
0.377130031586	0.708	-0.128	0.584
0.379204034805	0.708	-0.128	0.584
0.381278991699	0.724	-0.12	0.768
0.383368015289	0.724	-0.12	0.768
0.385443925858	0.724	-0.1	0.948
0.387518882751	0.724	-0.1	0.948
0.389595031738	0.724	-0.1	0.948
0.391669988632	0.732	-0.108	1.148
0.393752813339	0.732	-0.108	1.148
0.396047830582	0.732	-0.096	1.336
0.398208856583	0.732	-0.096	1.336
0.400286912918	0.712	-0.096	1.508
0.402383804321	0.712	-0.096	1.508
0.404458999634	0.712	-0.096	1.508
0.406529903412	0.672	-0.064	1.672
0.408618927002	0.672	-0.064	1.672
0.410688877106	0.644	-0.06	1.84
0.412763834	0.644	-0.06	1.84
0.414845943451	0.644	-0.06	1.84
0.416929960251	0.612	-0.052	1.996
0.419008970261	0.612	-0.052	1.996
0.421096801758	0.576	-0.056	2.044
0.423182010651	0.576	-0.056	2.044
0.425262928009	0.576	-0.056	2.044
0.42734003067	0.504	-0.036	2.044
0.429416894913	0.504	-0.036	2.044
0.431497812271	0.444	-0.028	2.044
0.433580875397	0.444	-0.028	2.044
0.435659885406	0.384	-0.032	2.044
0.437739849091	0.384	-0.032	2.044
0.439816951752	0.384	-0.032	2.044
0.441896915436	0.304	-0.028	2.044
0.443980932236	0.304	-0.028	2.044
0.446058988571	0.228	-0.032	2.044
0.448148965836	0.228	-0.032	2.044
0.45022892952	0.228	-0.032	2.044
0.45231294632	0.156	-0.044	2.044
0.454391956329	0.156	-0.044	2.044
0.456468820572	0.08	-0.028	2.044
0.458547830582	0.08	-0.028	2.044
0.460628032684	0.08	-0.028	2.044
0.462711811066	-0.012	-0.068	2.044
0.464792013168	-0.012	-0.068	2.044
0.46688079834	-0.08	-0.072	2.044
0.46895980835	-0.08	-0.072	2.044
0.471037864685	-0.08	-0.072	2.044
0.473124980927	-0.148	-0.072	2.044
0.475203990936	-0.148	-0.072	2.044
0.477283000946	-0.216	-0.072	2.044
0.47936296463	-0.216	-0.072	2.044
0.481444835663	-0.304	-0.084	2.044
0.483529806137	-0.304	-0.084	2.044
0.485612869263	-0.304	-0.084	2.044
0.48769402504	-0.372	-0.092	2.044
0.489773988724	-0.372	-0.092	2.044
0.491852998734	-0.444	-0.096	2.044
0.493938922882	-0.444	-0.096	2.044
0.496017932892	-0.444	-0.096	2.044
0.498096942902	-0.512	-0.1	2.044
0.500176906586	-0.512	-0.1	2.044
0.50225687027	-0.556	-0.116	2.044
0.50434088707	-0.556	-0.116	2.044
0.506419897079	-0.556	-0.116	2.044
0.508499860764	-0.616	-0.1	1.928
0.510576963425	-0.616	-0.1	1.928
0.512673854828	-0.66	-0.096	1.776
0.514755964279	-0.66	-0.096	1.776
0.516834020615	-0.66	-0.096	1.776
0.518913030624	-0.684	-0.12	1.588
0.520993947983	-0.684	-0.12	1.588
0.523077964783	-0.716	-0.116	1.42
0.525166034698	-0.716	-0.116	1.42
0.527308940887	-0.732	-0.136	1.228
0.529662847519	-0.732	-0.136	1.228
0.531738996506	-0.732	-0.136	1.228
0.533814907074	-0.748	-0.132	1.048
0.535890817642	-0.748	-0.132	1.048
0.537962913513	-0.756	-0.136	0.848
0.540035963058	-0.756	-0.136	0.848
0.542107820511	-0.756	-0.136	0.848
0.544183969498	-0.748	-0.14	0.668
0.546262979507	-0.748	-0.14	0.668
0.54833483696	-0.728	-0.148	0.472
0.550406932831	-0.728	-0.148	0.472
0.552482843399	-0.728	-0.148	0.472
0.554567813873	-0.728	-0.16	0.304
0.55664896965	-0.728	-0.16	0.304
0.55872797966	-0.688	-0.172	0.128
0.560807943344	-0.688	-0.172	0.128
0.562911987305	-0.688	-0.172	0.128
0.564992904663	-0.648	-0.18	-0.04
0.567072868347	-0.648	-0.18	-0.04
0.569154024124	-0.588	-0.204	-0.168
0.571233034134	-0.588	-0.204	-0.168
0.573319911957	-0.564	-0.196	-0.316
0.575402021408	-0.564	-0.196	-0.316
0.577483892441	-0.564	-0.196	-0.316
0.579563856125	-0.48	-0.2	-0.44
0.581645965576	-0.48	-0.2	-0.44
0.583742856979	-0.42	-0.196	-0.52
0.585825920105	-0.42	-0.196	-0.52
0.587905883789	-0.42	-0.196	-0.52
0.589984893799	-0.36	-0.216	-0.616
0.592064857483	-0.36	-0.216	-0.616
0.594152927399	-0.296	-0.2	-0.692
0.596230983734	-0.296	-0.2	-0.692
0.598309993744	-0.296	-0.2	-0.692
0.600391864777	-0.224	-0.216	-0.732
0.602478027344	-0.224	-0.216	-0.732
0.604557991028	-0.144	-0.204	-0.768
0.606638908386	-0.144	-0.204	-0.768
0.608717918396	-0.144	-0.204	-0.768
0.610801935196	-0.064	-0.208	-0.772
0.612888813019	-0.064	-0.208	-0.772
0.614967823029	0.016	-0.18	-0.76
0.617048025131	0.016	-0.18	-0.76
0.619127035141	0.116	-0.192	-0.736
0.621205806732	0.116	-0.192	-0.736
0.623289823532	0.116	-0.192	-0.736
0.625375032425	0.184	-0.18	-0.68
0.627453804016	0.184	-0.18	-0.68
0.629534006119	0.252	-0.172	-0.604
0.631613016129	0.252	-0.172	-0.604
0.633697032928	0.252	-0.172	-0.604
0.635777950287	0.336	-0.156	-0.524
0.637854814529	0.336	-0.156	-0.524
0.639932870865	0.396	-0.156	-0.424
0.64203286171	0.396	-0.156	-0.424
0.644117832184	0.396	-0.156	-0.424
0.646209955215	0.452	-0.156	-0.308
0.6482899189	0.452	-0.156	-0.308
0.650368928909	0.508	-0.14	-0.18
0.652455806732	0.508	-0.14	-0.18
0.654536962509	0.508	-0.14	-0.18
0.656615018845	0.56	-0.124	-0.056
0.658694982529	0.56	-0.124	-0.056
0.660774946213	0.616	-0.148	0.12
0.662858963013	0.616	-0.148	0.12
0.664938926697	0.644	-0.136	0.288
0.667017936707	0.644	-0.136	0.288
0.669093847275	0.644	-0.136	0.288
0.671170949936	0.68	-0.124	0.472
0.6732609272	0.68	-0.124	0.472
0.675342798233	0.724	-0.124	0.624
0.677419900894	0.724	-0.124	0.624
0.679494857788	0.724	-0.124	0.624
0.681572914124	0.724	-0.12	0.824
0.683655023575	0.724	-0.12	0.824
0.685736894608	0.728	-0.108	1.016
0.687814950943	0.728	-0.108	1.016
0.689894914627	0.728	-0.108	1.016
0.691972017288	0.724	-0.1	1.204
0.694054841995	0.724	-0.1	1.204
0.696133852005	0.724	-0.096	1.38
0.69821190834	0.724	-0.096	1.38
0.700299978256	0.724	-0.096	1.38
0.702383995056	0.696	-0.088	1.568
0.704463005066	0.696	-0.088	1.568
0.706547021866	0.668	-0.048	1.74
0.708624839783	0.668	-0.048	1.74
0.710702896118	0.632	-0.056	1.916
0.712791919708	0.632	-0.056	1.916
0.714869022369	0.632	-0.056	1.916
0.716946840286	0.608	-0.048	2.044
0.719025850296	0.608	-0.048	2.044
0.721102952957	0.544	-0.04	2.044
0.723186969757	0.544	-0.04	2.044
0.725265979767	0.544	-0.04	2.044
0.727342844009	0.496	-0.032	2.044
0.729421854019	0.496	-0.032	2.044
0.73149895668	0.432	-0.032	2.044
0.73358297348	0.432	-0.032	2.044
0.735662937164	0.432	-0.032	2.044
0.737739801407	0.376	-0.032	2.044
0.739848852158	0.376	-0.032	2.044
0.741927862167	0.28	-0.024	2.044
0.744010925293	0.28	-0.024	2.044
0.746090888977	0.28	-0.024	2.044
0.748169898987	0.224	-0.028	2.044
0.750247001648	0.224	-0.028	2.044
0.752331018448	0.136	-0.052	2.044
0.754410982132	0.136	-0.052	2.044
0.756487846375	0.06	-0.04	2.044
0.758574962616	0.06	-0.04	2.044
0.760658025742	0.06	-0.04	2.044
0.762741804123	-0.032	-0.052	2.044
0.764822006226	-0.032	-0.052	2.044
0.766903877258	-0.108	-0.084	2.044
0.768982887268	-0.108	-0.084	2.044
0.771064996719	-0.108	-0.084	2.044
0.773154973984	-0.172	-0.076	2.044
0.775233983994	-0.172	-0.076	2.044
0.777839899063	-0.252	-0.084	2.044
0.779928922653	-0.252	-0.084	2.044
0.782011032104	-0.32	-0.096	2.044
0.784098863602	-0.32	-0.096	2.044
0.786182880402	-0.32	-0.096	2.044
0.788261890411	-0.4	-0.092	2.044
0.790341854095	-0.4	-0.092	2.044
0.792428970337	-0.46	-0.104	2.044
0.794502019882	-0.46	-0.104	2.044
0.796574831009	-0.46	-0.104	2.044
0.79864692688	-0.532	-0.104	2.044
0.800719022751	-0.532	-0.104	2.044
0.802791833878	-0.584	-0.112	2.04
0.804870843887	-0.584	-0.112	2.04
0.806942939758	-0.584	-0.112	2.04
0.809015989304	-0.624	-0.112	1.896
0.811087846756	-0.624	-0.112	1.896
0.813166856766	-0.664	-0.112	1.708
0.81525182724	-0.664	-0.112	1.708
0.817344903946	-0.664	-0.112	1.708
0.819427013397	-0.696	-0.124	1.528
0.821506023407	-0.696	-0.124	1.528
0.823590993881	-0.72	-0.12	1.372
0.825675010681	-0.72	-0.12	1.372
0.827754020691	-0.72	-0.12	1.372
0.829833030701	-0.74	-0.124	1.176
0.831914901733	-0.74	-0.124	1.176
0.833997964859	-0.744	-0.12	0.992
0.836082935333	-0.744	-0.12	0.992
0.838163852692	-0.756	-0.136	0.8
0.840241909027	-0.756	-0.136	0.8
0.842329025269	-0.756	-0.136	0.8
0.844409942627	-0.752	-0.144	0.612
0.846508026123	-0.752	-0.144	0.612
0.848587989807	-0.744	-0.148	0.432
0.85066986084	-0.744	-0.148	0.432
0.85275387764	-0.744	-0.148	0.432
0.854833841324	-0.724	-0.16	0.252
0.856914997101	-0.724	-0.16	0.252
0.858994007111	-0.676	-0.172	0.084
0.86107301712	-0.676	-0.172	0.084
0.863159894943	-0.676	-0.172	0.084
0.865238904953	-0.64	-0.184	-0.084
0.867318868637	-0.64	-0.184	-0.084
0.869401931763	-0.58	-0.204	-0.22
0.871482849121	-0.58	-0.204	-0.22
0.873569011688	-0.58	-0.204	-0.22
0.87567281723	-0.532	-0.2	-0.348
0.877753019333	-0.532	-0.2	-0.348
0.879832983017	-0.468	-0.204	-0.46
0.881913900375	-0.468	-0.204	-0.46
0.883996009827	-0.392	-0.208	-0.572
0.886080026627	-0.392	-0.208	-0.572
0.888160943985	-0.392	-0.208	-0.572
0.890240907669	-0.336	-0.216	-0.636
0.892328977585	-0.336	-0.216	-0.636
0.894408941269	-0.264	-0.2	-0.708
0.896487951279	-0.264	-0.2	-0.708
0.898567914963	-0.264	-0.2	-0.708
0.900650024414	-0.192	-0.2	-0.748
0.902737855911	-0.192	-0.2	-0.748
0.904821872711	-0.132	-0.2	-0.784
0.906899929047	-0.132	-0.2	-0.784
0.908978939056	-0.132	-0.2	-0.784
0.911059856415	-0.036	-0.204	-0.764
0.913146018982	-0.036	-0.204	-0.764
0.91522693634	0.044	-0.184	-0.752
0.917306900024	0.044	-0.184	-0.752
0.919385910034	0.044	-0.184	-0.752
0.921465873718	0.132	-0.188	-0.716
0.923551797867	0.132	-0.188	-0.716
0.925628900528	0.216	-0.184	-0.66
0.927708864212	0.216	-0.184	-0.66
0.929787874222	0.272	-0.168	-0.584
0.931867837906	0.272	-0.168	-0.584
0.933964967728	0.272	-0.168	-0.584
0.93604683876	0.352	-0.148	-0.496
0.93812584877	0.352	-0.148	-0.496
0.94020485878	0.412	-0.156	-0.392
0.942322015762	0.412	-0.156	-0.392
0.944402933121	0.412	-0.156	-0.392
0.946482896805	0.46	-0.148	-0.268
0.948563814163	0.46	-0.148	-0.268
0.950641870499	0.528	-0.144	-0.14
0.952729940414	0.528	-0.144	-0.14
0.954811811447	0.528	-0.144	-0.14
0.956888914108	0.58	-0.156	0.012
0.958966970444	0.58	-0.156	0.012
0.961045026779	0.624	-0.144	0.196
0.963122844696	0.624	-0.144	0.196
0.965214967728	0.624	-0.144	0.196
0.967293977737	0.66	-0.144	0.34
0.969372987747	0.66	-0.144	0.34
0.971450805664	0.688	-0.124	0.512
0.973532915115	0.688	-0.124	0.512
0.975610971451	0.724	-0.132	0.696
0.977689981461	0.724	-0.132	0.696
0.979764938354	0.724	-0.132	0.696
0.98184299469	0.732	-0.116	0.892
0.983925819397	0.732	-0.116	0.892
0.986003875732	0.736	-0.108	1.068
0.988081932068	0.736	-0.108	1.068
0.990159034729	0.736	-0.108	1.068
0.992245912552	0.724	-0.092	1.256
0.99432682991	0.724	-0.092	1.256
0.996403932571	0.724	-0.092	1.436
0.99848484993	0.724	-0.092	1.436
1.00056600571	0.724	-0.092	1.436
1.00264883041	0.684	-0.08	1.62
1.00472784042	0.684	-0.08	1.62
1.00680685043	0.648	-0.06	1.776
1.00888395309	0.648	-0.06	1.776
1.01096200943	0.648	-0.06	1.776
1.01304483414	0.624	-0.056	1.948
1.01511597633	0.624	-0.056	1.948
1.01718783379	0.588	-0.048	2.044
1.01925587654	0.588	-0.048	2.044
1.02132701874	0.524	-0.044	2.044
1.0234618187	0.524	-0.044	2.044
1.0255420208	0.524	-0.044	2.044
1.02762103081	0.476	-0.032	2.044
1.02970385551	0.476	-0.032	2.044
1.03178095818	0.42	-0.028	2.044
1.03386187553	0.42	-0.028	2.044
1.03593492508	0.42	-0.028	2.044
1.03800392151	0.352	-0.028	2.044
1.04007387161	0.352	-0.028	2.044
1.04214286804	0.268	-0.032	2.044
1.04421687126	0.268	-0.032	2.044
1.04628682137	0.268	-0.032	2.044
1.04835700989	0.18	-0.04	2.044
1.05043983459	0.18	-0.04	2.044
1.05251288414	0.112	-0.036	2.044
1.05459690094	0.112	-0.036	2.044
1.05667686462	0.112	-0.036	2.044
1.05875587463	0.028	-0.056	2.044
1.06083583832	0.028	-0.056	2.044
1.06292700768	-0.056	-0.06	2.044
1.06500792503	-0.056	-0.06	2.044
1.06708788872	-0.056	-0.06	2.044
1.06916594505	-0.12	-0.088	2.044
1.07124495506	-0.12	-0.088	2.044
1.07333183289	-0.196	-0.056	2.044
1.07540988922	-0.196	-0.056	2.044
1.07748985291	-0.276	-0.076	2.044
1.07957291603	-0.276	-0.076	2.044
1.08165192604	-0.276	-0.076	2.044
1.08373403549	-0.332	-0.088	2.044
1.08581900597	-0.332	-0.088	2.044
1.08789587021	-0.412	-0.108	2.044
1.08997488022	-0.412	-0.108	2.044
1.09205389023	-0.412	-0.108	2.044
1.09414196014	-0.48	-0.096	2.044
1.09622097015	-0.48	-0.096	2.044
1.09831380844	-0.544	-0.092	2.044
1.10039186478	-0.544	-0.092	2.044
1.10247802734	-0.544	-0.092	2.044
1.10455679893	-0.584	-0.124	2.004
1.10663580894	-0.584	-0.124	2.004
1.10872483253	-0.636	-0.108	1.848
1.11080288887	-0.636	-0.108	1.848
1.11289095879	-0.636	-0.108	1.848
1.11496901512	-0.676	-0.116	1.668
1.11704587936	-0.676	-0.116	1.668
1.1191239357	-0.704	-0.12	1.504
1.12120485306	-0.704	-0.12	1.504
1.12328886986	-0.756	-0.112	1.332
1.12536787987	-0.756	-0.112	1.332
1.12745094299	-0.756	-0.112	1.332
1.12953090668	-0.74	-0.12	1.12
1.13160896301	-0.74	-0.12	1.12
1.13369393349	-0.744	-0.128	0.928
1.1357729435	-0.744	-0.128	0.928
1.13785195351	-0.744	-0.128	0.928
1.13992786407	-0.752	-0.128	0.752
1.14200496674	-0.752	-0.128	0.752
1.14409089088	-0.748	-0.14	0.544
1.14616990089	-0.748	-0.14	0.544
1.14824700356	-0.748	-0.14	0.544
1.15032601357	-0.732	-0.144	0.376
1.15240883827	-0.732	-0.144	0.376
1.15448784828	-0.712	-0.156	0.204
1.15656685829	-0.712	-0.156	0.204
1.15864801407	-0.712	-0.156	0.204
1.16073083878	-0.66	-0.196	0.04
1.16281485558	-0.66	-0.196	0.04
1.16489386559	-0.616	-0.18	-0.108
1.16698288918	-0.616	-0.18	-0.108
1.16906380653	-0.58	-0.2	-0.26
1.17114281654	-0.58	-0.2	-0.26
1.17322993279	-0.58	-0.2	-0.26
1.17530798912	-0.516	-0.204	-0.368
1.1773879528	-0.516	-0.204	-0.368
1.17946887016	-0.456	-0.212	-0.488
1.18154788017	-0.456	-0.212	-0.488
1.18363285065	-0.456	-0.212	-0.488
1.1857149601	-0.38	-0.208	-0.576
1.18779301643	-0.38	-0.208	-0.576
1.18987202644	-0.32	-0.208	-0.66
1.19196486473	-0.32	-0.208	-0.66
1.19404888153	-0.32	-0.208	-0.66
1.19612979889	-0.244	-0.192	-0.716
1.19821095467	-0.244	-0.192	-0.716
1.200289011	-0.168	-0.204	-0.756
1.20237398148	-0.168	-0.204	-0.756
1.20445394516	-0.168	-0.204	-0.756
1.2065320015	-0.096	-0.2	-0.764
1.20861291885	-0.096	-0.2	-0.764
1.21069288254	-0.012	-0.18	-0.764
1.21277785301	-0.012	-0.18	-0.764
1.2148578167	0.08	-0.172	-0.752
1.21693587303	0.08	-0.172	-0.752
1.21901392937	0.08	-0.172	-0.752
1.2210919857	0.152	-0.18	-0.684
1.22317790985	0.152	-0.18	-0.684
1.22526788712	0.224	-0.172	-0.648
1.2273478508	0.224	-0.172	-0.648
1.22942495346	0.224	-0.172	-0.648
1.2315018177	0.308	-0.16	-0.544
1.2335858345	0.308	-0.16	-0.544
1.23566293716	0.376	-0.152	-0.464
1.2377409935	0.376	-0.152	-0.464
1.23981881142	0.376	-0.152	-0.464
1.24189782143	0.44	-0.148	-0.356
1.24398398399	0.44	-0.148	-0.356
1.24606180191	0.496	-0.144	-0.228
1.24816083908	0.496	-0.144	-0.228
1.25024199486	0.496	-0.144	-0.228
1.25232481956	0.544	-0.14	-0.064
1.2544028759	0.544	-0.14	-0.064
1.25648498535	0.588	-0.144	0.088
1.25856399536	0.588	-0.144	0.088
1.2606408596	0.588	-0.144	0.088
1.2627248764	0.632	-0.144	0.232
1.26480293274	0.632	-0.144	0.232
1.2668800354	0.676	-0.124	0.404
1.26895785332	0.676	-0.124	0.404
1.2710340023	0.708	-0.12	0.584
1.27311897278	0.708	-0.12	0.584
1.27519392967	0.708	-0.12	0.584
1.27727198601	0.732	-0.128	0.764
1.27934980392	0.732	-0.128	0.764
1.28142499924	0.728	-0.112	0.956
1.28352093697	0.728	-0.112	0.956
1.28560185432	0.728	-0.112	0.956
1.28768181801	0.74	-0.104	1.136
1.28976082802	0.74	-0.104	1.136
1.29184103012	0.728	-0.092	1.332
1.29391884804	0.728	-0.092	1.332
1.29598879814	0.728	-0.092	1.332
1.29805898666	0.704	-0.08	1.52
1.30012893677	0.704	-0.08	1.52
1.30219697952	0.64	-0.072	1.696
1.30427694321	0.64	-0.072	1.696
1.30635595322	0.64	-0.072	1.696
1.30843186378	0.636	-0.06	1.856
1.31050896645	0.636	-0.06	1.856
1.31259202957	0.608	-0.052	2.016
1.31466794014	0.608	-0.052	2.016
1.31674480438	0.556	-0.052	2.044
1.3188188076	0.556	-0.052	2.044
1.32089996338	0.556	-0.052	2.044
1.32298493385	0.488	-0.04	2.044
1.32505989075	0.488	-0.04	2.044
1.32713580132	0.456	-0.032	2.044
1.32921099663	0.456	-0.032	2.044
1.33128595352	0.456	-0.032	2.044
1.33336901665	0.396	-0.04	2.044
1.33544301987	0.396	-0.04	2.044
1.33751988411	0.312	-0.044	2.044
1.3395960331	0.312	-0.044	2.044
1.34170889854	0.312	-0.044	2.044
1.34379196167	0.224	-0.024	2.044
1.34587097168	0.224	-0.024	2.044
1.34794592857	0.164	-0.04	2.044
1.35002183914	0.164	-0.04	2.044
1.35210299492	0.164	-0.04	2.044
1.35418486595	0.088	-0.048	2.044
1.35626101494	0.088	-0.048	2.044
1.35833692551	-0.016	-0.048	2.044
1.36041402817	-0.016	-0.048	2.044
1.36249899864	-0.016	-0.048	2.044
1.36457490921	-0.084	-0.06	2.044
1.36665201187	-0.084	-0.06	2.044
1.3687338829	-0.16	-0.072	2.044
1.3708088398	-0.16	-0.072	2.044
1.37289190292	-0.24	-0.072	2.044
1.37496995926	-0.24	-0.072	2.044
1.37704586983	-0.24	-0.072	2.044
1.37912392616	-0.3	-0.076	2.044
1.38119888306	-0.3	-0.076	2.044
1.38328194618	-0.368	-0.092	2.044
1.38536500931	-0.368	-0.092	2.044
1.38744091988	-0.368	-0.092	2.044
1.38951683044	-0.44	-0.092	2.044
1.39159297943	-0.44	-0.092	2.044
1.39367580414	-0.52	-0.1	2.044
1.39586091042	-0.52	-0.1	2.044
1.39794397354	-0.52	-0.1	2.044
1.40003490448	-0.564	-0.104	2.044
1.40211701393	-0.564	-0.104	2.044
1.40420103073	-0.616	-0.112	1.916
1.40627884865	-0.616	-0.112	1.916
1.40835785866	-0.616	-0.112	1.916
1.41043591499	-0.66	-0.112	1.76
1.41251993179	-0.66	-0.112	1.76
1.4145989418	-0.7	-0.104	1.58
1.41673493385	-0.7	-0.104	1.58
1.41881990433	-0.716	-0.124	1.408
1.42090082169	-0.716	-0.124	1.408
1.42298698425	-0.716	-0.124	1.408
1.42506599426	-0.728	-0.12	1.232
1.42714381218	-0.728	-0.12	1.232
1.42922282219	-0.724	-0.12	1.016
1.43130302429	-0.724	-0.12	1.016
1.43338990211	-0.724	-0.12	1.016
1.43546795845	-0.744	-0.128	0.844
1.43754601479	-0.744	-0.128	0.844
1.43962788582	-0.748	-0.136	0.656
1.44170594215	-0.748	-0.136	0.656
1.44378995895	-0.748	-0.136	0.656
1.44586992264	-0.724	-0.164	0.472
1.4479470253	-0.724	-0.164	0.472
1.45002985001	-0.716	-0.156	0.296
1.45210886002	-0.716	-0.156	0.296
1.45419287682	-0.716	-0.156	0.296
1.45626997948	-0.696	-0.164	0.124
1.45836782455	-0.696	-0.164	0.124
1.46044683456	-0.656	-0.176	-0.036
1.46253180504	-0.656	-0.176	-0.036
1.46461296082	-0.628	-0.18	-0.176
1.46669197083	-0.628	-0.18	-0.176
1.46877098083	-0.628	-0.18	-0.176
1.47085094452	-0.564	-0.192	-0.328
1.47293686867	-0.564	-0.192	-0.328
1.475014925	-0.492	-0.192	-0.436
1.47709298134	-0.492	-0.192	-0.436
1.47917079926	-0.492	-0.192	-0.436
1.48125696182	-0.424	-0.212	-0.54
1.48333597183	-0.424	-0.212	-0.54
1.48541593552	-0.36	-0.212	-0.628
1.4874958992	-0.36	-0.212	-0.628
1.48957490921	-0.36	-0.212	-0.628
1.49165391922	-0.28	-0.2	-0.696
1.49374103546	-0.28	-0.2	-0.696
1.49581885338	-0.212	-0.212	-0.736
1.49789881706	-0.212	-0.212	-0.736
1.49997782707	-0.212	-0.212	-0.736
1.50205802917	-0.116	-0.236	-0.772
1.50414395332	-0.116	-0.236	-0.772
1.50622296333	-0.064	-0.188	-0.78
1.50830101967	-0.064	-0.188	-0.78
1.51038193703	0.024	-0.184	-0.768
1.5124669075	0.024	-0.184	-0.768
1.51454997063	0.024	-0.184	-0.768
1.51663899422	0.108	-0.188	-0.724
1.51871681213	0.108	-0.188	-0.724
1.52079701424	0.184	-0.184	-0.676
1.52288389206	0.184	-0.184	-0.676
1.52496194839	0.184	-0.184	-0.676
1.52704000473	0.264	-0.168	-0.616
1.52911996841	0.264	-0.168	-0.616
1.53119683266	0.34	-0.156	-0.524
1.53328084946	0.34	-0.156	-0.524
1.53535985947	0.34	-0.156	-0.524
1.53743886948	0.404	-0.14	-0.432
1.53951787949	0.404	-0.14	-0.432
1.54159498215	0.456	-0.152	-0.304
1.54367589951	0.456	-0.152	-0.304
1.54575300217	0.456	-0.152	-0.304
1.54782390594	0.508	-0.136	-0.164
1.54989480972	0.508	-0.136	-0.164
1.55196499825	0.568	-0.152	-0.012
1.55404686928	0.568	-0.152	-0.012
1.55612802505	0.608	-0.132	0.136
1.5582048893	0.608	-0.132	0.136
1.56028079987	0.608	-0.132	0.136
1.56236290932	0.644	-0.136	0.3
1.56444001198	0.644	-0.136	0.3
1.56651902199	0.68	-0.132	0.472
1.56859493256	0.68	-0.132	0.472
1.57067298889	0.68	-0.132	0.472
1.57275700569	0.712	-0.116	0.676
1.57484292984	0.712	-0.116	0.676
1.57692289352	0.74	-0.132	0.844
1.57900500298	0.74	-0.132	0.844
1.58107995987	0.74	-0.132	0.844
1.58316302299	0.724	-0.108	1.032
1.58524084091	0.724	-0.108	1.032
1.58731794357	0.74	-0.096	1.216
1.58939695358	0.74	-0.096	1.216
1.59147286415	0.74	-0.096	1.216
1.59362602234	0.752	-0.104	1.408
1.59574198723	0.752	-0.104	1.408
1.59781479836	0.696	-0.068	1.584
1.59988689423	0.696	-0.068	1.584
1.60195684433	0.66	-0.072	1.756
1.60402989388	0.66	-0.072	1.756
1.60609984398	0.66	-0.072	1.756
1.60820293427	0.636	-0.032	1.924
1.61027979851	0.636	-0.032	1.924
1.61234784126	0.576	-0.048	2.044
1.61442399025	0.576	-0.048	2.044
1.61649680138	0.576	-0.048	2.044
1.61856889725	0.524	-0.044	2.044
1.62063980103	0.524	-0.044	2.044
1.62271285057	0.476	-0.036	2.044
1.62479901314	0.476	-0.036	2.044
1.62688088417	0.476	-0.036	2.044
1.62895894051	0.42	-0.02	2.044
1.63103699684	0.42	-0.02	2.044
1.6331319809	0.368	-0.032	2.044
1.63520884514	0.368	-0.032	2.044
1.63728785515	0.368	-0.032	2.044
1.63936400414	0.272	-0.036	2.044
1.64144301414	0.272	-0.036	2.044
1.64352989197	0.204	-0.028	2.044
1.6456079483	0.204	-0.028	2.044
1.64768481255	0.204	-0.028	2.044
1.64976382256	0.14	-0.048	2.044
1.65184092522	0.14	-0.048	2.044
1.65392398834	0.052	-0.06	2.044
1.65600299835	0.052	-0.06	2.044
1.65808081627	-0.044	-0.068	2.044
1.66016101837	-0.044	-0.068	2.044
1.66224002838	-0.044	-0.068	2.044
1.66432499886	-0.104	-0.076	2.044
1.66640591621	-0.104	-0.076	2.044
1.66848397255	-0.188	-0.08	2.044
1.67056202888	-0.188	-0.08	2.044
1.67265081406	-0.188	-0.08	2.044
1.67473387718	-0.252	-0.084	2.044
1.67681384087	-0.252	-0.084	2.044
1.67889499664	-0.332	-0.088	2.044
1.68097281456	-0.332	-0.088	2.044
1.68305182457	-0.332	-0.088	2.044
1.68513202667	-0.408	-0.104	2.044
1.68721294403	-0.408	-0.104	2.044
1.68929195404	-0.472	-0.104	2.044
1.69138002396	-0.472	-0.104	2.044
1.69349193573	-0.472	-0.104	2.044
1.69557285309	-0.528	-0.108	2.044
1.69765400887	-0.528	-0.108	2.044
1.69973182678	-0.584	-0.088	1.988
1.70181083679	-0.584	-0.088	1.988
1.70389699936	-0.644	-0.112	1.852
1.70597696304	-0.644	-0.112	1.852
1.70805883408	-0.644	-0.112	1.852
1.71013998985	-0.676	-0.12	1.692
1.71221780777	-0.676	-0.12	1.692
1.71430301666	-0.712	-0.116	1.508
1.71638202667	-0.712	-0.116	1.508
1.71845984459	-0.712	-0.116	1.508
1.7205388546	-0.736	-0.116	1.328
1.72262501717	-0.736	-0.116	1.328
1.72470402718	-0.736	-0.136	1.14
1.72678399086	-0.736	-0.136	1.14
1.7288608551	-0.736	-0.136	1.14
1.73093986511	-0.748	-0.124	0.952
1.73302483559	-0.748	-0.124	0.952
1.73510289192	-0.744	-0.132	0.796
1.73718190193	-0.744	-0.132	0.796
1.73926401138	-0.744	-0.132	0.796
1.7413418293	-0.736	-0.14	0.584
1.74345588684	-0.736	-0.14	0.584
1.74553585052	-0.724	-0.152	0.4
1.74761390686	-0.724	-0.152	0.4
1.74970293045	-0.704	-0.16	0.216
1.75178599358	-0.704	-0.16	0.216
1.75387001038	-0.704	-0.16	0.216
1.75594997406	-0.68	-0.168	0.052
1.75802898407	-0.68	-0.168	0.052
1.76010799408	-0.632	-0.188	-0.104
1.76218700409	-0.632	-0.188	-0.104
1.76427292824	-0.632	-0.188	-0.104
1.76635098457	-0.584	-0.188	-0.248
1.76842999458	-0.584	-0.188	-0.248
1.77050900459	-0.52	-0.188	-0.396
1.77260184288	-0.52	-0.188	-0.396
1.77468180656	-0.52	-0.188	-0.396
1.77676200867	-0.452	-0.208	-0.476
1.77884197235	-0.452	-0.208	-0.476
1.78092193604	-0.392	-0.212	-0.576
1.78300690651	-0.392	-0.212	-0.576
1.78508687019	-0.392	-0.212	-0.576
1.78716802597	-0.328	-0.2	-0.656
1.78924489021	-0.328	-0.2	-0.656
1.7913248539	-0.236	-0.204	-0.704
1.79346990585	-0.236	-0.204	-0.704
1.79554581642	-0.184	-0.208	-0.74
1.79761791229	-0.184	-0.208	-0.74
1.79968881607	-0.184	-0.208	-0.74
1.80176186562	-0.092	-0.204	-0.768
1.8038418293	-0.092	-0.204	-0.768
1.80591583252	-0.04	-0.184	-0.776
1.80799484253	-0.04	-0.184	-0.776
1.81006789207	-0.04	-0.184	-0.776
1.81213903427	0.068	-0.18	-0.752
1.81422400475	0.068	-0.18	-0.752
1.81630587578	0.14	-0.184	-0.716
1.81838488579	0.14	-0.184	-0.716
1.8204638958	0.14	-0.184	-0.716
1.82258200645	0.22	-0.176	-0.644
1.82466483116	0.22	-0.176	-0.644
1.82674384117	0.284	-0.156	-0.556
1.82882189751	0.284	-0.156	-0.556
1.83090186119	0.284	-0.156	-0.556
1.83298587799	0.368	-0.148	-0.472
1.83506703377	0.368	-0.148	-0.472
1.8371489048	0.432	-0.144	-0.356
1.83922791481	0.432	-0.144	-0.356
1.84130787849	0.48	-0.148	-0.236
1.84339189529	0.48	-0.148	-0.236
1.8454709053	0.48	-0.148	-0.236
1.84755301476	0.544	-0.136	-0.104
1.84963202477	0.544	-0.136	-0.104
1.85170984268	0.592	-0.152	0.056
1.85379481316	0.592	-0.152	0.056
1.85587096214	0.592	-0.152	0.056
1.85794901848	0.62	-0.14	0.22
1.8600268364	0.62	-0.14	0.22
1.86210298538	0.668	-0.128	0.38
1.86418795586	0.668	-0.128	0.38
1.86627602577	0.668	-0.128	0.38
1.8683578968	0.684	-0.128	0.568
1.87043595314	0.684	-0.128	0.568
1.87251901627	0.708	-0.124	0.748
1.87459588051	0.708	-0.124	0.748
1.87667489052	0.708	-0.124	0.748
1.87874984741	0.724	-0.128	0.928
1.88083195686	0.724	-0.128	0.928
1.88291192055	0.736	-0.104	1.124
1.88498997688	0.736	-0.104	1.124
1.88706803322	0.736	-0.104	1.124
1.88914394379	0.74	-0.096	1.304
1.89122200012	0.74	-0.096	1.304
1.8933069706	0.728	-0.084	1.492
1.89538383484	0.728	-0.084	1.492
1.89746284485	0.676	-0.064	1.664
1.89954185486	0.676	-0.064	1.664
1.90162301064	0.676	-0.064	1.664
1.90370702744	0.656	-0.048	1.828
1.90578794479	0.656	-0.048	1.828
1.90786600113	0.624	-0.048	1.984
1.90994501114	0.624	-0.048	1.984
1.91202092171	0.624	-0.048	1.984
1.91410493851	0.564	-0.044	2.044
1.91618490219	0.564	-0.044	2.044
1.91826200485	0.504	-0.048	2.044
1.92034101486	0.504	-0.048	2.044
1.92242598534	0.504	-0.048	2.044
1.92451190948	0.456	-0.036	2.044
1.92659091949	0.456	-0.036	2.044
1.92866897583	0.396	-0.016	2.044
1.93074584007	0.396	-0.016	2.044
1.93283390999	0.396	-0.016	2.044
1.93491292	0.332	-0.056	2.044
1.93699097633	0.332	-0.056	2.044
1.93906998634	0.236	-0.028	2.044
1.94114685059	0.236	-0.028	2.044
1.94322991371	0.176	-0.032	2.044
1.9453098774	0.176	-0.032	2.044
1.94738602638	0.176	-0.032	2.044
1.94946289062	0.092	-0.044	2.044
1.95154094696	0.092	-0.044	2.044
1.95362401009	0.0	-0.064	2.044
1.95569586754	0.0	-0.064	2.044
1.95776486397	0.0	-0.064	2.044
1.95983481407	-0.076	-0.064	2.044
1.96191382408	-0.076	-0.064	2.044
1.96399998665	-0.152	-0.076	2.044
1.96608281136	-0.152	-0.076	2.044
1.96816182137	-0.152	-0.076	2.044
1.97024202347	-0.228	-0.072	2.044
1.97232294083	-0.228	-0.072	2.044
1.97439980507	-0.292	-0.084	2.044
1.97647881508	-0.292	-0.084	2.044
1.97855901718	-0.292	-0.084	2.044
1.98063492775	-0.364	-0.1	2.044
1.9827299118	-0.364	-0.1	2.044
1.98481297493	-0.424	-0.1	2.044
1.98689103127	-0.424	-0.1	2.044
1.98897099495	-0.5	-0.1	2.044
1.99104380608	-0.5	-0.1	2.044
1.99312591553	-0.5	-0.1	2.044
1.9952018261	-0.544	-0.104	2.044
1.99728298187	-0.544	-0.104	2.044
1.99936199188	-0.604	-0.1	1.944
2.00144195557	-0.604	-0.1	1.944
2.00352501869	-0.604	-0.1	1.944
2.00560283661	-0.66	-0.124	1.788
2.00768589973	-0.66	-0.124	1.788
2.00976395607	-0.692	-0.12	1.608
2.01184201241	-0.692	-0.12	1.608
2.01392292976	-0.692	-0.12	1.608
2.01599502563	-0.728	-0.116	1.428
2.01806783676	-0.728	-0.116	1.428
2.02013897896	-0.752	-0.12	1.24
2.02220892906	-0.752	-0.12	1.24
2.02428984642	-0.752	-0.12	1.24
2.02636885643	-0.748	-0.14	1.06
2.02844882011	-0.748	-0.14	1.06
2.03052902222	-0.764	-0.128	0.856
2.03261184692	-0.764	-0.128	0.856
2.03469085693	-0.764	-0.128	0.856
2.03676795959	-0.744	-0.148	0.676
2.03884601593	-0.744	-0.148	0.676
2.04094696045	-0.724	-0.14	0.484
2.04303097725	-0.724	-0.14	0.484
2.04510188103	-0.724	-0.164	0.312
2.04717302322	-0.724	-0.164	0.312
2.049243927	-0.724	-0.164	0.312
2.05131387711	-0.68	-0.168	0.152
2.053388834	-0.68	-0.168	0.152
2.05546998978	-0.656	-0.172	-0.024
2.05755090714	-0.656	-0.172	-0.024
2.05963087082	-0.656	-0.172	-0.024
2.06172084808	-0.608	-0.188	-0.168
2.06382799149	-0.608	-0.188	-0.168
2.06590294838	-0.564	-0.196	-0.3
2.06797599792	-0.564	-0.196	-0.3
2.07004785538	-0.564	-0.196	-0.3
2.07211899757	-0.508	-0.192	-0.424
2.07420396805	-0.508	-0.192	-0.424
2.07628488541	-0.428	-0.216	-0.524
2.07836484909	-0.428	-0.216	-0.524
2.08044481277	-0.428	-0.216	-0.524
2.08252596855	-0.372	-0.216	-0.608
2.08460402489	-0.372	-0.216	-0.608
2.08667993546	-0.292	-0.192	-0.696
2.08875489235	-0.292	-0.192	-0.696
2.09082889557	-0.22	-0.204	-0.732
2.09290194511	-0.22	-0.204	-0.732
2.09498000145	-0.22	-0.204	-0.732
2.09705281258	-0.148	-0.212	-0.764
2.09913492203	-0.148	-0.212	-0.764
2.10120987892	-0.072	-0.196	-0.764
2.10328483582	-0.072	-0.196	-0.764
2.10536885262	-0.072	-0.196	-0.764
2.10744690895	0.02	-0.18	-0.772
2.10952091217	0.02	-0.18	-0.772
2.11159300804	0.096	-0.192	-0.728
2.11366486549	0.096	-0.192	-0.728
2.11573696136	0.096	-0.192	-0.728
2.11780881882	0.172	-0.18	-0.672
2.11988091469	0.172	-0.18	-0.672
2.12195396423	0.24	-0.164	-0.62
2.12403488159	0.24	-0.164	-0.62
2.12611985207	0.24	-0.164	-0.62
2.12820196152	0.332	-0.16	-0.54
2.13028001785	0.332	-0.16	-0.54
2.132365942	0.412	-0.156	-0.444
2.13444590569	0.412	-0.156	-0.444
2.1365249157	0.412	-0.156	-0.444
2.13860487938	0.452	-0.156	-0.316
2.14068388939	0.452	-0.156	-0.316
2.14276885986	0.52	-0.14	-0.172
2.14485001564	0.52	-0.14	-0.172
2.14692783356	0.564	-0.14	-0.036
2.14900684357	0.564	-0.14	-0.036
2.1510848999	0.564	-0.14	-0.036
2.1531689167	0.616	-0.14	0.12
2.15524792671	0.616	-0.14	0.12
2.15733480453	0.64	-0.128	0.288
2.15941381454	0.64	-0.128	0.288
2.16149282455	0.64	-0.128	0.288
2.16357803345	0.672	-0.128	0.46
2.16565299034	0.672	-0.128	0.46
2.16773080826	0.716	-0.14	0.66
2.16980695724	0.716	-0.14	0.66
2.17188501358	0.716	-0.14	0.66
2.17396903038	0.712	-0.124	0.832
2.1760468483	0.712	-0.124	0.832
2.17812299728	0.72	-0.112	1.02
2.18020200729	0.72	-0.112	1.02
2.18227791786	0.72	-0.112	1.02
2.18442988396	0.732	-0.104	1.204
2.18651080132	0.732	-0.104	1.204
2.18858981133	0.728	-0.096	1.384
2.1906709671	0.728	-0.096	1.384
2.19275784492	0.708	-0.084	1.564
2.19483494759	0.708	-0.084	1.564
2.19690680504	0.708	-0.084	1.564
2.19897890091	0.672	-0.068	1.744
2.20104980469	0.672	-0.068	1.744
2.20311999321	0.652	-0.056	1.888
2.20519280434	0.652	-0.056	1.888
2.20726299286	0.652	-0.056	1.888
2.20933485031	0.612	-0.064	2.044
2.21140289307	0.612	-0.064	2.044
2.21358180046	0.528	-0.048	2.044
2.21567392349	0.528	-0.048	2.044
2.21775388718	0.528	-0.048	2.044
2.21983385086	0.48	-0.036	2.044
2.22191095352	0.48	-0.036	2.044
2.22399902344	0.428	-0.04	2.044
2.22607898712	0.428	-0.04	2.044
2.22815585136	0.428	-0.04	2.044
2.2302339077	0.364	-0.024	2.044
2.23237895966	0.364	-0.024	2.044
2.23448896408	0.284	-0.036	2.044
2.23657298088	0.284	-0.036	2.044
2.23864388466	0.188	-0.04	2.044
2.2407169342	0.188	-0.04	2.044
2.24278688431	0.188	-0.04	2.044
2.24485993385	0.148	-0.036	2.044
2.24692988396	0.148	-0.036	2.044
2.24900388718	0.052	-0.044	2.044
2.25107502937	0.052	-0.044	2.044
2.25332689285	0.052	-0.044	2.044
2.25540685654	-0.032	-0.056	2.044
2.25748300552	-0.032	-0.056	2.044
2.2595539093	-0.12	-0.064	2.044
2.26162600517	-0.12	-0.064	2.044
2.263712883	-0.12	-0.064	2.044
2.26579380035	-0.176	-0.068	2.044
2.26787400246	-0.176	-0.068	2.044
2.26995396614	-0.256	-0.072	2.044
2.27203392982	-0.256	-0.072	2.044
2.27412986755	-0.256	-0.072	2.044
2.27621102333	-0.328	-0.096	2.044
2.27829003334	-0.328	-0.096	2.044
2.28036999702	-0.396	-0.092	2.044
2.28245186806	-0.396	-0.092	2.044
2.28453302383	-0.448	-0.108	2.044
2.28661298752	-0.448	-0.108	2.044
2.28869485855	-0.448	-0.108	2.044
2.29077386856	-0.508	-0.112	2.044
2.2928609848	-0.508	-0.112	2.044
2.29493284225	-0.568	-0.108	2.044
2.29700684547	-0.568	-0.108	2.044
2.29907894135	-0.568	-0.108	2.044
2.3011507988	-0.616	-0.112	1.88
2.30322790146	-0.616	-0.112	1.88
2.30530691147	-0.676	-0.104	1.724
2.30738592148	-0.676	-0.104	1.724
2.30946493149	-0.676	-0.104	1.724
2.31154203415	-0.712	-0.128	1.532
2.31362700462	-0.712	-0.128	1.532
2.31570482254	-0.736	-0.12	1.356
2.31778383255	-0.736	-0.12	1.356
2.31986784935	-0.736	-0.12	1.356
2.32194590569	-0.752	-0.124	1.168
2.32402992249	-0.752	-0.124	1.168
2.32610988617	-0.756	-0.128	0.992
2.32818698883	-0.756	-0.128	0.992
2.33026385307	-0.764	-0.124	0.792
2.33235883713	-0.764	-0.124	0.792
2.33447694778	-0.764	-0.124	0.792
2.33655595779	-0.748	-0.14	0.612
2.33863401413	-0.748	-0.14	0.612
2.34071183205	-0.728	-0.16	0.436
2.34279584885	-0.728	-0.16	0.436
2.34487891197	-0.728	-0.16	0.436
2.34695696831	-0.712	-0.152	0.26
2.34903502464	-0.712	-0.152	0.26
2.35111403465	-0.676	-0.164	0.08
2.3531999588	-0.676	-0.164	0.08
2.35527801514	-0.676	-0.164	0.08
2.35735583305	-0.648	-0.176	-0.076
2.35943388939	-0.648	-0.176	-0.076
2.36151385307	-0.596	-0.204	-0.22
2.36360001564	-0.596	-0.204	-0.22
2.36567783356	-0.596	-0.204	-0.22
2.36775588989	-0.548	-0.2	-0.36
2.36983299255	-0.548	-0.2	-0.36
2.37191081047	-0.48	-0.2	-0.472
2.37399482727	-0.48	-0.2	-0.472
2.37607288361	-0.404	-0.216	-0.56
2.37815284729	-0.404	-0.216	-0.56
2.3802318573	-0.404	-0.216	-0.56
2.38231492043	-0.344	-0.2	-0.656
2.38439702988	-0.344	-0.2	-0.656
2.38647580147	-0.26	-0.196	-0.7
2.3885538578	-0.26	-0.196	-0.7
2.39064192772	-0.26	-0.196	-0.7
2.39272880554	-0.184	-0.2	-0.744
2.3948059082	-0.184	-0.2	-0.744
2.39700889587	-0.124	-0.208	-0.768
2.39909482002	-0.124	-0.208	-0.768
2.4011759758	-0.124	-0.208	-0.768
2.40326285362	-0.048	-0.176	-0.772
2.40534281731	-0.048	-0.176	-0.772
2.40742301941	0.056	-0.188	-0.756
2.40950298309	0.056	-0.188	-0.756
2.41158080101	0.056	-0.188	-0.756
2.41366481781	0.12	-0.188	-0.72
2.41574692726	0.12	-0.188	-0.72
2.41782879829	0.208	-0.188	-0.652
2.41990685463	0.208	-0.188	-0.652
2.42198586464	0.28	-0.16	-0.592
2.42406892776	0.28	-0.16	-0.592
2.42614889145	0.28	-0.16	-0.592
2.42822885513	0.352	-0.156	-0.488
2.43030595779	0.352	-0.156	-0.488
2.43239188194	0.424	-0.16	-0.392
2.43447089195	0.424	-0.16	-0.392
2.43654990196	0.424	-0.16	-0.392
2.43862986565	0.492	-0.168	-0.252
2.44070792198	0.492	-0.168	-0.252
2.44279193878	0.544	-0.136	-0.12
2.44487094879	0.544	-0.136	-0.12
2.44694781303	0.544	-0.136	-0.12
2.44904088974	0.584	-0.136	0.04
2.45112085342	0.584	-0.136	0.04
2.45320391655	0.624	-0.136	0.188
2.45528292656	0.624	-0.136	0.188
2.45736193657	0.624	-0.136	0.188
2.45943689346	0.656	-0.124	0.36
2.46151590347	0.656	-0.124	0.36
2.46359682083	0.688	-0.124	0.532
2.46567487717	0.688	-0.124	0.532
2.46775197983	0.716	-0.136	0.708
2.4698278904	0.716	-0.136	0.708
2.47190380096	0.716	-0.136	0.708
2.47398781776	0.72	-0.112	0.884
2.4760658741	0.72	-0.112	0.884
2.47814297676	0.72	-0.104	1.084
2.480219841	0.72	-0.104	1.084
2.48230290413	0.72	-0.104	1.084
2.48438286781	0.732	-0.1	1.276
2.48645997047	0.732	-0.1	1.276
2.48853683472	0.724	-0.096	1.464
2.4906167984	0.724	-0.096	1.464
2.4927008152	0.724	-0.096	1.464
2.49477887154	0.688	-0.072	1.632
2.49685883522	0.688	-0.072	1.632
2.49893784523	0.66	-0.068	1.788
2.50101590157	0.66	-0.068	1.788
2.50309801102	0.66	-0.068	1.788
2.5051779747	0.628	-0.052	1.96
2.5072748661	0.628	-0.052	1.96
2.50935292244	0.572	-0.036	2.044
2.51143097878	0.572	-0.036	2.044
2.51351881027	0.572	-0.036	2.044
2.51559591293	0.512	-0.032	2.044
2.51767396927	0.512	-0.032	2.044
2.51975488663	0.46	-0.024	2.044
2.52183294296	0.46	-0.024	2.044
2.52391695976	0.4	-0.028	2.044
2.52599692345	0.4	-0.028	2.044
2.52807283401	0.4	-0.028	2.044
2.53014993668	0.328	-0.036	2.044
2.53222584724	0.328	-0.036	2.044
2.53430891037	0.256	-0.028	2.044
2.53638792038	0.256	-0.028	2.044
2.53846383095	0.256	-0.028	2.044
2.54054188728	0.192	-0.04	2.044
2.54262781143	0.192	-0.04	2.044
2.54469585419	0.136	-0.036	2.044
2.54676890373	0.136	-0.036	2.044
2.54883790016	0.136	-0.036	2.044
2.55090689659	0.02	-0.048	2.044
2.55298280716	0.02	-0.048	2.044
2.55506491661	-0.072	-0.06	2.044
2.55714583397	-0.072	-0.06	2.044
2.55922293663	-0.072	-0.06	2.044
2.56130194664	-0.136	-0.08	2.044
2.56339001656	-0.136	-0.08	2.044
2.56547689438	-0.224	-0.076	2.044
2.56755590439	-0.224	-0.076	2.044
2.56963801384	-0.296	-0.084	2.044
2.57171583176	-0.296	-0.084	2.044
2.57380080223	-0.296	-0.084	2.044
2.57588291168	-0.356	-0.096	2.044
2.57796382904	-0.356	-0.096	2.044
2.58004403114	-0.428	-0.104	2.044
2.58212399483	-0.428	-0.104	2.044
2.5842089653	-0.428	-0.104	2.044
2.58628797531	-0.48	-0.104	2.044
2.58836698532	-0.48	-0.104	2.044
2.59044599533	-0.532	-0.104	2.044
2.59253191948	-0.532	-0.104	2.044
2.59460997581	-0.532	-0.104	2.044
2.59668898582	-0.584	-0.112	1.976
2.59876894951	-0.584	-0.112	1.976
2.60084700584	-0.648	-0.1	1.816
2.60293292999	-0.648	-0.1	1.816
2.60501289368	-0.648	-0.1	1.816
2.60709095001	-0.68	-0.104	1.648
2.60916996002	-0.68	-0.104	1.648
2.61125302315	-0.704	-0.116	1.468
2.61333680153	-0.704	-0.116	1.468
2.61541581154	-0.72	-0.136	1.292
2.61750102043	-0.72	-0.136	1.292
2.61957788467	-0.72	-0.136	1.292
2.62165689468	-0.744	-0.116	1.08
2.62375402451	-0.744	-0.116	1.08
2.62583303452	-0.764	-0.136	0.892
2.62791180611	-0.764	-0.136	0.892
2.62998890877	-0.764	-0.136	0.892
2.63206791878	-0.76	-0.136	0.72
2.63415503502	-0.76	-0.136	0.72
2.63623189926	-0.728	-0.148	0.516
2.63831090927	-0.728	-0.148	0.516
2.6404299736	-0.728	-0.148	0.516
2.64252281189	-0.712	-0.152	0.356
2.6446018219	-0.712	-0.152	0.356
2.64668083191	-0.7	-0.164	0.18
2.64876294136	-0.7	-0.164	0.18
2.6508398056	-0.7	-0.164	0.18
2.6529250145	-0.66	-0.168	0.008
2.65500497818	-0.66	-0.168	0.008
2.65708303452	-0.616	-0.184	-0.144
2.65916180611	-0.616	-0.184	-0.144
2.66123986244	-0.584	-0.2	-0.28
2.66332483292	-0.584	-0.2	-0.28
2.66540694237	-0.584	-0.2	-0.28
2.6674849987	-0.512	-0.204	-0.408
2.66956281662	-0.512	-0.204	-0.408
2.6716439724	-0.448	-0.216	-0.504
2.67372703552	-0.448	-0.216	-0.504
2.67580986023	-0.448	-0.216	-0.504
2.67788982391	-0.384	-0.216	-0.6
2.67996788025	-0.384	-0.216	-0.6
2.68205690384	-0.312	-0.208	-0.672
2.68414187431	-0.312	-0.208	-0.672
2.68622493744	-0.312	-0.208	-0.672
2.68830394745	-0.22	-0.208	-0.724
2.69038486481	-0.22	-0.208	-0.724
2.69246888161	-0.144	-0.2	-0.756
2.69454884529	-0.144	-0.2	-0.756
2.6966278553	-0.144	-0.2	-0.756
2.69870686531	-0.076	-0.204	-0.764
2.70078802109	-0.076	-0.204	-0.764
2.70287299156	0.012	-0.188	-0.756
2.70495295525	0.012	-0.188	-0.756
2.70703697205	0.012	-0.188	-0.756
2.70911502838	0.092	-0.192	-0.74
2.71119499207	0.092	-0.192	-0.74
2.71328186989	0.156	-0.176	-0.7
2.71535992622	0.156	-0.176	-0.7
2.71743893623	0.224	-0.184	-0.632
2.71951889992	0.224	-0.184	-0.632
2.72159695625	0.224	-0.184	-0.632
2.72368097305	0.312	-0.16	-0.544
2.72575902939	0.312	-0.16	-0.544
2.72783684731	0.384	-0.16	-0.448
2.72991800308	0.384	-0.16	-0.448
2.73199486732	0.384	-0.16	-0.448
2.73407793045	0.456	-0.152	-0.336
2.73615884781	0.456	-0.152	-0.336
2.73823595047	0.496	-0.144	-0.204
2.74032688141	0.496	-0.144	-0.204
2.74241280556	0.496	-0.144	-0.204
2.74449086189	0.548	-0.12	-0.052
2.74656891823	0.548	-0.12	-0.052
2.74864792824	0.612	-0.14	0.104
2.75072383881	0.612	-0.14	0.104
2.75280785561	0.612	-0.14	0.104
2.75488591194	0.644	-0.136	0.26
2.7569630146	0.644	-0.136	0.26
2.75904083252	0.684	-0.124	0.448
2.76111793518	0.684	-0.124	0.448
2.76320195198	0.7	-0.128	0.604
2.76528191566	0.7	-0.128	0.604
2.76735782623	0.7	-0.128	0.604
2.76943492889	0.72	-0.128	0.812
2.77151489258	0.72	-0.128	0.812
2.77360081673	0.72	-0.116	0.992
2.77568292618	0.72	-0.116	0.992
2.7777659893	0.72	-0.116	0.992
2.77984380722	0.736	-0.116	1.192
2.78192281723	0.736	-0.116	1.192
2.78400588036	0.736	-0.1	1.372
2.78608584404	0.736	-0.1	1.372
2.78816485405	0.736	-0.1	1.372
2.79024100304	0.704	-0.084	1.528
2.79232597351	0.704	-0.084	1.528
2.79439902306	0.668	-0.068	1.724
2.79646801949	0.668	-0.068	1.724
2.7985470295	0.668	-0.068	1.724
2.80061602592	0.644	-0.06	1.876
2.80268788338	0.644	-0.06	1.876
2.80476498604	0.616	-0.048	2.036
2.80683588982	0.616	-0.048	2.036
2.80891180038	0.536	-0.04	2.044
2.81098198891	0.536	-0.04	2.044
2.81305789948	0.536	-0.04	2.044
2.81514191628	0.488	-0.004	2.044
2.81722187996	0.488	-0.004	2.044
2.81929993629	0.436	-0.032	2.044
2.82137680054	0.436	-0.032	2.044
2.82348585129	0.436	-0.032	2.044
2.82556581497	0.376	-0.036	2.044
2.82764482498	0.376	-0.036	2.044
2.82972288132	0.292	-0.036	2.044
2.831802845	0.292	-0.036	2.044
2.83388495445	0.292	-0.036	2.044
2.83596682549	0.22	-0.036	2.044
2.83804702759	0.22	-0.036	2.044
2.84012389183	0.16	-0.036	2.044
2.84220290184	0.16	-0.036	2.044
2.84428882599	0.16	-0.036	2.044
2.84636497498	0.076	-0.048	2.044
2.84844398499	0.076	-0.048	2.044
2.8505218029	-0.004	-0.064	2.044
2.85260796547	-0.004	-0.064	2.044
2.85468697548	-0.004	-0.064	2.044
2.85677695274	-0.1	-0.06	2.044
2.85885691643	-0.1	-0.06	2.044
2.86093592644	-0.172	-0.072	2.044
2.86301994324	-0.172	-0.072	2.044
2.8651008606	-0.252	-0.084	2.044
2.86718082428	-0.252	-0.084	2.044
2.86926198006	-0.252	-0.084	2.044
2.87133979797	-0.328	-0.084	2.044
2.87349200249	-0.328	-0.084	2.044
2.87557387352	-0.396	-0.104	2.044
2.8776538372	-0.396	-0.104	2.044
2.87973284721	-0.396	-0.104	2.044
2.88181090355	-0.46	-0.108	2.044
2.88389182091	-0.46	-0.108	2.044
2.88597488403	-0.512	-0.1	2.044
2.88805484772	-0.512	-0.1	2.044
2.89013290405	-0.512	-0.1	2.044
2.89221191406	-0.568	-0.108	2.044
2.89429783821	-0.568	-0.108	2.044
2.89637589455	-0.616	-0.108	1.904
2.89845490456	-0.616	-0.108	1.904
2.90053796768	-0.616	-0.108	1.904
2.90262293816	-0.656	-0.116	1.736
2.90470385551	-0.656	-0.116	1.736
2.90678286552	-0.7	-0.1	1.564
2.90886187553	-0.7	-0.1	1.564
2.91093993187	-0.736	-0.12	1.376
2.91302585602	-0.736	-0.12	1.376
2.91511487961	-0.736	-0.12	1.376
2.91719484329	-0.74	-0.128	1.188
2.91927194595	-0.74	-0.128	1.188
2.92135286331	-0.744	-0.12	1.008
2.9234650135	-0.744	-0.12	1.008
2.92554593086	-0.744	-0.12	1.008
2.92762494087	-0.756	-0.132	0.816
2.92970395088	-0.756	-0.132	0.816
2.93178081512	-0.744	-0.144	0.62
2.93386793137	-0.744	-0.144	0.62
2.93594884872	-0.744	-0.144	0.62
2.93802690506	-0.736	-0.156	0.44
2.94010591507	-0.736	-0.156	0.44
2.94218683243	-0.704	-0.168	0.268
2.94427084923	-0.704	-0.168	0.268
2.94634985924	-0.704	-0.168	0.268
2.94842886925	-0.688	-0.176	0.088
2.95050597191	-0.688	-0.176	0.088
2.95259094238	-0.636	-0.168	-0.064
2.95467400551	-0.636	-0.168	-0.064
2.95675182343	-0.6	-0.184	-0.216
2.95883202553	-0.6	-0.184	-0.216
2.96091294289	-0.6	-0.184	-0.216
2.96299791336	-0.536	-0.204	-0.34
2.96508288383	-0.536	-0.204	-0.34
2.96716284752	-0.484	-0.208	-0.468
2.9692428112	-0.484	-0.208	-0.468
2.97132182121	-0.484	-0.208	-0.468
2.97347688675	-0.408	-0.208	-0.556
2.97556185722	-0.408	-0.208	-0.556
2.97764086723	-0.352	-0.212	-0.68
2.97971987724	-0.352	-0.212	-0.68
2.98180103302	-0.352	-0.212	-0.68
2.98394083977	-0.268	-0.208	-0.716
2.98602390289	-0.268	-0.208	-0.716
2.98810386658	-0.184	-0.208	-0.748
2.99018597603	-0.184	-0.208	-0.748
2.99226403236	-0.1	-0.212	-0.768
2.99434685707	-0.1	-0.212	-0.768
2.99642801285	-0.1	-0.212	-0.768
2.99851083755	-0.024	-0.18	-0.784
3.00059199333	-0.024	-0.18	-0.784
3.00267887115	0.052	-0.18	-0.752
3.00475692749	0.052	-0.18	-0.752
3.00683498383	0.052	-0.18	-0.752
3.00891494751	0.116	-0.176	-0.704
3.01099491119	0.116	-0.176	-0.704
3.01308202744	0.204	-0.184	-0.64
3.01515197754	0.204	-0.184	-0.64
3.01722383499	0.204	-0.184	-0.64
3.01929593086	0.276	-0.172	-0.58
3.02136588097	0.276	-0.172	-0.58
3.02349996567	0.344	-0.148	-0.496
3.02558088303	0.344	-0.148	-0.496
3.02765893936	0.344	-0.148	-0.496
3.02973985672	0.416	-0.156	-0.392
3.03183197975	0.416	-0.156	-0.392
3.03391695023	0.488	-0.152	-0.252
3.03599500656	0.488	-0.152	-0.252
3.03807401657	0.488	-0.152	-0.252
3.04014992714	0.528	-0.144	-0.132
3.04222798347	0.528	-0.144	-0.132
3.04430890083	0.588	-0.14	0.016
3.04637789726	0.588	-0.14	0.016
3.04844784737	0.636	-0.14	0.16
3.0505168438	0.636	-0.14	0.16
3.05259084702	0.636	-0.14	0.16
3.05467200279	0.648	-0.132	0.36
3.05674886703	0.648	-0.132	0.36
3.05882787704	0.7	-0.128	0.532
3.06090283394	0.7	-0.128	0.532
3.06298899651	0.7	-0.128	0.532
3.06507182121	0.716	-0.116	0.708
3.0671479702	0.716	-0.116	0.708
3.06922483444	0.72	-0.12	0.888
3.07130289078	0.72	-0.12	0.888
3.07338690758	0.72	-0.12	0.888
3.07546281815	0.724	-0.108	1.088
3.07753992081	0.724	-0.108	1.088
3.07961702347	0.732	-0.096	1.26
3.08169603348	0.732	-0.096	1.26
3.08377480507	0.732	-0.096	1.26
3.08585691452	0.716	-0.092	1.472
3.08793497086	0.716	-0.092	1.472
3.09002184868	0.692	-0.092	1.632
3.09209990501	0.692	-0.092	1.632
3.0941889286	0.656	-0.072	1.804
3.09626698494	0.656	-0.072	1.804
3.09834480286	0.656	-0.072	1.804
3.10042095184	0.632	-0.048	1.976
3.10250496864	0.632	-0.048	1.976
3.10458397865	0.564	-0.056	2.044
3.1066608429	0.564	-0.056	2.044
3.10873794556	0.564	-0.056	2.044
3.11081600189	0.512	-0.044	2.044
3.11290383339	0.512	-0.044	2.044
3.11498498917	0.46	-0.024	2.044
3.11706399918	0.46	-0.024	2.044
3.11919093132	0.46	-0.024	2.044
3.12130498886	0.404	-0.04	2.044
3.12338495255	0.404	-0.04	2.044
3.12545895576	0.32	-0.028	2.044
3.12753486633	0.32	-0.028	2.044
3.1296069622	0.32	-0.028	2.044
3.1318500042	0.252	-0.02	2.044
3.1340379715	0.252	-0.02	2.044
3.13620781898	0.188	-0.032	2.044
3.13838386536	0.188	-0.032	2.044
3.14050197601	0.128	-0.04	2.044
3.14268088341	0.128	-0.04	2.044
3.14483785629	0.128	-0.04	2.044
3.14694285393	0.024	-0.052	2.044
3.14927792549	0.024	-0.052	2.044
3.1514749527	-0.044	-0.056	2.044
3.15364098549	-0.044	-0.056	2.044
3.1557238102	-0.136	-0.068	2.044
3.15784788132	-0.136	-0.068	2.044
3.16004991531	-0.136	-0.068	2.044
3.16223692894	-0.216	-0.084	2.044
3.16444683075	-0.216	-0.084	2.044
3.16663098335	-0.296	-0.08	2.044
3.16882300377	-0.296	-0.08	2.044
3.17102098465	-0.376	-0.088	2.044
3.17320489883	-0.376	-0.088	2.044
3.17535996437	-0.376	-0.088	2.044
3.17747282982	-0.432	-0.108	2.044
3.17956399918	-0.432	-0.108	2.044
3.1816368103	-0.496	-0.088	2.044
3.18374490738	-0.496	-0.088	2.044
3.18581700325	-0.548	-0.1	2.044
3.18789100647	-0.548	-0.1	2.044
3.19003200531	-0.548	-0.1	2.044
3.19212293625	-0.592	-0.108	1.964
3.19420480728	-0.592	-0.108	1.964
3.19627594948	-0.652	-0.112	1.8
3.19834780693	-0.652	-0.112	1.8
3.20041680336	-0.652	-0.112	1.8
3.20248794556	-0.672	-0.124	1.632
3.20455980301	-0.672	-0.124	1.632
3.20662879944	-0.724	-0.116	1.448
3.20871281624	-0.724	-0.116	1.448
3.21078491211	-0.724	-0.116	1.448
3.21285486221	-0.74	-0.124	1.256
3.21492600441	-0.74	-0.124	1.256
3.21700882912	-0.752	-0.124	1.068
3.21907901764	-0.752	-0.124	1.068
3.22114801407	-0.752	-0.124	1.068
3.22321891785	-0.764	-0.124	0.876
3.22529697418	-0.764	-0.124	0.876
3.22736692429	-0.756	-0.132	0.688
3.22943592072	-0.756	-0.132	0.688
3.23150587082	-0.756	-0.132	0.688
3.23358798027	-0.74	-0.144	0.504
3.23567080498	-0.74	-0.144	0.504
3.23774790764	-0.72	-0.152	0.328
3.23982596397	-0.72	-0.152	0.328
3.24191784859	-0.688	-0.172	0.156
3.24399781227	-0.688	-0.172	0.156
3.24607491493	-0.688	-0.172	0.156
3.24815201759	-0.648	-0.176	0.016
3.2502310276	-0.648	-0.176	0.016
3.25231385231	-0.608	-0.192	-0.152
3.25439286232	-0.608	-0.192	-0.152
3.25647187233	-0.608	-0.192	-0.152
3.2585568428	-0.568	-0.18	-0.288
3.26063489914	-0.568	-0.18	-0.288
3.26271891594	-0.516	-0.204	-0.404
3.26479887962	-0.516	-0.204	-0.404
3.26688790321	-0.516	-0.204	-0.404
3.26896691322	-0.448	-0.204	-0.524
3.27104496956	-0.448	-0.204	-0.524
3.2731449604	-0.388	-0.212	-0.608
3.27521800995	-0.388	-0.212	-0.608
3.27728891373	-0.388	-0.212	-0.608
3.27935791016	-0.316	-0.216	-0.68
3.28143000603	-0.316	-0.216	-0.68
3.28359293938	-0.2	-0.208	-0.74
3.28567790985	-0.2	-0.208	-0.74
3.28775882721	-0.148	-0.212	-0.756
3.28984498978	-0.148	-0.212	-0.756
3.29192399979	-0.148	-0.212	-0.756
3.29400992393	-0.052	-0.2	-0.768
3.29608798027	-0.052	-0.2	-0.768
3.29816699028	0.024	-0.184	-0.768
3.30024385452	0.024	-0.184	-0.768
3.30232286453	0.024	-0.184	-0.768
3.30440092087	0.104	-0.2	-0.72
3.3064789772	0.104	-0.2	-0.72
3.30855584145	0.172	-0.176	-0.684
3.31063294411	0.172	-0.176	-0.684
3.31271696091	0.172	-0.176	-0.684
3.31479501724	0.224	-0.156	-0.612
3.31687092781	0.224	-0.156	-0.612
3.31894898415	0.288	-0.152	-0.52
3.32103681564	0.288	-0.152	-0.52
3.32312488556	0.288	-0.152	-0.52
3.3252120018	0.388	-0.148	-0.436
3.32729101181	0.388	-0.148	-0.436
3.32936882973	0.452	-0.148	-0.32
3.33144593239	0.452	-0.148	-0.32
3.33352994919	0.504	-0.156	-0.192
3.33560585976	0.504	-0.156	-0.192
3.33768582344	0.504	-0.156	-0.192
3.3397629261	0.564	-0.132	-0.04
3.341837883	0.564	-0.132	-0.04
3.3439218998	0.612	-0.144	0.104
3.34599781036	0.612	-0.144	0.104
3.34807395935	0.612	-0.144	0.104
3.35014986992	0.648	-0.128	0.288
3.35222601891	0.648	-0.128	0.288
3.35431480408	0.672	-0.148	0.448
3.35639190674	0.672	-0.148	0.448
3.35846781731	0.672	-0.148	0.448
3.36054301262	0.7	-0.128	0.628
3.36262583733	0.7	-0.128	0.628
3.36470198631	0.72	-0.12	0.808
3.36677789688	0.72	-0.12	0.808
3.3688750267	0.72	-0.12	0.808
3.37095189095	0.72	-0.108	1.0
3.37308382988	0.72	-0.108	1.0
3.37515902519	0.732	-0.092	1.192
3.37723684311	0.732	-0.092	1.192
3.37931394577	0.728	-0.092	1.38
3.38138985634	0.728	-0.092	1.38
3.38348293304	0.728	-0.092	1.38
3.38556194305	0.716	-0.088	1.564
3.38764095306	0.716	-0.088	1.564
3.38971781731	0.68	-0.072	1.728
3.39179396629	0.68	-0.072	1.728
3.39387798309	0.68	-0.072	1.728
3.39595580101	0.652	-0.06	1.928
3.39803099632	0.652	-0.06	1.928
3.40010786057	0.62	-0.048	2.044
3.4021859169	0.62	-0.048	2.044
3.40426898003	0.62	-0.048	2.044
3.40634489059	0.528	-0.04	2.044
3.40842080116	0.528	-0.04	2.044
3.4104988575	0.48	-0.032	2.044
3.41258001328	0.48	-0.032	2.044
3.41465687752	0.48	-0.032	2.044
3.41673398018	0.424	-0.02	2.044
3.41881680489	0.424	-0.02	2.044
3.42089295387	0.352	-0.024	2.044
3.42297482491	0.352	-0.024	2.044
3.42505788803	0.352	-0.024	2.044
3.42713499069	0.284	-0.044	2.044
3.42921090126	0.284	-0.044	2.044
3.43128585815	0.212	-0.036	2.044
3.43336987495	0.212	-0.036	2.044
3.43544697762	0.144	-0.04	2.044
3.43752098083	0.144	-0.04	2.044
3.43959498405	0.144	-0.04	2.044
3.4416809082	0.072	-0.06	2.044
3.44376397133	0.072	-0.06	2.044
3.44584393501	-0.016	-0.072	2.044
3.44792079926	-0.016	-0.072	2.044
3.44999980927	-0.016	-0.072	2.044
3.45208001137	-0.1	-0.076	2.044
3.45416283607	-0.1	-0.076	2.044
3.45624089241	-0.18	-0.068	2.044
3.45831990242	-0.18	-0.068	2.044
3.46039700508	-0.18	-0.068	2.044
3.46247982979	-0.252	-0.08	2.044
3.46455788612	-0.252	-0.08	2.044
3.46663689613	-0.336	-0.092	2.044
3.46871495247	-0.336	-0.092	2.044
3.47079086304	-0.336	-0.092	2.044
3.47289085388	-0.4	-0.1	2.044
3.47496199608	-0.4	-0.1	2.044
3.47703099251	-0.468	-0.104	2.044
3.47910284996	-0.468	-0.104	2.044
3.48118400574	-0.548	-0.092	2.044
3.48326396942	-0.548	-0.092	2.044
3.48534584045	-0.548	-0.092	2.044
3.48742699623	-0.584	-0.1	2.032
3.48950481415	-0.584	-0.1	2.032
3.49158287048	-0.62	-0.112	1.876
3.49366688728	-0.62	-0.112	1.876
3.49576187134	-0.62	-0.112	1.876
3.49784183502	-0.664	-0.12	1.7
3.49992990494	-0.664	-0.12	1.7
3.50200796127	-0.712	-0.112	1.524
3.5040910244	-0.712	-0.112	1.524
3.50616884232	-0.712	-0.112	1.524
3.50824594498	-0.732	-0.116	1.348
3.51032280922	-0.732	-0.116	1.348
3.51240587234	-0.748	-0.12	1.168
3.51448392868	-0.748	-0.12	1.168
3.51656579971	-0.748	-0.12	1.168
3.5186419487	-0.74	-0.148	0.968
3.52072000504	-0.74	-0.148	0.968
3.52280402184	-0.764	-0.128	0.788
3.52488183975	-0.764	-0.128	0.788
3.52695894241	-0.764	-0.128	0.788
3.52904987335	-0.748	-0.144	0.592
3.53112792969	-0.748	-0.144	0.592
3.53321194649	-0.732	-0.16	0.412
3.53528881073	-0.732	-0.16	0.412
3.53736782074	-0.708	-0.168	0.232
3.5394449234	-0.708	-0.168	0.232
3.54152083397	-0.708	-0.168	0.232
3.54360485077	-0.672	-0.164	0.06
3.54568481445	-0.672	-0.164	0.06
3.54776501656	-0.628	-0.18	-0.088
3.54984402657	-0.628	-0.18	-0.088
3.55192184448	-0.628	-0.18	-0.088
3.55400085449	-0.588	-0.176	-0.232
3.55607891083	-0.588	-0.176	-0.232
3.55817890167	-0.532	-0.188	-0.36
3.56025695801	-0.532	-0.188	-0.36
3.56234192848	-0.532	-0.188	-0.36
3.56442093849	-0.472	-0.196	-0.472
3.56649780273	-0.472	-0.196	-0.472
3.56857585907	-0.404	-0.212	-0.576
3.57065486908	-0.404	-0.212	-0.576
3.57273888588	-0.404	-0.212	-0.576
3.57481694221	-0.34	-0.2	-0.652
3.57691502571	-0.34	-0.2	-0.652
3.5789949894	-0.264	-0.204	-0.7
3.58107590675	-0.264	-0.204	-0.7
3.58316087723	-0.184	-0.22	-0.756
3.58524084091	-0.184	-0.22	-0.756
3.58731889725	-0.184	-0.22	-0.756
3.58939695358	-0.108	-0.224	-0.772
3.59147381783	-0.108	-0.224	-0.772
3.59355998039	-0.024	-0.188	-0.78
3.59563994408	-0.024	-0.188	-0.78
3.59771895409	-0.024	-0.188	-0.78
3.59979701042	0.072	-0.184	-0.748
3.60187482834	0.072	-0.184	-0.748
3.60395884514	0.136	-0.18	-0.708
3.6060359478	0.136	-0.18	-0.708
3.60811400414	0.136	-0.18	-0.708
3.61019182205	0.208	-0.18	-0.644
3.61227297783	0.208	-0.18	-0.644
3.61439180374	0.288	-0.156	-0.576
3.61647987366	0.288	-0.156	-0.576
3.61855792999	0.288	-0.156	-0.576
3.62063503265	0.364	-0.156	-0.484
3.62271785736	0.364	-0.156	-0.484
3.6247959137	0.436	-0.136	-0.384
3.62687397003	0.436	-0.136	-0.384
3.62895083427	0.476	-0.152	-0.252
3.63102698326	0.476	-0.152	-0.252
3.63311195374	0.476	-0.152	-0.252
3.63519001007	0.54	-0.136	-0.112
3.63726687431	0.54	-0.136	-0.112
3.6393430233	0.588	-0.14	0.044
3.64142203331	0.588	-0.14	0.044
3.64350581169	0.588	-0.14	0.044
3.6455848217	0.632	-0.128	0.2
3.64766097069	0.632	-0.128	0.2
3.64973783493	0.664	-0.132	0.376
3.65181398392	0.664	-0.132	0.376
3.65389585495	0.664	-0.132	0.376
3.65597200394	0.712	-0.136	0.556
3.65804886818	0.712	-0.136	0.556
3.66012382507	0.712	-0.132	0.736
3.66219997406	0.712	-0.132	0.736
3.66428184509	0.712	-0.132	0.736
3.66635799408	0.72	-0.116	0.924
3.66843485832	0.72	-0.116	0.924
3.67050981522	0.72	-0.096	1.104
3.67259192467	0.72	-0.096	1.104
3.674669981	0.72	-0.096	1.3
3.67674183846	0.72	-0.096	1.3
3.67880892754	0.72	-0.096	1.3
3.68089079857	0.724	-0.096	1.492
3.68296480179	0.724	-0.096	1.492
3.68504595757	0.684	-0.072	1.656
3.6871240139	0.684	-0.072	1.656
3.6892118454	0.684	-0.072	1.656
3.69128799438	0.664	-0.052	1.824
3.69337081909	0.664	-0.052	1.824
3.69544696808	0.624	-0.04	1.976
3.7046289444	0.576	-0.04	2.044
3.70678400993	0.504	-0.04	2.044
3.70886397362	0.504	-0.04	2.044
3.71094083786	0.464	-0.032	2.044
3.71304893494	0.464	-0.032	2.044
3.71512699127	0.464	-0.032	2.044
3.71721196175	0.384	-0.02	2.044
3.71929001808	0.384	-0.02	2.044
3.72136902809	0.308	-0.028	2.044
3.72350001335	0.308	-0.028	2.044
3.72557592392	0.308	-0.028	2.044
3.72765183449	0.24	-0.04	2.044
3.72972989082	0.24	-0.04	2.044
3.73180580139	0.168	-0.032	2.044
3.73390102386	0.168	-0.032	2.044
3.73597884178	0.096	-0.052	2.044
3.73805785179	0.096	-0.052	2.044
3.74016189575	0.096	-0.052	2.044
3.74223899841	0.008	-0.06	2.044
3.74432301521	0.008	-0.06	2.044
3.74640083313	-0.072	-0.064	2.044
3.74848484993	-0.072	-0.064	2.044
3.75056290627	-0.072	-0.064	2.044
3.75264596939	-0.136	-0.068	2.044
3.75472593307	-0.136	-0.068	2.044
3.75680494308	-0.22	-0.076	2.044
3.75888395309	-0.22	-0.076	2.044
3.76097297668	-0.22	-0.076	2.044
3.76305794716	-0.3	-0.092	2.044
3.76513600349	-0.3	-0.092	2.044
3.76721286774	-0.364	-0.092	2.044
3.76929283142	-0.364	-0.092	2.044
3.77137088776	-0.364	-0.092	2.044
3.77355003357	-0.436	-0.096	2.044
3.77562999725	-0.436	-0.096	2.044
3.77770996094	-0.496	-0.1	2.044
3.77978897095	-0.496	-0.1	2.044
3.78187298775	-0.548	-0.108	2.044
3.7839589119	-0.548	-0.108	2.044
3.78603792191	-0.548	-0.108	2.044
3.78811597824	-0.588	-0.092	1.928
3.79019284248	-0.588	-0.092	1.928
3.79227089882	-0.632	-0.104	1.792
3.79438185692	-0.632	-0.104	1.792
3.79645991325	-0.632	-0.104	1.792
3.7985470295	-0.688	-0.116	1.604
3.80062484741	-0.688	-0.116	1.604
3.8027048111	-0.712	-0.112	1.44
3.80478286743	-0.712	-0.112	1.44
3.80685901642	-0.712	-0.112	1.44
3.80894994736	-0.732	-0.128	1.252
3.81102800369	-0.732	-0.128	1.252
3.81310987473	-0.76	-0.124	1.072
3.81524682045	-0.76	-0.124	1.072
3.81732988358	-0.768	-0.136	0.876
3.81940698624	-0.768	-0.136	0.876
3.8214828968	-0.768	-0.136	0.876
3.8235669136	-0.784	-0.128	0.704
3.82564496994	-0.784	-0.128	0.704
3.82772183418	-0.744	-0.152	0.504
3.82979893684	-0.744	-0.152	0.504
3.83187580109	-0.744	-0.152	0.504
3.83396291733	-0.724	-0.16	0.324
3.83604097366	-0.724	-0.16	0.324
3.83811783791	-0.692	-0.168	0.148
3.84019589424	-0.692	-0.168	0.148
3.84227180481	-0.692	-0.168	0.148
3.844383955	-0.652	-0.16	0.0
3.84645700455	-0.652	-0.16	0.0
3.84852790833	-0.596	-0.196	-0.16
3.85060787201	-0.596	-0.196	-0.16
3.85269188881	-0.596	-0.196	-0.16
3.85477089882	-0.568	-0.2	-0.296
3.85685896873	-0.568	-0.2	-0.296
3.85893797874	-0.48	-0.204	-0.42
3.86101794243	-0.48	-0.204	-0.42
3.86310100555	-0.48	-0.204	-0.42
3.86519384384	-0.444	-0.2	-0.528
3.86727285385	-0.444	-0.2	-0.528
3.86934900284	-0.368	-0.224	-0.612
3.87142586708	-0.368	-0.224	-0.612
3.87350893021	-0.308	-0.208	-0.676
3.87557888031	-0.308	-0.208	-0.676
3.87765097618	-0.308	-0.208	-0.676
3.87972092628	-0.192	-0.208	-0.736
3.88179397583	-0.192	-0.208	-0.736
3.88387989998	-0.144	-0.212	-0.76
3.88596200943	-0.144	-0.212	-0.76
3.88804101944	-0.144	-0.212	-0.76
3.89012002945	-0.064	-0.192	-0.776
3.89219880104	-0.064	-0.192	-0.776
3.89428281784	0.028	-0.176	-0.776
3.89636087418	0.028	-0.176	-0.776
3.89843988419	0.028	-0.176	-0.776
3.90051698685	0.096	-0.184	-0.74
3.90259981155	0.096	-0.184	-0.74
3.90467691422	0.172	-0.184	-0.68
3.90675497055	0.172	-0.184	-0.68
3.90883183479	0.172	-0.184	-0.68
3.91091299057	0.232	-0.164	-0.628
3.91300487518	0.232	-0.164	-0.628
3.91509485245	0.316	-0.148	-0.528
3.91717290878	0.316	-0.148	-0.528
3.91924881935	0.388	-0.164	-0.436
3.92132687569	0.388	-0.164	-0.436
3.92343783379	0.388	-0.164	-0.436
3.92551589012	0.448	-0.148	-0.312
3.92759084702	0.448	-0.148	-0.312
3.9296708107	0.52	-0.16	-0.176
3.93174886703	0.52	-0.16	-0.176
3.93383288383	0.52	-0.16	-0.176
3.9359099865	0.572	-0.136	-0.048
3.93799996376	0.572	-0.136	-0.048
3.940076828	0.612	-0.144	0.116
3.94215703011	0.612	-0.144	0.116
3.94423985481	0.612	-0.144	0.116
3.94631695747	0.652	-0.14	0.272
3.94839286804	0.652	-0.14	0.272
3.95046901703	0.692	-0.124	0.452
3.95255088806	0.692	-0.124	0.452
3.95462679863	0.692	-0.124	0.452
3.95670294762	0.712	-0.132	0.636
3.95877885818	0.712	-0.132	0.636
3.96085500717	0.72	-0.12	0.82
3.96293783188	0.72	-0.12	0.82
3.96501493454	0.72	-0.112	0.996
3.96709084511	0.72	-0.112	0.996
3.96916794777	0.72	-0.112	0.996
3.97124290466	0.72	-0.112	1.196
3.9733338356	0.72	-0.112	1.196
3.97541499138	0.72	-0.1	1.376
3.97749400139	0.72	-0.1	1.376
3.97956991196	0.72	-0.1	1.376
3.98164486885	0.696	-0.08	1.576
3.98372888565	0.696	-0.08	1.576
3.98580694199	0.652	-0.064	1.716
3.98788285255	0.652	-0.064	1.716
3.98996281624	0.652	-0.064	1.716
3.99204087257	0.644	-0.06	1.888
3.9941368103	0.644	-0.06	1.888
3.99621486664	0.616	-0.056	2.044
3.99829101562	0.616	-0.056	2.044
4.00036692619	0.616	-0.056	2.044
4.00245094299	0.552	-0.036	2.044
4.00452780724	0.552	-0.036	2.044
4.00660681725	0.496	-0.024	2.044
4.00868391991	0.496	-0.024	2.044
4.01076292992	0.496	-0.024	2.044
4.01284480095	0.428	0.012	2.044
4.01491999626	0.428	0.012	2.044
4.01700282097	0.372	-0.024	2.044
4.01908183098	0.372	-0.024	2.044
4.02115797997	0.276	-0.052	2.044
4.02323484421	0.276	-0.052	2.044
4.02531290054	0.276	-0.052	2.044
4.02738785744	0.224	-0.032	2.044
4.02946281433	0.224	-0.032	2.044
4.03154587746	0.148	-0.04	2.044
4.03362894058	0.148	-0.04	2.044
4.03570485115	0.148	-0.04	2.044
4.03777980804	0.056	-0.036	2.044
4.03986001015	0.056	-0.036	2.044
4.04193782806	-0.024	-0.06	2.044
4.04401803017	-0.024	-0.06	2.044
4.0460870266	-0.024	-0.06	2.044
4.04815602303	-0.108	-0.068	2.044
4.05022597313	-0.108	-0.068	2.044
4.05236291885	-0.168	-0.072	2.044
4.05444502831	-0.168	-0.072	2.044
4.0565237999	-0.168	-0.072	2.044
4.05860280991	-0.244	-0.072	2.044
4.06067895889	-0.244	-0.072	2.044
4.06276202202	-0.344	-0.1	2.044
4.06483983994	-0.344	-0.1	2.044
4.06691789627	-0.396	-0.096	2.044
4.06899499893	-0.396	-0.096	2.044
4.07107591629	-0.396	-0.096	2.044
4.07316184044	-0.464	-0.096	2.044
4.07523298264	-0.464	-0.096	2.044
4.07730197906	-0.512	-0.112	2.044
4.07937002182	-0.512	-0.112	2.044
4.0814409256	-0.512	-0.112	2.044
4.083537817	-0.568	-0.112	2.036
4.08561682701	-0.568	-0.112	2.036
4.08769392967	-0.62	-0.108	1.892
4.08978390694	-0.62	-0.108	1.892
4.09186196327	-0.62	-0.108	1.892
4.09394598007	-0.648	-0.116	1.736
4.09602284431	-0.648	-0.116	1.736
4.09810090065	-0.696	-0.112	1.556
4.10017800331	-0.696	-0.112	1.556
4.10225486755	-0.696	-0.112	1.556
4.1043419838	-0.728	-0.128	1.38
4.10642194748	-0.728	-0.128	1.38
4.10849881172	-0.732	-0.124	1.188
4.11057591438	-0.732	-0.124	1.188
4.11265993118	-0.76	-0.128	1.0
4.11473584175	-0.76	-0.128	1.0
4.1168088913	-0.76	-0.128	1.0
4.11888289452	-0.764	-0.132	0.804
4.12098002434	-0.764	-0.132	0.804
4.12306284904	-0.76	-0.144	0.624
4.12514090538	-0.76	-0.144	0.624
4.12721800804	-0.76	-0.144	0.624
4.12929701805	-0.728	-0.156	0.416
4.13137388229	-0.728	-0.156	0.416
4.13348889351	-0.712	-0.164	0.256
4.13556981087	-0.712	-0.164	0.256
4.13765096664	-0.712	-0.164	0.256
4.13972783089	-0.676	-0.172	0.084
4.14180397987	-0.676	-0.172	0.084
4.14388799667	-0.632	-0.196	-0.064
4.14596700668	-0.632	-0.196	-0.064
4.14806389809	-0.632	-0.196	-0.064
4.15014195442	-0.58	-0.212	-0.248
4.15222001076	-0.58	-0.212	-0.248
4.15430498123	-0.532	-0.2	-0.34
4.15638279915	-0.532	-0.2	-0.34
4.15846085548	-0.532	-0.2	-0.34
4.16053795815	-0.472	-0.204	-0.464
4.16262388229	-0.472	-0.204	-0.464
4.16470098495	-0.424	-0.2	-0.552
4.16679787636	-0.424	-0.2	-0.552
4.16888093948	-0.348	-0.216	-0.644
4.17097592354	-0.348	-0.216	-0.644
4.1730568409	-0.348	-0.216	-0.644
4.17513680458	-0.256	-0.208	-0.696
4.17721891403	-0.256	-0.208	-0.696
4.17929697037	-0.196	-0.204	-0.752
4.18137383461	-0.196	-0.204	-0.752
4.18350791931	-0.196	-0.204	-0.752
4.18559002876	-0.12	-0.204	-0.764
4.18766880035	-0.12	-0.204	-0.764
4.18974685669	-0.048	-0.184	-0.768
4.19183897972	-0.048	-0.184	-0.768
4.1939239502	-0.048	-0.184	-0.768
4.19600200653	0.052	-0.18	-0.728
4.19807887077	0.052	-0.18	-0.728
4.20016098022	0.12	-0.188	-0.712
4.20223879814	0.12	-0.188	-0.712
4.20432281494	0.12	-0.188	-0.712
4.20640897751	0.188	-0.176	-0.672
4.20848703384	0.188	-0.176	-0.672
4.21056389809	0.252	-0.152	-0.584
4.21265101433	0.252	-0.152	-0.584
4.2147269249	0.348	-0.156	-0.488
4.21680498123	0.348	-0.156	-0.488
4.21888399124	0.348	-0.156	-0.488
4.22096085548	0.42	-0.144	-0.396
4.22304391861	0.42	-0.144	-0.396
4.22513484955	0.468	-0.152	-0.28
4.22721290588	0.468	-0.152	-0.28
4.22928881645	0.468	-0.152	-0.28
4.23136496544	0.524	-0.136	-0.132
4.233481884	0.524	-0.136	-0.132
4.23555898666	0.592	-0.14	0.02
4.23763489723	0.592	-0.14	0.02
4.2397108078	0.592	-0.14	0.02
4.24178791046	0.648	-0.144	0.184
4.24387001991	0.648	-0.144	0.184
4.24594593048	0.66	-0.12	0.34
4.24803495407	0.66	-0.12	0.34
4.25011301041	0.66	-0.12	0.34
4.25218892097	0.696	-0.136	0.532
4.25427103043	0.696	-0.136	0.532
4.25634694099	0.724	-0.12	0.732
4.25842285156	0.724	-0.12	0.732
4.26049900055	0.732	-0.112	0.888
4.26257991791	0.732	-0.112	0.888
4.2646689415	0.732	-0.112	0.888
4.26674580574	0.728	-0.104	1.084
4.26882195473	0.728	-0.104	1.084
4.27089595795	0.724	-0.104	1.264
4.27299189568	0.724	-0.104	1.264
4.27506184578	0.724	-0.104	1.264
4.27712988853	0.724	-0.096	1.46
4.27919697762	0.724	-0.096	1.46
4.2812769413	0.68	-0.076	1.628
4.28335094452	0.68	-0.076	1.628
4.2854309082	0.68	-0.076	1.628
4.28750681877	0.656	-0.076	1.788
4.28958582878	0.656	-0.076	1.788
4.29166293144	0.644	-0.076	1.964
4.29374694824	0.644	-0.076	1.964
4.29582285881	0.644	-0.076	1.964
4.297935009	0.584	-0.056	2.044
4.30001282692	0.584	-0.056	2.044
4.30208897591	0.528	-0.056	2.044
4.30421996117	0.528	-0.056	2.044
4.30629992485	0.48	-0.036	2.044
4.30837702751	0.48	-0.036	2.044
4.31045293808	0.48	-0.036	2.044
4.31253600121	0.408	-0.028	2.044
4.31461501122	0.408	-0.028	2.044
4.31669092178	0.34	-0.036	2.044
4.31876587868	0.34	-0.036	2.044
4.32084202766	0.34	-0.036	2.044
4.32293486595	0.26	-0.032	2.044
4.32501101494	0.26	-0.032	2.044
4.32708692551	0.184	-0.028	2.044
4.32917284966	0.184	-0.028	2.044
4.33125281334	0.184	-0.028	2.044
4.33333492279	0.124	-0.044	2.044
4.33541083336	0.124	-0.044	2.044
4.33748888969	0.028	-0.044	2.044
4.33956480026	0.028	-0.044	2.044
4.34164190292	0.028	-0.044	2.044
4.34372401237	-0.048	-0.072	2.044
4.34580302238	-0.048	-0.072	2.044
4.34787988663	-0.12	-0.064	2.044
4.34995698929	-0.12	-0.064	2.044
4.35203480721	-0.204	-0.072	2.044
4.3541200161	-0.204	-0.072	2.044
4.35619783401	-0.204	-0.072	2.044
4.35827493668	-0.28	-0.084	2.044
4.36035180092	-0.28	-0.084	2.044
4.36243987083	-0.348	-0.108	2.044
4.36451792717	-0.348	-0.108	2.044
4.36659502983	-0.348	-0.108	2.044
4.36867189407	-0.428	-0.1	2.044
4.37075090408	-0.428	-0.1	2.044
4.37283396721	-0.492	-0.1	2.044
4.37491083145	-0.492	-0.1	2.044
4.37700796127	-0.492	-0.1	2.044
4.37908601761	-0.548	-0.108	2.044
4.38117194176	-0.548	-0.108	2.044
4.38325500488	-0.596	-0.12	1.992
4.38533496857	-0.596	-0.12	1.992
4.38741087914	-0.596	-0.12	1.992
4.38948702812	-0.644	-0.104	1.816
4.39156293869	-0.644	-0.104	1.816
4.39365386963	-0.668	-0.12	1.656
4.39573192596	-0.668	-0.12	1.656
4.3978099823	-0.668	-0.12	1.656
4.39988899231	-0.704	-0.104	1.46
4.40196681023	-0.704	-0.104	1.46
4.40404987335	-0.732	-0.124	1.308
4.40612602234	-0.732	-0.124	1.308
4.40820384026	-0.74	-0.128	1.1
4.41028189659	-0.74	-0.128	1.1
4.41236495972	-0.74	-0.128	1.1
4.41444301605	-0.756	-0.132	0.916
4.41651892662	-0.756	-0.132	0.916
4.41864800453	-0.768	-0.128	0.72
4.42074799538	-0.768	-0.128	0.72
4.42282795906	-0.768	-0.128	0.72
4.42490696907	-0.748	-0.136	0.54
4.4269900322	-0.748	-0.136	0.54
4.42906689644	-0.732	-0.16	0.352
4.43114280701	-0.732	-0.16	0.352
4.43322300911	-0.732	-0.16	0.352
4.43529987335	-0.708	-0.172	0.192
4.43737602234	-0.708	-0.172	0.192
4.43946194649	-0.664	-0.172	0.008
4.44154191017	-0.664	-0.172	0.008
4.44362592697	-0.664	-0.172	0.008
4.44570183754	-0.612	-0.184	-0.128
4.4477789402	-0.612	-0.184	-0.128
4.44985890388	-0.568	-0.2	-0.264
4.45193600655	-0.568	-0.2	-0.264
4.45402002335	-0.524	-0.2	-0.388
4.45609784126	-0.524	-0.2	-0.388
4.45819282532	-0.524	-0.2	-0.388
4.46027088165	-0.44	-0.2	-0.504
4.46235489845	-0.44	-0.2	-0.504
4.46443295479	-0.384	-0.216	-0.6
4.46651101112	-0.384	-0.216	-0.6
4.46859002113	-0.384	-0.216	-0.6
4.47066688538	-0.32	-0.2	-0.664
4.47275090218	-0.32	-0.2	-0.664
4.47482299805	-0.236	-0.2	-0.724
4.47689390182	-0.236	-0.2	-0.724
4.47896289825	-0.236	-0.2	-0.724
4.48104500771	-0.16	-0.2	-0.76
4.48312091827	-0.16	-0.2	-0.76
4.48520183563	-0.08	-0.208	-0.764
4.48728084564	-0.08	-0.208	-0.764
4.48936080933	-0.08	-0.208	-0.764
4.49144101143	0.012	-0.18	-0.78
4.49352502823	0.012	-0.18	-0.78
4.49560189247	0.08	-0.168	-0.744
4.49769091606	0.08	-0.168	-0.744
4.49976801872	0.164	-0.188	-0.696
4.50184488297	0.164	-0.188	-0.696
4.50394201279	0.164	-0.188	-0.696
4.5060210228	0.22	-0.164	-0.644
4.50809693336	0.22	-0.164	-0.644
4.51017284393	0.304	-0.152	-0.552
4.51224899292	0.304	-0.152	-0.552
4.51433300972	0.304	-0.152	-0.552
4.51641082764	0.384	-0.152	-0.456
4.51848697662	0.384	-0.152	-0.456
4.52056503296	0.428	-0.152	-0.34
4.52265286446	0.428	-0.152	-0.34
4.52473092079	0.428	-0.152	-0.34
4.52680802345	0.496	-0.156	-0.184
4.52888584137	0.496	-0.156	-0.184
4.53096485138	0.556	-0.136	-0.076
4.53304791451	0.556	-0.136	-0.076
4.53512501717	0.556	-0.136	-0.076
4.53720283508	0.6	-0.14	0.092
4.53927993774	0.6	-0.14	0.092
4.54135584831	0.644	-0.144	0.244
4.5434679985	0.644	-0.144	0.244
4.54554486275	0.644	-0.144	0.244
4.54762101173	0.676	-0.124	0.416
4.54969596863	0.676	-0.124	0.416
4.55177092552	0.724	-0.12	0.608
4.55384993553	0.724	-0.12	0.608
4.55593681335	0.74	-0.124	0.788
4.55801296234	0.74	-0.124	0.788
4.56008791924	0.74	-0.124	0.788
4.5621638298	0.752	-0.12	0.96
4.56424689293	0.752	-0.12	0.96
4.56632089615	0.732	-0.096	1.156
4.56840085983	0.732	-0.096	1.156
4.57047796249	0.732	-0.096	1.156
4.57255983353	0.72	-0.092	1.348
4.57463598251	0.72	-0.092	1.348
4.57671189308	0.7	-0.092	1.52
4.57878899574	0.7	-0.092	1.52
4.58086490631	0.7	-0.092	1.52
4.58294701576	0.672	-0.076	1.696
4.58504199982	0.672	-0.076	1.696
4.58712291718	0.636	-0.056	1.864
4.58920001984	0.636	-0.056	1.864
4.5912759304	0.636	-0.056	1.864
4.5933599472	0.616	-0.052	2.016
4.59543681145	0.616	-0.052	2.016
4.59751296043	0.536	-0.04	2.044
4.599588871	0.536	-0.04	2.044
4.60166692734	0.5	-0.04	2.044
4.60374999046	0.5	-0.04	2.044
4.60582184792	0.5	-0.04	2.044
4.60790681839	0.452	-0.036	2.044
4.60998392105	0.452	-0.036	2.044
4.61205887794	0.38	-0.028	2.044
4.61415100098	0.38	-0.028	2.044
4.61622691154	0.38	-0.028	2.044
4.61830282211	0.3	-0.032	2.044
4.62037992477	0.3	-0.032	2.044
4.62246203423	0.224	-0.032	2.044
4.62453889847	0.224	-0.032	2.044
4.62661600113	0.224	-0.032	2.044
4.62869095802	0.164	-0.052	2.044
4.63076591492	0.164	-0.052	2.044
4.63284802437	0.088	-0.064	2.044
4.63492584229	0.088	-0.064	2.044
4.63700294495	0.088	-0.064	2.044
4.63907790184	-0.008	-0.052	2.044
4.6411678791	-0.008	-0.052	2.044
4.6432518959	-0.08	-0.06	2.044
4.64532780647	-0.08	-0.06	2.044
4.64740395546	-0.08	-0.06	2.044
4.64948391914	-0.16	-0.076	2.044
4.6515648365	-0.16	-0.076	2.044
4.6536488533	-0.232	-0.072	2.044
4.65572595596	-0.232	-0.072	2.044
4.65780496597	-0.308	-0.084	2.044
4.65988302231	-0.308	-0.084	2.044
4.66195988655	-0.308	-0.084	2.044
4.66404700279	-0.384	-0.088	2.044
4.66612696648	-0.384	-0.088	2.044
4.66820383072	-0.448	-0.1	2.044
4.67028093338	-0.448	-0.1	2.044
4.6723818779	-0.448	-0.1	2.044
4.67445397377	-0.508	-0.096	2.044
4.6765229702	-0.508	-0.096	2.044
4.6785929203	-0.576	-0.108	2.044
4.68066191673	-0.576	-0.108	2.044
4.6827378273	-0.576	-0.108	2.044
4.6848218441	-0.62	-0.116	1.92
4.68689990044	-0.62	-0.116	1.92
4.68897795677	-0.652	-0.112	1.752
4.69105601311	-0.652	-0.112	1.752
4.69313883781	-0.652	-0.112	1.752
4.69521784782	-0.692	-0.116	1.58
4.69730997086	-0.692	-0.116	1.58
4.69938802719	-0.712	-0.116	1.404
4.70146393776	-0.712	-0.116	1.404
4.70354700089	-0.716	-0.12	1.22
4.70562601089	-0.716	-0.12	1.22
4.70770287514	-0.716	-0.12	1.22
4.7097799778	-0.736	-0.128	1.016
4.71185684204	-0.736	-0.128	1.016
4.71394181252	-0.756	-0.128	0.84
4.71602392197	-0.756	-0.128	0.84
4.7181019783	-0.756	-0.128	0.84
4.72017884254	-0.756	-0.136	0.644
4.72225594521	-0.756	-0.136	0.644
4.72433781624	-0.732	-0.156	0.464
4.72641301155	-0.732	-0.156	0.464
4.72848987579	-0.732	-0.156	0.464
4.73057699203	-0.72	-0.156	0.296
4.73265981674	-0.72	-0.156	0.296
4.73473787308	-0.688	-0.176	0.116
4.73681402206	-0.688	-0.176	0.116
4.73889183998	-0.688	-0.176	0.116
4.74096894264	-0.648	-0.172	-0.044
4.74305295944	-0.648	-0.172	-0.044
4.74514389038	-0.596	-0.196	-0.184
4.74722290039	-0.596	-0.196	-0.184
4.74930381775	-0.548	-0.196	-0.324
4.75138187408	-0.548	-0.196	-0.324
4.75353002548	-0.548	-0.196	-0.324
4.75560998917	-0.488	-0.2	-0.436
4.75768899918	-0.488	-0.2	-0.436
4.75976800919	-0.432	-0.204	-0.552
4.76184797287	-0.432	-0.204	-0.552
4.76393294334	-0.432	-0.204	-0.552
4.76600980759	-0.364	-0.216	-0.62
4.76808786392	-0.364	-0.216	-0.62
4.77016687393	-0.292	-0.204	-0.696
4.77224493027	-0.292	-0.204	-0.696
4.77433490753	-0.292	-0.204	-0.696
4.77641296387	-0.208	-0.208	-0.74
4.77849197388	-0.208	-0.208	-0.74
4.78057384491	-0.128	-0.208	-0.764
4.78266000748	-0.128	-0.208	-0.764
4.78473901749	-0.128	-0.208	-0.764
4.7868168354	-0.052	-0.196	-0.776
4.78890395164	-0.052	-0.196	-0.776
4.79098296165	0.032	-0.18	-0.76
4.79308485985	0.032	-0.18	-0.76
4.79516291618	0.108	-0.208	-0.724
4.79724001884	0.108	-0.208	-0.724
4.79931592941	0.108	-0.208	-0.724
4.80139493942	0.2	-0.176	-0.672
4.80347299576	0.2	-0.176	-0.672
4.80554890633	0.264	-0.164	-0.596
4.80762600899	0.264	-0.164	-0.596
4.809705019	0.264	-0.164	-0.596
4.81178092957	0.34	-0.156	-0.524
4.81386399269	0.34	-0.156	-0.524
4.81594085693	0.4	-0.152	-0.412
4.81801795959	0.4	-0.152	-0.412
4.82009387016	0.4	-0.152	-0.412
4.82217288017	0.452	-0.156	-0.292
4.82425785065	0.452	-0.156	-0.292
4.82633590698	0.516	-0.16	-0.16
4.82841300964	0.516	-0.16	-0.16
4.83048987389	0.516	-0.16	-0.16
4.83257293701	0.576	-0.132	-0.028
4.83465099335	0.576	-0.132	-0.028
4.83672690392	0.62	-0.136	0.136
4.83880186081	0.62	-0.136	0.136
4.84087896347	0.62	-0.136	0.136
4.84295988083	0.652	-0.14	0.308
4.84504079819	0.652	-0.14	0.308
4.84712600708	0.68	-0.12	0.48
4.84921503067	0.68	-0.12	0.48
4.85128903389	0.716	-0.124	0.66
4.85352087021	0.716	-0.124	0.66
4.85560202599	0.716	-0.124	0.66
4.85768389702	0.736	-0.12	0.856
4.85976099968	0.736	-0.12	0.856
4.86183691025	0.728	-0.104	1.04
4.86393284798	0.728	-0.104	1.04
4.86601090431	0.728	-0.104	1.04
4.86808586121	0.752	-0.096	1.248
4.8701608181	0.752	-0.096	1.248
4.87223696709	0.728	-0.1	1.42
4.87431788445	0.728	-0.1	1.42
4.8763859272	0.728	-0.1	1.42
4.87845683098	0.68	-0.08	1.6
4.88052392006	0.68	-0.08	1.6
4.8825969696	0.656	-0.068	1.76
4.88467597961	0.656	-0.068	1.76
4.88675379753	0.656	-0.068	1.76
4.88882994652	0.62	-0.052	1.924
4.89090800285	0.62	-0.052	1.924
4.89299082756	0.604	-0.052	2.044
4.8950688839	0.604	-0.052	2.044
4.89714598656	0.528	-0.044	2.044
4.8992228508	0.528	-0.044	2.044
4.90129899979	0.528	-0.044	2.044
4.90338087082	0.492	-0.024	2.044
4.90546989441	0.492	-0.024	2.044
4.90754699707	0.42	-0.032	2.044
4.90962600708	0.42	-0.032	2.044
4.91170287132	0.42	-0.032	2.044
4.91378688812	0.356	-0.036	2.044
4.91586399078	0.356	-0.036	2.044
4.91793990135	0.272	-0.044	2.044
4.92001581192	0.272	-0.044	2.044
4.92209386826	0.272	-0.044	2.044
4.92417788506	0.204	-0.036	2.044
4.92625284195	0.204	-0.036	2.044
4.92832779884	0.124	-0.044	2.044
4.9304049015	0.124	-0.044	2.044
4.93248701096	0.124	-0.044	2.044
4.93456292152	0.044	-0.056	2.044
4.93663883209	0.044	-0.056	2.044
4.93871688843	-0.056	-0.04	2.044
4.94079399109	-0.056	-0.04	2.044
4.94288182259	-0.104	-0.08	2.044
4.94495987892	-0.104	-0.08	2.044
4.94703793526	-0.104	-0.08	2.044
4.9491147995	-0.188	-0.076	2.044
4.95119190216	-0.188	-0.076	2.044
4.9532790184	-0.272	-0.08	2.044
4.95535683632	-0.272	-0.08	2.044
4.95743298531	-0.272	-0.08	2.044
4.95950984955	-0.348	-0.08	2.044
4.96158790588	-0.348	-0.08	2.044
4.9636759758	-0.412	-0.096	2.044
4.96575284004	-0.412	-0.096	2.044
4.96782898903	-0.412	-0.096	2.044
4.96990895271	-0.464	-0.108	2.044
4.97198581696	-0.464	-0.108	2.044
4.97406792641	-0.52	-0.124	2.044
4.97614598274	-0.52	-0.124	2.044
4.97822380066	-0.52	-0.124	2.044
4.98030090332	-0.596	-0.112	2.012
4.98238492012	-0.596	-0.112	2.012
4.98446202278	-0.632	-0.116	1.852
4.98654103279	-0.632	-0.116	1.852
4.98861789703	-0.632	-0.116	1.852
4.99069595337	-0.672	-0.116	1.684
4.9927740097	-0.672	-0.116	1.684
4.99485182762	-0.692	-0.124	1.496
4.99692893028	-0.692	-0.124	1.496
4.99900698662	-0.732	-0.128	1.32
