Timestamp 	 X-Axis 	 Y-Axis 	 Z-Axis
0.000312089920044	-0.064	0.076	-0.268
0.00416803359985	0.064	-0.384	2.044
0.00783395767212	0.0	-0.036	-0.816
0.0114901065826	-0.076	0.028	0.604
0.0151491165161	-0.076	0.028	0.604
0.018826007843	0.068	-0.388	2.044
0.022488117218	-0.04	0.056	-1.34
0.0261480808258	-0.044	-0.076	1.548
0.0298099517822	-0.044	-0.076	1.548
0.0334849357605	0.056	-0.356	2.044
0.037143945694	-0.084	0.096	-1.552
0.040806055069	-0.084	0.096	-1.552
0.0444669723511	-0.008	-0.148	2.044
0.0481259822845	0.036	-0.308	1.764
0.0518050193787	-0.076	0.124	-1.404
0.0554649829865	-0.076	0.124	-1.404
0.0591270923615	0.012	-0.244	2.044
0.062793970108	0.032	-0.228	0.816
0.0664520263672	0.032	-0.228	0.816
0.0701129436493	-0.08	0.128	-0.944
0.0737750530243	0.028	-0.336	2.044
0.0774381160736	0.004	-0.148	-0.096
0.0811059474945	0.004	-0.148	-0.096
0.0847721099854	-0.072	0.092	-0.224
0.0884389877319	0.056	-0.384	2.044
0.0921039581299	0.056	-0.384	2.044
0.095780134201	-0.008	-0.028	-0.86
0.0994470119476	-0.072	0.032	0.68
0.10312795639	0.06	-0.38	2.044
0.106796979904	0.06	-0.38	2.044
0.110470056534	-0.044	0.056	-1.352
0.114140987396	-0.04	-0.068	1.576
0.117813110352	0.056	-0.368	2.044
0.121474027634	0.056	-0.368	2.044
0.125134944916	-0.076	0.112	-1.556
0.128802061081	-0.004	-0.16	2.044
0.132475137711	-0.004	-0.16	2.044
0.136141061783	0.052	-0.308	1.704
0.139811038971	-0.072	0.136	-1.392
0.143476009369	0.016	-0.256	2.044
0.147148132324	0.016	-0.256	2.044
0.150812149048	0.012	-0.212	0.776
0.154476165771	-0.092	0.128	-0.908
0.158147096634	-0.092	0.128	-0.908
0.161811113358	0.044	-0.34	2.044
0.1654920578	-0.008	-0.124	-0.144
0.16916012764	-0.088	0.096	-0.164
0.172839164734	-0.088	0.096	-0.164
0.176502943039	0.036	-0.384	2.044
0.180170059204	-0.024	-0.02	-0.896
0.183839082718	-0.048	-0.004	0.732
0.187510967255	-0.048	-0.004	0.732
0.191174983978	0.056	-0.384	2.044
0.194841146469	-0.076	0.056	-1.392
0.198512077332	-0.076	0.056	-1.392
0.202177047729	-0.036	-0.068	1.66
0.205851078033	0.064	-0.368	2.044
0.209517002106	-0.072	0.108	-1.548
0.213183164597	-0.072	0.108	-1.548
0.216859102249	0.0	-0.168	2.044
0.22053194046	0.048	-0.308	1.62
0.224197149277	0.048	-0.308	1.62
0.227868080139	-0.088	0.136	-1.356
0.231534957886	0.004	-0.26	2.044
0.235198974609	0.028	-0.228	0.696
0.238868951797	0.028	-0.228	0.696
0.242532014847	-0.08	0.136	-0.868
0.246196985245	0.048	-0.34	2.044
0.249866008759	0.048	-0.34	2.044
0.253530979156	0.004	-0.116	-0.208
0.257202148438	-0.08	0.096	-0.116
0.260866165161	0.06	-0.388	2.044
0.264531135559	0.06	-0.388	2.044
0.268216133118	-0.024	-0.004	-0.94
0.27188205719	-0.06	0.016	0.784
0.275546073914	0.068	-0.396	2.044
0.279219150543	0.068	-0.396	2.044
0.282883167267	-0.084	0.076	-1.408
0.286548137665	-0.032	-0.084	1.716
0.290218114853	-0.032	-0.084	1.716
0.293883085251	0.064	-0.36	2.044
0.297553062439	-0.084	0.12	-1.544
0.301218032837	0.004	-0.176	2.044
0.304882049561	0.004	-0.176	2.044
0.308561086655	0.048	-0.28	1.584
0.312225103378	-0.104	0.152	-1.348
0.315891027451	-0.104	0.152	-1.348
0.319556951523	0.008	-0.268	2.044
0.323220014572	0.016	-0.208	0.636
0.326897144318	-0.084	0.104	-0.82
0.330569028854	-0.084	0.104	-0.82
0.334242105484	0.044	-0.34	2.044
0.337912082672	0.004	-0.108	-0.252
0.341578006744	0.004	-0.108	-0.252
0.345242023468	-0.104	0.08	-0.06
0.34891295433	0.052	-0.384	2.044
0.352576971054	-0.024	-0.012	-0.98
0.356244087219	-0.024	-0.012	-0.98
0.359914064407	-0.044	0.032	0.848
0.363577127457	0.052	-0.384	2.044
0.367249011993	-0.084	0.072	-1.432
0.370913982391	-0.084	0.072	-1.432
0.374578952789	-0.048	-0.08	1.776
0.37824511528	0.044	-0.36	2.044
0.381910085678	0.044	-0.36	2.044
0.385573148727	-0.064	0.104	-1.544
0.38924407959	-0.004	-0.176	2.044
0.392918109894	0.048	-0.288	1.54
0.396582126617	0.048	-0.288	1.54
0.400251150131	-0.108	0.14	-1.32
0.403917074203	0.024	-0.284	2.044
0.407580137253	0.024	-0.284	2.044
0.411255121231	0.028	-0.204	0.588
0.414919137955	-0.096	0.1	-0.788
0.418591022491	0.028	-0.344	2.044
0.422254085541	0.028	-0.344	2.044
0.42591714859	0.024	-0.1	-0.3
0.429588079453	-0.1	0.076	-0.016
0.43325304985	-0.1	0.076	-0.016
0.436918020248	0.06	-0.388	2.044
0.440582036972	-0.024	0.008	-1.0
0.444242954254	-0.044	0.0	0.896
0.447904109955	-0.044	0.0	0.896
0.451560020447	0.064	-0.388	2.044
0.45522403717	-0.08	0.068	-1.44
0.458889961243	-0.032	-0.08	1.828
0.462554931641	-0.032	-0.08	1.828
0.46622300148	0.048	-0.356	2.044
0.469892024994	-0.076	0.108	-1.548
0.473557949066	-0.076	0.108	-1.548
0.477229118347	0.008	-0.18	2.044
0.480891942978	0.036	-0.28	1.48
0.484557151794	-0.104	0.128	-1.292
0.488224029541	-0.104	0.128	-1.292
0.491888999939	0.024	-0.284	2.044
0.495552062988	0.02	-0.196	0.528
0.499222040176	0.02	-0.196	0.528
0.502885103226	-0.084	0.096	-0.752
0.506552934647	0.036	-0.348	2.044
0.51022195816	0.008	-0.084	-0.352
0.513895988464	0.008	-0.084	-0.352
0.51756811142	-0.108	0.08	0.036
0.52123093605	0.048	-0.384	2.044
0.5248939991	0.048	-0.384	2.044
0.528558969498	-0.016	-0.004	-1.028
0.532225131989	-0.052	-0.016	0.96
0.535889148712	0.056	-0.388	2.044
0.5395591259	0.056	-0.388	2.044
0.543223142624	-0.06	0.084	-1.452
0.546892166138	-0.016	-0.104	1.892
0.550563097	0.056	-0.344	2.044
0.554226160049	0.056	-0.344	2.044
0.557896137238	-0.068	0.12	-1.524
0.561571121216	-0.008	-0.196	2.044
0.565237045288	-0.008	-0.196	2.044
0.568902015686	0.028	-0.264	1.404
0.572566986084	-0.1	0.14	-1.276
0.576231002808	0.02	-0.3	2.044
0.579895973206	0.02	-0.3	2.044
0.583564043045	0.02	-0.176	0.456
0.587234020233	-0.072	0.112	-0.7
0.590898990631	-0.072	0.112	-0.7
0.594563961029	0.052	-0.364	2.044
0.598232984543	-0.008	-0.088	-0.412
0.601899147034	-0.064	0.064	0.108
0.605561971664	-0.064	0.064	0.108
0.609225034714	0.052	-0.392	2.044
0.612888097763	-0.044	0.0	-1.084
0.61655497551	-0.044	0.0	-1.084
0.620223999023	-0.08	-0.012	1.024
0.623888969421	0.048	-0.388	2.044
0.627557992935	-0.06	0.068	-1.48
0.631222963333	-0.06	0.068	-1.48
0.634886980057	-0.016	-0.1	1.944
0.638560056686	0.048	-0.328	2.044
0.642223119736	-0.076	0.124	-1.528
0.645889043808	-0.076	0.124	-1.528
0.649554014206	-0.004	-0.196	2.044
0.653218984604	0.044	-0.292	1.34
0.656883001328	0.044	-0.292	1.34
0.660552024841	-0.076	0.132	-1.228
0.664216995239	0.024	-0.292	2.044
0.667886972427	0.02	-0.188	0.408
0.671550989151	0.02	-0.188	0.408
0.675218105316	-0.084	0.128	-0.648
0.67889213562	0.04	-0.36	2.044
0.682557106018	0.04	-0.36	2.044
0.686220169067	-0.012	-0.08	-0.456
0.68989109993	-0.044	0.084	0.144
0.693554162979	0.064	-0.392	2.044
0.697224140167	0.064	-0.392	2.044
0.700888156891	-0.048	0.004	-1.116
0.704551935196	-0.048	-0.012	1.084
0.708218097687	-0.048	-0.012	1.084
0.711883068085	0.064	-0.388	2.044
0.715546131134	-0.072	0.08	-1.488
0.719225168228	-0.02	-0.112	2.012
0.722892045975	-0.02	-0.112	2.012
0.726556062698	0.056	-0.332	2.044
0.730225086212	-0.096	0.128	-1.52
0.733896017075	-0.008	-0.216	2.044
0.73756814003	-0.008	-0.216	2.044
0.741240024567	0.032	-0.264	1.28
0.74490404129	-0.088	0.124	-1.2
0.748574972153	-0.088	0.124	-1.2
0.752241134644	0.036	-0.296	2.044
0.755905151367	0.028	-0.184	0.344
0.75957608223	-0.116	0.128	-0.604
0.763241052628	-0.116	0.128	-0.604
0.766905069351	0.044	-0.352	2.044
0.770575046539	-0.004	-0.08	-0.52
0.774239063263	-0.004	-0.08	-0.52
0.777904987335	-0.04	0.056	0.22
0.781568050385	0.056	-0.384	2.044
0.785232067108	-0.052	0.008	-1.156
0.788913011551	-0.052	0.008	-1.156
0.792577981949	-0.044	-0.02	1.144
0.79624414444	0.06	-0.38	2.044
0.799913167953	0.06	-0.38	2.044
0.803576946259	-0.064	0.084	-1.496
0.807249069214	-0.016	-0.116	2.044
0.810914039612	0.052	-0.332	2.044
0.814577102661	0.052	-0.332	2.044
0.818246126175	-0.124	0.12	-1.504
0.821921110153	-0.008	-0.22	2.044
0.825583934784	0.036	-0.268	1.224
0.829254150391	0.036	-0.268	1.224
0.832919120789	-0.1	0.124	-1.172
0.836584091187	0.036	-0.296	2.044
0.8402531147	0.036	-0.296	2.044
0.843918085098	0.036	-0.176	0.284
0.847591161728	-0.12	0.124	-0.568
0.851256132126	0.056	-0.364	2.044
0.854920148849	0.056	-0.364	2.044
0.858592987061	-0.012	-0.06	-0.548
0.862260103226	-0.06	0.044	0.276
0.865923166275	-0.06	0.044	0.276
0.86959195137	0.056	-0.392	2.044
0.873257160187	-0.04	0.02	-1.188
0.876920938492	-0.048	-0.016	1.2
0.880587100983	-0.048	-0.016	1.2
0.884251117706	0.056	-0.38	2.044
0.88791513443	-0.06	0.108	-1.496
0.891579151154	-0.06	0.108	-1.496
0.895244121552	-0.024	-0.124	2.044
0.898915052414	0.052	-0.328	2.044
0.902588129044	-0.084	0.12	-1.496
0.906254053116	-0.084	0.12	-1.496
0.909924030304	-0.004	-0.22	2.044
0.913589000702	0.024	-0.264	1.172
0.91725897789	-0.088	0.128	-1.148
0.920923948288	-0.088	0.128	-1.148
0.924597024918	0.024	-0.304	2.044
0.928261995316	0.032	-0.172	0.232
0.931926012039	0.032	-0.172	0.232
0.935589075089	-0.096	0.104	-0.516
0.939259052277	0.048	-0.368	2.044
0.942923069	-0.012	-0.072	-0.6
0.946588993073	-0.012	-0.072	-0.6
0.950258016586	-0.064	0.032	0.332
0.95392203331	0.056	-0.4	2.044
0.957584142685	0.056	-0.4	2.044
0.961253166199	-0.02	0.036	-1.216
0.964916944504	-0.052	-0.028	1.264
0.968583106995	0.052	-0.38	2.044
0.972247123718	0.052	-0.38	2.044
0.975911140442	-0.048	0.104	-1.524
0.979577064514	-0.024	-0.12	2.044
0.983242034912	-0.024	-0.12	2.044
0.986906051636	0.052	-0.328	2.036
0.990592956543	-0.076	0.12	-1.488
0.994259119034	0.0	-0.232	2.044
0.997915029526	0.0	-0.232	2.044
1.00157094002	0.032	-0.248	1.12
1.00523400307	-0.08	0.14	-1.12
1.00889897346	-0.08	0.14	-1.12
1.01256203651	0.032	-0.304	2.044
1.01622915268	0.024	-0.168	0.188
1.0198969841	-0.092	0.108	-0.468
1.0235619545	-0.092	0.108	-0.468
1.02724194527	0.052	-0.368	2.044
1.03090715408	-0.028	-0.064	-0.64
1.03457093239	-0.072	0.036	0.38
1.0382399559	-0.072	0.036	0.38
1.04190301895	0.056	-0.404	2.044
1.045566082	-0.028	0.044	-1.236
1.04923200607	-0.028	0.044	-1.236
1.05289697647	-0.048	-0.028	1.304
1.05656099319	0.044	-0.368	2.044
1.06022596359	-0.072	0.1	-1.532
1.06388902664	-0.072	0.1	-1.532
1.06755495071	-0.032	-0.124	2.044
1.07121896744	0.048	-0.324	1.996
1.07488512993	0.048	-0.324	1.996
1.07855415344	-0.072	0.128	-1.476
1.08221793175	0.012	-0.228	2.044
1.08588004112	0.024	-0.244	1.048
1.08954310417	0.024	-0.244	1.048
1.09320616722	-0.076	0.132	-1.08
1.09686899185	0.028	-0.312	2.044
1.10053896904	0.028	-0.312	2.044
1.10420203209	0.016	-0.156	0.132
1.1078710556	-0.068	0.104	-0.436
1.11153507233	0.048	-0.38	2.044
1.11519813538	0.048	-0.38	2.044
1.1188659668	-0.024	-0.048	-0.68
1.12253308296	-0.072	0.016	0.428
1.12619495392	0.056	-0.404	2.044
1.12988305092	0.056	-0.404	2.044
1.13354897499	-0.04	0.044	-1.264
1.13723111153	-0.048	-0.036	1.364
1.1408970356	-0.048	-0.036	1.364
1.14456009865	0.056	-0.372	2.044
1.14822912216	-0.096	0.1	-1.536
1.15189409256	-0.02	-0.144	2.044
1.15555810928	-0.02	-0.144	2.044
1.15922808647	0.06	-0.308	1.92
1.1628921032	-0.08	0.132	-1.464
1.16655707359	-0.08	0.132	-1.464
1.17022609711	0.012	-0.236	2.044
1.1738910675	0.032	-0.244	1.0
1.17755198479	-0.092	0.132	-1.068
1.18121695518	-0.092	0.132	-1.068
1.18488097191	0.044	-0.308	2.044
1.18855500221	0.016	-0.148	0.08
1.19221806526	0.016	-0.148	0.08
1.19588112831	-0.084	0.096	-0.38
1.1995511055	0.052	-0.38	2.044
1.20321416855	-0.016	-0.052	-0.724
1.20688009262	-0.016	-0.052	-0.724
1.21054601669	-0.06	0.048	0.48
1.21420907974	0.044	-0.388	2.044
1.21787905693	-0.036	0.044	-1.288
1.22154402733	-0.036	0.044	-1.288
1.22520804405	-0.056	-0.044	1.416
1.22887802124	0.052	-0.384	2.044
1.2325501442	0.052	-0.384	2.044
1.23621416092	-0.108	0.1	-1.54
1.23988413811	-0.024	-0.148	2.044
1.24355316162	0.048	-0.328	1.884
1.24722313881	0.048	-0.328	1.884
1.25088715553	-0.088	0.128	-1.44
1.25455212593	0.02	-0.244	2.044
1.25822114944	0.02	-0.244	2.044
1.26188397408	0.048	-0.24	0.944
1.26554703712	-0.112	0.144	-1.04
1.26921796799	0.028	-0.332	2.044
1.27288198471	0.028	-0.332	2.044
1.27654504776	0.004	-0.14	0.028
1.2802131176	-0.068	0.092	-0.336
1.28387713432	-0.068	0.092	-0.336
1.28754806519	0.044	-0.376	2.044
1.29121208191	-0.02	-0.044	-0.76
1.29487705231	-0.068	0.044	0.544
1.29854798317	-0.068	0.044	0.544
1.30224013329	0.064	-0.392	2.044
1.30590510368	-0.04	0.044	-1.32
1.30957508087	-0.04	-0.048	1.476
1.3132390976	-0.04	-0.048	1.476
1.31690311432	0.056	-0.368	2.044
1.32057309151	-0.104	0.092	-1.54
1.32423710823	-0.104	0.092	-1.54
1.32790207863	-0.016	-0.148	2.044
1.33156704903	0.04	-0.316	1.836
1.33523893356	-0.092	0.124	-1.424
1.33891010284	-0.092	0.124	-1.424
1.34257507324	0.016	-0.232	2.044
1.34623813629	0.04	-0.228	0.904
1.34990596771	0.04	-0.228	0.904
1.35356903076	-0.12	0.136	-1.008
1.35724306107	0.044	-0.316	2.044
1.36090803146	0.004	-0.132	-0.036
1.36457014084	0.004	-0.132	-0.036
1.3687441349	-0.068	0.084	-0.28
1.37241911888	0.06	-0.388	2.044
1.3760831356	-0.004	-0.048	-0.8
1.37983012199	-0.004	-0.048	-0.8
1.38349699974	-0.076	0.036	0.604
1.38716602325	0.06	-0.392	2.044
1.39083003998	0.06	-0.392	2.044
1.39449310303	-0.052	0.04	-1.316
1.39816308022	-0.036	-0.068	1.54
1.40182900429	0.06	-0.368	2.044
1.40549302101	0.06	-0.368	2.044
1.40915703773	-0.092	0.104	-1.552
1.41282200813	-0.016	-0.164	2.044
1.41649508476	0.04	-0.312	1.772
1.42016005516	0.04	-0.312	1.772
1.42382311821	-0.092	0.132	-1.42
1.42748904228	0.036	-0.26	2.044
1.43115115166	0.036	-0.26	2.044
1.43481397629	0.028	-0.232	0.844
1.43850111961	-0.1	0.136	-0.952
1.44216609001	0.04	-0.34	2.044
1.44583010674	0.04	-0.34	2.044
1.44949293137	0.0	-0.124	-0.068
1.45315003395	-0.068	0.084	-0.24
1.45681405067	-0.068	0.084	-0.24
1.4604780674	0.06	-0.38	2.044
1.46414208412	-0.004	-0.02	-0.848
1.46781301498	-0.068	0.028	0.648
1.47148108482	-0.068	0.028	0.648
1.47514414787	0.052	-0.384	2.044
1.47881293297	-0.044	0.052	-1.36
1.48247814178	-0.044	0.052	-1.36
1.48614215851	-0.024	-0.072	1.576
1.48983216286	0.064	-0.364	2.044
1.49349999428	-0.072	0.108	-1.548
1.49717116356	-0.072	0.108	-1.548
1.50083613396	-0.008	-0.172	2.044
1.50450015068	0.044	-0.3	1.728
1.50816893578	-0.076	0.124	-1.396
1.5118329525	-0.076	0.124	-1.396
1.51549911499	0.012	-0.252	2.044
1.5191681385	0.028	-0.228	0.788
1.52283096313	0.028	-0.228	0.788
1.52649402618	-0.1	0.14	-0.928
1.53016614914	0.028	-0.34	2.044
1.53383111954	0.0	-0.136	-0.136
1.53749203682	0.0	-0.136	-0.136
1.54117012024	-0.084	0.092	-0.204
1.54483509064	0.06	-0.388	2.044
1.54850411415	0.06	-0.388	2.044
1.55216813087	0.0	-0.024	-0.876
1.55582404137	-0.048	0.032	0.688
1.55949306488	0.068	-0.388	2.044
1.56315493584	0.068	-0.388	2.044
1.56681704521	-0.048	0.064	-1.376
1.57048797607	-0.044	-0.076	1.644
1.5741519928	-0.044	-0.076	1.644
1.5778169632	0.056	-0.356	2.044
1.58148097992	-0.08	0.104	-1.548
1.58514904976	0.0	-0.18	2.044
1.58881211281	0.0	-0.18	2.044
1.59246706963	0.016	-0.288	1.688
1.59613013268	-0.072	0.128	-1.388
1.59980010986	0.008	-0.26	2.044
1.60346412659	0.008	-0.26	2.044
1.60713195801	0.02	-0.224	0.724
1.61079502106	-0.076	0.116	-0.908
1.61445903778	-0.076	0.116	-0.908
1.61812996864	0.044	-0.344	2.044
1.62179303169	-0.024	-0.108	-0.144
1.62545800209	-0.076	0.08	-0.14
1.62912201881	-0.076	0.08	-0.14
1.63278508186	0.064	-0.384	2.044
1.63644909859	-0.02	-0.016	-0.912
1.64011597633	-0.02	-0.016	-0.912
1.64379501343	-0.048	0.012	0.732
1.64746499062	0.06	-0.388	2.044
1.65112996101	-0.06	0.06	-1.396
1.65479397774	-0.06	0.06	-1.396
1.65847301483	-0.036	-0.084	1.684
1.66213798523	0.064	-0.344	2.044
1.66580200195	0.064	-0.344	2.044
1.66947102547	-0.08	0.108	-1.552
1.67313504219	-0.008	-0.176	2.044
1.67679810524	0.04	-0.3	1.632
1.68046808243	0.04	-0.3	1.632
1.68413114548	-0.072	0.136	-1.348
1.68779611588	0.016	-0.264	2.044
1.69145894051	0.02	-0.224	0.692
1.69512104988	0.02	-0.224	0.692
1.69880414009	-0.092	0.128	-0.84
1.70247006416	0.048	-0.348	2.044
1.70613408089	0.048	-0.348	2.044
1.70979905128	0.0	-0.112	-0.208
1.71345496178	-0.084	0.1	-0.116
1.71712613106	0.052	-0.388	2.044
1.72078895569	0.052	-0.388	2.044
1.72445297241	-0.036	-0.012	-0.936
1.7281191349	-0.048	0.016	0.792
1.73178195953	-0.048	0.016	0.792
1.73544311523	0.076	-0.38	2.044
1.73911213875	-0.084	0.076	-1.408
1.74277710915	-0.04	-0.088	1.728
1.74645113945	-0.04	-0.088	1.728
1.75012111664	0.048	-0.356	2.044
1.75378513336	-0.084	0.112	-1.556
1.75745797157	-0.084	0.112	-1.556
1.7611219883	-0.008	-0.176	2.044
1.76478600502	0.032	-0.288	1.588
1.76845002174	-0.108	0.144	-1.356
1.77211499214	-0.108	0.144	-1.356
1.77577996254	0.0	-0.268	2.044
1.77943611145	0.012	-0.216	0.644
1.78310012817	0.012	-0.216	0.644
1.78676199913	-0.084	0.1	-0.824
1.79043197632	0.04	-0.332	2.044
1.79409503937	0.004	-0.12	-0.256
1.79776501656	0.004	-0.12	-0.256
1.80142998695	-0.096	0.092	-0.08
1.80509400368	0.044	-0.388	2.044
1.8087580204	-0.02	-0.012	-0.96
1.81242609024	-0.02	-0.012	-0.96
1.81609010696	-0.052	0.008	0.832
1.81975913048	0.06	-0.388	2.044
1.82342195511	0.06	-0.388	2.044
1.82709312439	-0.096	0.06	-1.408
1.83075809479	-0.044	-0.076	1.76
1.83442211151	0.052	-0.36	2.044
1.83809113503	0.052	-0.36	2.044
1.84175515175	-0.088	0.124	-1.54
1.84542012215	0.004	-0.176	2.044
1.84909296036	0.004	-0.176	2.044
1.85275697708	0.044	-0.288	1.544
1.85642004013	-0.104	0.144	-1.324
1.8600871563	0.032	-0.272	2.044
1.86374402046	0.032	-0.272	2.044
1.86740493774	0.02	-0.196	0.6
1.87108302116	-0.088	0.104	-0.8
1.87475013733	-0.088	0.104	-0.8
1.87842106819	0.052	-0.344	2.044
1.88208603859	0.004	-0.104	-0.288
1.88575005531	-0.104	0.08	-0.032
1.88941502571	-0.104	0.08	-0.032
1.89307904243	0.056	-0.38	2.044
1.89674115181	-0.016	-0.008	-0.992
1.90040707588	-0.044	0.004	0.888
1.90406894684	-0.044	0.004	0.888
1.90773916245	0.048	-0.388	2.044
1.91140198708	-0.072	0.068	-1.436
1.91506814957	-0.072	0.068	-1.436
1.91873693466	-0.036	-0.088	1.804
1.92240214348	0.048	-0.352	2.044
1.92606806755	-0.076	0.112	-1.544
1.92976593971	-0.076	0.112	-1.544
1.93344306946	0.0	-0.204	2.044
1.93710708618	0.04	-0.288	1.492
1.94077110291	0.04	-0.288	1.492
1.94443416595	-0.104	0.136	-1.304
1.94810509682	0.012	-0.284	2.044
1.95177698135	0.028	-0.204	0.552
1.95544099808	0.028	-0.204	0.552
1.95910596848	-0.084	0.12	-0.752
1.96277093887	0.048	-0.356	2.044
1.96643304825	0.048	-0.356	2.044
1.97010207176	0.012	-0.088	-0.364
1.97376704216	-0.12	0.076	0.02
1.97743010521	0.052	-0.388	2.044
1.98109412193	0.052	-0.388	2.044
1.98476004601	-0.028	0.004	-1.028
1.98843002319	-0.04	0.0	0.932
1.99208498001	0.06	-0.396	2.044
1.99574899673	0.06	-0.396	2.044
1.99941802025	-0.064	0.076	-1.456
2.00308299065	-0.044	-0.08	1.868
2.00674700737	-0.044	-0.08	1.868
2.01041793823	0.056	-0.348	2.044
2.01408100128	-0.068	0.128	-1.544
2.01775193214	-0.004	-0.184	2.044
2.02141714096	-0.004	-0.184	2.044
2.02508115768	0.02	-0.268	1.456
2.02874994278	-0.092	0.132	-1.292
2.0324139595	-0.092	0.132	-1.292
2.03607916832	0.024	-0.288	2.044
2.03977799416	0.032	-0.216	0.496
2.04344201088	-0.072	0.108	-0.724
2.04711294174	-0.072	0.108	-0.724
2.05077815056	0.048	-0.348	2.044
2.05445098877	0.008	-0.088	-0.38
2.05812001228	0.008	-0.088	-0.38
2.06178402901	-0.072	0.048	0.076
2.06544709206	0.056	-0.388	2.044
2.06911611557	-0.048	-0.004	-1.064
2.07278108597	-0.048	-0.004	-1.064
2.07644701004	-0.06	-0.02	0.968
2.08011603355	0.044	-0.392	2.044
2.08378005028	-0.06	0.076	-1.464
2.08745002747	-0.06	0.076	-1.464
2.09111595154	-0.028	-0.096	1.912
2.09477996826	0.044	-0.332	2.044
2.0984621048	0.044	-0.332	2.044
2.1021270752	-0.056	0.124	-1.536
2.10579109192	-0.008	-0.204	2.044
2.10946106911	0.032	-0.276	1.4
2.11312508583	0.032	-0.276	1.4
2.11678814888	-0.08	0.152	-1.268
2.12045907974	0.028	-0.296	2.044
2.12412214279	0.028	-0.296	2.044
2.12778615952	0.016	-0.188	0.444
2.13144803047	-0.08	0.1	-0.676
2.13511109352	0.048	-0.368	2.044
2.13878202438	0.048	-0.368	2.044
2.14244914055	0.0	-0.084	-0.428
2.14610505104	-0.056	0.064	0.112
2.14977312088	-0.056	0.064	0.112
2.15343809128	0.064	-0.392	2.044
2.15711712837	-0.06	0.008	-1.084
2.16078305244	-0.052	-0.016	1.04
2.16444802284	-0.052	-0.016	1.04
2.16811299324	0.076	-0.38	2.044
2.17177605629	-0.048	0.068	-1.476
2.17544007301	-0.02	-0.108	1.952
2.17910504341	-0.02	-0.108	1.952
2.18277001381	0.044	-0.344	2.044
2.18643307686	-0.064	0.108	-1.524
2.19010210037	-0.064	0.108	-1.524
2.19376707077	0.0	-0.208	2.044
2.19745016098	0.044	-0.268	1.336
2.20111513138	-0.088	0.136	-1.216
2.2047791481	-0.088	0.136	-1.216
2.2084441185	0.028	-0.292	2.044
2.21211004257	0.024	-0.18	0.388
2.21577095985	0.024	-0.18	0.388
2.21943998337	-0.076	0.124	-0.644
2.22310400009	0.032	-0.348	2.044
2.22676706314	-0.012	-0.076	-0.472
2.230437994	-0.012	-0.076	-0.472
2.2341029644	-0.052	0.072	0.176
2.23777198792	0.076	-0.416	2.044
2.24143600464	0.076	-0.416	2.044
2.24509906769	-0.064	0.012	-1.12
2.24876308441	-0.048	-0.008	1.1
2.25242710114	0.064	-0.392	2.044
2.25609111786	0.064	-0.392	2.044
2.25977015495	-0.06	0.076	-1.484
2.26343512535	-0.024	-0.108	2.024
2.26710915565	0.052	-0.332	2.044
2.27077293396	0.052	-0.332	2.044
2.27443504333	-0.096	0.156	-1.54
2.27810096741	-0.008	-0.216	2.044
2.28176593781	-0.008	-0.216	2.044
2.28542995453	0.032	-0.26	1.3
2.28909301758	-0.084	0.128	-1.2
2.29275894165	0.028	-0.3	2.044
2.29642105103	0.028	-0.3	2.044
2.30008816719	0.016	-0.18	0.352
2.3037519455	-0.1	0.136	-0.604
2.30742311478	-0.1	0.136	-0.604
2.31108808517	0.044	-0.36	2.044
2.31475114822	-0.004	-0.068	-0.504
2.31842112541	-0.044	0.06	0.212
2.32208395004	-0.044	0.06	0.212
2.32575011253	0.048	-0.388	2.044
2.32941412926	-0.068	0.0	-1.144
2.33307003975	-0.068	0.0	-1.144
2.33672595024	-0.056	-0.012	1.136
2.34039616585	0.056	-0.372	2.044
2.34406113625	-0.052	0.092	-1.512
2.34773206711	-0.052	0.092	-1.512
2.35139608383	-0.02	-0.112	2.044
2.35506105423	0.064	-0.332	2.044
2.35873007774	-0.1	0.124	-1.504
2.36243605614	-0.1	0.124	-1.504
2.36610293388	-0.012	-0.22	2.044
2.36977314949	0.032	-0.264	1.236
2.37343811989	0.032	-0.264	1.236
2.37710213661	-0.092	0.128	-1.184
2.38076996803	0.016	-0.296	2.044
2.38443398476	0.028	-0.176	0.304
2.38810300827	0.028	-0.176	0.304
2.39176607132	-0.12	0.12	-0.568
2.39543008804	0.052	-0.364	2.044
2.39909911156	0.052	-0.364	2.044
2.40276312828	-0.02	-0.068	-0.548
2.406427145	-0.056	0.052	0.256
2.41009712219	0.056	-0.396	2.044
2.41376113892	0.056	-0.396	2.044
2.41743016243	-0.06	0.028	-1.172
2.42109513283	-0.044	-0.012	1.184
2.42475914955	-0.044	-0.012	1.184
2.42843008041	0.048	-0.38	2.044
2.43209195137	-0.076	0.088	-1.508
2.43575716019	-0.008	-0.148	2.044
2.43943095207	-0.008	-0.148	2.044
2.4430949688	0.052	-0.332	2.044
2.44675803185	-0.112	0.128	-1.508
2.45042705536	0.0	-0.22	2.044
2.4540810585	0.0	-0.22	2.044
2.45773816109	0.024	-0.264	1.196
2.46140098572	-0.1	0.12	-1.16
2.46507406235	-0.1	0.12	-1.16
2.46874403954	0.036	-0.292	2.044
2.47240805626	0.032	-0.172	0.228
2.47607016563	-0.112	0.108	-0.532
2.47977495193	-0.112	0.108	-0.532
2.48344111443	0.048	-0.364	2.044
2.48710513115	-0.008	-0.072	-0.58
2.49077105522	-0.008	-0.072	-0.58
2.49448394775	-0.068	0.04	0.3
2.49815511703	0.056	-0.392	2.044
2.50182008743	-0.028	0.024	-1.196
2.50548410416	-0.028	0.024	-1.196
2.50915503502	-0.068	-0.024	1.24
2.51282000542	0.064	-0.38	2.044
2.51648211479	0.064	-0.38	2.044
2.52015113831	-0.04	0.096	-1.524
2.5238161087	-0.032	-0.124	2.044
2.52748513222	0.044	-0.324	2.044
2.53115010262	0.044	-0.324	2.044
2.53481316566	-0.096	0.144	-1.488
2.53848314285	-0.004	-0.224	2.044
2.54214811325	0.024	-0.28	1.14
2.54581093788	0.024	-0.28	1.14
2.5494799614	-0.08	0.124	-1.132
2.55314803123	0.04	-0.3	2.044
2.55681109428	0.04	-0.3	2.044
2.56047916412	0.036	-0.16	0.2
2.56414198875	-0.096	0.104	-0.484
2.56782507896	0.052	-0.372	2.044
2.57149004936	0.052	-0.372	2.044
2.57515406609	-0.024	-0.056	-0.628
2.57881999016	-0.076	0.04	0.336
2.58248400688	-0.076	0.04	0.336
2.58614611626	0.056	-0.392	2.044
2.58981609344	-0.028	0.032	-1.216
2.59348106384	-0.052	-0.032	1.288
2.59715199471	-0.052	-0.032	1.288
2.60081505775	0.056	-0.364	2.044
2.60447907448	-0.052	0.1	-1.528
2.60814714432	-0.052	0.1	-1.528
2.61181211472	-0.032	-0.132	2.044
2.61547613144	0.04	-0.324	2.024
2.61914515495	-0.076	0.124	-1.48
2.62280893326	-0.076	0.124	-1.48
2.62647294998	0.012	-0.224	2.044
2.6301419735	0.024	-0.244	1.08
2.63380599022	-0.08	0.124	-1.1
2.63747596741	-0.08	0.124	-1.1
2.6411421299	0.024	-0.304	2.044
2.64480614662	0.02	-0.16	0.156
2.64846897125	0.02	-0.16	0.156
2.6521320343	-0.072	0.096	-0.444
2.65579605103	0.048	-0.376	2.044
2.65946602821	-0.02	-0.06	-0.664
2.66313195229	-0.02	-0.06	-0.664
2.66680002213	-0.068	0.044	0.396
2.67047715187	0.072	-0.392	2.044
2.6741399765	0.072	-0.392	2.044
2.67781209946	-0.036	0.044	-1.244
2.68147706985	-0.056	-0.028	1.352
2.68514108658	0.048	-0.376	2.044
2.68880605698	0.048	-0.376	2.044
2.6924700737	-0.064	0.116	-1.528
2.69613409042	-0.024	-0.14	2.044
2.69980406761	-0.024	-0.14	2.044
2.70346808434	0.044	-0.324	1.952
2.70713210106	-0.084	0.14	-1.46
2.71079707146	0.016	-0.232	2.044
2.71445894241	0.016	-0.232	2.044
2.71812915802	0.036	-0.24	1.032
2.72179603577	-0.092	0.136	-1.076
2.72546195984	0.028	-0.312	2.044
2.72912502289	0.028	-0.312	2.044
2.73278903961	0.004	-0.156	0.1
2.73645114899	-0.072	0.092	-0.4
2.74012112617	-0.072	0.092	-0.4
2.74378395081	0.064	-0.396	2.044
2.74745416641	-0.024	-0.044	-0.704
2.75112009048	-0.056	0.04	0.452
2.75478315353	-0.056	0.04	0.452
2.75845098495	0.06	-0.388	2.044
2.762114048	-0.04	0.036	-1.276
2.7657790184	-0.04	0.036	-1.276
2.7694439888	-0.056	-0.04	1.392
2.77311706543	0.044	-0.364	2.044
2.77678203583	-0.108	0.096	-1.56
2.78045201302	-0.108	0.096	-1.56
2.78411602974	-0.04	-0.152	2.044
2.78778100014	0.036	-0.324	1.916
2.79144406319	0.036	-0.324	1.916
2.79510593414	-0.084	0.132	-1.444
2.79877209663	0.028	-0.232	2.044
2.80243515968	0.056	-0.244	0.972
2.80609703064	0.056	-0.244	0.972
2.80976200104	-0.1	0.144	-1.032
2.81342697144	0.036	-0.324	2.044
2.81709098816	0.036	-0.324	2.044
2.82075309753	0.016	-0.148	0.04
2.82441616058	-0.064	0.108	-0.352
2.82808709145	0.052	-0.388	2.044
2.83178114891	0.052	-0.388	2.044
2.83544898033	-0.04	-0.036	-0.736
2.83912110329	-0.072	0.04	0.512
2.84278512001	0.052	-0.408	2.044
2.84644794464	0.052	-0.408	2.044
2.85011696815	-0.048	0.028	-1.296
2.85378193855	-0.04	-0.044	1.444
2.85745215416	-0.04	-0.044	1.444
2.86111116409	0.06	-0.368	2.044
2.86476802826	-0.104	0.092	-1.54
2.86843109131	-0.008	-0.148	2.044
2.87210011482	-0.008	-0.148	2.044
2.87577414513	0.04	-0.316	1.856
2.87944507599	-0.096	0.124	-1.436
2.88311004639	-0.096	0.124	-1.436
2.88677310944	0.02	-0.244	2.044
2.89044213295	0.044	-0.236	0.916
2.8941090107	-0.112	0.136	-1.008
2.89778113365	-0.112	0.136	-1.008
2.90144610405	0.044	-0.32	2.044
2.9051091671	0.0	-0.12	0.004
2.90876507759	0.0	-0.12	0.004
2.91242003441	-0.068	0.084	-0.304
2.91608405113	0.052	-0.384	2.044
2.91978096962	-0.016	-0.04	-0.78
2.92344594002	-0.016	-0.04	-0.78
2.92711806297	-0.072	0.032	0.564
2.93078112602	0.056	-0.396	2.044
2.93444395065	-0.036	0.044	-1.316
2.93810915947	-0.036	0.044	-1.316
2.94177412987	-0.032	-0.06	1.52
2.94543814659	0.056	-0.368	2.044
2.9491109848	0.056	-0.368	2.044
2.95277500153	-0.096	0.1	-1.536
2.95643997192	-0.016	-0.152	2.044
2.96010708809	0.044	-0.32	1.816
2.96377515793	0.044	-0.32	1.816
2.96744012833	-0.092	0.132	-1.424
2.9711060524	0.02	-0.244	2.044
2.97476911545	0.02	-0.244	2.044
2.97844099998	0.036	-0.22	0.876
2.98210597038	-0.124	0.148	-0.972
2.98577094078	0.036	-0.34	2.044
2.98943996429	0.036	-0.34	2.044
2.99310302734	0.008	-0.132	-0.044
2.99676799774	-0.064	0.072	-0.276
3.00043797493	-0.064	0.072	-0.276
3.00410294533	0.056	-0.392	2.044
3.00777506828	-0.004	-0.04	-0.816
3.01144003868	-0.076	0.032	0.624
3.01510310173	-0.076	0.032	0.624
3.01877212524	0.068	-0.384	2.044
3.02244114876	-0.036	0.056	-1.348
3.02610397339	-0.04	-0.072	1.552
3.02977514267	-0.04	-0.072	1.552
3.03343915939	0.052	-0.364	2.044
3.03710913658	-0.088	0.096	-1.548
3.04077410698	-0.088	0.096	-1.548
3.04443907738	-0.004	-0.16	2.044
3.04810500145	0.068	-0.324	1.764
3.05176711082	-0.064	0.128	-1.412
3.05543208122	-0.064	0.128	-1.412
3.05910301208	0.024	-0.256	2.044
3.06276893616	0.04	-0.232	0.828
3.06643104553	0.04	-0.232	0.828
3.07009911537	-0.092	0.128	-0.948
3.0737631321	0.04	-0.328	2.044
3.07743310928	-0.008	-0.128	-0.084
3.08111715317	-0.008	-0.128	-0.084
3.08478212357	-0.072	0.112	-0.248
3.08844804764	0.044	-0.38	2.044
3.09211111069	0.044	-0.38	2.044
3.09577298164	-0.012	-0.028	-0.844
3.09944415092	-0.064	0.028	0.664
3.10310697556	0.056	-0.384	2.044
3.10677194595	0.056	-0.384	2.044
3.11044502258	-0.052	0.052	-1.368
3.11410999298	-0.028	-0.072	1.604
3.11777997017	0.06	-0.368	2.044
3.12144613266	0.06	-0.368	2.044
3.12511014938	-0.076	0.1	-1.556
3.12877511978	-0.008	-0.168	2.044
3.13243794441	-0.008	-0.168	2.044
3.13610196114	0.048	-0.3	1.72
3.1397690773	-0.092	0.132	-1.388
3.1434340477	0.012	-0.264	2.044
3.14710402489	0.012	-0.264	2.044
3.15076804161	0.024	-0.224	0.772
3.15443015099	-0.08	0.132	-0.92
3.15810108185	-0.08	0.132	-0.92
3.16176605225	0.04	-0.328	2.044
3.16542816162	-0.016	-0.128	-0.124
3.16909408569	-0.092	0.092	-0.18
3.17275810242	-0.092	0.092	-0.18
3.17642498016	0.048	-0.376	2.044
3.18009114265	-0.028	-0.02	-0.892
3.18376994133	-0.028	-0.02	-0.892
3.18744206429	-0.056	0.016	0.724
3.19110512733	0.056	-0.384	2.044
3.19476914406	-0.056	0.06	-1.384
3.19843912125	-0.056	0.06	-1.384
3.20210194588	-0.032	-0.08	1.652
3.2057659626	0.064	-0.364	2.044
3.20946216583	-0.06	0.116	-1.548
3.21312713623	-0.06	0.116	-1.548
3.21679115295	-0.012	-0.164	2.044
3.22046208382	0.048	-0.3	1.66
3.22412514687	0.048	-0.3	1.66
3.22779393196	-0.084	0.132	-1.372
3.23145914078	0.012	-0.264	2.044
3.23512601852	0.02	-0.22	0.708
3.23879504204	0.02	-0.22	0.708
3.24245810509	-0.084	0.128	-0.884
3.24612212181	0.048	-0.348	2.044
3.24978995323	0.048	-0.348	2.044
3.25345396996	-0.008	-0.128	-0.188
3.25712513924	-0.088	0.088	-0.132
3.26079010963	0.06	-0.384	2.044
3.26445293427	0.06	-0.384	2.044
3.26812314987	-0.02	-0.012	-0.908
3.27178812027	-0.052	0.02	0.752
3.2754509449	-0.052	0.02	0.752
3.27911996841	0.056	-0.384	2.044
3.28278398514	-0.088	0.076	-1.404
3.28645801544	-0.044	-0.076	1.696
3.29013109207	-0.044	-0.076	1.696
3.29379701614	0.056	-0.356	2.044
3.29746699333	-0.076	0.116	-1.536
3.30113196373	0.016	-0.176	2.044
3.30479693413	0.016	-0.176	2.044
3.30847096443	0.04	-0.292	1.612
3.31213402748	-0.108	0.136	-1.356
3.31579899788	-0.108	0.136	-1.356
3.31946897507	0.012	-0.272	2.044
3.32313299179	0.02	-0.216	0.668
3.32679605484	-0.1	0.108	-0.844
3.33046603203	-0.1	0.108	-0.844
3.33413004875	0.036	-0.344	2.044
3.33780002594	-0.008	-0.12	-0.232
3.34146595001	-0.008	-0.12	-0.232
3.34512901306	-0.112	0.088	-0.08
3.34880304337	0.06	-0.384	2.044
3.35246610641	-0.004	-0.012	-0.968
3.35613107681	-0.004	-0.012	-0.968
3.359801054	-0.044	0.012	0.828
3.36346507072	0.064	-0.388	2.044
3.36713600159	0.064	-0.388	2.044
3.3708050251	-0.076	0.06	-1.42
3.37447309494	-0.032	-0.08	1.744
3.37813806534	0.048	-0.36	2.044
3.38180208206	0.048	-0.36	2.044
3.38546609879	-0.088	0.12	-1.544
3.38914513588	0.004	-0.18	2.044
3.39280796051	0.048	-0.304	1.568
3.39647197723	0.048	-0.304	1.568
3.40014100075	-0.108	0.14	-1.336
3.40381002426	0.016	-0.272	2.044
3.40747904778	0.016	-0.272	2.044
3.4111430645	0.016	-0.208	0.62
3.41480612755	-0.092	0.112	-0.812
3.41847705841	0.04	-0.344	2.044
3.42214012146	0.04	-0.344	2.044
3.42580199242	0.016	-0.108	-0.276
3.4294719696	-0.104	0.072	-0.044
3.43313598633	-0.104	0.072	-0.044
3.43679904938	0.068	-0.384	2.044
3.44046807289	-0.02	-0.004	-0.992
3.44413304329	-0.04	-0.012	0.872
3.44780397415	-0.04	-0.012	0.872
3.45146799088	0.064	-0.384	2.044
3.45513105392	-0.052	0.072	-1.424
3.45879602432	-0.052	0.072	-1.424
3.46246314049	-0.024	-0.088	1.792
3.46612811089	0.044	-0.348	2.044
3.4697971344	-0.072	0.12	-1.552
3.4734621048	-0.072	0.12	-1.552
3.47713303566	-0.012	-0.172	2.044
3.48079800606	0.044	-0.276	1.5
3.48445796967	-0.092	0.132	-1.324
3.48812198639	-0.092	0.132	-1.324
3.49179697037	0.016	-0.288	2.044
3.49546098709	0.02	-0.208	0.568
3.4991300106	0.02	-0.208	0.568
3.50279307365	-0.076	0.112	-0.772
3.50645709038	0.052	-0.348	2.044
3.51012516022	0.028	-0.112	-0.316
3.51379013062	0.028	-0.112	-0.316
3.51746296883	-0.108	0.072	0.0
3.52111816406	0.064	-0.392	2.044
3.52478194237	0.064	-0.392	2.044
3.52844595909	-0.024	-0.004	-1.004
3.53211212158	-0.056	-0.008	0.908
3.53577494621	0.052	-0.392	2.044
3.53944396973	0.052	-0.392	2.044
3.54310703278	-0.06	0.068	-1.436
3.5467710495	-0.028	-0.092	1.828
3.55044102669	-0.028	-0.092	1.828
3.55410504341	0.072	-0.388	2.044
3.55777311325	-0.056	0.116	-1.536
3.56143808365	-0.004	-0.188	2.044
3.5651011467	-0.004	-0.188	2.044
3.56876707077	0.044	-0.284	1.476
3.57243013382	-0.092	0.144	-1.3
3.57609701157	0.016	-0.284	2.044
3.57976698875	0.016	-0.284	2.044
3.58343100548	0.004	-0.196	0.524
3.58709907532	-0.064	0.128	-0.764
3.59076309204	-0.064	0.128	-0.764
3.59444403648	0.052	-0.348	2.044
3.59811496735	0.004	-0.092	-0.348
3.60177898407	-0.064	0.064	0.044
3.60544109344	-0.064	0.064	0.044
3.60910415649	0.06	-0.388	2.044
3.61276698112	-0.048	-0.004	-1.044
3.61643195152	-0.048	-0.004	-1.044
3.62010216713	-0.048	-0.016	0.948
3.62376713753	0.048	-0.388	2.044
3.62743616104	-0.064	0.064	-1.456
3.63111209869	-0.064	0.064	-1.456
3.63480806351	-0.028	-0.084	1.872
3.63848114014	0.036	-0.344	2.044
3.64214396477	0.036	-0.344	2.044
3.64580798149	-0.084	0.124	-1.548
3.64947414398	-0.012	-0.2	2.044
3.65313816071	0.04	-0.284	1.428
3.65680193901	0.04	-0.284	1.428
3.66047096252	-0.068	0.12	-1.268
3.66413497925	0.028	-0.288	2.044
3.66780400276	0.016	-0.192	0.48
3.67146801949	0.016	-0.192	0.48
3.67513108253	-0.076	0.12	-0.716
3.67880296707	0.056	-0.364	2.044
3.6824669838	0.056	-0.364	2.044
3.68613100052	-0.008	-0.092	-0.376
3.68980503082	-0.08	0.064	0.072
3.69346809387	0.056	-0.392	2.044
3.69714808464	0.056	-0.392	2.044
3.70081210136	-0.052	0.0	-1.068
3.70446896553	-0.048	-0.016	1.004
3.70813393593	-0.048	-0.016	1.004
3.71179795265	0.068	-0.4	2.044
3.71546196938	-0.064	0.084	-1.468
3.71913194656	-0.028	-0.104	1.912
3.72279810905	-0.028	-0.104	1.912
3.72646307945	0.044	-0.348	2.044
3.73013210297	-0.076	0.128	-1.532
3.73379802704	-0.076	0.128	-1.532
3.73746800423	-0.004	-0.208	2.044
3.74113297462	0.032	-0.276	1.388
3.74480009079	-0.08	0.128	-1.26
3.74847102165	-0.08	0.128	-1.26
3.75213503838	0.04	-0.308	2.044
3.75579810143	0.028	-0.188	0.444
3.75946712494	-0.068	0.124	-0.688
3.76313114166	-0.068	0.124	-0.688
3.76679515839	0.06	-0.356	2.044
3.77046513557	-0.012	-0.076	-0.416
3.77413105965	-0.012	-0.076	-0.416
3.77779603004	-0.052	0.088	0.116
3.78146004677	0.048	-0.388	2.044
3.78512406349	-0.052	0.02	-1.104
3.78879404068	-0.052	0.02	-1.104
3.7924580574	-0.056	0.0	1.028
3.79611301422	0.052	-0.388	2.044
3.79979109764	0.052	-0.388	2.044
3.80345916748	-0.076	0.076	-1.476
3.80712914467	-0.024	-0.1	1.952
3.81079411507	0.056	-0.34	2.044
3.8144569397	0.056	-0.34	2.044
3.81812596321	-0.084	0.132	-1.524
3.82178997993	-0.028	-0.2	2.044
3.82545399666	-0.028	-0.2	2.044
3.82912516594	0.04	-0.272	1.34
3.8327870369	-0.088	0.14	-1.232
3.83645105362	0.032	-0.3	2.044
3.84011912346	0.032	-0.3	2.044
3.84378194809	0.028	-0.176	0.384
3.8474509716	-0.084	0.128	-0.648
3.851115942	0.048	-0.364	2.044
3.85477805138	0.048	-0.364	2.044
3.85845112801	-0.004	-0.092	-0.444
3.86211109161	-0.036	0.072	0.16
3.86576700211	-0.036	0.072	0.16
3.86942815781	0.06	-0.384	2.044
3.87309503555	-0.072	0.004	-1.124
3.87676215172	-0.052	-0.008	1.084
3.88043212891	-0.052	-0.008	1.084
3.88409614563	0.048	-0.384	2.044
3.88776516914	-0.076	0.076	-1.48
3.89143013954	-0.076	0.076	-1.48
3.89509415627	-0.024	-0.104	1.996
3.89876508713	0.056	-0.336	2.044
3.90243911743	-0.092	0.124	-1.528
3.90610408783	-0.092	0.124	-1.528
3.90977501869	0.0	-0.22	2.044
3.91342997551	0.044	-0.276	1.312
3.91710305214	0.044	-0.276	1.312
3.92076706886	-0.084	0.136	-1.224
3.92443108559	0.028	-0.288	2.044
3.92809510231	0.04	-0.184	0.34
3.93175816536	0.04	-0.184	0.34
3.93542098999	-0.116	0.128	-0.628
3.93910312653	0.036	-0.356	2.044
3.94276714325	0.036	-0.356	2.044
3.94643115997	-0.012	-0.088	-0.492
3.95010209084	-0.068	0.072	0.196
3.95376515388	0.052	-0.388	2.044
3.95742893219	0.052	-0.388	2.044
3.96109199524	-0.052	0.008	-1.132
3.96475601196	-0.044	-0.004	1.128
3.96842002869	0.064	-0.388	2.044
3.97208714485	0.064	-0.388	2.044
3.97575116158	-0.072	0.092	-1.492
3.97942113876	-0.028	-0.12	2.032
3.98308610916	-0.028	-0.12	2.032
3.98674798012	0.06	-0.352	2.044
3.9904191494	-0.104	0.124	-1.508
3.99408197403	-0.012	-0.22	2.044
3.99775314331	-0.012	-0.22	2.044
4.00141811371	0.04	-0.272	1.268
4.00509095192	-0.092	0.128	-1.192
4.00875711441	-0.092	0.128	-1.192
4.01242208481	0.04	-0.296	2.044
4.01608610153	0.024	-0.176	0.328
4.01975607872	-0.12	0.12	-0.6
4.02342104912	-0.12	0.12	-0.6
4.02709197998	0.048	-0.368	2.044
4.03075909615	-0.016	-0.08	-0.532
4.03442406654	-0.016	-0.08	-0.532
4.03809499741	-0.072	0.056	0.232
4.04175806046	0.048	-0.4	2.044
4.0454211235	-0.048	0.008	-1.164
4.0490860939	-0.048	0.008	-1.164
4.05275011063	-0.048	-0.016	1.18
4.05641508102	0.04	-0.38	2.044
4.06008315086	-0.048	0.088	-1.5
4.06374311447	-0.048	0.088	-1.5
4.06740999222	-0.012	-0.112	2.044
4.07107400894	0.06	-0.332	2.044
4.07473707199	0.06	-0.332	2.044
4.07840704918	-0.092	0.132	-1.508
4.0820710659	-0.012	-0.22	2.044
4.08573913574	0.032	-0.268	1.208
4.08940315247	0.032	-0.268	1.208
4.0930659771	-0.1	0.108	-1.164
4.09672999382	0.024	-0.288	2.044
4.10039901733	0.024	-0.288	2.044
4.10406303406	0.04	-0.172	0.272
4.10774111748	-0.124	0.116	-0.56
4.11144399643	0.048	-0.368	2.044
4.11510896683	0.048	-0.368	2.044
4.11877894402	-0.012	-0.064	-0.556
4.12244296074	-0.064	0.044	0.292
4.12610602379	-0.064	0.044	0.292
4.12977313995	0.064	-0.38	2.044
4.13343715668	-0.052	0.024	-1.188
4.13710713387	-0.052	-0.028	1.216
4.14077210426	-0.052	-0.028	1.216
4.14443898201	0.06	-0.372	2.044
4.1481089592	-0.032	0.1	-1.524
4.15177297592	-0.02	-0.132	2.044
4.15544199944	-0.02	-0.132	2.044
4.15911197662	0.064	-0.336	2.044
4.16277909279	-0.108	0.132	-1.484
4.16644501686	-0.108	0.132	-1.484
4.17011499405	0.008	-0.228	2.044
4.17377901077	0.028	-0.256	1.156
4.1774430275	-0.084	0.128	-1.152
4.18110799789	-0.084	0.128	-1.152
4.18477201462	0.02	-0.288	2.044
4.18844008446	0.016	-0.176	0.228
4.19210314751	0.016	-0.176	0.228
4.19576501846	-0.104	0.108	-0.516
4.19943904877	0.048	-0.396	2.044
4.20310401917	0.0	-0.072	-0.612
4.20676016808	0.0	-0.072	-0.612
4.21043109894	-0.072	0.04	0.332
4.21409416199	0.064	-0.4	2.044
4.21776413918	0.064	-0.4	2.044
4.22142696381	-0.012	0.028	-1.212
4.22509098053	-0.044	-0.024	1.264
4.22876310349	0.06	-0.384	2.044
4.23242616653	0.06	-0.384	2.044
4.23608899117	-0.052	0.1	-1.524
4.23975896835	-0.032	-0.124	2.044
4.24342393875	0.04	-0.332	2.044
4.24709415436	0.04	-0.332	2.044
4.25075602531	-0.084	0.124	-1.488
4.25442099571	-0.004	-0.216	2.044
4.25809407234	-0.004	-0.216	2.044
4.26175808907	0.036	-0.256	1.124
4.26542115211	-0.08	0.12	-1.128
4.2690911293	0.04	-0.304	2.044
4.27275395393	0.04	-0.304	2.044
4.27641701698	0.032	-0.168	0.18
4.28008508682	-0.092	0.096	-0.484
4.28374910355	-0.092	0.096	-0.484
4.28742003441	0.048	-0.368	2.044
4.29108309746	-0.032	-0.072	-0.62
4.29474711418	-0.072	0.028	0.356
4.2984149456	-0.072	0.028	0.356
4.30207896233	0.064	-0.396	2.044
4.30574202538	-0.024	0.036	-1.228
4.30941295624	-0.024	0.036	-1.228
4.31309008598	-0.04	-0.04	1.296
4.31675601006	0.056	-0.372	2.044
4.32042503357	-0.064	0.104	-1.524
4.32409000397	-0.064	0.104	-1.524
4.32775998116	-0.02	-0.12	2.044
4.33142399788	0.04	-0.324	2.004
4.33508610725	-0.084	0.12	-1.48
4.33875703812	-0.084	0.12	-1.48
4.34242105484	0.004	-0.228	2.044
4.34608411789	0.028	-0.26	1.08
4.34982395172	0.028	-0.26	1.08
4.35352301598	-0.076	0.136	-1.1
4.35720396042	0.036	-0.308	2.044
4.36087203026	0.02	-0.14	0.152
4.36453795433	0.02	-0.14	0.152
4.3682050705	-0.06	0.096	-0.44
4.37187004089	0.056	-0.38	2.044
4.37552714348	0.056	-0.38	2.044
4.37919211388	-0.02	-0.056	-0.652
4.38286304474	-0.068	0.044	0.412
4.38652896881	0.056	-0.408	2.044
4.39020204544	0.056	-0.408	2.044
4.39386796951	-0.036	0.04	-1.24
4.39754104614	-0.06	-0.032	1.36
4.40120697021	-0.06	-0.032	1.36
4.40487313271	0.056	-0.376	2.044
4.40854001045	-0.072	0.108	-1.528
4.41220808029	-0.032	-0.132	2.044
4.41588401794	-0.032	-0.132	2.044
4.41955804825	0.044	-0.312	1.972
4.42322611809	-0.08	0.128	-1.468
4.42691111565	0.012	-0.24	2.044
4.43057799339	0.012	-0.24	2.044
4.43424415588	0.032	-0.264	1.036
4.43791508675	-0.08	0.132	-1.084
4.44158315659	-0.08	0.132	-1.084
4.44525098801	0.032	-0.304	2.044
4.4489171505	0.012	-0.152	0.116
4.4525821209	-0.052	0.096	-0.412
4.45624804497	-0.052	0.096	-0.412
4.45991802216	0.056	-0.372	2.044
4.46358394623	-0.02	-0.064	-0.696
4.46725797653	-0.02	-0.064	-0.696
4.4709250927	-0.056	0.04	0.428
4.4745900631	0.056	-0.4	2.044
4.47826194763	-0.044	0.044	-1.268
4.48193001747	-0.044	0.044	-1.268
4.48559904099	-0.072	-0.028	1.392
4.48926711082	0.028	-0.348	2.044
4.4929330349	-0.108	0.096	-1.54
4.49660110474	-0.108	0.096	-1.54
4.50027394295	-0.024	-0.144	2.044
4.50394105911	0.04	-0.32	1.924
4.50761914253	0.04	-0.32	1.924
4.51128602028	-0.084	0.14	-1.452
4.51495409012	0.012	-0.236	2.044
4.51863908768	0.048	-0.24	0.984
4.52230405807	0.048	-0.24	0.984
4.52596902847	-0.088	0.148	-1.04
4.52963614464	0.032	-0.32	2.044
4.53330302238	0.032	-0.32	2.044
4.53697109222	0.016	-0.144	0.06
4.54067611694	-0.064	0.096	-0.368
4.54434299469	0.056	-0.384	2.044
4.54801511765	0.056	-0.384	2.044
4.55167913437	-0.02	-0.056	-0.74
4.55534815788	-0.064	0.044	0.504
4.55901694298	-0.064	0.044	0.504
4.56268215179	0.056	-0.38	2.044
4.56634712219	-0.048	0.044	-1.288
4.57001614571	-0.048	-0.044	1.436
4.57367515564	-0.048	-0.044	1.436
4.57733893394	0.048	-0.36	2.044
4.58100795746	-0.108	0.1	-1.54
4.5846760273	-0.032	-0.152	2.044
4.58835101128	-0.032	-0.152	2.044
4.59201908112	0.032	-0.308	1.864
4.59568500519	-0.096	0.112	-1.428
4.59936213493	-0.096	0.112	-1.428
4.60304498672	0.028	-0.24	2.044
4.60671114922	0.052	-0.24	0.932
4.61038303375	-0.1	0.148	-1.016
4.61405014992	-0.1	0.148	-1.016
4.61772203445	0.032	-0.312	2.044
4.6213991642	0.02	-0.136	0.012
4.6250629425	0.02	-0.136	0.012
4.62873506546	-0.06	0.088	-0.308
4.63240194321	0.068	-0.388	2.044
4.6360681057	-0.012	-0.048	-0.78
4.63977003098	-0.012	-0.048	-0.78
4.64343810081	-0.076	0.04	0.572
4.64710903168	0.056	-0.396	2.044
4.65083503723	-0.04	0.032	-1.32
4.65450596809	-0.04	0.032	-1.32
4.65818095207	-0.036	-0.056	1.496
4.66184806824	0.06	-0.368	2.044
4.66551399231	0.06	-0.368	2.044
4.66918706894	-0.116	0.104	-1.536
4.67285394669	-0.012	-0.164	2.044
4.67652106285	0.04	-0.316	1.808
4.68020606041	0.04	-0.316	1.808
4.6838760376	-0.096	0.124	-1.42
4.6875500679	0.016	-0.244	2.044
4.69121599197	0.016	-0.244	2.044
4.6948800087	0.044	-0.24	0.876
4.69855093956	-0.112	0.152	-0.984
4.70221710205	0.04	-0.336	2.044
4.70588302612	0.04	-0.336	2.044
4.7095489502	0.012	-0.136	-0.036
4.71321797371	-0.068	0.088	-0.26
4.71688604355	-0.068	0.088	-0.26
4.72055697441	0.056	-0.388	2.044
4.72423195839	-0.012	-0.044	-0.816
4.72790503502	-0.076	0.036	0.62
4.73157215118	-0.076	0.036	0.62
4.73523616791	0.048	-0.38	2.044
4.73892307281	-0.04	0.056	-1.344
4.74258899689	-0.032	-0.076	1.556
4.74625515938	-0.032	-0.076	1.556
4.74992895126	0.06	-0.36	2.044
4.75359511375	-0.084	0.1	-1.548
4.75726699829	-0.084	0.1	-1.548
4.76093411446	0.012	-0.156	2.044
4.7646009922	0.048	-0.312	1.76
4.76827096939	-0.076	0.128	-1.408
4.771930933	-0.076	0.128	-1.408
4.77558898926	0.028	-0.26	2.044
4.77925300598	0.032	-0.232	0.816
4.7829220295	0.032	-0.232	0.816
4.78658795357	-0.096	0.136	-0.94
4.7902610302	0.036	-0.332	2.044
4.79392695427	0.008	-0.14	-0.076
4.7976000309	0.008	-0.14	-0.076
4.8012650013	-0.072	0.092	-0.22
4.80493211746	0.064	-0.388	2.044
4.80859804153	0.064	-0.388	2.044
4.8122651577	-0.004	-0.036	-0.856
4.81593108177	-0.068	0.028	0.668
4.81960201263	0.064	-0.38	2.044
4.82326793671	0.064	-0.38	2.044
4.82696008682	-0.04	0.06	-1.368
4.83062911034	-0.012	-0.076	1.6
4.83429503441	0.064	-0.36	2.044
4.83796715736	0.064	-0.36	2.044
4.84163403511	-0.08	0.108	-1.556
4.84530210495	-0.008	-0.168	2.044
4.84896993637	-0.008	-0.168	2.044
4.85263705254	0.056	-0.312	1.692
4.85630202293	-0.068	0.132	-1.384
4.85997605324	0.02	-0.264	2.044
4.86364102364	0.02	-0.264	2.044
4.8673081398	0.008	-0.208	0.772
4.8709731102	-0.08	0.124	-0.9
4.87463903427	-0.08	0.124	-0.9
4.8783121109	0.036	-0.34	2.044
4.88198113441	-0.004	-0.116	-0.152
4.88564705849	-0.096	0.1	-0.172
4.88931393623	-0.096	0.1	-0.172
4.8929810524	0.052	-0.388	2.044
4.8966460228	-0.02	-0.02	-0.904
4.90031909943	-0.02	-0.02	-0.904
4.9039850235	-0.036	-0.008	0.728
4.9076590538	0.06	-0.384	2.044
4.91132307053	-0.056	0.056	-1.388
4.91499996185	-0.056	0.056	-1.388
4.91867113113	-0.032	-0.072	1.648
4.92233705521	0.068	-0.368	2.044
4.92600297928	-0.072	0.112	-1.548
4.9296810627	-0.072	0.112	-1.548
4.93334913254	-0.008	-0.16	2.044
4.93702101707	0.044	-0.296	1.628
4.94069004059	0.044	-0.296	1.628
4.94435501099	-0.096	0.152	-1.376
4.94802713394	0.004	-0.26	2.044
4.95168495178	0.028	-0.228	0.704
4.95534515381	0.028	-0.228	0.704
4.95900702477	-0.072	0.12	-0.872
4.96267604828	0.044	-0.344	2.044
4.96634197235	0.044	-0.344	2.044
4.97001099586	0.004	-0.112	-0.196
4.97366905212	-0.104	0.096	-0.12
4.97733211517	0.052	-0.388	2.044
4.98099994659	0.052	-0.388	2.044
4.98466610909	-0.028	0.004	-0.932
4.9883389473	-0.052	0.016	0.788
4.99200296402	-0.052	0.016	0.788
4.995677948	0.04	-0.384	2.044
4.99934911728	-0.084	0.072	-1.4
