Timestamp 	 X-Axis 	 Y-Axis 	 Z-Axis
0.000308990478516	0.112	-0.28	2.044
0.00218081474304	0.028	-0.384	2.044
0.00385785102844	0.028	-0.384	2.044
0.005530834198	0.028	-0.384	2.044
0.00721597671509	-0.096	-0.112	0.244
0.0089099407196	-0.096	-0.112	0.244
0.0105810165405	-0.096	-0.112	0.244
0.0122518539429	-0.112	0.164	-1.176
0.0139219760895	-0.112	0.164	-1.176
0.0156049728394	-0.112	0.164	-1.176
0.0172789096832	0.024	0.036	0.368
0.0189499855042	0.024	0.036	0.368
0.0206170082092	0.024	0.036	0.368
0.0222828388214	0.108	-0.284	2.044
0.0239708423615	0.108	-0.284	2.044
0.0256409645081	0.108	-0.284	2.044
0.0273129940033	0.024	-0.376	2.044
0.0289959907532	0.024	-0.376	2.044
0.0306658744812	0.024	-0.376	2.044
0.0323350429535	-0.1	-0.104	0.228
0.0340039730072	-0.1	-0.104	0.228
0.0356738567352	-0.1	-0.104	0.228
0.0373480319977	-0.116	0.128	-1.172
0.0390219688416	-0.116	0.128	-1.172
0.0406908988953	-0.116	0.128	-1.172
0.042359828949	0.02	0.024	0.408
0.0440359115601	0.02	0.024	0.408
0.0457019805908	0.02	0.024	0.408
0.047385931015	0.092	-0.28	2.044
0.0490639209747	0.092	-0.28	2.044
0.0507388114929	0.092	-0.28	2.044
0.0524070262909	0.036	-0.376	2.044
0.0540738105774	0.036	-0.376	2.044
0.0557420253754	0.036	-0.376	2.044
0.057413816452	-0.084	-0.1	0.18
0.0590879917145	-0.084	-0.1	0.18
0.0607628822327	-0.084	-0.1	0.18
0.0624318122864	-0.112	0.136	-1.172
0.0641009807587	-0.112	0.136	-1.172
0.065771818161	-0.112	0.136	-1.172
0.0674538612366	0.032	0.028	0.444
0.0691339969635	0.032	0.028	0.444
0.070809841156	0.032	0.028	0.444
0.0724828243256	0.112	-0.28	2.044
0.074159860611	0.112	-0.28	2.044
0.0758519172668	0.112	-0.28	2.044
0.0775349140167	0.032	-0.376	2.044
0.0792260169983	0.032	-0.376	2.044
0.0809028148651	0.032	-0.376	2.044
0.0825798511505	-0.096	-0.108	0.164
0.0842590332031	-0.096	-0.108	0.164
0.0859348773956	-0.096	-0.108	0.164
0.0876188278198	-0.128	0.144	-1.168
0.0892980098724	-0.128	0.144	-1.168
0.0909759998322	-0.128	0.144	-1.168
0.0926549434662	0.012	0.02	0.456
0.0943379402161	0.012	0.02	0.456
0.0960128307343	0.012	0.02	0.456
0.0976920127869	0.108	-0.292	2.044
0.0993819236755	0.108	-0.292	2.044
0.101069927216	0.108	-0.292	2.044
0.102747917175	0.028	-0.372	2.044
0.104425907135	0.028	-0.372	2.044
0.106101989746	0.028	-0.372	2.044
0.107784986496	-0.088	-0.108	0.14
0.109462976456	-0.088	-0.108	0.14
0.111140012741	-0.088	-0.108	0.14
0.112818002701	-0.112	0.124	-1.152
0.114495038986	-0.112	0.124	-1.152
0.116173028946	-0.112	0.124	-1.152
0.117856025696	0.024	0.02	0.484
0.11952996254	0.024	0.02	0.484
0.121203899384	0.024	0.02	0.484
0.122890949249	0.116	-0.292	2.044
0.124567985535	0.116	-0.292	2.044
0.126245975494	0.116	-0.292	2.044
0.127931833267	0.016	-0.38	2.044
0.129609823227	0.016	-0.38	2.044
0.131284952164	0.016	-0.38	2.044
0.132961988449	0.016	-0.38	2.044
0.134637832642	-0.1	-0.096	0.096
0.13639998436	-0.1	-0.096	0.096
0.138082027435	-0.1	-0.096	0.096
0.139760017395	-0.136	0.14	-1.152
0.141446828842	-0.136	0.14	-1.152
0.143124818802	-0.136	0.14	-1.152
0.144800901413	0.024	0.004	0.512
0.146481990814	0.024	0.004	0.512
0.148155927658	0.024	0.004	0.512
0.149842977524	0.124	-0.304	2.044
0.151520013809	0.124	-0.304	2.044
0.153205871582	0.124	-0.304	2.044
0.154883861542	0.016	-0.372	2.044
0.156566858292	0.016	-0.372	2.044
0.158243894577	0.016	-0.372	2.044
0.159919977188	-0.088	-0.096	0.076
0.161595821381	-0.088	-0.096	0.076
0.163272857666	-0.088	-0.096	0.076
0.164949893951	-0.108	0.132	-1.156
0.166633844376	-0.108	0.132	-1.156
0.168311834335	-0.108	0.132	-1.156
0.169989824295	0.02	0.012	0.532
0.171664953232	0.02	0.012	0.532
0.173338890076	0.02	0.012	0.532
0.175011873245	0.12	-0.288	2.044
0.176694869995	0.12	-0.288	2.044
0.178369998932	0.12	-0.288	2.044
0.18005490303	0.02	-0.38	2.044
0.181731939316	0.02	-0.38	2.044
0.183408021927	0.02	-0.38	2.044
0.185084819794	-0.104	-0.088	0.068
0.186766862869	-0.104	-0.088	0.068
0.188452959061	-0.104	-0.088	0.068
0.190129995346	-0.12	0.14	-1.168
0.191807031631	-0.12	0.14	-1.168
0.193483829498	-0.12	0.14	-1.168
0.195161819458	0.024	-0.004	0.572
0.196843862534	0.024	-0.004	0.572
0.198519945145	0.024	-0.004	0.572
0.200196027756	0.116	-0.304	2.044
0.201871871948	0.116	-0.304	2.044
0.203547954559	0.116	-0.304	2.044
0.205229043961	0.028	-0.38	2.044
0.20690703392	0.028	-0.38	2.044
0.20858502388	0.028	-0.38	2.044
0.210260868073	-0.108	-0.08	0.048
0.211935997009	-0.108	-0.08	0.048
0.213616847992	-0.108	-0.08	0.048
0.215293884277	-0.108	0.144	-1.148
0.216979026794	-0.108	0.144	-1.148
0.218655824661	-0.108	0.144	-1.148
0.220333814621	0.032	-0.004	0.6
0.222008943558	0.032	-0.004	0.6
0.223682880402	0.032	-0.004	0.6
0.225358009338	0.116	-0.304	2.044
0.227063894272	0.116	-0.304	2.044
0.228740930557	0.116	-0.304	2.044
0.230417013168	0.016	-0.364	2.044
0.232096910477	0.016	-0.364	2.044
0.233772993088	0.016	-0.364	2.044
0.235457897186	-0.104	-0.084	0.004
0.237140893936	-0.104	-0.084	0.004
0.238818883896	-0.104	-0.084	0.004
0.240495920181	-0.112	0.136	-1.148
0.242172956467	-0.112	0.136	-1.148
0.243850946426	-0.112	0.136	-1.148
0.245527029037	0.032	-0.016	0.624
0.247206926346	0.032	-0.016	0.624
0.248883008957	0.032	-0.016	0.624
0.250560998917	0.116	-0.312	2.044
0.252236843109	0.116	-0.312	2.044
0.253911972046	0.116	-0.312	2.044
0.255586862564	0.004	-0.368	2.044
0.25727891922	0.004	-0.368	2.044
0.258957862854	0.004	-0.368	2.044
0.260633945465	-0.104	-0.076	-0.024
0.26231098175	-0.104	-0.076	-0.024
0.26398897171	-0.104	-0.076	-0.024
0.265666007996	-0.108	0.136	-1.136
0.267347812653	-0.108	0.136	-1.136
0.269026041031	-0.108	0.136	-1.136
0.270701885223	0.024	-0.004	0.652
0.272377967834	0.024	-0.004	0.652
0.274052858353	0.024	-0.004	0.652
0.275727033615	0.112	-0.316	2.044
0.277407884598	0.112	-0.316	2.044
0.279084920883	0.112	-0.316	2.044
0.280761957169	0.004	-0.356	2.044
0.282446861267	0.004	-0.356	2.044
0.28412604332	0.004	-0.356	2.044
0.285801887512	-0.108	-0.072	-0.056
0.287482976913	-0.108	-0.072	-0.056
0.289161920547	-0.108	-0.072	-0.056
0.290838956833	-0.108	-0.072	-0.056
0.292518854141	-0.108	0.128	-1.132
0.294195890427	-0.108	0.128	-1.132
0.295872926712	-0.108	0.128	-1.132
0.297554969788	0.032	-0.012	0.692
0.29923081398	0.032	-0.012	0.692
0.300905942917	0.032	-0.012	0.692
0.302582025528	0.108	-0.32	2.044
0.30425786972	0.108	-0.32	2.044
0.305933952332	0.108	-0.32	2.044
0.30761384964	0.024	-0.364	2.044
0.309295892715	0.024	-0.364	2.044
0.310972929001	0.024	-0.364	2.044
0.312649011612	-0.1	-0.076	-0.068
0.314326047897	-0.1	-0.076	-0.068
0.316002845764	-0.1	-0.076	-0.068
0.317687034607	-0.084	0.14	-1.124
0.319365978241	-0.084	0.14	-1.124
0.321043968201	-0.084	0.14	-1.124
0.322721004486	0.024	-0.012	0.704
0.324395895004	0.024	-0.012	0.704
0.326071977615	0.024	-0.012	0.704
0.327751874924	0.104	-0.32	2.044
0.329438924789	0.104	-0.32	2.044
0.331115961075	0.104	-0.32	2.044
0.332792043686	0.004	-0.352	2.044
0.334467887878	0.004	-0.352	2.044
0.336146831512	0.004	-0.352	2.044
0.337829828262	-0.112	-0.084	-0.072
0.339514970779	-0.112	-0.084	-0.072
0.341192007065	-0.112	-0.084	-0.072
0.342869997025	-0.108	0.14	-1.116
0.34454703331	-0.108	0.14	-1.116
0.346223831177	-0.108	0.14	-1.116
0.347906827927	0.032	-0.008	0.736
0.349581003189	0.032	-0.008	0.736
0.351256847382	0.032	-0.008	0.736
0.352931976318	0.112	-0.332	2.044
0.354607820511	0.112	-0.332	2.044
0.356284856796	0.112	-0.332	2.044
0.357965946198	0.016	-0.356	2.044
0.359642028809	0.016	-0.356	2.044
0.361330032349	0.016	-0.356	2.044
0.363006830215	-0.1	-0.064	-0.132
0.364684820175	-0.1	-0.064	-0.132
0.366369009018	-0.1	-0.064	-0.132
0.368046998978	-0.096	0.152	-1.128
0.369724035263	-0.096	0.152	-1.128
0.37140083313	-0.096	0.152	-1.128
0.373077869415	0.024	0.0	0.772
0.374743938446	0.024	0.0	0.772
0.376425981522	0.024	0.0	0.772
0.378093957901	0.104	-0.316	2.044
0.379770040512	0.104	-0.316	2.044
0.381446838379	0.104	-0.316	2.044
0.38312292099	0.004	-0.352	2.044
0.384799957275	0.004	-0.352	2.044
0.386482000351	0.004	-0.352	2.044
0.388161897659	-0.12	-0.052	-0.16
0.389842033386	-0.12	-0.052	-0.16
0.391520023346	-0.12	-0.052	-0.16
0.393201828003	-0.108	0.148	-1.124
0.394881010056	-0.108	0.148	-1.124
0.396564006805	-0.108	0.148	-1.124
0.398242950439	0.036	-0.028	0.8
0.399919033051	0.036	-0.028	0.8
0.401593923569	0.036	-0.028	0.8
0.40327000618	0.112	-0.324	2.044
0.404944896698	0.112	-0.324	2.044
0.406621932983	0.112	-0.324	2.044
0.408298969269	0.016	-0.364	2.044
0.409976005554	0.016	-0.364	2.044
0.411650896072	0.016	-0.364	2.044
0.413336992264	-0.112	-0.06	-0.18
0.415015935898	-0.112	-0.06	-0.18
0.416699886322	-0.112	-0.06	-0.18
0.418378829956	-0.1	0.148	-1.104
0.420056819916	-0.1	0.148	-1.104
0.421733856201	-0.1	0.148	-1.104
0.423420906067	0.044	-0.02	0.828
0.425097942352	0.044	-0.02	0.828
0.426779985428	0.044	-0.02	0.828
0.42845582962	0.112	-0.324	2.044
0.430130958557	0.112	-0.324	2.044
0.431807994843	0.112	-0.324	2.044
0.433483839035	0.0	-0.356	2.044
0.435153007507	0.0	-0.356	2.044
0.436826944351	0.0	-0.356	2.044
0.438494920731	0.0	-0.356	2.044
0.440166950226	-0.112	-0.052	-0.204
0.44184589386	-0.112	-0.052	-0.204
0.443522930145	-0.112	-0.052	-0.204
0.445200920105	-0.104	0.152	-1.104
0.446884870529	-0.104	0.152	-1.104
0.448562860489	-0.104	0.152	-1.104
0.4502389431	0.044	-0.028	0.868
0.451915025711	0.044	-0.028	0.868
0.453606843948	0.044	-0.028	0.868
0.455283880234	0.112	-0.316	2.044
0.456965923309	0.112	-0.316	2.044
0.45864200592	0.112	-0.316	2.044
0.460316896439	0.012	-0.352	2.044
0.46199297905	0.012	-0.352	2.044
0.463667869568	0.012	-0.352	2.044
0.465348005295	-0.1	-0.04	-0.232
0.467065811157	-0.1	-0.04	-0.232
0.468746900558	-0.1	-0.04	-0.232
0.470434904099	-0.092	0.14	-1.084
0.472112894058	-0.092	0.14	-1.084
0.473791837692	-0.092	0.14	-1.084
0.475468873978	0.036	-0.024	0.892
0.477147817612	0.036	-0.024	0.892
0.478823900223	0.036	-0.024	0.892
0.48049902916	0.096	-0.352	2.044
0.482175827026	0.096	-0.352	2.044
0.483851909637	0.096	-0.352	2.044
0.485528945923	-0.008	-0.34	2.044
0.487211942673	-0.008	-0.34	2.044
0.488888978958	-0.008	-0.34	2.044
0.490566968918	-0.116	-0.032	-0.264
0.492246866226	-0.116	-0.032	-0.264
0.493923902512	-0.116	-0.032	-0.264
0.495601892471	-0.096	0.148	-1.08
0.497283935547	-0.096	0.148	-1.08
0.498961925507	-0.096	0.148	-1.08
0.500638961792	0.04	-0.032	0.932
0.50231385231	0.04	-0.032	0.932
0.503988981247	0.04	-0.032	0.932
0.505664825439	0.112	-0.324	2.044
0.507345914841	0.112	-0.324	2.044
0.509021997452	0.112	-0.324	2.044
0.510697841644	0.004	-0.34	2.044
0.512373924255	0.004	-0.34	2.044
0.514050006866	0.004	-0.34	2.044
0.515724897385	-0.088	-0.024	-0.308
0.517426013947	-0.088	-0.024	-0.308
0.519105911255	-0.088	-0.024	-0.308
0.520794868469	-0.096	0.152	-1.056
0.522472858429	-0.096	0.152	-1.056
0.524149894714	-0.096	0.152	-1.056
0.525826931	0.052	-0.044	0.96
0.527506828308	0.052	-0.044	0.96
0.529183864594	0.052	-0.044	0.96
0.530859947205	0.112	-0.332	2.044
0.532536029816	0.112	-0.332	2.044
0.534210920334	0.112	-0.332	2.044
0.535887956619	-0.012	-0.332	2.044
0.537570953369	-0.012	-0.332	2.044
0.539247989655	-0.012	-0.332	2.044
0.54092502594	-0.112	-0.04	-0.296
0.542601823807	-0.112	-0.04	-0.296
0.544283866882	-0.112	-0.04	-0.296
0.545961856842	-0.092	0.156	-1.072
0.547642946243	-0.092	0.156	-1.072
0.549320936203	-0.092	0.156	-1.072
0.550997972488	0.024	-0.044	0.996
0.552673816681	0.024	-0.044	0.996
0.554349899292	0.024	-0.044	0.996
0.556025028229	0.112	-0.324	2.044
0.557705879211	0.112	-0.324	2.044
0.559381961823	0.112	-0.324	2.044
0.561058998108	0.0	-0.348	2.044
0.562726974487	0.0	-0.348	2.044
0.564404010773	0.0	-0.348	2.044
0.566072940826	-0.104	-0.032	-0.32
0.567755937576	-0.104	-0.032	-0.32
0.569439888	-0.104	-0.032	-0.32
0.57111787796	-0.092	0.14	-1.056
0.57279586792	-0.092	0.14	-1.056
0.574471950531	-0.092	0.14	-1.056
0.576148986816	0.052	-0.04	1.012
0.577831029892	0.052	-0.04	1.012
0.579504966736	0.052	-0.04	1.012
0.581180810928	0.108	-0.332	2.044
0.582855939865	0.108	-0.332	2.044
0.584532022476	0.108	-0.332	2.044
0.586208820343	0.108	-0.332	2.044
0.587890863419	-0.008	-0.36	2.044
0.589568853378	-0.008	-0.36	2.044
0.591246843338	-0.008	-0.36	2.044
0.592923879623	-0.112	-0.036	-0.344
0.594601869583	-0.112	-0.036	-0.344
0.596307039261	-0.112	-0.036	-0.344
0.598059892654	-0.088	0.152	-1.04
0.599738836288	-0.088	0.152	-1.04
0.601415872574	-0.088	0.152	-1.04
0.603093862534	0.052	-0.052	1.036
0.604769945145	0.052	-0.052	1.036
0.60644698143	0.052	-0.052	1.036
0.608124017715	0.128	-0.328	2.044
0.609800815582	0.128	-0.328	2.044
0.611487865448	0.128	-0.328	2.044
0.613163948059	0.0	-0.348	2.044
0.614831924438	0.0	-0.348	2.044
0.61650800705	0.0	-0.348	2.044
0.618175983429	-0.104	-0.02	-0.364
0.619854927063	-0.104	-0.02	-0.364
0.621536970139	-0.104	-0.02	-0.364
0.623214960098	-0.092	0.152	-1.032
0.624893903732	-0.092	0.152	-1.032
0.627079963684	0.048	-0.056	1.064
0.628765821457	0.048	-0.056	1.064
0.63044500351	0.048	-0.056	1.064
0.632120847702	0.104	-0.344	2.044
0.633796930313	0.104	-0.344	2.044
0.635473966599	0.104	-0.344	2.044
0.637156009674	0.104	-0.344	2.044
0.638833045959	-0.024	-0.332	2.044
0.640511035919	-0.024	-0.332	2.044
0.642187833786	-0.024	-0.332	2.044
0.643863916397	-0.132	-0.02	-0.384
0.645541906357	-0.132	-0.02	-0.384
0.647225856781	-0.132	-0.02	-0.384
0.648907899857	-0.096	0.136	-1.02
0.650584936142	-0.096	0.136	-1.02
0.652262926102	-0.096	0.136	-1.02
0.653939008713	0.056	-0.056	1.096
0.655614852905	0.056	-0.056	1.096
0.657296895981	0.056	-0.056	1.096
0.658982038498	0.12	-0.352	2.044
0.660658836365	0.12	-0.352	2.044
0.662334918976	0.12	-0.352	2.044
0.664011001587	-0.012	-0.348	2.044
0.665688991547	-0.012	-0.348	2.044
0.667369842529	-0.012	-0.348	2.044
0.669047832489	-0.108	-0.02	-0.408
0.670725822449	-0.108	-0.02	-0.408
0.672403812408	-0.108	-0.02	-0.408
0.674085855484	-0.092	0.152	-1.008
0.675761938095	-0.092	0.152	-1.008
0.677441835403	-0.092	0.152	-1.008
0.679116010666	0.06	-0.056	1.112
0.680788993835	0.06	-0.056	1.112
0.68247795105	0.06	-0.056	1.112
0.684150934219	0.112	-0.344	2.044
0.685822963715	0.112	-0.344	2.044
0.687503814697	0.112	-0.344	2.044
0.689182043076	-0.028	-0.332	2.044
0.690857887268	-0.028	-0.332	2.044
0.692534923553	-0.028	-0.332	2.044
0.694212913513	-0.112	-0.032	-0.436
0.695890903473	-0.112	-0.032	-0.436
0.697576999664	-0.112	-0.032	-0.436
0.699256896973	-0.08	0.144	-0.996
0.700935840607	-0.08	0.144	-0.996
0.702612876892	-0.08	0.144	-0.996
0.704288959503	0.056	-0.052	1.144
0.705986976624	0.056	-0.052	1.144
0.707669019699	0.056	-0.052	1.144
0.709344863892	0.108	-0.36	2.044
0.711021900177	0.108	-0.36	2.044
0.712697029114	0.108	-0.36	2.044
0.714373826981	-0.036	-0.316	2.044
0.716050863266	-0.036	-0.316	2.044
0.717732906342	-0.036	-0.316	2.044
0.719410896301	-0.12	-0.008	-0.46
0.721088886261	-0.12	-0.008	-0.46
0.722765922546	-0.12	-0.008	-0.46
0.724442958832	-0.084	0.148	-0.98
0.726121902466	-0.084	0.148	-0.98
0.727802038193	-0.084	0.148	-0.98
0.72947883606	0.04	-0.072	1.188
0.731155872345	0.04	-0.072	1.188
0.732831001282	0.04	-0.072	1.188
0.734506845474	0.1	-0.344	2.044
0.736182928085	0.1	-0.344	2.044
0.737864971161	0.1	-0.344	2.044
0.739540815353	-0.02	-0.328	2.044
0.741217851639	-0.02	-0.328	2.044
0.742894887924	-0.02	-0.328	2.044
0.744572877884	-0.124	-0.012	-0.48
0.746249914169	-0.124	-0.012	-0.48
0.747934818268	-0.124	-0.012	-0.48
0.749613046646	-0.072	0.136	-0.98
0.751288890839	-0.072	0.136	-0.98
0.752977848053	-0.072	0.136	-0.98
0.754654884338	0.06	-0.068	1.208
0.756337881088	0.06	-0.068	1.208
0.758013963699	0.06	-0.068	1.208
0.759690999985	0.12	-0.348	2.044
0.76136803627	0.12	-0.348	2.044
0.763043880463	0.12	-0.348	2.044
0.764720916748	-0.012	-0.328	2.036
0.766404867172	-0.012	-0.328	2.036
0.768081903458	-0.012	-0.328	2.036
0.769759893417	-0.108	-0.004	-0.484
0.771436929703	-0.108	-0.004	-0.484
0.773114919662	-0.108	-0.004	-0.484
0.774792909622	-0.08	0.144	-0.964
0.776475906372	-0.08	0.144	-0.964
0.778167963028	-0.08	0.144	-0.964
0.779845952988	0.044	-0.076	1.244
0.781522989273	0.044	-0.076	1.244
0.783197879791	0.044	-0.076	1.244
0.784873962402	0.1	-0.344	2.044
0.786556005478	0.1	-0.344	2.044
0.78823184967	0.1	-0.344	2.044
0.789908885956	0.1	-0.344	2.044
0.791584968567	-0.028	-0.316	2.024
0.793262958527	-0.028	-0.316	2.024
0.794939994812	-0.028	-0.316	2.024
0.796622991562	-0.132	0.0	-0.524
0.79829287529	-0.132	0.0	-0.524
0.799971818924	-0.132	0.0	-0.524
0.801640987396	-0.08	0.136	-0.96
0.803318977356	-0.08	0.136	-0.96
0.80499792099	-0.08	0.136	-0.96
0.80667591095	0.044	-0.076	1.256
0.808352947235	0.044	-0.076	1.256
0.810027837753	0.044	-0.076	1.256
0.811703920364	0.112	-0.36	2.044
0.813378810883	0.112	-0.36	2.044
0.815053939819	0.112	-0.36	2.044
0.816736936569	-0.012	-0.328	1.984
0.818413972855	-0.012	-0.328	1.984
0.82009100914	-0.012	-0.328	1.984
0.821766853333	-0.104	-0.008	-0.532
0.823443889618	-0.104	-0.008	-0.532
0.825121879578	-0.104	-0.008	-0.532
0.826807022095	-0.076	0.144	-0.944
0.828483819962	-0.076	0.144	-0.944
0.830163955688	-0.076	0.144	-0.944
0.831840991974	0.052	-0.08	1.296
0.833516836166	0.052	-0.08	1.296
0.835192918777	0.052	-0.08	1.296
0.836874961853	0.104	-0.364	2.044
0.838551044464	0.104	-0.364	2.044
0.840226888657	0.104	-0.364	2.044
0.841902971268	-0.02	-0.32	1.968
0.843580007553	-0.02	-0.32	1.968
0.845257043839	-0.02	-0.32	1.968
0.84694981575	-0.12	-0.004	-0.56
0.848629951477	-0.12	-0.004	-0.56
0.850306987762	-0.12	-0.004	-0.56
0.851984024048	-0.068	0.14	-0.916
0.853662014008	-0.068	0.14	-0.916
0.8553378582	-0.068	0.14	-0.916
0.857069015503	0.068	-0.084	1.328
0.858748912811	0.068	-0.084	1.328
0.860425949097	0.068	-0.084	1.328
0.862102031708	0.108	-0.356	2.044
0.8637778759	0.108	-0.356	2.044
0.865454912186	0.108	-0.356	2.044
0.867136955261	-0.016	-0.316	1.924
0.868814945221	-0.016	-0.316	1.924
0.870491981506	-0.016	-0.316	1.924
0.872169017792	-0.124	0.004	-0.576
0.873845815659	-0.124	0.004	-0.576
0.875520944595	-0.124	0.004	-0.576
0.877202987671	-0.092	0.156	-0.924
0.878881931305	-0.092	0.156	-0.924
0.880558013916	-0.092	0.156	-0.924
0.882238864899	0.052	-0.088	1.356
0.88391494751	0.052	-0.088	1.356
0.885601043701	0.052	-0.088	1.356
0.887282848358	0.084	-0.364	2.044
0.888960838318	0.084	-0.364	2.044
0.890635967255	0.084	-0.364	2.044
0.892311811447	-0.024	-0.316	1.9
0.893999814987	-0.024	-0.316	1.9
0.895678043365	-0.024	-0.316	1.9
0.897359848022	-0.12	0.0	-0.604
0.899030923843	-0.12	0.0	-0.604
0.900699853897	-0.12	0.0	-0.604
0.902369022369	-0.072	0.132	-0.896
0.904045820236	-0.072	0.132	-0.896
0.905722856522	-0.072	0.132	-0.896
0.907404899597	0.068	-0.1	1.38
0.909085035324	0.068	-0.1	1.38
0.910760879517	0.068	-0.1	1.38
0.912436962128	0.108	-0.372	2.044
0.914113044739	0.108	-0.372	2.044
0.915788888931	0.108	-0.372	2.044
0.917469024658	-0.004	-0.312	1.88
0.919147968292	-0.004	-0.312	1.88
0.920825958252	-0.004	-0.312	1.88
0.922502994537	-0.116	0.016	-0.624
0.924180030823	-0.116	0.016	-0.624
0.925855875015	-0.116	0.016	-0.624
0.927536964417	-0.076	0.144	-0.884
0.929215908051	-0.076	0.144	-0.884
0.930892944336	-0.076	0.144	-0.884
0.932569026947	0.06	-0.084	1.416
0.934247970581	0.06	-0.084	1.416
0.935923814774	0.06	-0.084	1.416
0.937605857849	0.06	-0.084	1.416
0.93928194046	0.096	-0.364	2.044
0.940968990326	0.096	-0.364	2.044
0.942644834518	0.096	-0.364	2.044
0.944321870804	-0.024	-0.316	1.848
0.945998907089	-0.024	-0.316	1.848
0.947680950165	-0.024	-0.316	1.848
0.949358940125	-0.152	0.036	-0.632
0.95103597641	-0.152	0.036	-0.632
0.95271396637	-0.152	0.036	-0.632
0.954389810562	-0.076	0.148	-0.86
0.956066846848	-0.076	0.148	-0.86
0.957748889923	-0.076	0.148	-0.86
0.959426879883	0.064	-0.1	1.432
0.96111702919	0.064	-0.1	1.432
0.962793827057	0.064	-0.1	1.432
0.964469909668	0.1	-0.368	2.044
0.966145992279	0.1	-0.368	2.044
0.967828035355	0.1	-0.368	2.044
0.969503879547	-0.02	-0.308	1.828
0.971180915833	-0.02	-0.308	1.828
0.972856998444	-0.02	-0.308	1.828
0.974534034729	-0.124	0.012	-0.644
0.976210832596	-0.124	0.012	-0.644
0.977888822556	-0.124	0.012	-0.644
0.979566812515	-0.072	0.148	-0.856
0.981242895126	-0.072	0.148	-0.856
0.982918977737	-0.072	0.148	-0.856
0.98459482193	0.056	-0.104	1.468
0.986274003983	0.056	-0.104	1.468
0.987964868546	0.056	-0.104	1.468
0.989640951157	0.104	-0.368	2.044
0.991315841675	0.104	-0.368	2.044
0.992991924286	0.104	-0.368	2.044
0.994668006897	-0.028	-0.304	1.8
0.996351003647	-0.028	-0.304	1.8
0.998026847839	-0.028	-0.304	1.8
0.999703884125	-0.124	0.02	-0.672
1.00138092041	-0.124	0.02	-0.672
1.00305700302	-0.124	0.02	-0.672
1.00473284721	-0.06	0.156	-0.844
1.00643181801	-0.06	0.156	-0.844
1.00811100006	-0.06	0.156	-0.844
1.00978684425	0.076	-0.1	1.48
1.01146292686	0.076	-0.1	1.48
1.01314091682	0.076	-0.1	1.48
1.01481485367	0.104	-0.368	2.044
1.01649284363	0.104	-0.368	2.044
1.01816892624	0.104	-0.368	2.044
1.01984500885	-0.02	-0.284	1.764
1.02152085304	-0.02	-0.284	1.764
1.02319598198	-0.02	-0.284	1.764
1.02487301826	-0.132	0.028	-0.696
1.02655482292	-0.132	0.028	-0.696
1.02823185921	-0.132	0.028	-0.696
1.02990889549	-0.072	0.136	-0.824
1.03158402443	-0.072	0.136	-0.824
1.0332608223	-0.072	0.136	-0.824
1.03494596481	0.056	-0.108	1.516
1.03662800789	0.056	-0.108	1.516
1.0383079052	0.056	-0.108	1.516
1.03998303413	0.092	-0.364	2.044
1.04165887833	0.092	-0.364	2.044
1.04333400726	0.092	-0.364	2.044
1.04500985146	-0.04	-0.292	1.744
1.04669189453	-0.04	-0.292	1.744
1.04836988449	-0.04	-0.292	1.744
1.05004692078	-0.128	0.024	-0.712
1.05172300339	-0.128	0.024	-0.712
1.05339884758	-0.128	0.024	-0.712
1.05507493019	-0.076	0.148	-0.812
1.05675888062	-0.076	0.148	-0.812
1.0584359169	-0.076	0.148	-0.812
1.06011104584	0.084	-0.112	1.54
1.06178593636	0.084	-0.112	1.54
1.06346201897	0.084	-0.112	1.54
1.0651409626	0.096	-0.36	2.044
1.06682300568	0.096	-0.36	2.044
1.06849789619	0.096	-0.36	2.044
1.07017397881	-0.024	-0.292	1.724
1.071849823	-0.024	-0.292	1.724
1.07352685928	-0.024	-0.292	1.724
1.07520389557	-0.132	0.032	-0.712
1.07688593864	-0.132	0.032	-0.712
1.07856297493	-0.132	0.032	-0.712
1.08024001122	-0.132	0.032	-0.712
1.0819568634	-0.072	0.144	-0.8
1.08363389969	-0.072	0.144	-0.8
1.08530902863	-0.072	0.144	-0.8
1.08699083328	0.064	-0.116	1.564
1.08866691589	0.064	-0.116	1.564
1.09034490585	0.064	-0.116	1.564
1.09202194214	0.096	-0.368	2.044
1.09369802475	0.096	-0.368	2.044
1.09537291527	0.096	-0.368	2.044
1.09712481499	-0.04	-0.284	1.688
1.09880495071	-0.04	-0.284	1.688
1.10048294067	-0.04	-0.284	1.688
1.10215997696	-0.136	0.036	-0.744
1.10383582115	-0.136	0.036	-0.744
1.10551190376	-0.136	0.036	-0.744
1.10719299316	-0.068	0.144	-0.78
1.10887002945	-0.068	0.144	-0.78
1.11054587364	-0.068	0.144	-0.78
1.11222100258	0.068	-0.112	1.588
1.11389684677	0.068	-0.112	1.588
1.11557197571	0.068	-0.112	1.588
1.11725497246	0.096	-0.36	2.044
1.11893081665	0.096	-0.36	2.044
1.12060689926	0.096	-0.36	2.044
1.1222820282	-0.04	-0.272	1.676
1.12395882607	-0.04	-0.272	1.676
1.12563586235	-0.04	-0.272	1.676
1.12731790543	-0.124	0.052	-0.76
1.12900495529	-0.124	0.052	-0.76
1.1306810379	-0.124	0.052	-0.76
1.1323568821	-0.064	0.136	-0.764
1.13403391838	-0.064	0.136	-0.764
1.13570904732	-0.064	0.136	-0.764
1.1373898983	0.064	-0.12	1.636
1.13906693459	0.064	-0.12	1.636
1.1407418251	0.064	-0.12	1.636
1.1424639225	0.104	-0.364	2.044
1.14414286613	0.104	-0.364	2.044
1.14581990242	0.104	-0.364	2.044
1.14750003815	-0.044	-0.276	1.644
1.14917802811	-0.044	-0.276	1.644
1.1508538723	-0.044	-0.276	1.644
1.15253090858	-0.116	0.04	-0.768
1.15420794487	-0.116	0.04	-0.768
1.15588498116	-0.116	0.04	-0.768
1.15756583214	-0.048	0.132	-0.752
1.15924286842	-0.048	0.132	-0.752
1.16091895103	-0.048	0.132	-0.752
1.16259503365	0.084	-0.124	1.648
1.16426897049	0.084	-0.124	1.648
1.16594386101	0.084	-0.124	1.648
1.16762089729	0.116	-0.356	2.044
1.16930484772	0.116	-0.356	2.044
1.170981884	0.116	-0.356	2.044
1.17265701294	-0.04	-0.276	1.632
1.17433285713	-0.04	-0.276	1.632
1.1760289669	-0.04	-0.276	1.632
1.17770791054	-0.124	0.032	-0.784
1.17938995361	-0.124	0.032	-0.784
1.18106603622	-0.124	0.032	-0.784
1.18274092674	-0.052	0.132	-0.732
1.18441796303	-0.052	0.132	-0.732
1.18609690666	-0.052	0.132	-0.732
1.1877758503	0.052	-0.124	1.672
1.18945503235	0.052	-0.124	1.672
1.19113087654	0.052	-0.124	1.672
1.19280695915	0.088	-0.376	2.044
1.19448590279	0.088	-0.376	2.044
1.19616293907	0.088	-0.376	2.044
1.19783902168	-0.044	-0.268	1.6
1.19951581955	-0.044	-0.268	1.6
1.20119285583	-0.044	-0.268	1.6
1.20286893845	-0.132	0.04	-0.796
1.20454502106	-0.132	0.04	-0.796
1.20622181892	-0.132	0.04	-0.796
1.20790100098	-0.048	0.128	-0.716
1.20957684517	-0.048	0.128	-0.716
1.21125292778	-0.048	0.128	-0.716
1.21292901039	0.072	-0.124	1.692
1.21460390091	0.072	-0.124	1.692
1.21627902985	0.072	-0.124	1.692
1.2179608345	0.092	-0.364	2.044
1.21963596344	0.092	-0.364	2.044
1.22131490707	0.092	-0.364	2.044
1.2229988575	-0.04	-0.276	1.572
1.22467684746	-0.04	-0.276	1.572
1.22635483742	-0.04	-0.276	1.572
1.22803092003	-0.128	0.04	-0.82
1.22970700264	-0.128	0.04	-0.82
1.23138284683	-0.128	0.04	-0.82
1.23305892944	-0.048	0.14	-0.7
1.23473501205	-0.048	0.14	-0.7
1.23641586304	-0.048	0.14	-0.7
1.23809194565	-0.048	0.14	-0.7
1.23976898193	0.064	-0.132	1.7
1.24144291878	0.064	-0.132	1.7
1.24311804771	0.064	-0.132	1.7
1.24479103088	0.1	-0.384	2.044
1.24647688866	0.1	-0.384	2.044
1.24815201759	0.1	-0.384	2.044
1.24982786179	-0.044	-0.268	1.536
1.2515039444	-0.044	-0.268	1.536
1.25318002701	-0.044	-0.268	1.536
1.2548558712	-0.12	0.028	-0.832
1.25653886795	-0.12	0.028	-0.832
1.25821590424	-0.12	0.028	-0.832
1.25989198685	-0.048	0.12	-0.696
1.26156783104	-0.048	0.12	-0.696
1.26324391365	-0.048	0.12	-0.696
1.26491999626	0.076	-0.14	1.744
1.26660203934	0.076	-0.14	1.744
1.26827692986	0.076	-0.14	1.744
1.26996183395	0.1	-0.38	2.044
1.27163791656	0.1	-0.38	2.044
1.27331590652	0.1	-0.38	2.044
1.27499294281	-0.04	-0.276	1.508
1.27667498589	-0.04	-0.276	1.508
1.27835083008	-0.04	-0.276	1.508
1.28002691269	-0.132	0.044	-0.844
1.2817029953	-0.132	0.044	-0.844
1.28337883949	-0.132	0.044	-0.844
1.2850549221	-0.052	0.132	-0.672
1.28673791885	-0.052	0.132	-0.672
1.28841495514	-0.052	0.132	-0.672
1.29008984566	0.076	-0.124	1.756
1.29176497459	0.076	-0.124	1.756
1.29344081879	0.076	-0.124	1.756
1.29511594772	0.092	-0.388	2.044
1.29682993889	0.092	-0.388	2.044
1.29851102829	0.092	-0.388	2.044
1.30018901825	-0.044	-0.264	1.488
1.30186581612	-0.044	-0.264	1.488
1.30354189873	-0.044	-0.264	1.488
1.30521798134	-0.124	0.044	-0.852
1.30690002441	-0.124	0.044	-0.852
1.30857896805	-0.124	0.044	-0.852
1.31025481224	-0.036	0.116	-0.656
1.31193089485	-0.036	0.116	-0.656
1.31360793114	-0.036	0.116	-0.656
1.31528282166	0.092	-0.148	1.796
1.31697487831	0.092	-0.148	1.796
1.31865096092	0.092	-0.148	1.796
1.32032585144	0.1	-0.376	2.044
1.32200288773	0.1	-0.376	2.044
1.32367682457	0.1	-0.376	2.044
1.32535600662	-0.052	-0.264	1.488
1.32711482048	-0.052	-0.264	1.488
1.32883691788	-0.052	-0.264	1.488
1.33052301407	-0.132	0.06	-0.872
1.33220291138	-0.132	0.06	-0.872
1.33388090134	-0.132	0.06	-0.872
1.3355588913	-0.052	0.128	-0.636
1.33724498749	-0.052	0.128	-0.636
1.33892297745	-0.052	0.128	-0.636
1.34060001373	0.068	-0.152	1.832
1.3422768116	0.068	-0.152	1.832
1.34395384789	0.068	-0.152	1.832
1.34563398361	0.092	-0.38	2.044
1.34731888771	0.092	-0.38	2.044
1.34899497032	0.092	-0.38	2.044
1.35067486763	-0.048	-0.264	1.436
1.35236883163	-0.048	-0.264	1.436
1.35404682159	-0.048	-0.264	1.436
1.35572385788	-0.128	0.056	-0.888
1.35740804672	-0.128	0.056	-0.888
1.35908603668	-0.128	0.056	-0.888
1.36076498032	-0.048	0.104	-0.616
1.3624420166	-0.048	0.104	-0.616
1.36413097382	-0.048	0.104	-0.616
1.3658080101	0.088	-0.148	1.844
1.36749196053	0.088	-0.148	1.844
1.36918902397	0.088	-0.148	1.844
1.37086582184	0.092	-0.388	2.044
1.37254285812	0.092	-0.388	2.044
1.37421894073	0.092	-0.388	2.044
1.37589693069	-0.044	-0.252	1.408
1.37758588791	-0.044	-0.252	1.408
1.37926387787	-0.044	-0.252	1.408
1.38094186783	-0.128	0.064	-0.896
1.38261795044	-0.128	0.064	-0.896
1.38431191444	-0.128	0.064	-0.896
1.38599085808	-0.04	0.12	-0.592
1.38767504692	-0.04	0.12	-0.592
1.38935184479	-0.04	0.12	-0.592
1.39102888107	0.072	-0.16	1.872
1.39270591736	0.072	-0.16	1.872
1.39438199997	0.072	-0.16	1.872
1.39605784416	0.088	-0.376	2.044
1.39773702621	0.088	-0.376	2.044
1.39940595627	0.088	-0.376	2.044
1.40107703209	0.088	-0.376	2.044
1.40274882317	-0.052	-0.26	1.384
1.40441894531	-0.052	-0.26	1.384
1.40608882904	-0.052	-0.26	1.384
1.40778803825	-0.132	0.052	-0.912
1.40947198868	-0.132	0.052	-0.912
1.41115999222	-0.132	0.052	-0.912
1.41283798218	-0.04	0.124	-0.572
1.41451597214	-0.04	0.124	-0.572
1.41619181633	-0.04	0.124	-0.572
1.41787791252	0.068	-0.152	1.896
1.41955590248	0.068	-0.152	1.896
1.42123198509	0.068	-0.152	1.896
1.42290782928	0.076	-0.384	2.044
1.42458581924	0.076	-0.384	2.044
1.42626285553	0.076	-0.384	2.044
1.42794585228	-0.06	-0.248	1.352
1.42962503433	-0.06	-0.248	1.352
1.4313158989	-0.06	-0.248	1.352
1.43299484253	-0.148	0.068	-0.936
1.43467283249	-0.148	0.068	-0.936
1.43635892868	-0.148	0.068	-0.936
1.43803596497	-0.044	0.116	-0.56
1.43971395493	-0.044	0.116	-0.56
1.44139099121	-0.044	0.116	-0.56
1.4430668354	0.084	-0.16	1.924
1.44474291801	0.084	-0.16	1.924
1.44642496109	0.084	-0.16	1.924
1.44810199738	0.084	-0.372	2.044
1.44977998734	0.084	-0.372	2.044
1.45145702362	0.084	-0.372	2.044
1.45313286781	-0.032	-0.252	1.288
1.45481395721	-0.032	-0.252	1.288
1.45650100708	-0.032	-0.252	1.288
1.45818686485	-0.124	0.068	-0.936
1.45986604691	-0.124	0.068	-0.936
1.46154284477	-0.124	0.068	-0.936
1.46321988106	-0.024	0.116	-0.54
1.46490001678	-0.024	0.116	-0.54
1.46658682823	-0.024	0.116	-0.54
1.46826601028	0.088	-0.164	1.948
1.46997284889	0.088	-0.164	1.948
1.47166204453	0.088	-0.164	1.948
1.47334003448	0.076	-0.388	2.044
1.47501587868	0.076	-0.388	2.044
1.47669386864	0.076	-0.388	2.044
1.4783718586	-0.048	-0.24	1.292
1.48004984856	-0.048	-0.24	1.292
1.48173189163	-0.048	-0.24	1.292
1.48340892792	-0.144	0.068	-0.952
1.48508691788	-0.144	0.068	-0.952
1.48676991463	-0.144	0.068	-0.952
1.4884519577	-0.072	0.128	-0.52
1.49013185501	-0.072	0.128	-0.52
1.49180793762	-0.072	0.128	-0.52
1.49348497391	0.076	-0.176	1.988
1.49516201019	0.076	-0.176	1.988
1.49684882164	0.076	-0.176	1.988
1.4985268116	0.08	-0.388	2.044
1.50020384789	0.08	-0.388	2.044
1.5018799305	0.08	-0.388	2.044
1.50356483459	-0.064	-0.24	1.264
1.50525283813	-0.064	-0.24	1.264
1.50694084167	-0.064	-0.24	1.264
1.50861787796	-0.128	0.076	-0.964
1.51029586792	-0.128	0.076	-0.964
1.51197385788	-0.128	0.076	-0.964
1.51365184784	-0.032	0.112	-0.5
1.51532483101	-0.032	0.112	-0.5
1.51700282097	-0.032	0.112	-0.5
1.51867604256	0.104	-0.176	2.02
1.52035403252	0.104	-0.176	2.02
1.52203083038	0.104	-0.176	2.02
1.52370691299	0.096	-0.4	2.044
1.52538204193	0.096	-0.4	2.044
1.52709293365	0.096	-0.4	2.044
1.52877402306	-0.048	-0.24	1.232
1.53045201302	-0.048	-0.24	1.232
1.53213000298	-0.048	-0.24	1.232
1.53380990028	-0.128	0.064	-0.972
1.53548693657	-0.128	0.064	-0.972
1.53717184067	-0.128	0.064	-0.972
1.53884792328	-0.048	0.12	-0.484
1.54052495956	-0.048	0.12	-0.484
1.54220104218	-0.048	0.12	-0.484
1.54387784004	0.088	-0.188	2.024
1.54555487633	0.088	-0.188	2.024
1.54723787308	0.088	-0.188	2.024
1.54891490936	0.08	-0.388	2.044
1.5505900383	0.08	-0.388	2.044
1.55229091644	0.08	-0.388	2.044
1.5539689064	-0.056	-0.232	1.204
1.55564689636	-0.056	-0.232	1.204
1.55733084679	-0.056	-0.232	1.204
1.55901503563	-0.124	0.092	-0.996
1.56069493294	-0.124	0.092	-0.996
1.56237196922	-0.124	0.092	-0.996
1.56404781342	-0.124	0.092	-0.996
1.5657248497	-0.036	0.112	-0.456
1.56740784645	-0.036	0.112	-0.456
1.56908583641	-0.036	0.112	-0.456
1.5707628727	0.092	-0.176	2.044
1.57243895531	0.092	-0.176	2.044
1.57411503792	0.092	-0.176	2.044
1.57580184937	0.08	-0.384	2.044
1.57748603821	0.08	-0.384	2.044
1.57916283607	0.08	-0.384	2.044
1.58083891869	-0.064	-0.224	1.172
1.58251595497	-0.064	-0.224	1.172
1.58419299126	-0.064	-0.224	1.172
1.58587288857	-0.14	0.08	-1.0
1.58755397797	-0.14	0.08	-1.0
1.5892329216	-0.14	0.08	-1.0
1.5909049511	-0.04	0.108	-0.444
1.59258985519	-0.04	0.108	-0.444
1.5942709446	-0.04	0.108	-0.444
1.59594798088	0.072	-0.192	2.044
1.59762692451	0.072	-0.192	2.044
1.59930586815	0.072	-0.192	2.044
1.6009759903	0.08	-0.388	2.044
1.60264587402	0.08	-0.388	2.044
1.6043138504	0.08	-0.388	2.044
1.60598182678	-0.056	-0.22	1.152
1.60767793655	-0.056	-0.22	1.152
1.60936188698	-0.056	-0.22	1.152
1.61104488373	-0.116	0.084	-1.016
1.61272287369	-0.116	0.084	-1.016
1.61439990997	-0.116	0.084	-1.016
1.61607694626	-0.016	0.096	-0.416
1.61776089668	-0.016	0.096	-0.416
1.61944103241	-0.016	0.096	-0.416
1.6211168766	0.096	-0.188	2.044
1.62279200554	0.096	-0.188	2.044
1.62447190285	0.096	-0.188	2.044
1.62615299225	0.088	-0.384	2.044
1.627835989	0.088	-0.384	2.044
1.62951302528	0.088	-0.384	2.044
1.6311879158	-0.056	-0.2	1.116
1.63286781311	-0.056	-0.2	1.116
1.6345448494	-0.056	-0.2	1.116
1.63622188568	-0.14	0.1	-1.016
1.63790893555	-0.14	0.1	-1.016
1.63958597183	-0.14	0.1	-1.016
1.64126396179	-0.028	0.112	-0.396
1.64294099808	-0.028	0.112	-0.396
1.64461898804	-0.028	0.112	-0.396
1.6463060379	0.084	-0.196	2.044
1.64801597595	0.084	-0.196	2.044
1.64969682693	0.084	-0.196	2.044
1.65137386322	0.064	-0.38	2.044
1.65305089951	0.064	-0.38	2.044
1.65472698212	0.064	-0.38	2.044
1.65642595291	-0.068	-0.22	1.1
1.65810489655	-0.068	-0.22	1.1
1.65978193283	-0.068	-0.22	1.1
1.66145992279	-0.132	0.088	-1.036
1.66314983368	-0.132	0.088	-1.036
1.66485786438	-0.132	0.088	-1.036
1.66654491425	-0.032	0.112	-0.368
1.66822290421	-0.032	0.112	-0.368
1.66990089417	-0.032	0.112	-0.368
1.67158985138	0.096	-0.188	2.044
1.67326903343	0.096	-0.188	2.044
1.6749458313	0.096	-0.188	2.044
1.67662882805	0.076	-0.392	2.044
1.67830586433	0.076	-0.392	2.044
1.67998290062	0.076	-0.392	2.044
1.68166089058	-0.064	-0.216	1.072
1.68333792686	-0.064	-0.216	1.072
1.68501400948	-0.064	-0.216	1.072
1.68669891357	-0.148	0.088	-1.036
1.68838095665	-0.148	0.088	-1.036
1.69006299973	-0.148	0.088	-1.036
1.69174098969	-0.024	0.104	-0.36
1.69342684746	-0.024	0.104	-0.36
1.69510388374	-0.024	0.104	-0.36
1.69679188728	0.088	-0.184	2.044
1.69846892357	0.088	-0.184	2.044
1.70014500618	0.088	-0.184	2.044
1.70182085037	0.072	-0.388	2.044
1.70349788666	0.072	-0.388	2.044
1.70517683029	0.072	-0.388	2.044
1.70685982704	-0.052	-0.212	1.044
1.708537817	-0.052	-0.212	1.044
1.71021795273	-0.052	-0.212	1.044
1.71189498901	-0.124	0.092	-1.048
1.71357297897	-0.124	0.092	-1.048
1.71525502205	-0.124	0.092	-1.048
1.71693897247	-0.016	0.104	-0.332
1.71861600876	-0.016	0.104	-0.332
1.72031283379	-0.016	0.104	-0.332
1.72199082375	0.104	-0.188	2.044
1.72366690636	0.104	-0.188	2.044
1.72534394264	0.104	-0.188	2.044
1.72702097893	0.104	-0.188	2.044
1.72870087624	0.064	-0.384	2.044
1.73037981987	0.064	-0.384	2.044
1.73205590248	0.064	-0.384	2.044
1.73373198509	-0.068	-0.204	1.016
1.73540902138	-0.068	-0.204	1.016
1.7371199131	-0.068	-0.204	1.016
1.73879790306	-0.136	0.08	-1.056
1.74048781395	-0.136	0.08	-1.056
1.74216985703	-0.136	0.08	-1.056
1.74384784698	-0.036	0.092	-0.312
1.74552583694	-0.036	0.092	-0.312
1.74721002579	-0.036	0.092	-0.312
1.74888682365	0.08	-0.196	2.044
1.75056290627	0.08	-0.196	2.044
1.75224089622	0.08	-0.196	2.044
1.75391793251	0.076	-0.396	2.044
1.7555949688	0.076	-0.396	2.044
1.75727796555	0.076	-0.396	2.044
1.75895404816	-0.076	-0.208	1.0
1.76062989235	-0.076	-0.208	1.0
1.76230502129	-0.076	-0.208	1.0
1.76397800446	-0.132	0.1	-1.056
1.76565504074	-0.132	0.1	-1.056
1.76734304428	-0.132	0.1	-1.056
1.76902794838	-0.004	0.092	-0.292
1.77070903778	-0.004	0.092	-0.292
1.77238488197	-0.004	0.092	-0.292
1.77406191826	0.1	-0.204	2.044
1.77573800087	0.1	-0.204	2.044
1.77742004395	0.1	-0.204	2.044
1.77909588814	0.068	-0.38	2.044
1.78077197075	0.068	-0.38	2.044
1.78244781494	0.068	-0.38	2.044
1.78412485123	-0.06	-0.196	0.968
1.78580403328	-0.06	-0.196	0.968
1.7875058651	-0.06	-0.196	0.968
1.78918504715	-0.14	0.1	-1.064
1.79086184502	-0.14	0.1	-1.064
1.79254102707	-0.14	0.1	-1.064
1.79422092438	-0.004	0.1	-0.268
1.79589700699	-0.004	0.1	-0.268
1.7975769043	-0.004	0.1	-0.268
1.79924488068	0.092	-0.196	2.044
1.80091881752	0.092	-0.196	2.044
1.80258798599	0.092	-0.196	2.044
1.8042678833	0.072	-0.404	2.044
1.80593800545	0.072	-0.404	2.044
1.80761885643	0.072	-0.404	2.044
1.80930185318	-0.06	-0.204	0.932
1.81097984314	-0.06	-0.204	0.932
1.81265687943	-0.06	-0.204	0.932
1.81433391571	-0.136	0.084	-1.084
1.81601190567	-0.136	0.084	-1.084
1.81769704819	-0.136	0.084	-1.084
1.81937789917	-0.02	0.092	-0.252
1.8210568428	-0.02	0.092	-0.252
1.82273387909	-0.02	0.092	-0.252
1.82442498207	0.1	-0.208	2.044
1.82610297203	0.1	-0.208	2.044
1.82778692245	0.1	-0.208	2.044
1.82946395874	0.056	-0.372	2.044
1.83114004135	0.056	-0.372	2.044
1.83281993866	0.056	-0.372	2.044
1.83450603485	-0.064	-0.192	0.916
1.83618402481	-0.064	-0.192	0.916
1.83786702156	-0.064	-0.192	0.916
1.83954286575	-0.136	0.096	-1.088
1.84122300148	-0.136	0.096	-1.088
1.84290099144	-0.136	0.096	-1.088
1.84457683563	-0.016	0.092	-0.236
1.84625697136	-0.016	0.092	-0.236
1.84794187546	-0.016	0.092	-0.236
1.84961986542	0.096	-0.204	2.044
1.8512969017	0.096	-0.204	2.044
1.85297203064	0.096	-0.204	2.044
1.85464787483	0.072	-0.396	2.044
1.85634303093	0.072	-0.396	2.044
1.8580198288	0.072	-0.396	2.044
1.85969591141	-0.064	-0.192	0.876
1.86137294769	-0.064	-0.192	0.876
1.863052845	-0.064	-0.192	0.876
1.86473298073	-0.128	0.092	-1.092
1.86641693115	-0.128	0.092	-1.092
1.86809587479	-0.128	0.092	-1.092
1.86977291107	-0.012	0.088	-0.212
1.87145400047	-0.012	0.088	-0.212
1.87313294411	-0.012	0.088	-0.212
1.87480998039	0.092	-0.216	2.044
1.87649202347	0.092	-0.216	2.044
1.87816786766	0.092	-0.216	2.044
1.87985682487	0.048	-0.396	2.044
1.88154387474	0.048	-0.396	2.044
1.88325881958	0.048	-0.396	2.044
1.88493895531	0.048	-0.396	2.044
1.88661599159	-0.076	-0.192	0.856
1.88830804825	-0.076	-0.192	0.856
1.88998603821	-0.076	-0.192	0.856
1.8916618824	-0.136	0.1	-1.104
1.89334201813	-0.136	0.1	-1.104
1.89501881599	-0.136	0.1	-1.104
1.89670395851	-0.02	0.088	-0.196
1.89838600159	-0.02	0.088	-0.196
1.90006303787	-0.02	0.088	-0.196
1.90173983574	0.1	-0.212	2.044
1.90341496468	0.1	-0.212	2.044
1.90509295464	0.1	-0.212	2.044
1.90677595139	0.052	-0.384	2.044
1.90845298767	0.052	-0.384	2.044
1.91012883186	0.052	-0.384	2.044
1.91180491447	-0.068	-0.184	0.832
1.91348385811	-0.068	-0.184	0.832
1.91516089439	-0.068	-0.184	0.832
1.91683888435	-0.124	0.096	-1.104
1.91851687431	-0.124	0.096	-1.104
1.9201939106	-0.124	0.096	-1.104
1.92187190056	0.0	0.092	-0.148
1.9235470295	0.0	0.092	-0.148
1.92521595955	0.0	0.092	-0.148
1.92688894272	0.112	-0.216	2.044
1.92859196663	0.112	-0.216	2.044
1.93026995659	0.112	-0.216	2.044
1.93194484711	0.052	-0.384	2.044
1.93362092972	0.052	-0.384	2.044
1.93529701233	0.052	-0.384	2.044
1.93698000908	-0.068	-0.176	0.792
1.93865799904	-0.068	-0.176	0.792
1.94033503532	-0.068	-0.176	0.792
1.94201183319	-0.128	0.104	-1.12
1.94368982315	-0.128	0.104	-1.12
1.94538092613	-0.128	0.104	-1.12
1.94708681107	-0.008	0.08	-0.144
1.94876503944	-0.008	0.08	-0.144
1.95044493675	-0.008	0.08	-0.144
1.95212197304	0.088	-0.22	2.044
1.95379900932	0.088	-0.22	2.044
1.95547604561	0.088	-0.22	2.044
1.95715689659	0.068	-0.408	2.044
1.95883798599	0.068	-0.408	2.044
1.96051597595	0.068	-0.408	2.044
1.96219301224	-0.084	-0.176	0.776
1.9638710022	-0.084	-0.176	0.776
1.96554994583	-0.084	-0.176	0.776
1.96723389626	-0.124	0.104	-1.104
1.96890902519	-0.124	0.104	-1.104
1.97057795525	-0.124	0.104	-1.104
1.9722468853	-0.012	0.072	-0.112
1.97391486168	-0.012	0.072	-0.112
1.97561693192	-0.012	0.072	-0.112
1.97730183601	0.092	-0.224	2.044
1.97898387909	0.092	-0.224	2.044
1.9806599617	0.092	-0.224	2.044
1.98233604431	0.052	-0.396	2.044
1.98401284218	0.052	-0.396	2.044
1.98568987846	0.052	-0.396	2.044
1.98737192154	-0.08	-0.176	0.744
1.98904895782	-0.08	-0.176	0.744
1.99072599411	-0.08	-0.176	0.744
1.99240398407	-0.128	0.112	-1.148
1.9940829277	-0.128	0.112	-1.148
1.99576091766	-0.128	0.112	-1.148
1.99744081497	-0.008	0.076	-0.092
1.99910998344	-0.008	0.076	-0.092
2.0007789135	-0.008	0.076	-0.092
2.00245094299	0.108	-0.248	2.044
2.0041179657	0.108	-0.248	2.044
2.00578594208	0.108	-0.248	2.044
2.00746583939	0.052	-0.392	2.044
2.00915002823	0.052	-0.392	2.044
2.0108268261	0.052	-0.392	2.044
2.01250290871	-0.068	-0.172	0.7
2.01418185234	-0.068	-0.172	0.7
2.01585888863	-0.068	-0.172	0.7
2.01753687859	-0.12	0.1	-1.132
2.01921486855	-0.12	0.1	-1.132
2.02089095116	-0.12	0.1	-1.132
2.02257990837	-0.004	0.072	-0.068
2.02425789833	-0.004	0.072	-0.068
2.02593588829	-0.004	0.072	-0.068
2.02762293816	0.1	-0.244	2.044
2.02930402756	0.1	-0.244	2.044
2.03098082542	0.1	-0.244	2.044
2.03265881538	0.056	-0.392	2.044
2.03433394432	0.056	-0.392	2.044
2.03601002693	0.056	-0.392	2.044
2.03769087791	0.056	-0.392	2.044
2.03936696053	-0.088	-0.164	0.692
2.0410618782	-0.088	-0.164	0.692
2.04273891449	-0.088	-0.164	0.692
2.04441690445	-0.148	0.112	-1.136
2.04609298706	-0.148	0.112	-1.136
2.04777789116	-0.148	0.112	-1.136
2.04945683479	-0.008	0.08	-0.036
2.05113387108	-0.008	0.08	-0.036
2.05280995369	-0.008	0.08	-0.036
2.05448889732	0.1	-0.236	2.044
2.05616593361	0.1	-0.236	2.044
2.05784988403	0.1	-0.236	2.044
2.05952596664	0.048	-0.4	2.044
2.06120181084	0.048	-0.4	2.044
2.06287789345	0.048	-0.4	2.044
2.06455492973	-0.064	-0.164	0.644
2.06623196602	-0.064	-0.164	0.644
2.06791496277	-0.064	-0.164	0.644
2.06960082054	-0.124	0.116	-1.14
2.07127785683	-0.124	0.116	-1.14
2.07295799255	-0.124	0.116	-1.14
2.07463502884	0.0	0.064	-0.016
2.07630085945	0.0	0.064	-0.016
2.07804203033	0.0	0.064	-0.016
2.07971382141	0.108	-0.248	2.044
2.08140492439	0.108	-0.248	2.044
2.08307981491	0.108	-0.248	2.044
2.08475589752	0.064	-0.392	2.044
2.0864379406	0.064	-0.392	2.044
2.08811402321	0.064	-0.392	2.044
2.08979296684	-0.08	-0.168	0.628
2.09147000313	-0.08	-0.168	0.628
2.09314584732	-0.08	-0.168	0.628
2.09482288361	-0.128	0.104	-1.14
2.09651899338	-0.128	0.104	-1.14
2.09819602966	-0.128	0.104	-1.14
2.09987282753	-0.012	0.084	0.032
2.10154795647	-0.012	0.084	0.032
2.10322189331	-0.012	0.084	0.032
2.1048989296	0.096	-0.24	2.044
2.10658597946	0.096	-0.24	2.044
2.10826086998	0.096	-0.24	2.044
2.10993695259	0.052	-0.396	2.044
2.11162686348	0.052	-0.396	2.044
2.11330294609	0.052	-0.396	2.044
2.1149790287	-0.076	-0.16	0.608
2.11667084694	-0.076	-0.16	0.608
2.11834788322	-0.076	-0.16	0.608
2.12002587318	-0.132	0.12	-1.152
2.12170481682	-0.132	0.12	-1.152
2.1233818531	-0.132	0.12	-1.152
2.12505888939	0.0	0.064	0.036
2.12672996521	0.0	0.064	0.036
2.12839794159	0.0	0.064	0.036
2.1301150322	0.104	-0.256	2.044
2.13179683685	0.104	-0.256	2.044
2.13347387314	0.104	-0.256	2.044
2.13514995575	0.056	-0.4	2.044
2.13683485985	0.056	-0.4	2.044
2.13851189613	0.056	-0.4	2.044
2.14018797874	-0.088	-0.152	0.58
2.14186501503	-0.088	-0.152	0.58
2.14354085922	-0.088	-0.152	0.58
2.14522004128	-0.124	0.112	-1.156
2.1469039917	-0.124	0.112	-1.156
2.14858198166	-0.124	0.112	-1.156
2.15025901794	0.0	0.048	0.064
2.15192389488	0.0	0.048	0.064
2.15359187126	0.0	0.048	0.064
2.15525794029	0.108	-0.264	2.044
2.15693998337	0.108	-0.264	2.044
2.15861797333	0.108	-0.264	2.044
2.16029500961	0.052	-0.396	2.044
2.1619720459	0.052	-0.396	2.044
2.16366696358	0.052	-0.396	2.044
2.16534399986	-0.072	-0.152	0.556
2.16702103615	-0.072	-0.152	0.556
2.16870093346	-0.072	-0.152	0.556
2.17037892342	-0.128	0.12	-1.156
2.17205691338	-0.128	0.12	-1.156
2.17373490334	-0.128	0.12	-1.156
2.17541193962	0.008	0.056	0.072
2.17715096474	0.008	0.056	0.072
2.17882800102	0.008	0.056	0.072
2.18050098419	0.108	-0.256	2.044
2.18217802048	0.108	-0.256	2.044
2.18386983871	0.108	-0.256	2.044
2.18554902077	0.048	-0.392	2.044
2.18723082542	0.048	-0.392	2.044
2.18890690804	0.048	-0.392	2.044
2.19058299065	-0.1	-0.132	0.524
2.19226002693	-0.1	-0.132	0.524
2.1939368248	-0.1	-0.132	0.524
2.19561290741	-0.1	-0.132	0.524
2.19729185104	-0.14	0.124	-1.164
2.19896483421	-0.14	0.124	-1.164
2.20064592361	-0.14	0.124	-1.164
2.20231604576	-0.008	0.064	0.108
2.20398497581	-0.008	0.064	0.108
2.20565104485	-0.008	0.064	0.108
2.20733094215	0.108	-0.256	2.044
2.2090139389	0.108	-0.256	2.044
2.21070289612	0.108	-0.256	2.044
2.21238088608	0.056	-0.388	2.044
2.21405792236	0.056	-0.388	2.044
2.21574687958	0.056	-0.388	2.044
2.21743297577	-0.076	-0.14	0.492
2.21911001205	-0.076	-0.14	0.492
2.22078585625	-0.076	-0.14	0.492
2.22246289253	-0.128	0.128	-1.164
2.22414183617	-0.128	0.128	-1.164
2.22581982613	-0.128	0.128	-1.164
2.22749900818	0.02	0.064	0.132
2.22917294502	0.02	0.064	0.132
2.23084688187	0.02	0.064	0.132
2.23253297806	0.1	-0.264	2.044
2.23420882225	0.1	-0.264	2.044
2.2358880043	0.1	-0.264	2.044
2.23757100105	0.048	-0.388	2.044
2.23924684525	0.048	-0.388	2.044
2.24092483521	0.048	-0.388	2.044
2.24260187149	-0.088	-0.136	0.46
2.2442779541	-0.088	-0.136	0.46
2.24595499039	-0.088	-0.136	0.46
2.24765992165	-0.132	0.124	-1.168
2.24933981895	-0.132	0.124	-1.168
2.25101685524	-0.132	0.124	-1.168
2.25269389153	0.0	0.056	0.16
2.25435996056	0.0	0.056	0.16
2.25602483749	0.0	0.056	0.16
2.25770688057	0.108	-0.256	2.044
2.25938391685	0.108	-0.256	2.044
2.26105904579	0.108	-0.256	2.044
2.26273798943	0.032	-0.376	2.044
2.26442503929	0.032	-0.376	2.044
2.26610302925	0.032	-0.376	2.044
2.267786026	-0.084	-0.128	0.424
2.26946282387	-0.084	-0.128	0.424
2.27113986015	-0.084	-0.128	0.424
2.27281785011	-0.12	0.124	-1.168
2.27449584007	-0.12	0.124	-1.168
2.27617287636	-0.12	0.124	-1.168
2.27785682678	0.008	0.044	0.196
2.27953100204	0.008	0.044	0.196
2.28120803833	0.008	0.044	0.196
2.2828810215	0.104	-0.248	2.044
2.28455781937	0.104	-0.248	2.044
2.28623390198	0.104	-0.248	2.044
2.28792095184	0.036	-0.384	2.044
2.2895989418	0.036	-0.384	2.044
2.29127502441	0.036	-0.384	2.044
2.29295182228	-0.096	-0.132	0.4
2.29462790489	-0.096	-0.132	0.4
2.29630589485	-0.096	-0.132	0.4
2.2980530262	-0.112	0.116	-1.148
2.29973292351	-0.112	0.116	-1.148
2.30140900612	-0.112	0.116	-1.148
2.3030860424	0.016	0.044	0.216
2.30477190018	0.016	0.044	0.216
2.3064520359	0.016	0.044	0.216
2.30812597275	0.104	-0.256	2.044
2.30980086327	0.104	-0.256	2.044
2.31147694588	0.104	-0.256	2.044
2.31315493584	0.036	-0.38	2.044
2.31483387947	0.036	-0.38	2.044
2.31651592255	0.036	-0.38	2.044
2.31819200516	-0.08	-0.124	0.384
2.31986999512	-0.08	-0.124	0.384
2.32154798508	-0.08	-0.124	0.384
2.32322502136	-0.128	0.136	-1.164
2.32490181923	-0.128	0.136	-1.164
2.32658481598	-0.128	0.136	-1.164
2.32826399803	0.008	0.048	0.256
2.32993888855	0.008	0.048	0.256
2.33161282539	0.008	0.048	0.256
2.33328604698	0.104	-0.26	2.044
2.3349609375	0.104	-0.26	2.044
2.33664393425	0.104	-0.26	2.044
2.33832001686	0.024	-0.38	2.044
2.33999991417	0.024	-0.38	2.044
2.34167599678	0.024	-0.38	2.044
2.34335184097	-0.108	-0.124	0.352
2.34503293037	-0.108	-0.124	0.352
2.3467168808	-0.108	-0.124	0.352
2.34839391708	-0.108	-0.124	0.352
2.35007095337	-0.128	0.132	-1.168
2.35176897049	-0.128	0.132	-1.168
2.35344791412	-0.128	0.132	-1.168
2.35512495041	0.012	0.044	0.26
2.35680389404	0.012	0.044	0.26
2.35847687721	0.012	0.044	0.26
2.36015081406	0.1	-0.268	2.044
2.36182785034	0.1	-0.268	2.044
2.36350393295	0.1	-0.268	2.044
2.36518001556	0.024	-0.388	2.044
2.36686396599	0.024	-0.388	2.044
2.36855196953	0.024	-0.388	2.044
2.37022781372	-0.076	-0.124	0.34
2.37190485001	-0.076	-0.124	0.34
2.37358093262	-0.076	-0.124	0.34
2.37525701523	-0.12	0.132	-1.164
2.37694382668	-0.12	0.132	-1.164
2.37862181664	-0.12	0.132	-1.164
2.38029885292	0.012	0.036	0.312
2.38197183609	0.012	0.036	0.312
2.38365888596	0.012	0.036	0.312
2.3853328228	0.116	-0.28	2.044
2.38701486588	0.116	-0.28	2.044
2.38869190216	0.116	-0.28	2.044
2.3903670311	0.024	-0.384	2.044
2.39204883575	0.024	-0.384	2.044
2.39372682571	0.024	-0.384	2.044
2.39540290833	-0.092	-0.12	0.3
2.39714384079	-0.092	-0.12	0.3
2.39882493019	-0.092	-0.12	0.3
2.40050983429	-0.108	0.132	-1.16
2.40217995644	-0.108	0.132	-1.16
2.40384793282	-0.108	0.132	-1.16
2.40551686287	0.028	0.048	0.324
2.40723586082	0.028	0.048	0.324
2.40891885757	0.028	0.048	0.324
2.41059303284	0.108	-0.272	2.044
2.4122698307	0.108	-0.272	2.044
2.41394495964	0.108	-0.272	2.044
2.41562104225	0.036	-0.38	2.044
2.41731786728	0.036	-0.38	2.044
2.41899800301	0.036	-0.38	2.044
2.42067289352	-0.08	-0.12	0.268
2.42234992981	-0.08	-0.12	0.268
2.42402696609	-0.08	-0.12	0.268
2.42570495605	-0.112	0.14	-1.164
2.42738890648	-0.112	0.14	-1.164
2.42906498909	-0.112	0.14	-1.164
2.43074202538	0.012	0.032	0.36
2.4324259758	0.012	0.032	0.36
2.43409991264	0.012	0.032	0.36
2.43577289581	0.116	-0.28	2.044
2.43745493889	0.116	-0.28	2.044
2.4391310215	0.116	-0.28	2.044
2.44080781937	0.024	-0.356	2.044
2.44248390198	0.024	-0.356	2.044
2.44416284561	0.024	-0.356	2.044
2.44584798813	-0.1	-0.112	0.24
2.44753289223	-0.1	-0.112	0.24
2.44921088219	-0.1	-0.112	0.24
2.4508869648	-0.116	0.128	-1.172
2.45256495476	-0.116	0.128	-1.172
2.45424103737	-0.116	0.128	-1.172
2.45592999458	0.016	0.036	0.38
2.45761084557	0.016	0.036	0.38
2.45928883553	0.016	0.036	0.38
2.46096086502	0.1	-0.28	2.044
2.46263694763	0.1	-0.28	2.044
2.46431303024	0.1	-0.28	2.044
2.46598982811	0.032	-0.376	2.044
2.46767497063	0.032	-0.376	2.044
2.46934986115	0.032	-0.376	2.044
2.4710278511	-0.08	-0.104	0.208
2.47270798683	-0.08	-0.104	0.208
2.47438383102	-0.08	-0.104	0.208
2.47606086731	-0.104	0.14	-1.168
2.47773885727	-0.104	0.14	-1.168
2.47941589355	-0.104	0.14	-1.168
2.48109483719	0.024	0.02	0.408
2.48276782036	0.024	0.02	0.408
2.48444104195	0.024	0.02	0.408
2.48611402512	0.108	-0.288	2.044
2.48780894279	0.108	-0.288	2.044
2.48948597908	0.108	-0.288	2.044
2.49116182327	0.024	-0.372	2.044
2.49284791946	0.024	-0.372	2.044
2.49452280998	0.024	-0.372	2.044
2.49620199203	-0.092	-0.104	0.18
2.49788999557	-0.092	-0.104	0.18
2.49956703186	-0.092	-0.104	0.18
2.50124382973	-0.12	0.132	-1.168
2.50291991234	-0.12	0.132	-1.168
2.50459885597	-0.12	0.132	-1.168
2.50627803802	0.008	0.024	0.424
2.50795793533	0.008	0.024	0.424
2.5096309185	0.008	0.024	0.424
2.51130485535	0.008	0.024	0.424
2.51297783852	0.108	-0.28	2.044
2.51465392113	0.108	-0.28	2.044
2.5163359642	0.108	-0.28	2.044
2.51801204681	0.016	-0.368	2.044
2.5196928978	0.016	-0.368	2.044
2.52136993408	0.016	-0.368	2.044
2.52304983139	-0.104	-0.1	0.168
2.52472686768	-0.104	-0.1	0.168
2.52640986443	-0.104	-0.1	0.168
2.52808690071	-0.12	0.144	-1.16
2.52976584435	-0.12	0.144	-1.16
2.53144288063	-0.12	0.144	-1.16
2.53311991692	0.008	0.024	0.472
2.53479194641	0.008	0.024	0.472
2.53647184372	0.008	0.024	0.472
2.53814697266	0.108	-0.3	2.044
2.53983283043	0.108	-0.3	2.044
2.54150891304	0.108	-0.3	2.044
2.54318284988	0.024	-0.376	2.044
2.54485988617	0.024	-0.376	2.044
2.54654192924	0.024	-0.376	2.044
2.54822182655	-0.1	-0.092	0.132
2.54989886284	-0.1	-0.092	0.132
2.55157494545	-0.1	-0.092	0.132
2.55325388908	-0.112	0.136	-1.164
2.55493187904	-0.112	0.136	-1.164
2.55661487579	-0.112	0.136	-1.164
2.55829286575	0.02	0.008	0.492
2.55996704102	0.02	0.008	0.492
2.56164097786	0.02	0.008	0.492
2.56331396103	0.112	-0.296	2.044
2.56499004364	0.112	-0.296	2.044
2.56667089462	0.112	-0.296	2.044
2.56834793091	0.048	-0.376	2.044
2.57002592087	0.048	-0.376	2.044
2.57170200348	0.048	-0.376	2.044
2.57337784767	-0.084	-0.1	0.112
2.57505702972	-0.084	-0.1	0.112
2.57674193382	-0.084	-0.1	0.112
2.57841897011	-0.116	0.144	-1.156
2.58009600639	-0.116	0.144	-1.156
2.58177304268	-0.116	0.144	-1.156
2.58344984055	0.024	0.024	0.512
2.58512496948	0.024	0.024	0.512
2.5868139267	0.024	0.024	0.512
2.58848786354	0.108	-0.308	2.044
2.59016394615	0.108	-0.308	2.044
2.59183883667	0.108	-0.308	2.044
2.59351587296	0.012	-0.376	2.044
2.59519100189	0.012	-0.376	2.044
2.59687185287	0.012	-0.376	2.044
2.59854102135	-0.112	-0.08	0.072
2.60021281242	-0.112	-0.08	0.072
2.60188293457	-0.112	-0.08	0.072
2.6035528183	-0.14	0.144	-1.152
2.60522198677	-0.14	0.144	-1.152
2.60689592361	-0.14	0.144	-1.152
2.6085870266	0.032	-0.004	0.544
2.61026382446	0.032	-0.004	0.544
2.61194086075	0.032	-0.004	0.544
2.61361598969	0.116	-0.296	2.044
2.61529183388	0.116	-0.296	2.044
2.61697602272	0.116	-0.296	2.044
2.61865282059	0.028	-0.376	2.044
2.6203289032	0.028	-0.376	2.044
2.62200498581	0.028	-0.376	2.044
2.6236948967	-0.096	-0.092	0.06
2.62537288666	-0.096	-0.092	0.06
2.62708687782	-0.096	-0.092	0.06
2.62876391411	-0.1	0.132	-1.148
2.63044095039	-0.1	0.132	-1.148
2.63211798668	-0.1	0.132	-1.148
2.63380503654	0.024	0.004	0.568
2.63547897339	0.024	0.004	0.568
2.63715791702	0.024	0.004	0.568
2.63883090019	0.12	-0.308	2.044
2.64051890373	0.12	-0.308	2.044
2.64219498634	0.12	-0.308	2.044
2.64387202263	0.004	-0.368	2.044
2.64554786682	0.004	-0.368	2.044
2.6472299099	0.004	-0.368	2.044
2.64890885353	-0.1	-0.088	0.024
2.65058493614	-0.1	-0.088	0.024
2.65226483345	-0.1	-0.088	0.024
2.65394091606	-0.1	-0.088	0.024
2.65561699867	-0.112	0.148	-1.156
2.6573009491	-0.112	0.148	-1.156
2.65897798538	-0.112	0.148	-1.156
2.66065502167	0.032	-0.008	0.612
2.66232895851	0.032	-0.008	0.612
2.66400504112	0.032	-0.008	0.612
2.66568088531	0.112	-0.308	2.044
2.66736292839	0.112	-0.308	2.044
2.66903781891	0.112	-0.308	2.044
2.67071294785	0.016	-0.364	2.044
2.67240285873	0.016	-0.364	2.044
2.67407989502	0.016	-0.364	2.044
2.67575502396	-0.1	-0.08	-0.016
2.67743802071	-0.1	-0.08	-0.016
2.67911696434	-0.1	-0.08	-0.016
2.68081498146	-0.124	0.136	-1.136
2.68249201775	-0.124	0.136	-1.136
2.68416881561	-0.124	0.136	-1.136
2.6858458519	0.032	-0.004	0.64
2.6875269413	0.032	-0.004	0.64
2.68920302391	0.032	-0.004	0.64
2.69087791443	0.112	-0.308	2.044
2.69255304337	0.112	-0.308	2.044
2.69422888756	0.112	-0.308	2.044
2.69590497017	0.008	-0.368	2.044
2.69760584831	0.008	-0.368	2.044
2.69928383827	0.008	-0.368	2.044
2.70095896721	-0.108	-0.068	-0.024
2.70263791084	-0.108	-0.068	-0.024
2.70431995392	-0.108	-0.068	-0.024
2.70599794388	-0.112	0.144	-1.14
2.70768284798	-0.112	0.144	-1.14
2.70935988426	-0.112	0.144	-1.14
2.71104097366	0.048	-0.008	0.656
2.71272492409	0.048	-0.008	0.656
2.7144048214	0.048	-0.008	0.656
2.71608090401	0.12	-0.308	2.044
2.71776294708	0.12	-0.308	2.044
2.71948981285	0.12	-0.308	2.044
2.72116994858	0.016	-0.364	2.044
2.72284793854	0.016	-0.364	2.044
2.72452402115	0.016	-0.364	2.044
2.72619891167	-0.104	-0.076	-0.052
2.72788691521	-0.104	-0.076	-0.052
2.72956681252	-0.104	-0.076	-0.052
2.73124790192	-0.1	0.128	-1.116
2.7329249382	-0.1	0.128	-1.116
2.73459982872	-0.1	0.128	-1.116
2.73627686501	0.028	-0.012	0.692
2.73795890808	0.028	-0.012	0.692
2.73963499069	0.028	-0.012	0.692
2.74131298065	0.108	-0.316	2.044
2.74298787117	0.108	-0.316	2.044
2.7446808815	0.108	-0.316	2.044
2.7463619709	0.004	-0.36	2.044
2.74803686142	0.004	-0.36	2.044
2.74971294403	0.004	-0.36	2.044
2.75138688087	-0.1	-0.072	-0.072
2.75306391716	-0.1	-0.072	-0.072
2.75474095345	-0.1	-0.072	-0.072
2.75642800331	-0.104	0.136	-1.14
2.75810599327	-0.104	0.136	-1.14
2.75978302956	-0.104	0.136	-1.14
2.76146197319	0.032	-0.012	0.724
2.76313686371	0.032	-0.012	0.724
2.76481294632	0.032	-0.012	0.724
2.76649284363	0.116	-0.304	2.044
2.76816892624	0.116	-0.304	2.044
2.76984596252	0.116	-0.304	2.044
2.77152490616	0.016	-0.364	2.044
2.77320194244	0.016	-0.364	2.044
2.77488589287	0.016	-0.364	2.044
2.77658200264	-0.092	-0.072	-0.092
2.77826094627	-0.092	-0.072	-0.092
2.77993798256	-0.092	-0.072	-0.092
2.78161597252	-0.112	0.148	-1.116
2.7832968235	-0.112	0.148	-1.116
2.78497695923	-0.112	0.148	-1.116
2.78666090965	0.044	-0.012	0.74
2.78833603859	0.044	-0.012	0.74
2.79000997543	0.044	-0.012	0.74
2.79170393944	0.116	-0.308	2.044
2.7933819294	0.116	-0.308	2.044
2.79505896568	0.116	-0.308	2.044
2.79674100876	0.008	-0.356	2.044
2.79840898514	0.008	-0.356	2.044
2.80007791519	0.008	-0.356	2.044
2.80174899101	-0.104	-0.084	-0.12
2.80341887474	-0.104	-0.084	-0.12
2.80508899689	-0.104	-0.084	-0.12
2.80676388741	-0.108	0.14	-1.116
2.80846881866	-0.108	0.14	-1.116
2.81014704704	-0.108	0.14	-1.116
2.81182384491	-0.108	0.14	-1.116
2.8135008812	0.036	-0.012	0.776
2.81517696381	0.036	-0.012	0.776
2.81685996056	0.036	-0.012	0.776
2.81853485107	0.12	-0.316	2.044
2.82020998001	0.12	-0.316	2.044
2.82189488411	0.12	-0.316	2.044
2.82357096672	-0.008	-0.352	2.044
2.82524991035	-0.008	-0.352	2.044
2.82693386078	-0.008	-0.352	2.044
2.82860994339	-0.104	-0.048	-0.152
2.83028793335	-0.104	-0.048	-0.152
2.83196592331	-0.104	-0.048	-0.152
2.83364486694	-0.108	0.148	-1.112
2.83532500267	-0.108	0.148	-1.112
2.83700799942	-0.108	0.148	-1.112
2.83868503571	0.036	0.0	0.78
2.84035086632	0.036	0.0	0.78
2.84201788902	0.036	0.0	0.78
2.84368300438	0.1	-0.328	2.044
2.84535884857	0.1	-0.328	2.044
2.84706902504	0.1	-0.328	2.044
2.84874796867	-0.004	-0.348	2.044
2.85042595863	-0.004	-0.348	2.044
2.85210204124	-0.004	-0.348	2.044
2.85377788544	-0.108	-0.056	-0.18
2.8554558754	-0.108	-0.056	-0.18
2.85714197159	-0.108	-0.056	-0.18
2.85881996155	-0.096	0.144	-1.108
2.86050081253	-0.096	0.144	-1.108
2.86217784882	-0.096	0.144	-1.108
2.86385583878	0.04	-0.024	0.836
2.86553287506	0.04	-0.024	0.836
2.86721396446	0.04	-0.024	0.836
2.86889886856	0.112	-0.328	2.044
2.87057495117	0.112	-0.328	2.044
2.87225198746	0.112	-0.328	2.044
2.87392997742	-0.004	-0.344	2.044
2.8756070137	-0.004	-0.344	2.044
2.87729001045	-0.004	-0.344	2.044
2.87896704674	-0.108	-0.052	-0.176
2.88064599037	-0.108	-0.052	-0.176
2.88232302666	-0.108	-0.052	-0.176
2.88399887085	-0.104	0.156	-1.088
2.88567590714	-0.104	0.156	-1.088
2.88736200333	-0.104	0.156	-1.088
2.88904190063	0.024	-0.02	0.86
2.89071893692	0.024	-0.02	0.86
2.89239382744	0.024	-0.02	0.86
2.89406991005	0.104	-0.324	2.044
2.89574599266	0.104	-0.324	2.044
2.89742898941	0.104	-0.324	2.044
2.8991048336	-0.004	-0.344	2.044
2.90077996254	-0.004	-0.344	2.044
2.90245604515	-0.004	-0.344	2.044
2.90413284302	-0.108	-0.044	-0.22
2.90581202507	-0.108	-0.044	-0.22
2.90749788284	-0.108	-0.044	-0.22
2.90917491913	-0.1	0.144	-1.096
2.91085195541	-0.1	0.144	-1.096
2.91253304482	-0.1	0.144	-1.096
2.91421103477	0.044	-0.036	0.884
2.91589593887	0.044	-0.036	0.884
2.91757202148	0.044	-0.036	0.884
2.919246912	0.12	-0.324	2.044
2.92092585564	0.12	-0.324	2.044
2.92260193825	0.12	-0.324	2.044
2.92427802086	0.008	-0.344	2.044
2.92595291138	0.008	-0.344	2.044
2.92763495445	0.008	-0.344	2.044
2.92931199074	-0.096	-0.044	-0.256
2.93098902702	-0.096	-0.044	-0.256
2.93266701698	-0.096	-0.044	-0.256
2.93434381485	-0.096	0.152	-1.084
2.93602085114	-0.096	0.152	-1.084
2.93770599365	-0.096	0.152	-1.084
2.93938589096	0.044	-0.032	0.92
2.9410610199	0.044	-0.032	0.92
2.94273591042	0.044	-0.032	0.92
2.94442486763	0.1	-0.324	2.044
2.94610095024	0.1	-0.324	2.044
2.94777798653	0.1	-0.324	2.044
2.94945383072	0.0	-0.34	2.044
2.95112204552	0.0	-0.34	2.044
2.95279192924	0.0	-0.34	2.044
2.9544608593	-0.108	-0.036	-0.272
2.95613694191	-0.108	-0.036	-0.272
2.95782184601	-0.108	-0.036	-0.272
2.95949888229	-0.108	-0.036	-0.272
2.96117782593	-0.096	0.148	-1.072
2.96286392212	-0.096	0.148	-1.072
2.96454381943	-0.096	0.148	-1.072
2.96622204781	0.04	-0.04	0.952
2.96790099144	0.04	-0.04	0.952
2.96957182884	0.04	-0.04	0.952
2.97123885155	0.1	-0.328	2.044
2.97290587425	0.1	-0.328	2.044
2.97457385063	0.1	-0.328	2.044
2.97624087334	0.004	-0.344	2.044
2.97792196274	0.004	-0.344	2.044
2.97959804535	0.004	-0.344	2.044
2.98850893974	-0.1	0.14	-1.068
2.99027085304	0.04	-0.036	0.968
2.99195599556	0.04	-0.036	0.968
2.99363303185	0.04	-0.036	0.968
2.99530887604	0.1	-0.336	2.044
2.99699997902	0.1	-0.336	2.044
2.99867582321	0.1	-0.336	2.044
3.00034499168	-0.012	-0.352	2.044
3.00201702118	-0.012	-0.352	2.044
3.00368690491	-0.012	-0.352	2.044
3.00535583496	-0.012	-0.352	2.044
3.00713992119	-0.116	-0.028	-0.312
3.00882196426	-0.116	-0.028	-0.312
3.01049995422	-0.088	0.144	-1.06
3.01217603683	-0.088	0.144	-1.06
3.01385188103	-0.088	0.144	-1.06
3.01552796364	-0.088	0.144	-1.06
3.01723694801	0.056	-0.052	1.008
3.01891684532	0.056	-0.052	1.008
3.02059483528	0.056	-0.052	1.008
3.02226901054	0.124	-0.336	2.044
3.02399492264	0.124	-0.336	2.044
3.02567601204	0.124	-0.336	2.044
3.02736091614	0.004	-0.348	2.044
3.02903795242	0.004	-0.348	2.044
3.03071403503	0.004	-0.348	2.044
3.0323908329	-0.12	-0.028	-0.336
3.03407096863	-0.12	-0.028	-0.336
3.03574991226	-0.12	-0.028	-0.336
3.03743386269	-0.116	0.156	-1.036
3.03911185265	-0.116	0.156	-1.036
3.0407910347	-0.116	0.156	-1.036
3.04246783257	0.036	-0.044	1.032
3.04414391518	0.036	-0.044	1.032
3.04582095146	0.036	-0.044	1.032
3.04750204086	0.1	-0.332	2.044
3.0491809845	0.1	-0.332	2.044
3.05086493492	0.1	-0.332	2.044
3.05254101753	-0.016	-0.344	2.044
3.0542178154	-0.016	-0.344	2.044
3.05589389801	-0.016	-0.344	2.044
3.05757904053	-0.124	-0.02	-0.364
3.05925798416	-0.124	-0.02	-0.364
3.06093502045	-0.124	-0.02	-0.364
3.06261301041	-0.084	0.144	-1.04
3.06429982185	-0.084	0.144	-1.04
3.06597995758	-0.084	0.144	-1.04
3.06766200066	0.056	-0.064	1.056
3.06933784485	0.056	-0.064	1.056
3.07101488113	0.056	-0.064	1.056
3.07269096375	0.116	-0.356	2.044
3.07436704636	0.116	-0.356	2.044
3.07604598999	0.116	-0.356	2.044
3.07779884338	-0.004	-0.336	2.044
3.07947897911	-0.004	-0.336	2.044
3.08116102219	-0.004	-0.336	2.044
3.08283901215	-0.112	-0.012	-0.38
3.08451700211	-0.112	-0.012	-0.38
3.08619499207	-0.112	-0.012	-0.38
3.08788084984	-0.088	0.148	-1.028
3.0895588398	-0.088	0.148	-1.028
3.09123682976	-0.088	0.148	-1.028
3.09291291237	0.052	-0.052	1.076
3.09458899498	0.052	-0.052	1.076
3.09626483917	0.052	-0.052	1.076
3.09794902802	0.108	-0.336	2.044
3.09962582588	0.108	-0.336	2.044
3.10130190849	0.108	-0.336	2.044
3.10298204422	-0.004	-0.332	2.044
3.10466098785	-0.004	-0.332	2.044
3.10634493828	-0.004	-0.332	2.044
3.10802292824	-0.116	-0.016	-0.392
3.1097009182	-0.116	-0.016	-0.392
3.11138796806	-0.116	-0.016	-0.392
3.11306881905	-0.08	0.148	-1.012
3.11474704742	-0.08	0.148	-1.012
3.11643099785	-0.08	0.148	-1.012
3.11810803413	0.056	-0.064	1.12
3.11978387833	0.056	-0.064	1.12
3.12146091461	0.056	-0.064	1.12
3.12313699722	0.108	-0.344	2.044
3.12481403351	0.108	-0.344	2.044
3.12649488449	0.108	-0.344	2.044
3.12817502022	-0.016	-0.328	2.044
3.12985491753	-0.016	-0.328	2.044
3.13153195381	-0.016	-0.328	2.044
3.1332089901	-0.116	-0.016	-0.42
3.13488602638	-0.116	-0.016	-0.42
3.1365840435	-0.116	-0.016	-0.42
3.13826203346	-0.092	0.136	-1.016
3.13994002342	-0.092	0.136	-1.016
3.14161682129	-0.092	0.136	-1.016
3.14329695702	0.048	-0.088	1.152
3.14497494698	0.048	-0.088	1.152
3.14665794373	0.048	-0.088	1.152
3.14833283424	0.108	-0.344	2.044
3.15000891685	0.108	-0.344	2.044
3.15168404579	0.108	-0.344	2.044
3.15336203575	-0.012	-0.344	2.044
3.15504288673	-0.012	-0.344	2.044
3.15672588348	-0.012	-0.344	2.044
3.15841388702	-0.108	-0.024	-0.436
3.16009283066	-0.108	-0.024	-0.436
3.16177296638	-0.108	-0.024	-0.436
3.16345000267	-0.084	0.132	-0.988
3.16512703896	-0.084	0.132	-0.988
3.16681003571	-0.084	0.132	-0.988
3.16850090027	0.064	-0.072	1.16
3.17017889023	0.064	-0.072	1.16
3.17185497284	0.064	-0.072	1.16
3.17353200912	0.12	-0.356	2.044
3.17520785332	0.12	-0.356	2.044
3.17689299583	0.12	-0.356	2.044
3.17857003212	-0.012	-0.34	2.044
3.1802508831	-0.012	-0.34	2.044
3.18192887306	-0.012	-0.34	2.044
3.18360590935	-0.012	-0.34	2.044
3.18528389931	-0.12	-0.004	-0.468
3.18696904182	-0.12	-0.004	-0.468
3.18864583969	-0.12	-0.004	-0.468
3.19032287598	-0.092	0.136	-0.976
3.19201302528	-0.092	0.136	-0.976
3.19369101524	-0.092	0.136	-0.976
3.19536781311	0.048	-0.072	1.188
3.19713497162	0.048	-0.072	1.188
3.19880604744	0.048	-0.072	1.188
3.20048904419	0.104	-0.336	2.044
3.20215797424	0.104	-0.336	2.044
3.20383000374	0.104	-0.336	2.044
3.20550704002	-0.028	-0.328	2.04
3.20719099045	-0.028	-0.328	2.04
3.20887494087	-0.028	-0.328	2.04
3.21055102348	-0.124	-0.012	-0.48
3.21222901344	-0.124	-0.012	-0.48
3.21390485764	-0.124	-0.012	-0.48
3.21557998657	-0.096	0.148	-0.956
3.21726489067	-0.096	0.148	-0.956
3.21894097328	-0.096	0.148	-0.956
3.2206158638	0.052	-0.072	1.236
3.22229003906	0.052	-0.072	1.236
3.22396588326	0.052	-0.072	1.236
3.22564291954	0.12	-0.356	2.044
3.22731900215	0.12	-0.356	2.044
3.228992939	0.12	-0.356	2.044
3.23066782951	-0.012	-0.332	2.032
3.23234701157	-0.012	-0.332	2.032
3.23402500153	-0.012	-0.332	2.032
3.23569989204	-0.112	-0.016	-0.496
3.23738193512	-0.112	-0.016	-0.496
3.23905587196	-0.112	-0.016	-0.496
3.24074482918	-0.092	0.144	-0.956
3.24242091179	-0.092	0.144	-0.956
3.24409389496	-0.092	0.144	-0.956
3.24577403069	0.048	-0.08	1.248
3.24746394157	0.048	-0.08	1.248
3.24914097786	0.048	-0.08	1.248
3.25080990791	0.104	-0.356	2.044
3.25248789787	0.104	-0.356	2.044
3.25415682793	0.104	-0.356	2.044
3.2558259964	-0.028	-0.324	2.0
3.25749588013	-0.028	-0.324	2.0
3.25917291641	-0.028	-0.324	2.0
3.26083898544	-0.12	0.0	-0.536
3.26250195503	-0.12	0.0	-0.536
3.26416683197	-0.12	0.0	-0.536
3.26582789421	-0.076	0.148	-0.956
3.26750087738	-0.076	0.148	-0.956
3.26917481422	-0.076	0.148	-0.956
3.27084302902	0.052	-0.068	1.264
3.27252984047	0.052	-0.068	1.264
3.27419900894	0.052	-0.068	1.264
3.27586698532	0.116	-0.36	2.044
3.27753996849	0.116	-0.36	2.044
3.27921390533	0.116	-0.36	2.044
3.28088283539	-0.02	-0.324	1.976
3.28255391121	-0.02	-0.324	1.976
3.28422689438	-0.02	-0.324	1.976
3.28589701653	-0.12	-0.004	-0.552
3.28758096695	-0.12	-0.004	-0.552
3.28926491737	-0.12	-0.004	-0.552
3.29094386101	-0.088	0.144	-0.932
3.29262185097	-0.088	0.144	-0.932
3.29430103302	-0.088	0.144	-0.932
3.29597783089	0.044	-0.08	1.312
3.29766082764	0.044	-0.08	1.312
3.2993478775	0.044	-0.08	1.312
3.30102396011	0.096	-0.364	2.044
3.30270004272	0.096	-0.364	2.044
3.30437684059	0.096	-0.364	2.044
3.30605483055	-0.028	-0.324	1.956
3.30773997307	-0.028	-0.324	1.956
3.30941700935	-0.028	-0.324	1.956
3.31109881401	-0.128	0.0	-0.568
3.31277084351	-0.128	0.0	-0.568
3.31444001198	-0.128	0.0	-0.568
3.31610894203	-0.072	0.14	-0.928
3.31779289246	-0.072	0.14	-0.928
3.31946897507	-0.072	0.14	-0.928
3.32114887238	0.06	-0.092	1.34
3.32282495499	0.06	-0.092	1.34
3.32450294495	0.06	-0.092	1.34
3.32617902756	0.06	-0.092	1.34
3.32786202431	0.112	-0.364	2.044
3.32955288887	0.112	-0.364	2.044
3.33122897148	0.112	-0.364	2.044
3.33290600777	-0.016	-0.316	1.912
3.33458399773	-0.016	-0.316	1.912
3.3362660408	-0.016	-0.316	1.912
3.33795285225	-0.124	0.004	-0.584
3.33962988853	-0.124	0.004	-0.584
3.34130692482	-0.124	0.004	-0.584
3.34298300743	-0.072	0.148	-0.912
3.34466981888	-0.072	0.148	-0.912
3.3463640213	-0.072	0.148	-0.912
3.34804081917	0.044	-0.088	1.368
3.3497159481	0.044	-0.088	1.368
3.35139083862	0.044	-0.088	1.368
3.35306882858	0.1	-0.36	2.044
3.35474896431	0.1	-0.36	2.044
3.35643100739	0.1	-0.36	2.044
3.35810685158	-0.024	-0.324	1.908
3.35978889465	-0.024	-0.324	1.908
3.36146783829	-0.024	-0.324	1.908
3.36314892769	-0.12	0.008	-0.6
3.36482596397	-0.12	0.008	-0.6
3.36650896072	-0.12	0.008	-0.6
3.36818599701	-0.072	0.152	-0.896
3.36986398697	-0.072	0.152	-0.896
3.3715429306	-0.072	0.152	-0.896
3.37321901321	0.052	-0.084	1.384
3.37489581108	0.052	-0.084	1.384
3.37657999992	0.052	-0.084	1.384
3.37825584412	0.088	-0.356	2.044
3.3799328804	0.088	-0.356	2.044
3.38160896301	0.088	-0.356	2.044
3.38328504562	-0.02	-0.308	1.88
3.38496804237	-0.02	-0.308	1.88
3.38665103912	-0.02	-0.308	1.88
3.38833284378	-0.124	0.0	-0.612
3.3900039196	-0.124	0.0	-0.612
3.39167189598	-0.124	0.0	-0.612
3.39335298538	-0.068	0.14	-0.864
3.39503002167	-0.068	0.14	-0.864
3.39671301842	-0.068	0.14	-0.864
3.39838290215	0.048	-0.092	1.428
3.4000518322	0.048	-0.092	1.428
3.40172100067	0.048	-0.092	1.428
3.40338897705	0.1	-0.348	2.044
3.40505599976	0.1	-0.348	2.044
3.40672898293	0.1	-0.348	2.044
3.40840983391	-0.02	-0.296	1.844
3.41008996964	-0.02	-0.296	1.844
3.41176795959	-0.02	-0.296	1.844
3.41344499588	-0.112	0.016	-0.652
3.41512489319	-0.112	0.016	-0.652
3.41681981087	-0.112	0.016	-0.652
3.41849994659	-0.06	0.152	-0.872
3.42017698288	-0.06	0.152	-0.872
3.42185282707	-0.06	0.152	-0.872
3.42352986336	0.072	-0.092	1.444
3.42520785332	0.072	-0.092	1.444
3.42689085007	0.072	-0.092	1.444
3.42856693268	0.108	-0.36	2.044
3.43024301529	0.108	-0.36	2.044
3.4319229126	0.108	-0.36	2.044
3.43360090256	-0.024	-0.3	1.82
3.43527889252	-0.024	-0.3	1.82
3.43696188927	-0.024	-0.3	1.82
3.43863892555	-0.136	0.02	-0.66
3.44033098221	-0.136	0.02	-0.66
3.44200897217	-0.136	0.02	-0.66
3.44368600845	-0.08	0.14	-0.856
3.44536185265	-0.08	0.14	-0.856
3.44707894325	-0.08	0.14	-0.856
3.44877099991	0.06	-0.092	1.468
3.45044803619	0.06	-0.092	1.468
3.45212292671	0.06	-0.092	1.468
3.45379781723	0.096	-0.368	2.044
3.45547485352	0.096	-0.368	2.044
3.45715904236	0.096	-0.368	2.044
3.45883584023	-0.032	-0.296	1.792
3.46051383018	-0.032	-0.296	1.792
3.4621899128	-0.032	-0.296	1.792
3.46386885643	-0.128	0.02	-0.672
3.46554803848	-0.128	0.02	-0.672
3.46724486351	-0.128	0.02	-0.672
3.4689218998	-0.068	0.152	-0.836
3.47059798241	-0.068	0.152	-0.836
3.47233986855	-0.068	0.152	-0.836
3.47402095795	0.08	-0.112	1.496
3.47569894791	0.08	-0.112	1.496
3.47737789154	0.08	-0.112	1.496
3.4790558815	0.108	-0.368	2.044
3.48074889183	0.108	-0.368	2.044
3.48242592812	0.108	-0.368	2.044
3.48410201073	0.108	-0.368	2.044
3.48577690125	-0.028	-0.292	1.768
3.48746991158	-0.028	-0.292	1.768
3.48914885521	-0.028	-0.292	1.768
3.49082684517	-0.14	0.032	-0.7
3.4925069809	-0.14	0.032	-0.7
3.49418401718	-0.14	0.032	-0.7
3.49585986137	-0.06	0.14	-0.828
3.49754500389	-0.06	0.14	-0.828
3.49922204018	-0.06	0.14	-0.828
3.50089788437	0.06	-0.104	1.52
3.50257301331	0.06	-0.104	1.52
3.5042488575	0.06	-0.104	1.52
3.50592494011	0.1	-0.36	2.044
3.50760793686	0.1	-0.36	2.044
3.50928401947	0.1	-0.36	2.044
3.51096081734	-0.04	-0.296	1.732
3.51265287399	-0.04	-0.296	1.732
3.51433086395	-0.04	-0.296	1.732
3.51600790024	-0.136	0.032	-0.716
3.51769089699	-0.136	0.032	-0.716
3.51937198639	-0.136	0.032	-0.716
3.52104997635	-0.064	0.144	-0.808
3.52272796631	-0.064	0.144	-0.808
3.5244038105	-0.064	0.144	-0.808
3.52607893944	0.072	-0.112	1.552
3.52776193619	0.072	-0.112	1.552
3.52945995331	0.072	-0.112	1.552
3.53113603592	0.104	-0.372	2.044
3.53281092644	0.104	-0.372	2.044
3.53449702263	0.104	-0.372	2.044
3.53617286682	-0.036	-0.28	1.724
3.53785681725	-0.036	-0.28	1.724
3.53953385353	-0.036	-0.28	1.724
3.54120898247	-0.14	0.04	-0.692
3.54288601875	-0.14	0.04	-0.692
3.54458403587	-0.14	0.04	-0.692
3.54626297951	-0.068	0.152	-0.796
3.54794692993	-0.068	0.152	-0.796
3.54962182045	-0.068	0.152	-0.796
3.55129790306	0.068	-0.116	1.584
3.55297589302	0.068	-0.116	1.584
3.55465197563	0.068	-0.116	1.584
3.55633401871	0.104	-0.372	2.044
3.5580098629	0.104	-0.372	2.044
3.55968594551	0.104	-0.372	2.044
3.56136393547	-0.024	-0.28	1.68
3.56304097176	-0.024	-0.28	1.68
3.56471800804	-0.024	-0.28	1.68
3.56640195847	-0.112	0.036	-0.744
3.56808185577	-0.112	0.036	-0.744
3.56976103783	-0.112	0.036	-0.744
3.57144093513	-0.056	0.14	-0.776
3.57311797142	-0.056	0.14	-0.776
3.57479500771	-0.056	0.14	-0.776
3.57647895813	0.072	-0.124	1.6
3.57815790176	0.072	-0.124	1.6
3.57983493805	0.072	-0.124	1.6
3.58151984215	0.096	-0.368	2.044
3.58319687843	0.096	-0.368	2.044
3.58487582207	0.096	-0.368	2.044
3.58655786514	-0.032	-0.288	1.672
3.5882358551	-0.032	-0.288	1.672
3.58991289139	-0.032	-0.288	1.672
3.591588974	-0.132	0.032	-0.752
3.59326887131	-0.132	0.032	-0.752
3.59494590759	-0.132	0.032	-0.752
3.59663200378	-0.068	0.144	-0.756
3.59830498695	-0.068	0.144	-0.756
3.59997391701	-0.068	0.144	-0.756
3.60164284706	0.064	-0.128	1.628
3.60331082344	0.064	-0.128	1.628
3.60497784615	0.064	-0.128	1.628
3.60664987564	0.096	-0.368	2.044
3.60833191872	0.096	-0.368	2.044
3.61000990868	0.096	-0.368	2.044
3.61168694496	-0.028	-0.276	1.62
3.61336398125	-0.028	-0.276	1.62
3.61504101753	-0.028	-0.276	1.62
3.61672592163	-0.128	0.04	-0.792
3.61840295792	-0.128	0.04	-0.792
3.6200799942	-0.128	0.04	-0.792
3.62175583839	-0.052	0.144	-0.756
3.62343597412	-0.052	0.144	-0.756
3.62511491776	-0.052	0.144	-0.756
3.62679791451	0.076	-0.116	1.656
3.62848687172	0.076	-0.116	1.656
3.63016295433	0.076	-0.116	1.656
3.63183903694	0.108	-0.364	2.044
3.6335170269	0.108	-0.364	2.044
3.63519382477	0.108	-0.364	2.044
3.63687586784	0.108	-0.364	2.044
3.63855195045	-0.04	-0.288	1.6
3.64022994041	-0.04	-0.288	1.6
3.64190983772	-0.04	-0.288	1.6
3.64358687401	-0.124	0.044	-0.788
3.64526391029	-0.124	0.044	-0.788
3.64694690704	-0.124	0.044	-0.788
3.64864182472	-0.064	0.14	-0.712
3.65031981468	-0.064	0.14	-0.712
3.65199685097	-0.064	0.14	-0.712
3.65367388725	0.072	-0.136	1.676
3.65534996986	0.072	-0.136	1.676
3.65706086159	0.072	-0.136	1.676
3.65874099731	0.104	-0.376	2.044
3.66041684151	0.104	-0.376	2.044
3.66209292412	0.104	-0.376	2.044
3.66376686096	-0.036	-0.268	1.576
3.66545891762	-0.036	-0.268	1.576
3.66714191437	-0.036	-0.268	1.576
3.66881990433	-0.116	0.04	-0.816
3.67049598694	-0.116	0.04	-0.816
3.6721739769	-0.116	0.04	-0.816
3.67385101318	-0.052	0.12	-0.708
3.67554187775	-0.052	0.12	-0.708
3.6772248745	-0.052	0.12	-0.708
3.67890191078	0.072	-0.128	1.72
3.68058896065	0.072	-0.128	1.72
3.68226504326	0.072	-0.128	1.72
3.68394088745	0.108	-0.368	2.044
3.68561601639	0.108	-0.368	2.044
3.68729901314	0.108	-0.368	2.044
3.68897891045	-0.052	-0.272	1.544
3.69065690041	-0.052	-0.272	1.544
3.69233298302	-0.052	-0.272	1.544
3.69400882721	-0.136	0.052	-0.824
3.69568586349	-0.136	0.052	-0.824
3.69736504555	-0.136	0.052	-0.824
3.69904184341	-0.064	0.132	-0.7
3.70072197914	-0.064	0.132	-0.7
3.70239901543	-0.064	0.132	-0.7
3.70408201218	0.072	-0.144	1.72
3.70575881004	0.072	-0.144	1.72
3.70744299889	0.072	-0.144	1.72
3.70911884308	0.112	-0.392	2.044
3.71079492569	0.112	-0.392	2.044
3.71247291565	0.112	-0.392	2.044
3.71414995193	-0.044	-0.268	1.528
3.71582698822	-0.044	-0.268	1.528
3.71751189232	-0.044	-0.268	1.528
3.71918988228	-0.124	0.06	-0.828
3.72086882591	-0.124	0.06	-0.828
3.7225549221	-0.124	0.06	-0.828
3.72423195839	-0.036	0.128	-0.672
3.72590899467	-0.036	0.128	-0.672
3.72758984566	-0.036	0.128	-0.672
3.72926783562	0.08	-0.14	1.756
3.73094296455	0.08	-0.14	1.756
3.73261785507	0.08	-0.14	1.756
3.73429393768	0.096	-0.38	2.044
3.73597002029	0.096	-0.38	2.044
3.73765492439	0.096	-0.38	2.044
3.73933196068	-0.056	-0.26	1.508
3.74100899696	-0.056	-0.26	1.508
3.74268484116	-0.056	-0.26	1.508
3.74436187744	-0.132	0.044	-0.856
3.7460398674	-0.132	0.044	-0.856
3.74772381783	-0.132	0.044	-0.856
3.74940085411	-0.064	0.136	-0.656
3.7510778904	-0.064	0.136	-0.656
3.75275993347	-0.064	0.136	-0.656
3.75443792343	0.056	-0.152	1.796
3.75611281395	0.056	-0.152	1.796
3.7577958107	0.056	-0.152	1.796
3.75947093964	0.08	-0.376	2.044
3.7611489296	0.08	-0.376	2.044
3.76282382011	0.08	-0.376	2.044
3.76449990273	-0.048	-0.26	1.476
3.76617693901	-0.048	-0.26	1.476
3.76786088943	-0.048	-0.26	1.476
3.76954889297	-0.128	0.048	-0.868
3.77122592926	-0.128	0.048	-0.868
3.77290296555	-0.128	0.048	-0.868
3.77457904816	-0.036	0.128	-0.652
3.77625584602	-0.036	0.128	-0.652
3.77794003487	-0.036	0.128	-0.652
3.77961993217	0.088	-0.156	1.816
3.78129601479	0.088	-0.156	1.816
3.78297185898	0.088	-0.156	1.816
3.78466391563	0.1	-0.38	2.044
3.78634691238	0.1	-0.38	2.044
3.788022995	0.1	-0.38	2.044
3.78969883919	-0.044	-0.252	1.444
3.79137587547	-0.044	-0.252	1.444
3.79305481911	-0.044	-0.252	1.444
3.79473185539	-0.044	-0.252	1.444
3.79641389847	-0.132	0.052	-0.88
3.79808282852	-0.132	0.052	-0.88
3.79975199699	-0.132	0.052	-0.88
3.8014228344	-0.048	0.128	-0.64
3.80309200287	-0.048	0.128	-0.64
3.80476403236	-0.048	0.128	-0.64
3.80643701553	0.076	-0.14	1.84
3.80811691284	0.076	-0.14	1.84
3.8097949028	0.076	-0.14	1.84
3.81147193909	0.068	-0.372	2.044
3.81314682961	0.068	-0.372	2.044
3.81482386589	0.068	-0.372	2.044
3.81651496887	-0.044	-0.256	1.416
3.81819486618	-0.044	-0.256	1.416
3.81987285614	-0.044	-0.256	1.416
3.82154989243	-0.132	0.056	-0.904
3.82322597504	-0.132	0.056	-0.904
3.82490491867	-0.132	0.056	-0.904
3.82658791542	-0.04	0.124	-0.592
3.82826590538	-0.04	0.124	-0.592
3.82994294167	-0.04	0.124	-0.592
3.83162403107	0.08	-0.164	1.868
3.8333029747	0.08	-0.164	1.868
3.83497881889	0.08	-0.164	1.868
3.83666086197	0.084	-0.384	2.044
3.83833694458	0.084	-0.384	2.044
3.84001398087	0.084	-0.384	2.044
3.84169101715	-0.052	-0.256	1.384
3.84336781502	-0.052	-0.256	1.384
3.8450448513	-0.052	-0.256	1.384
3.84672784805	-0.128	0.044	-0.912
3.84840583801	-0.128	0.044	-0.912
3.85008382797	-0.128	0.044	-0.912
3.85176086426	-0.056	0.116	-0.584
3.85343790054	-0.056	0.116	-0.584
3.85511493683	-0.056	0.116	-0.584
3.85680389404	0.076	-0.16	1.892
3.85848093033	0.076	-0.16	1.892
3.86015582085	0.076	-0.16	1.892
3.86183285713	0.096	-0.392	2.044
3.86351895332	0.096	-0.392	2.044
3.86519789696	0.096	-0.392	2.044
3.86688089371	-0.044	-0.252	1.364
3.86855888367	-0.044	-0.252	1.364
3.87023591995	-0.044	-0.252	1.364
3.87191390991	-0.128	0.056	-0.928
3.87359189987	-0.128	0.056	-0.928
3.87526893616	-0.128	0.056	-0.928
3.87695193291	-0.04	0.112	-0.56
3.87862992287	-0.04	0.112	-0.56
3.88030695915	-0.04	0.112	-0.56
3.88198494911	0.072	-0.128	1.916
3.88366389275	0.072	-0.128	1.916
3.88533997536	0.072	-0.128	1.916
3.88701581955	0.084	-0.388	2.044
3.88870787621	0.084	-0.388	2.044
3.89038586617	0.084	-0.388	2.044
3.89206194878	-0.048	-0.252	1.34
3.89373803139	-0.048	-0.252	1.34
3.89541482925	-0.048	-0.252	1.34
3.89709997177	-0.144	0.064	-0.932
3.89877700806	-0.144	0.064	-0.932
3.90045404434	-0.144	0.064	-0.932
3.90213298798	-0.044	0.124	-0.56
3.90382289886	-0.044	0.124	-0.56
3.90550088882	-0.044	0.124	-0.56
3.90718483925	0.08	-0.16	1.932
3.90886592865	0.08	-0.16	1.932
3.91055083275	0.08	-0.16	1.932
3.91222882271	0.076	-0.38	2.044
3.91390681267	0.076	-0.38	2.044
3.91567397118	0.076	-0.38	2.044
3.91736102104	-0.048	-0.268	1.324
3.91903996468	-0.048	-0.268	1.324
3.92072987556	-0.048	-0.268	1.324
3.92240691185	-0.132	0.064	-0.944
3.92408299446	-0.132	0.064	-0.944
3.92576003075	-0.132	0.064	-0.944
3.9274430275	-0.044	0.12	-0.544
3.9291229248	-0.044	0.12	-0.544
3.93079900742	-0.044	0.12	-0.544
3.93247890472	0.084	-0.168	1.96
3.93415403366	0.084	-0.168	1.96
3.93584799767	0.084	-0.168	1.96
3.93753194809	0.08	-0.392	2.044
3.9392080307	0.08	-0.392	2.044
3.94088292122	0.08	-0.392	2.044
3.94255900383	-0.052	-0.248	1.292
3.94423604012	-0.052	-0.248	1.292
3.94591498375	-0.052	-0.248	1.292
3.94759893417	-0.152	0.072	-0.964
3.94927597046	-0.152	0.072	-0.964
3.95095181465	-0.152	0.072	-0.964
3.95262885094	-0.152	0.072	-0.964
3.95430588722	-0.04	0.104	-0.52
3.95598196983	-0.04	0.104	-0.52
3.95767498016	-0.04	0.104	-0.52
3.95935201645	0.084	-0.172	2.0
3.96103096008	0.084	-0.172	2.0
3.96270704269	0.084	-0.172	2.0
3.96438002586	0.08	-0.384	2.044
3.96605587006	0.08	-0.384	2.044
3.96773386002	0.08	-0.384	2.044
3.96940398216	-0.052	-0.24	1.256
3.97107386589	-0.052	-0.24	1.256
3.97274303436	-0.052	-0.24	1.256
3.97441196442	-0.128	0.072	-0.976
3.9760928154	-0.128	0.072	-0.976
3.97778081894	-0.128	0.072	-0.976
3.97946381569	-0.044	0.116	-0.492
3.98114085197	-0.044	0.116	-0.492
3.98281788826	-0.044	0.116	-0.492
3.98449492455	0.08	-0.168	1.988
3.98617196083	0.08	-0.168	1.988
3.9878590107	0.08	-0.168	1.988
3.98953604698	0.048	-0.388	2.044
3.99121403694	0.048	-0.388	2.044
3.99289298058	0.048	-0.388	2.044
3.99457001686	-0.06	-0.24	1.22
3.99624800682	-0.06	-0.24	1.22
3.99792790413	-0.06	-0.24	1.22
3.99959802628	-0.14	0.088	-0.972
4.00126886368	-0.14	0.088	-0.972
4.00293803215	-0.14	0.088	-0.972
4.00461602211	-0.044	0.116	-0.488
4.00628495216	-0.044	0.116	-0.488
4.00797891617	-0.044	0.116	-0.488
4.0096578598	0.08	-0.188	2.044
4.01133489609	0.08	-0.188	2.044
4.01301503181	0.08	-0.188	2.044
4.01469087601	0.076	-0.376	2.044
4.01636886597	0.076	-0.376	2.044
4.01804804802	0.076	-0.376	2.044
4.01972389221	-0.052	-0.232	1.196
4.02140188217	-0.052	-0.232	1.196
4.02307987213	-0.052	-0.232	1.196
4.02476000786	-0.124	0.072	-1.0
4.02644395828	-0.124	0.072	-1.0
4.02811598778	-0.124	0.072	-1.0
4.02978897095	-0.04	0.132	-0.456
4.03146481514	-0.04	0.132	-0.456
4.03314399719	-0.04	0.132	-0.456
4.03482103348	0.096	-0.18	2.044
4.03650188446	0.096	-0.18	2.044
4.03817796707	0.096	-0.18	2.044
4.03987693787	0.076	-0.388	2.044
4.0415558815	0.076	-0.388	2.044
4.04323291779	0.076	-0.388	2.044
4.0449090004	-0.044	-0.22	1.156
4.04659295082	-0.044	-0.22	1.156
4.04827094078	-0.044	-0.22	1.156
4.04994797707	-0.136	0.08	-1.0
4.05163002014	-0.136	0.08	-1.0
4.05330300331	-0.136	0.08	-1.0
4.05497598648	-0.044	0.116	-0.444
4.0566599369	-0.044	0.116	-0.444
4.05833888054	-0.044	0.116	-0.444
4.06001591682	0.088	-0.188	2.044
4.06169199944	0.088	-0.188	2.044
4.06336903572	0.088	-0.188	2.044
4.0650498867	0.068	-0.392	2.044
4.06673288345	0.068	-0.392	2.044
4.06840896606	0.068	-0.392	2.044
4.07008385658	-0.06	-0.228	1.148
4.07176089287	-0.06	-0.228	1.148
4.0734398365	-0.06	-0.228	1.148
4.07511782646	-0.128	0.084	-1.008
4.07679986954	-0.128	0.084	-1.008
4.07847690582	-0.128	0.084	-1.008
4.08015298843	-0.048	0.108	-0.412
4.08183002472	-0.048	0.108	-0.412
4.08350682259	-0.048	0.108	-0.412
4.08518385887	0.088	-0.184	2.044
4.08686590195	0.088	-0.184	2.044
4.08854293823	0.088	-0.184	2.044
4.09022092819	0.068	-0.388	2.044
4.0919008255	0.068	-0.388	2.044
4.09357786179	0.068	-0.388	2.044
4.0952539444	0.068	-0.388	2.044
4.09693789482	-0.064	-0.22	1.124
4.09864783287	-0.064	-0.22	1.124
4.10032701492	-0.064	-0.22	1.124
4.10200500488	-0.132	0.076	-1.024
4.10368084908	-0.132	0.076	-1.024
4.1053609848	-0.132	0.076	-1.024
4.10711097717	-0.028	0.108	-0.396
4.10879182816	-0.028	0.108	-0.396
4.11046981812	-0.028	0.108	-0.396
4.1121468544	0.096	-0.188	2.044
4.11382484436	0.096	-0.188	2.044
4.11550092697	0.096	-0.188	2.044
4.11718797684	0.084	-0.408	2.044
4.11886382103	0.084	-0.408	2.044
4.12054085732	0.084	-0.408	2.044
4.12221884727	-0.064	-0.216	1.092
4.12389492989	-0.064	-0.216	1.092
4.12557196617	-0.064	-0.216	1.092
4.12725496292	-0.136	0.092	-1.044
4.12893295288	-0.136	0.092	-1.044
4.13060998917	-0.136	0.092	-1.044
4.13228583336	-0.024	0.1	-0.376
4.13396191597	-0.024	0.1	-0.376
4.13563799858	-0.024	0.1	-0.376
4.13732290268	0.096	-0.192	2.044
4.13899993896	0.096	-0.192	2.044
4.14067602158	0.096	-0.192	2.044
4.14235186577	0.076	-0.38	2.044
4.14403104782	0.076	-0.38	2.044
4.14571785927	0.076	-0.38	2.044
4.14740204811	-0.072	-0.204	1.064
4.14907884598	-0.072	-0.204	1.064
4.15075588226	-0.072	-0.204	1.064
4.15243291855	-0.148	0.104	-1.036
4.15411186218	-0.148	0.104	-1.036
4.15578985214	-0.148	0.104	-1.036
4.15747284889	-0.032	0.108	-0.348
4.15914988518	-0.032	0.108	-0.348
4.16082882881	-0.032	0.108	-0.348
4.1625058651	0.104	-0.2	2.044
4.16418099403	0.104	-0.2	2.044
4.1658680439	0.104	-0.2	2.044
4.16754984856	0.068	-0.384	2.044
4.16923284531	0.068	-0.384	2.044
4.17090988159	0.068	-0.384	2.044
4.1725859642	-0.06	-0.2	1.036
4.17426204681	-0.06	-0.2	1.036
4.17594099045	-0.06	-0.2	1.036
4.17762589455	-0.112	0.1	-1.044
4.17930197716	-0.112	0.1	-1.044
4.18097901344	-0.112	0.1	-1.044
4.18265581131	-0.016	0.104	-0.32
4.1843328476	-0.016	0.104	-0.32
4.18601083755	-0.016	0.104	-0.32
4.18768882751	0.096	-0.212	2.044
4.18936395645	0.096	-0.212	2.044
4.19103884697	0.096	-0.212	2.044
4.19273996353	0.072	-0.38	2.044
4.19441699982	0.072	-0.38	2.044
4.1960940361	0.072	-0.38	2.044
4.19777393341	-0.068	-0.2	1.02
4.19944190979	-0.068	-0.2	1.02
4.20111298561	-0.068	-0.2	1.02
4.20278286934	-0.136	0.088	-1.056
4.20445203781	-0.136	0.088	-1.056
4.20612382889	-0.136	0.088	-1.056
4.20780587196	-0.028	0.1	-0.296
4.20948886871	-0.028	0.1	-0.296
4.211165905	-0.028	0.1	-0.296
4.21284294128	0.088	-0.192	2.044
4.2145178318	0.088	-0.192	2.044
4.21619391441	0.088	-0.192	2.044
4.21787786484	0.072	-0.388	2.044
4.21955299377	0.072	-0.388	2.044
4.22123193741	0.072	-0.388	2.044
4.22290897369	-0.06	-0.176	0.968
4.22460198402	-0.06	-0.176	0.968
4.22627902031	-0.06	-0.176	0.968
4.22795581818	-0.132	0.1	-1.064
4.22963285446	-0.132	0.1	-1.064
4.23130893707	-0.132	0.1	-1.064
4.23298883438	-0.028	0.104	-0.288
4.23466587067	-0.028	0.104	-0.288
4.23635101318	-0.028	0.104	-0.288
4.23802781105	0.084	-0.196	2.044
4.23971390724	0.084	-0.196	2.044
4.24139094353	0.084	-0.196	2.044
4.24306702614	0.06	-0.388	2.044
4.24474287033	0.06	-0.388	2.044
4.24642491341	0.06	-0.388	2.044
4.24811792374	-0.068	-0.204	0.956
4.2497959137	-0.068	-0.204	0.956
4.25147294998	-0.068	-0.204	0.956
4.25314903259	-0.132	0.1	-1.076
4.25482583046	-0.132	0.1	-1.076
4.25650882721	-0.132	0.1	-1.076
4.25818681717	-0.132	0.1	-1.076
4.25986385345	-0.028	0.084	-0.248
4.26154088974	-0.028	0.084	-0.248
4.2632188797	-0.028	0.084	-0.248
4.26490783691	0.096	-0.208	2.044
4.26658987999	0.096	-0.208	2.044
4.26826691628	0.096	-0.208	2.044
4.26994299889	0.072	-0.384	2.044
4.2716178894	0.072	-0.384	2.044
4.27329993248	0.072	-0.384	2.044
4.27497696877	-0.064	-0.204	0.928
4.27665996552	-0.064	-0.204	0.928
4.2783370018	-0.064	-0.204	0.928
4.28002595901	-0.128	0.084	-1.072
4.28170490265	-0.128	0.084	-1.072
4.28338289261	-0.128	0.084	-1.072
4.28505897522	-0.02	0.1	-0.24
4.28675198555	-0.02	0.1	-0.24
4.28842902184	-0.02	0.1	-0.24
4.2901070118	0.088	-0.212	2.044
4.29178404808	0.088	-0.212	2.044
4.29345989227	0.088	-0.212	2.044
4.29513597488	0.06	-0.388	2.044
4.29682087898	0.06	-0.388	2.044
4.29849886894	0.06	-0.388	2.044
4.30017781258	-0.076	-0.184	0.896
4.30185604095	-0.076	-0.184	0.896
4.30353283882	-0.076	-0.184	0.896
4.30521082878	-0.144	0.096	-1.1
4.30689382553	-0.144	0.096	-1.1
4.30857086182	-0.144	0.096	-1.1
4.31024694443	-0.016	0.088	-0.22
4.31192302704	-0.016	0.088	-0.22
4.31360197067	-0.016	0.088	-0.22
4.31527781487	0.108	-0.196	2.044
4.31695985794	0.108	-0.196	2.044
4.31863594055	0.108	-0.196	2.044
4.32031083107	0.072	-0.388	2.044
4.32198882103	0.072	-0.388	2.044
4.32366490364	0.072	-0.388	2.044
4.32534384727	-0.064	-0.188	0.872
4.32702302933	-0.064	-0.188	0.872
4.32871794701	-0.064	-0.188	0.872
4.33039593697	-0.132	0.108	-1.1
4.33207392693	-0.132	0.108	-1.1
4.33376002312	-0.132	0.108	-1.1
4.33543801308	0.008	0.092	-0.2
4.3371219635	0.008	0.092	-0.2
4.33879804611	0.008	0.092	-0.2
4.34047198296	0.096	-0.212	2.044
4.34214782715	0.096	-0.212	2.044
4.34382486343	0.096	-0.212	2.044
4.34550285339	0.06	-0.392	2.044
4.34718704224	0.06	-0.392	2.044
4.34886288643	0.06	-0.392	2.044
4.35053896904	-0.068	-0.196	0.86
4.35221982002	-0.068	-0.196	0.86
4.35389685631	-0.068	-0.196	0.86
4.35557389259	-0.14	0.108	-1.108
4.35725903511	-0.14	0.108	-1.108
4.35893583298	-0.14	0.108	-1.108
4.36063289642	-0.016	0.084	-0.188
4.36231184006	-0.016	0.084	-0.188
4.36398792267	-0.016	0.084	-0.188
4.36566495895	0.1	-0.224	2.044
4.3673479557	0.1	-0.224	2.044
4.36902499199	0.1	-0.224	2.044
4.37070083618	0.06	-0.38	2.044
4.37237596512	0.06	-0.38	2.044
4.37405204773	0.06	-0.38	2.044
4.37572693825	-0.076	-0.188	0.82
4.37741684914	-0.076	-0.188	0.82
4.37909388542	-0.076	-0.188	0.82
4.38078093529	-0.14	0.1	-1.108
4.38245892525	-0.14	0.1	-1.108
4.38413500786	-0.14	0.1	-1.108
4.38581299782	0.008	0.088	-0.164
4.38749599457	0.008	0.088	-0.164
4.38917088509	0.008	0.088	-0.164
4.39084601402	0.104	-0.22	2.044
4.39252281189	0.104	-0.22	2.044
4.39419984818	0.104	-0.22	2.044
4.39587593079	0.052	-0.404	2.044
4.39755582809	0.052	-0.404	2.044
4.39922404289	0.052	-0.404	2.044
4.40089392662	-0.076	-0.18	0.788
4.40256285667	-0.076	-0.18	0.788
4.40424585342	-0.076	-0.18	0.788
4.40591597557	-0.076	-0.18	0.788
4.40759897232	-0.14	0.1	-1.108
4.40928387642	-0.14	0.1	-1.108
4.41096282005	-0.14	0.1	-1.108
4.41263985634	-0.004	0.084	-0.128
4.41439700127	-0.004	0.084	-0.128
4.41607689857	-0.004	0.084	-0.128
4.41776299477	0.104	-0.228	2.044
4.41944098473	0.104	-0.228	2.044
4.42111682892	0.104	-0.228	2.044
4.42279195786	0.032	-0.384	2.044
4.42446899414	0.032	-0.384	2.044
4.4261469841	0.032	-0.384	2.044
4.42783904076	-0.064	-0.184	0.76
4.42951893806	-0.064	-0.184	0.76
4.43119692802	-0.064	-0.184	0.76
4.43287682533	-0.128	0.104	-1.124
4.43455481529	-0.128	0.104	-1.124
4.43623185158	-0.128	0.104	-1.124
4.43791604042	0.0	0.08	-0.108
4.4395840168	0.0	0.08	-0.108
4.44125390053	0.0	0.08	-0.108
4.44292187691	0.092	-0.22	2.044
4.44459795952	0.092	-0.22	2.044
4.44627404213	0.092	-0.22	2.044
4.44795703888	0.04	-0.388	2.044
4.44963502884	0.04	-0.388	2.044
4.45131087303	0.04	-0.388	2.044
4.45298695564	-0.08	-0.176	0.732
4.45466303825	-0.08	-0.176	0.732
4.45634889603	-0.08	-0.176	0.732
4.45802783966	-0.14	0.096	-1.124
4.45970487595	-0.14	0.096	-1.124
4.46138286591	-0.14	0.096	-1.124
4.46306085587	-0.012	0.092	-0.084
4.46475291252	-0.012	0.092	-0.084
4.46643590927	-0.012	0.092	-0.084
4.46811199188	0.1	-0.24	2.044
4.46978783607	0.1	-0.24	2.044
4.47146296501	0.1	-0.24	2.044
4.47314190865	0.056	-0.388	2.044
4.47482895851	0.056	-0.388	2.044
4.4765059948	0.056	-0.388	2.044
4.47818088531	-0.056	-0.176	0.712
4.47986102104	-0.056	-0.176	0.712
4.4815428257	-0.056	-0.176	0.712
4.48322200775	-0.132	0.112	-1.136
4.48489904404	-0.132	0.112	-1.136
4.48658204079	-0.132	0.112	-1.136
4.48826098442	-0.008	0.076	-0.068
4.48993992805	-0.008	0.076	-0.068
4.49161696434	-0.008	0.076	-0.068
4.49329400063	0.108	-0.224	2.044
4.49496984482	0.108	-0.224	2.044
4.49666595459	0.108	-0.224	2.044
4.49834299088	0.044	-0.376	2.044
4.50001883507	0.044	-0.376	2.044
4.50169491768	0.044	-0.376	2.044
4.50337290764	-0.08	-0.18	0.672
4.50505399704	-0.08	-0.18	0.672
4.50673794746	-0.08	-0.18	0.672
4.50841903687	-0.136	0.104	-1.124
4.51009702682	-0.136	0.104	-1.124
4.51177382469	-0.136	0.104	-1.124
4.51345181465	-0.012	0.084	-0.044
4.5151309967	-0.012	0.084	-0.044
4.51681303978	-0.012	0.084	-0.044
4.51848983765	0.108	-0.24	2.044
4.52017903328	0.108	-0.24	2.044
4.52186584473	0.108	-0.24	2.044
4.52354288101	0.048	-0.396	2.044
4.52521896362	0.048	-0.396	2.044
4.52690196037	0.048	-0.396	2.044
4.52857899666	-0.076	-0.164	0.656
4.53025698662	-0.076	-0.164	0.656
4.53193497658	-0.076	-0.164	0.656
4.53361487389	-0.136	0.108	-1.144
4.53529286385	-0.136	0.108	-1.144
4.53697991371	-0.136	0.108	-1.144
4.53865790367	-0.008	0.072	-0.016
4.54033398628	-0.008	0.072	-0.016
4.54200983047	-0.008	0.072	-0.016
4.54368495941	0.108	-0.248	2.044
4.54536294937	0.108	-0.248	2.044
4.54707384109	0.108	-0.248	2.044
4.54875183105	0.064	-0.412	2.044
4.55042791367	0.064	-0.412	2.044
4.55210399628	0.064	-0.412	2.044
4.55378293991	-0.084	-0.16	0.604
4.55546092987	-0.084	-0.16	0.604
4.55714392662	-0.084	-0.16	0.604
4.55882191658	-0.132	0.104	-1.156
4.56050395966	-0.132	0.104	-1.156
4.56218290329	-0.132	0.104	-1.156
4.56386089325	-0.008	0.06	0.02
4.56553602219	-0.008	0.06	0.02
4.56721687317	-0.008	0.06	0.02
4.56891584396	0.108	-0.244	2.044
4.57059383392	0.108	-0.244	2.044
4.57226991653	0.108	-0.244	2.044
4.57394599915	0.108	-0.244	2.044
4.57562088966	0.052	-0.392	2.044
4.57730603218	0.052	-0.392	2.044
4.57898688316	0.052	-0.392	2.044
4.5806620121	-0.072	-0.16	0.596
4.58233785629	-0.072	-0.16	0.596
4.58401489258	-0.072	-0.16	0.596
4.58570981026	-0.136	0.12	-1.16
4.58739590645	-0.136	0.12	-1.16
4.58907294273	-0.136	0.12	-1.16
4.59074997902	-0.012	0.064	0.044
4.59242486954	-0.012	0.064	0.044
4.59409999847	-0.012	0.064	0.044
4.59577488899	0.104	-0.26	2.044
4.59745287895	0.104	-0.26	2.044
4.59912204742	0.104	-0.26	2.044
4.60080599785	0.044	-0.388	2.044
4.6024749279	0.044	-0.388	2.044
4.60414195061	0.044	-0.388	2.044
4.60580897331	-0.088	-0.16	0.556
4.60749197006	-0.088	-0.16	0.556
4.60917592049	-0.088	-0.16	0.556
4.61085295677	-0.14	0.116	-1.16
4.61253285408	-0.14	0.116	-1.16
4.61421084404	-0.14	0.116	-1.16
4.61591792107	-0.008	0.068	0.072
4.61760282516	-0.008	0.068	0.072
4.61927890778	-0.008	0.068	0.072
4.62095284462	0.116	-0.264	2.044
4.62262797356	0.116	-0.264	2.044
4.62430500984	0.116	-0.264	2.044
4.62598085403	0.056	-0.388	2.044
4.62766385078	0.056	-0.388	2.044
4.6293399334	0.056	-0.388	2.044
4.63101601601	-0.076	-0.156	0.532
4.63271093369	-0.076	-0.156	0.532
4.63438892365	-0.076	-0.156	0.532
4.63606595993	-0.116	0.128	-1.152
4.63775396347	-0.116	0.128	-1.152
4.6394329071	-0.116	0.128	-1.152
4.64111185074	0.0	0.056	0.104
4.64277887344	0.0	0.056	0.104
4.6444439888	0.0	0.056	0.104
4.64610981941	0.096	-0.26	2.044
4.64779186249	0.096	-0.26	2.044
4.64946985245	0.096	-0.26	2.044
4.65114688873	0.048	-0.376	2.044
4.65282201767	0.048	-0.376	2.044
4.65449881554	0.048	-0.376	2.044
4.65617585182	-0.064	-0.136	0.48
4.65786099434	-0.064	-0.136	0.48
4.6595389843	-0.064	-0.136	0.48
4.66121602058	-0.124	0.124	-1.164
4.66290283203	-0.124	0.124	-1.164
4.66458487511	-0.124	0.124	-1.164
4.66626381874	0.004	0.06	0.128
4.66794586182	0.004	0.06	0.128
4.66961884499	0.004	0.06	0.128
4.67129182816	0.112	-0.248	2.044
4.67296886444	0.112	-0.248	2.044
4.67464590073	0.112	-0.248	2.044
4.67638683319	0.048	-0.384	2.044
4.67806696892	0.048	-0.384	2.044
4.67974495888	0.048	-0.384	2.044
4.68142390251	-0.08	-0.132	0.472
4.6831009388	-0.08	-0.132	0.472
4.68477797508	-0.08	-0.132	0.472
4.68646097183	-0.116	0.116	-1.16
4.68813991547	-0.116	0.116	-1.16
4.68982195854	-0.116	0.116	-1.16
4.69150090218	0.004	0.052	0.156
4.69317483902	0.004	0.052	0.156
4.69484782219	0.004	0.052	0.156
4.69652986526	0.104	-0.256	2.044
4.69820904732	0.104	-0.256	2.044
4.69988393784	0.104	-0.256	2.044
4.70156097412	0.036	-0.384	2.044
4.70323586464	0.036	-0.384	2.044
4.70491504669	0.036	-0.384	2.044
4.70659685135	-0.092	-0.132	0.452
4.70827484131	-0.092	-0.132	0.452
4.70996189117	-0.092	-0.132	0.452
4.71163988113	-0.128	0.132	-1.16
4.71331882477	-0.128	0.132	-1.16
4.71499681473	-0.128	0.132	-1.16
4.71668386459	0.012	0.052	0.18
4.71835899353	0.012	0.052	0.18
4.7200319767	0.012	0.052	0.18
4.72171902657	0.108	-0.264	2.044
4.72339391708	0.108	-0.264	2.044
4.72506904602	0.108	-0.264	2.044
4.72674584389	0.108	-0.264	2.044
4.7284219265	0.048	-0.388	2.044
4.73009896278	0.048	-0.388	2.044
4.73177504539	0.048	-0.388	2.044
4.73345088959	-0.092	-0.128	0.416
4.73512792587	-0.092	-0.128	0.416
4.73682403564	-0.092	-0.128	0.416
4.7385020256	-0.124	0.136	-1.168
4.7401778698	-0.124	0.136	-1.168
4.7418589592	-0.124	0.136	-1.168
4.74353694916	0.016	0.052	0.216
4.74521303177	0.016	0.052	0.216
4.7468919754	0.016	0.052	0.216
4.74856591225	0.108	-0.264	2.044
4.75024104118	0.108	-0.264	2.044
4.7519299984	0.108	-0.264	2.044
4.75360703468	0.04	-0.392	2.044
4.75528287888	0.04	-0.392	2.044
4.75697493553	0.04	-0.392	2.044
4.75866603851	-0.092	-0.128	0.38
4.76034498215	-0.092	-0.128	0.38
4.76202297211	-0.092	-0.128	0.38
4.76370000839	-0.124	0.144	-1.152
4.76537704468	-0.124	0.144	-1.152
4.76708889008	-0.124	0.144	-1.152
4.76878499985	0.012	0.036	0.244
4.77045989037	0.012	0.036	0.244
4.77213287354	0.012	0.036	0.244
4.77380490303	0.104	-0.256	2.044
4.77548098564	0.104	-0.256	2.044
4.77716588974	0.104	-0.256	2.044
4.77884292603	0.032	-0.368	2.044
4.78051900864	0.032	-0.368	2.044
4.78219485283	0.032	-0.368	2.044
4.78387093544	-0.084	-0.132	0.36
4.7855489254	-0.084	-0.132	0.36
4.78723192215	-0.084	-0.132	0.36
4.78890895844	-0.124	0.14	-1.164
4.79058599472	-0.124	0.14	-1.164
4.79226303101	-0.124	0.14	-1.164
4.79394388199	0.012	0.06	0.264
4.79561781883	0.012	0.06	0.264
4.79729485512	0.012	0.06	0.264
4.79895997047	0.112	-0.268	2.044
4.80062890053	0.112	-0.268	2.044
4.80229783058	0.112	-0.268	2.044
4.80398392677	0.036	-0.388	2.044
4.80565285683	0.036	-0.388	2.044
4.8073348999	0.036	-0.388	2.044
4.80901885033	-0.08	-0.124	0.332
4.81069684029	-0.08	-0.124	0.332
4.81237483025	-0.08	-0.124	0.332
4.81405186653	-0.116	0.136	-1.168
4.81572985649	-0.116	0.136	-1.168
4.81741595268	-0.116	0.136	-1.168
4.81909394264	0.02	0.048	0.288
4.82077002525	0.02	0.048	0.288
4.8224439621	0.02	0.048	0.288
4.82411789894	0.112	-0.268	2.044
4.8257958889	0.112	-0.268	2.044
4.82747983932	0.112	-0.268	2.044
4.82915496826	0.036	-0.376	2.044
4.83083081245	0.036	-0.376	2.044
4.83250784874	0.036	-0.376	2.044
4.83418488503	-0.08	-0.108	0.296
4.83586192131	-0.08	-0.108	0.296
4.83754682541	-0.08	-0.108	0.296
4.83922386169	-0.128	0.14	-1.176
4.8409178257	-0.128	0.14	-1.176
4.84259581566	-0.128	0.14	-1.176
4.84427404404	0.012	0.044	0.316
4.8459508419	0.012	0.044	0.316
4.8476319313	0.012	0.044	0.316
4.84931182861	0.096	-0.264	2.044
4.85099887848	0.096	-0.264	2.044
4.85267496109	0.096	-0.264	2.044
4.8543510437	0.012	-0.368	2.044
4.85602784157	0.012	-0.368	2.044
4.85771298409	0.012	-0.368	2.044
4.85939002037	-0.104	-0.112	0.28
4.86106681824	-0.104	-0.112	0.28
4.86274290085	-0.104	-0.112	0.28
4.86442089081	-0.128	0.132	-1.176
4.86609888077	-0.128	0.132	-1.176
4.86778402328	-0.128	0.132	-1.176
4.86946082115	0.02	0.02	0.34
4.87113285065	0.02	0.02	0.34
4.87282395363	0.02	0.02	0.34
4.87449789047	0.112	-0.272	2.044
4.87617397308	0.112	-0.272	2.044
4.87785696983	0.112	-0.272	2.044
4.87953186035	0.112	-0.272	2.044
4.88120889664	0.036	-0.38	2.044
4.88288497925	0.036	-0.38	2.044
4.88456082344	0.036	-0.38	2.044
4.88623595238	-0.092	-0.108	0.252
4.8879199028	-0.092	-0.108	0.252
4.88961791992	-0.092	-0.108	0.252
4.89129686356	-0.116	0.144	-1.172
4.89297294617	-0.116	0.144	-1.172
4.89465093613	-0.116	0.144	-1.172
4.89633393288	0.012	0.04	0.376
4.89802193642	0.012	0.04	0.376
4.89969682693	0.012	0.04	0.376
4.90137195587	0.108	-0.28	2.044
4.90304803848	0.108	-0.28	2.044
4.90474390984	0.108	-0.28	2.044
4.90642786026	0.024	-0.376	2.044
4.90810489655	0.024	-0.376	2.044
4.90978097916	0.024	-0.376	2.044
4.91145682335	-0.1	-0.12	0.228
4.91313695908	-0.1	-0.12	0.228
4.91481304169	-0.1	-0.12	0.228
4.91649198532	-0.124	0.128	-1.164
4.91816902161	-0.124	0.128	-1.164
4.91984701157	-0.124	0.128	-1.164
4.92153096199	0.024	0.032	0.408
4.92320585251	0.024	0.032	0.408
4.92488193512	0.024	0.032	0.408
4.92656183243	0.076	-0.276	2.044
4.92823886871	0.076	-0.276	2.044
4.929915905	0.076	-0.276	2.044
4.93159198761	0.024	-0.38	2.044
4.93326687813	0.024	-0.38	2.044
4.93494296074	0.024	-0.38	2.044
4.93662595749	-0.088	-0.1	0.192
4.93830394745	-0.088	-0.1	0.192
4.93998098373	-0.088	-0.1	0.192
4.94165897369	-0.124	0.136	-1.152
4.94333600998	-0.124	0.136	-1.152
4.94502401352	-0.124	0.136	-1.152
4.94670891762	0.02	0.02	0.428
4.94838190079	0.02	0.02	0.428
4.95005989075	0.02	0.02	0.428
4.95173382759	0.112	-0.276	2.044
4.95341300964	0.112	-0.276	2.044
4.95508790016	0.112	-0.276	2.044
4.95677089691	0.02	-0.376	2.044
4.9584479332	0.02	-0.376	2.044
4.96012496948	0.02	-0.376	2.044
4.96180081367	-0.076	-0.12	0.152
4.96347784996	-0.076	-0.12	0.152
4.96515488625	-0.076	-0.12	0.152
4.966837883	-0.116	0.136	-1.172
4.96850991249	-0.116	0.136	-1.172
4.97018194199	-0.116	0.136	-1.172
4.97184991837	0.032	0.02	0.46
4.9735159874	0.032	0.02	0.46
4.97518086433	0.032	0.02	0.46
4.97692203522	0.112	-0.284	2.044
4.97860598564	0.112	-0.284	2.044
4.9802839756	0.112	-0.284	2.044
4.98196101189	0.036	-0.384	2.044
4.98363685608	0.036	-0.384	2.044
4.98531603813	0.036	-0.384	2.044
4.98699903488	-0.1	-0.096	0.144
4.98867702484	-0.1	-0.096	0.144
4.9903550148	-0.1	-0.096	0.144
4.99204087257	-0.128	0.14	-1.16
4.9937210083	-0.128	0.14	-1.16
4.99539899826	-0.128	0.14	-1.16
4.99710488319	0.008	0.016	0.488
4.9987719059	0.008	0.016	0.488
