Timestamp 	 X-Axis 	 Y-Axis 	 Z-Axis
0.000308990478516	0.012	0.036	0.3
0.00471591949463	0.112	-0.276	2.044
0.00894904136658	0.036	-0.38	2.044
0.0131709575653	-0.096	-0.124	0.284
0.0173950195312	-0.096	-0.124	0.284
0.0216410160065	-0.136	0.136	-1.164
0.0258619785309	0.004	0.036	0.332
0.0300779342651	0.096	-0.284	2.044
0.0342969894409	0.028	-0.388	2.044
0.0385279655457	-0.088	-0.116	0.248
0.0427479743958	-0.088	-0.116	0.248
0.0469648838043	-0.128	0.128	-1.164
0.0511870384216	0.024	0.032	0.372
0.0554070472717	0.112	-0.284	2.044
0.0596439838409	0.028	-0.384	2.044
0.063863992691	-0.092	-0.116	0.216
0.0680890083313	-0.092	-0.116	0.216
0.0723240375519	-0.124	0.132	-1.168
0.0765540599823	0.008	0.028	0.4
0.0807778835297	0.1	-0.292	2.044
0.0850028991699	0.02	-0.38	2.044
0.0892288684845	-0.096	-0.116	0.192
0.0934550762177	-0.096	-0.116	0.192
0.097687959671	-0.124	0.128	-1.164
0.101913928986	0.016	0.02	0.428
0.106137037277	0.112	-0.292	2.044
0.110378026962	0.024	-0.38	2.044
0.114603996277	-0.1	-0.104	0.164
0.118846893311	-0.1	-0.104	0.164
0.123079061508	-0.108	0.132	-1.16
0.127311944962	0.016	0.012	0.468
0.131536006927	0.092	-0.304	2.044
0.135761976242	0.02	-0.392	2.044
0.139991998672	0.02	-0.392	2.044
0.144217014313	-0.088	-0.1	0.128
0.148448944092	-0.12	0.14	-1.164
0.152679920197	0.016	0.016	0.488
0.156902074814	0.112	-0.296	2.044
0.161132097244	0.016	-0.376	2.044
0.165358066559	0.016	-0.376	2.044
0.169583082199	-0.104	-0.108	0.108
0.173809051514	-0.128	0.14	-1.172
0.178035020828	0.012	0.012	0.516
0.182256937027	0.108	-0.3	2.044
0.186480998993	0.02	-0.384	2.044
0.190727949142	0.02	-0.384	2.044
0.194952964783	-0.1	-0.096	0.076
0.199198961258	-0.112	0.14	-1.156
0.20342707634	0.032	0.004	0.536
0.207653999329	0.108	-0.312	2.044
0.211879014969	0.016	-0.38	2.044
0.216103076935	0.016	-0.38	2.044
0.220333099365	-0.112	-0.092	0.048
0.224560022354	-0.128	0.14	-1.148
0.228790998459	0.024	0.012	0.568
0.233013868332	0.096	-0.308	2.044
0.237247943878	0.016	-0.392	2.044
0.241478919983	0.016	-0.392	2.044
0.245703935623	-0.104	-0.076	0.028
0.249942064285	-0.104	0.14	-1.156
0.25417804718	0.032	-0.008	0.6
0.258409023285	0.12	-0.32	2.044
0.262634038925	0.016	-0.376	2.044
0.266858100891	0.016	-0.376	2.044
0.271087884903	-0.104	-0.084	-0.004
0.27531504631	-0.12	0.136	-1.144
0.279547929764	0.028	-0.008	0.632
0.283771038055	0.1	-0.32	2.044
0.287996053696	0.004	-0.372	2.044
0.292219877243	0.004	-0.372	2.044
0.296443939209	-0.12	-0.072	-0.016
0.300677061081	-0.104	0.14	-1.136
0.304900884628	0.044	-0.004	0.66
0.309144973755	0.12	-0.324	2.044
0.313369035721	0.02	-0.372	2.044
0.3176009655	0.02	-0.372	2.044
0.321829080582	-0.1	-0.068	-0.056
0.326055049896	-0.116	0.136	-1.128
0.330281019211	0.036	-0.036	0.696
0.334505081177	0.1	-0.316	2.044
0.338735103607	0.008	-0.364	2.044
0.34295797348	0.008	-0.364	2.044
0.347182035446	-0.096	-0.08	-0.076
0.351412057877	-0.116	0.136	-1.12
0.355648040771	0.04	-0.012	0.724
0.359872102737	0.108	-0.32	2.044
0.364095926285	0.108	-0.32	2.044
0.368319988251	0.008	-0.352	2.044
0.372544050217	-0.108	-0.056	-0.088
0.37678194046	-0.116	0.144	-1.128
0.381011009216	0.04	-0.02	0.76
0.385247945786	0.112	-0.316	2.044
0.38947892189	0.112	-0.316	2.044
0.393702983856	0.008	-0.36	2.044
0.397933006287	-0.104	-0.06	-0.128
0.402158975601	-0.1	0.14	-1.116
0.406384944916	0.036	-0.024	0.78
0.410609006882	0.112	-0.324	2.044
0.414833068848	0.112	-0.324	2.044
0.419058084488	0.004	-0.36	2.044
0.423280954361	-0.112	-0.056	-0.168
0.427506923676	-0.112	0.152	-1.108
0.43173789978	0.028	-0.028	0.808
0.435961961746	0.1	-0.308	2.044
0.440186023712	0.1	-0.308	2.044
0.444411039352	0.0	-0.352	2.044
0.448627948761	-0.104	-0.048	-0.184
0.452862024307	-0.1	0.144	-1.104
0.457087993622	0.044	-0.02	0.836
0.461317062378	0.112	-0.324	2.044
0.465542078018	0.112	-0.324	2.044
0.469775915146	-0.004	-0.344	2.044
0.474011898041	-0.112	-0.052	-0.204
0.478245019913	-0.1	0.148	-1.1
0.482470035553	0.036	-0.032	0.868
0.486694097519	0.104	-0.336	2.044
0.490923881531	0.104	-0.336	2.044
0.495148897171	0.008	-0.364	2.044
0.499373912811	-0.108	-0.048	-0.232
0.503599882126	-0.096	0.144	-1.08
0.507832050323	0.044	-0.04	0.9
0.512054920197	0.108	-0.328	2.044
0.516283988953	0.108	-0.328	2.044
0.520509958267	0.0	-0.348	2.044
0.524726867676	-0.12	-0.052	-0.252
0.528954029083	-0.104	0.16	-1.084
0.533179044724	0.032	-0.032	0.92
0.537405967712	0.108	-0.34	2.044
0.541635990143	0.108	-0.34	2.044
0.545860052109	-0.008	-0.344	2.044
0.550091981888	-0.104	-0.052	-0.284
0.554316997528	-0.092	0.14	-1.068
0.558547973633	0.044	-0.04	0.956
0.562772035599	0.116	-0.34	2.044
0.566994905472	0.116	-0.34	2.044
0.571219921112	-0.004	-0.348	2.044
0.575444936752	-0.12	-0.036	-0.304
0.579670906067	-0.092	0.144	-1.056
0.583901882172	0.04	-0.04	0.984
0.588131904602	0.04	-0.04	0.984
0.592365980148	0.112	-0.344	2.044
0.596590042114	-0.016	-0.34	2.044
0.600816011429	-0.108	-0.02	-0.364
0.605042934418	-0.088	0.144	-1.052
0.609268903732	0.044	-0.06	1.02
0.613492965698	0.044	-0.06	1.02
0.617722034454	0.108	-0.348	2.044
0.621947050095	-0.004	-0.34	2.044
0.626170873642	-0.12	-0.04	-0.352
0.630407094955	-0.1	0.136	-1.044
0.634630918503	0.024	-0.048	1.048
0.638860940933	0.024	-0.048	1.048
0.643085002899	0.108	-0.34	2.044
0.647319078445	-0.008	-0.336	2.044
0.651546001434	-0.124	-0.028	-0.38
0.655771017075	-0.092	0.148	-1.032
0.660002946854	0.06	-0.064	1.076
0.664226055145	0.06	-0.064	1.076
0.66845703125	0.108	-0.348	2.044
0.672678947449	-0.016	-0.348	2.044
0.676903963089	-0.12	-0.024	-0.404
0.681133031845	-0.092	0.136	-1.02
0.68535900116	0.052	-0.072	1.112
0.689583063126	0.052	-0.072	1.112
0.693805932999	0.132	-0.344	2.044
0.698035955429	-0.004	-0.348	2.044
0.702261924744	-0.112	-0.036	-0.42
0.706487894058	-0.092	0.148	-0.996
0.710728883743	0.056	-0.06	1.136
0.714956998825	0.056	-0.06	1.136
0.719187021255	0.108	-0.352	2.044
0.723412036896	-0.028	-0.332	2.044
0.72763800621	-0.124	-0.02	-0.452
0.731863975525	-0.096	0.132	-0.996
0.736092090607	0.048	-0.072	1.16
0.740321874619	0.048	-0.072	1.16
0.744546890259	0.112	-0.356	2.044
0.74876999855	-0.016	-0.332	2.044
0.752995967865	-0.116	-0.016	-0.468
0.75722193718	-0.088	0.136	-0.984
0.76145195961	0.056	-0.08	1.184
0.76567697525	0.056	-0.08	1.184
0.769901990891	0.096	-0.352	2.044
0.774126052856	-0.02	-0.332	2.044
0.778354883194	-0.124	-0.008	-0.496
0.782582044601	-0.092	0.136	-0.972
0.786805868149	-0.092	0.136	-0.972
0.791035890579	0.048	-0.08	1.228
0.795262098312	0.1	-0.348	2.044
0.79949092865	-0.016	-0.324	2.04
0.80371594429	-0.12	-0.008	-0.524
0.80794095993	-0.084	0.14	-0.956
0.812165975571	-0.084	0.14	-0.956
0.816390037537	0.056	-0.08	1.264
0.820618867874	0.1	-0.364	2.044
0.824843883514	-0.032	-0.324	1.984
0.829084873199	-0.12	-0.012	-0.536
0.833312034607	-0.076	0.144	-0.96
0.837536096573	-0.076	0.144	-0.96
0.841765880585	0.056	-0.104	1.292
0.845993041992	0.104	-0.36	2.044
0.850218057632	-0.016	-0.328	1.956
0.854449987411	-0.12	-0.008	-0.552
0.858681917191	-0.088	0.144	-0.928
0.862906932831	-0.088	0.144	-0.928
0.867130994797	0.048	-0.088	1.312
0.87135887146	0.08	-0.352	2.044
0.875582933426	-0.032	-0.316	1.936
0.879807949066	-0.132	0.004	-0.576
0.884032011032	-0.084	0.144	-0.912
0.888256072998	-0.084	0.144	-0.912
0.892481088638	0.052	-0.068	1.348
0.896703958511	0.096	-0.368	2.044
0.900933027267	-0.028	-0.32	1.904
0.905158996582	-0.124	0.004	-0.596
0.909400939941	-0.072	0.136	-0.904
0.913626909256	-0.072	0.136	-0.904
0.917857885361	0.052	-0.092	1.376
0.922081947327	0.104	-0.36	2.044
0.926306009293	-0.024	-0.308	1.888
0.930531978607	-0.124	0.0	-0.624
0.934748888016	-0.072	0.144	-0.896
0.938980102539	-0.072	0.144	-0.896
0.943204879761	0.056	-0.08	1.384
0.947437047958	0.1	-0.372	2.044
0.951667070389	-0.032	-0.304	1.86
0.955892086029	-0.124	0.012	-0.64
0.960117101669	-0.076	0.14	-0.884
0.964340925217	-0.076	0.14	-0.884
0.968565940857	0.06	-0.104	1.432
0.972790002823	0.104	-0.364	2.044
0.977016925812	-0.028	-0.312	1.832
0.981245040894	-0.132	0.012	-0.66
0.985473871231	-0.068	0.128	-0.86
0.989706993103	-0.068	0.128	-0.86
0.993932008743	0.064	-0.096	1.452
0.998157024384	0.104	-0.388	2.044
1.00238108635	-0.024	-0.304	1.796
1.00660610199	-0.128	0.024	-0.68
1.01087808609	-0.128	0.024	-0.68
1.01510310173	-0.068	0.14	-0.84
1.01933407784	0.06	-0.108	1.508
1.02355790138	0.096	-0.364	2.044
1.02778792381	-0.032	-0.292	1.776
1.03201198578	-0.148	0.036	-0.704
1.03623700142	-0.148	0.036	-0.704
1.04047107697	-0.076	0.132	-0.832
1.04469799995	0.06	-0.112	1.516
1.04892206192	0.1	-0.368	2.044
1.05314707756	-0.028	-0.292	1.732
1.0573720932	-0.132	0.016	-0.716
1.06160306931	-0.132	0.016	-0.716
1.06583595276	-0.06	0.144	-0.808
1.07006788254	0.08	-0.124	1.568
1.07429289818	0.088	-0.372	2.044
1.07852387428	-0.04	-0.284	1.708
1.08274888992	-0.14	0.032	-0.732
1.08697390556	-0.14	0.032	-0.732
1.09120106697	-0.064	0.132	-0.792
1.09542489052	0.072	-0.116	1.576
1.09965395927	0.112	-0.372	2.044
1.10387706757	-0.032	-0.288	1.66
1.10811090469	-0.128	0.028	-0.752
1.11233496666	-0.128	0.028	-0.752
1.1165599823	-0.056	0.132	-0.776
1.12078404427	0.068	-0.124	1.616
1.12500691414	0.096	-0.364	2.044
1.12923192978	-0.044	-0.28	1.656
1.13345599174	-0.136	0.036	-0.768
1.13768601418	-0.136	0.036	-0.768
1.14192795753	-0.052	0.12	-0.748
1.14615297318	0.06	-0.12	1.636
1.15038204193	0.096	-0.376	2.044
1.1546049118	-0.032	-0.292	1.624
1.15883588791	-0.128	0.036	-0.776
1.16305994987	-0.128	0.036	-0.776
1.16728401184	-0.06	0.132	-0.74
1.1715118885	0.08	-0.132	1.668
1.17573595047	0.088	-0.376	2.044
1.17996096611	-0.052	-0.28	1.596
1.18419599533	-0.132	0.048	-0.8
1.18842697144	-0.132	0.048	-0.8
1.19265294075	-0.06	0.128	-0.72
1.19687700272	0.072	-0.144	1.684
1.20110487938	0.092	-0.384	2.044
1.20532894135	-0.044	-0.272	1.56
1.20955395699	-0.132	0.044	-0.816
1.21377897263	-0.132	0.044	-0.816
1.21800899506	-0.044	0.132	-0.704
1.22223305702	0.076	-0.152	1.728
1.2264559269	0.084	-0.38	2.044
1.23068594933	-0.052	-0.288	1.532
1.23491001129	-0.052	-0.288	1.532
1.23914408684	-0.132	0.044	-0.836
1.24336910248	-0.06	0.132	-0.684
1.2475938797	0.072	-0.144	1.752
1.25181794167	0.088	-0.38	2.044
1.25604104996	-0.044	-0.28	1.504
1.26027297974	-0.044	-0.28	1.504
1.2644970417	-0.112	0.048	-0.852
1.26872801781	-0.04	0.148	-0.672
1.27295303345	0.076	-0.148	1.78
1.27717804909	0.084	-0.38	2.044
1.28140592575	-0.048	-0.272	1.468
1.28563094139	-0.048	-0.272	1.468
1.28985691071	-0.136	0.048	-0.868
1.29408097267	-0.056	0.132	-0.648
1.2983109951	0.08	-0.164	1.82
1.30255293846	0.1	-0.396	2.044
1.3067779541	-0.048	-0.276	1.448
1.31101894379	-0.048	-0.276	1.448
1.31524586678	-0.128	0.044	-0.88
1.31947803497	-0.052	0.12	-0.62
1.32370305061	0.072	-0.152	1.836
1.32792687416	0.088	-0.384	2.044
1.3321518898	-0.064	-0.264	1.416
1.33637595177	-0.064	-0.264	1.416
1.34060692787	-0.132	0.064	-0.912
1.34483194351	-0.06	0.128	-0.592
1.34906196594	0.076	-0.152	1.864
1.35328698158	0.088	-0.384	2.044
1.35751104355	-0.048	-0.264	1.384
1.36174201965	-0.048	-0.264	1.384
1.36596703529	-0.132	0.064	-0.908
1.37019610405	-0.044	0.128	-0.592
1.37442088127	0.06	-0.168	1.9
1.37864494324	0.084	-0.4	2.044
1.3828690052	-0.056	-0.256	1.356
1.38709306717	-0.056	-0.256	1.356
1.3913230896	-0.136	0.052	-0.928
1.39554786682	-0.048	0.124	-0.568
1.39977288246	0.084	-0.164	1.916
1.4039978981	0.088	-0.396	2.044
1.40822291374	-0.052	-0.248	1.324
1.41244792938	-0.052	-0.248	1.324
1.41667199135	-0.128	0.068	-0.936
1.42091107368	-0.044	0.124	-0.56
1.425137043	0.08	-0.18	1.944
1.42936706543	0.084	-0.396	2.044
1.43359398842	0.084	-0.396	2.044
1.43782496452	-0.056	-0.244	1.3
1.44204998016	-0.136	0.06	-0.948
1.44627404213	-0.048	0.116	-0.504
1.45050001144	0.084	-0.172	1.972
1.45472407341	0.08	-0.392	2.044
1.45895409584	0.08	-0.392	2.044
1.46317791939	-0.048	-0.248	1.264
1.46740293503	-0.124	0.072	-0.968
1.47163391113	-0.044	0.112	-0.5
1.47585487366	0.076	-0.18	1.996
1.48007893562	0.08	-0.408	2.044
1.48430299759	0.08	-0.408	2.044
1.48852705956	-0.056	-0.24	1.236
1.4927508831	-0.132	0.068	-0.98
1.49697589874	-0.036	0.108	-0.488
1.50123000145	0.08	-0.176	2.032
1.50545501709	0.084	-0.392	2.044
1.50968503952	0.084	-0.392	2.044
1.51390910149	-0.056	-0.236	1.208
1.51814007759	-0.136	0.084	-0.984
1.52236509323	-0.044	0.108	-0.456
1.52658891678	0.08	-0.172	2.044
1.53081393242	0.072	-0.4	2.044
1.53503990173	0.072	-0.4	2.044
1.53927993774	-0.072	-0.224	1.172
1.54350709915	-0.14	0.084	-1.004
1.54773807526	-0.036	0.104	-0.432
1.5519630909	0.092	-0.188	2.044
1.55618786812	0.076	-0.388	2.044
1.56041193008	0.076	-0.388	2.044
1.56464004517	-0.056	-0.22	1.152
1.56886696815	-0.136	0.084	-1.008
1.5730919838	-0.02	0.112	-0.42
1.57782006264	0.084	-0.184	2.044
1.58205604553	0.064	-0.392	2.044
1.58628201485	0.064	-0.392	2.044
1.59051299095	-0.068	-0.232	1.112
1.59473800659	-0.136	0.084	-1.016
1.5989689827	-0.028	0.104	-0.384
1.60319495201	0.088	-0.196	2.044
1.6074180603	0.04	-0.392	2.044
1.61164808273	0.04	-0.392	2.044
1.61587190628	-0.064	-0.212	1.076
1.62010288239	-0.124	0.088	-1.032
1.62432789803	-0.028	0.104	-0.356
1.62856006622	0.084	-0.192	2.044
1.63278698921	0.068	-0.392	2.044
1.6370100975	0.068	-0.392	2.044
1.64123797417	-0.064	-0.22	1.052
1.64546394348	-0.128	0.088	-1.052
1.64968895912	-0.02	0.1	-0.336
1.65391302109	0.092	-0.208	2.044
1.65815091133	0.064	-0.384	2.044
1.66237688065	0.064	-0.384	2.044
1.66659998894	-0.064	-0.208	1.008
1.67085790634	-0.132	0.092	-1.056
1.67508506775	-0.028	0.104	-0.312
1.67931604385	0.076	-0.196	2.044
1.68353199959	0.064	-0.396	2.044
1.68775200844	0.064	-0.396	2.044
1.69197797775	-0.08	-0.204	0.972
1.69620800018	-0.136	0.092	-1.068
1.70043992996	-0.032	0.096	-0.292
1.70466589928	0.096	-0.208	2.044
1.70889496803	0.064	-0.388	2.044
1.71311998367	0.064	-0.388	2.044
1.7173640728	-0.04	-0.22	0.96
1.72159099579	-0.132	0.104	-1.084
1.7258169651	-0.02	0.096	-0.268
1.73004293442	0.088	-0.212	2.044
1.73426699638	0.064	-0.4	2.044
1.73849606514	0.064	-0.4	2.044
1.74271988869	-0.084	-0.192	0.928
1.74694490433	-0.136	0.096	-1.084
1.75117397308	-0.024	0.092	-0.256
1.75540208817	0.092	-0.212	2.044
1.75962591171	0.068	-0.4	2.044
1.76385307312	0.068	-0.4	2.044
1.76807808876	-0.064	-0.196	0.892
1.77230286598	-0.14	0.116	-1.088
1.77654790878	-0.016	0.088	-0.22
1.7807738781	0.092	-0.22	2.044
1.78499889374	0.068	-0.396	2.044
1.78922986984	0.068	-0.396	2.044
1.79345297813	-0.072	-0.188	0.872
1.79768395424	-0.132	0.092	-1.096
1.80190896988	-0.016	0.092	-0.192
1.80613303185	0.112	-0.22	2.044
1.81035709381	0.112	-0.22	2.044
1.81458091736	0.068	-0.396	2.044
1.81881093979	-0.076	-0.184	0.824
1.82303595543	-0.132	0.104	-1.108
1.82726287842	-0.02	0.084	-0.16
1.83149290085	0.088	-0.228	2.044
1.83571791649	0.088	-0.228	2.044
1.83994102478	0.056	-0.396	2.044
1.84416508675	-0.08	-0.18	0.804
1.84839010239	-0.136	0.104	-1.12
1.85261487961	-0.012	0.072	-0.136
1.8568379879	0.096	-0.232	2.044
1.86106705666	0.096	-0.232	2.044
1.8652920723	0.06	-0.4	2.044
1.86952209473	-0.076	-0.18	0.772
1.87374591827	-0.128	0.1	-1.12
1.87797689438	-0.008	0.056	-0.1
1.88220095634	0.092	-0.236	2.044
1.88642501831	0.092	-0.236	2.044
1.89064908028	0.048	-0.404	2.044
1.89488506317	-0.076	-0.176	0.736
1.89911699295	-0.136	0.104	-1.136
1.90334200859	-0.016	0.068	-0.088
1.9076359272	0.092	-0.24	2.044
1.91186594963	0.092	-0.24	2.044
1.9160900116	0.052	-0.368	2.044
1.92031502724	-0.076	-0.172	0.716
1.92454004288	-0.132	0.1	-1.132
1.92876505852	-0.008	0.076	-0.06
1.93299007416	0.088	-0.24	2.044
1.93721294403	0.088	-0.24	2.044
1.94144201279	0.052	-0.408	2.044
1.94566702843	-0.076	-0.168	0.668
1.94989800453	-0.12	0.096	-1.136
1.95412302017	-0.004	0.06	-0.032
1.95836901665	0.104	-0.244	2.044
1.96259498596	0.104	-0.244	2.044
1.96681904793	0.056	-0.392	2.044
1.97104692459	-0.08	-0.176	0.648
1.97527289391	-0.132	0.116	-1.148
1.97949910164	-0.012	0.068	0.0
1.98371505737	0.096	-0.24	2.044
1.9879450798	0.096	-0.24	2.044
1.99217009544	0.044	-0.392	2.044
1.99639391899	-0.084	-0.164	0.612
2.00061893463	-0.128	0.108	-1.152
2.00484395027	0.0	0.068	0.028
2.00905799866	0.0	0.068	0.028
2.01328086853	0.104	-0.256	2.044
2.0175049305	0.056	-0.38	2.044
2.02173495293	-0.084	-0.156	0.588
2.02596306801	-0.132	0.116	-1.16
2.03019404411	-0.004	0.06	0.052
2.03441691399	-0.004	0.06	0.052
2.03864693642	0.104	-0.252	2.044
2.04287099838	0.044	-0.392	2.044
2.04709386826	-0.084	-0.156	0.556
2.05132102966	-0.128	0.116	-1.16
2.05554509163	0.004	0.06	0.084
2.05977296829	0.004	0.06	0.084
2.06399393082	0.096	-0.256	2.044
2.06822395325	0.044	-0.392	2.044
2.07244801521	-0.076	-0.148	0.52
2.07667207718	-0.14	0.128	-1.184
2.08090305328	-0.008	0.056	0.108
2.08512592316	-0.008	0.056	0.108
2.08935308456	0.1	-0.264	2.044
2.0935781002	0.036	-0.376	2.044
2.09780693054	-0.088	-0.148	0.476
2.10203194618	-0.124	0.12	-1.172
2.10625600815	0.012	0.052	0.14
2.11048293114	0.012	0.052	0.14
2.11470389366	0.116	-0.272	2.044
2.11893391609	0.04	-0.388	2.044
2.12315702438	-0.084	-0.14	0.452
2.12737989426	-0.124	0.128	-1.168
2.13162088394	-0.008	0.044	0.168
2.13584494591	-0.008	0.044	0.168
2.14007401466	0.1	-0.26	2.044
2.14429688454	0.032	-0.38	2.044
2.14852595329	-0.092	-0.124	0.404
2.15275001526	-0.12	0.124	-1.168
2.15698599815	0.016	0.036	0.2
2.16121387482	0.016	0.036	0.2
2.16543507576	0.104	-0.268	2.044
2.1696600914	0.048	-0.384	2.044
2.17388296127	-0.092	-0.132	0.384
2.17810797691	-0.128	0.132	-1.164
2.18233299255	0.02	0.032	0.24
2.18655395508	0.02	0.032	0.24
2.19078087807	0.104	-0.272	2.044
2.19500494003	0.032	-0.384	2.044
2.19923496246	-0.096	-0.124	0.348
2.20346093178	-0.124	0.116	-1.172
2.20769095421	0.0	0.04	0.26
2.21190595627	0.0	0.04	0.26
2.21611905098	0.1	-0.264	2.044
2.22035193443	0.048	-0.368	2.044
2.2245759964	-0.096	-0.124	0.328
2.22881889343	-0.124	0.132	-1.176
2.23304510117	-0.124	0.132	-1.176
2.23726987839	0.0	0.04	0.292
2.24148893356	0.1	-0.28	2.044
2.24571299553	0.036	-0.388	2.044
2.24994707108	-0.092	-0.116	0.292
2.25417304039	-0.104	0.128	-1.168
2.25840401649	-0.104	0.128	-1.168
2.26262903214	0.024	0.028	0.32
2.26685094833	0.112	-0.276	2.044
2.27108001709	0.04	-0.376	2.044
2.27530407906	-0.096	-0.128	0.272
2.27953004837	-0.124	0.132	-1.16
2.28375506401	-0.124	0.132	-1.16
2.28798294067	0.012	0.028	0.352
2.29220509529	0.092	-0.276	2.044
2.29642891884	0.024	-0.388	2.044
2.30065989494	-0.096	-0.116	0.228
2.30488395691	-0.112	0.128	-1.168
2.30911588669	-0.112	0.128	-1.168
2.31333994865	0.012	0.032	0.396
2.31760001183	0.104	-0.288	2.044
2.32182693481	0.032	-0.384	2.044
2.32605099678	-0.092	-0.112	0.204
2.33027601242	-0.124	0.136	-1.176
2.33450102806	-0.124	0.136	-1.176
2.33873200417	0.02	0.024	0.416
2.34295392036	0.1	-0.296	2.044
2.34717702866	0.02	-0.4	2.044
2.35140800476	-0.1	-0.108	0.176
2.35563492775	-0.12	0.144	-1.172
2.35985994339	-0.12	0.144	-1.172
2.36408400536	0.028	0.024	0.44
2.36831593513	0.108	-0.292	2.044
2.3725399971	0.024	-0.38	2.044
2.37676405907	-0.1	-0.104	0.152
2.38099098206	-0.132	0.148	-1.176
2.38521909714	-0.132	0.148	-1.176
2.38944888115	0.024	0.012	0.476
2.39367103577	0.108	-0.296	2.044
2.3979010582	0.02	-0.396	2.044
2.40212392807	-0.088	-0.096	0.116
2.40634799004	-0.124	0.14	-1.164
2.410572052	-0.124	0.14	-1.164
2.41479706764	0.036	0.016	0.508
2.41903090477	0.12	-0.304	2.044
2.42325592041	0.024	-0.384	2.044
2.42747998238	-0.092	-0.092	0.084
2.43171095848	-0.092	-0.092	0.084
2.43593907356	-0.124	0.148	-1.164
2.44016504288	0.02	0.008	0.532
2.4443860054	0.112	-0.308	2.044
2.44860887527	0.012	-0.376	2.044
2.45283198357	-0.096	-0.088	0.036
2.45705604553	-0.096	-0.088	0.036
2.46128606796	-0.124	0.14	-1.152
2.4655110836	0.036	0.012	0.56
2.46974086761	0.112	-0.308	2.044
2.47396397591	0.024	-0.38	2.044
2.47819399834	-0.104	-0.096	0.028
2.48242092133	-0.104	-0.096	0.028
2.48665595055	-0.12	0.148	-1.156
2.49095106125	0.02	0.008	0.604
2.4951748848	0.112	-0.304	2.044
2.49940109253	0.012	-0.368	2.044
2.50362491608	-0.104	-0.084	0.0
2.50784897804	-0.104	-0.084	0.0
2.51206493378	-0.12	0.144	-1.132
2.51628994942	0.032	0.0	0.636
2.52050590515	0.112	-0.308	2.044
2.52472901344	0.024	-0.376	2.044
2.52895402908	-0.12	-0.076	-0.028
2.53320002556	-0.12	-0.076	-0.028
2.53742694855	-0.12	0.148	-1.16
2.54165792465	0.024	-0.012	0.652
2.54588103294	0.124	-0.316	2.044
2.55011487007	0.012	-0.368	2.044
2.55433893204	-0.108	-0.076	-0.056
2.55857110023	-0.108	-0.076	-0.056
2.56279587746	-0.12	0.132	-1.132
2.5670208931	0.04	-0.012	0.68
2.57124710083	0.12	-0.32	2.044
2.5754699707	0.008	-0.368	2.044
2.57969594002	-0.104	-0.084	-0.072
2.58392095566	-0.104	-0.084	-0.072
2.58815288544	-0.116	0.136	-1.132
2.59237790108	0.028	-0.012	0.708
2.59660100937	0.108	-0.32	2.044
2.60086297989	0.008	-0.364	2.044
2.60509800911	-0.104	-0.068	-0.112
2.6093249321	-0.104	-0.068	-0.112
2.61355304718	-0.1	0.136	-1.124
2.61778593063	0.032	-0.004	0.728
2.62200903893	0.112	-0.324	2.044
2.62623310089	0.008	-0.352	2.044
2.6304628849	-0.112	-0.068	-0.128
2.63468909264	-0.112	-0.068	-0.128
2.63892006874	-0.104	0.132	-1.112
2.64314603806	0.032	-0.008	0.772
2.64736700058	0.104	-0.328	2.044
2.65159702301	0.012	-0.36	2.044
2.65582108498	0.012	-0.36	2.044
2.66005301476	-0.104	-0.064	-0.152
2.6642780304	-0.096	0.14	-1.1
2.66850996017	0.04	-0.024	0.8
2.67273187637	0.112	-0.32	2.044
2.67695593834	0.0	-0.352	2.044
2.68117690086	0.0	-0.352	2.044
2.68538594246	-0.116	-0.052	-0.18
2.68960809708	-0.092	0.148	-1.12
2.69383597374	0.032	-0.02	0.832
2.6980650425	0.1	-0.332	2.044
2.70229005814	-0.004	-0.368	2.044
2.70651602745	-0.004	-0.368	2.044
2.71074700356	-0.108	-0.044	-0.204
2.71497392654	-0.092	0.144	-1.096
2.71920609474	0.048	-0.032	0.876
2.72347688675	0.088	-0.324	2.044
2.72770810127	0.008	-0.352	2.044
2.73193287849	0.008	-0.352	2.044
2.73615694046	-0.124	-0.052	-0.244
2.74038887024	-0.104	0.148	-1.084
2.744617939	0.028	-0.02	0.908
2.74884295464	0.1	-0.336	2.044
2.7530670166	-0.004	-0.356	2.044
2.75729203224	-0.004	-0.356	2.044
2.76152205467	-0.116	-0.064	-0.264
2.76574802399	-0.096	0.148	-1.068
2.76997303963	0.048	-0.04	0.932
2.77419710159	0.108	-0.332	2.044
2.77842187881	0.008	-0.348	2.044
2.78264594078	0.008	-0.348	2.044
2.78686904907	-0.12	-0.024	-0.288
2.79110097885	-0.104	0.14	-1.064
2.79532694817	0.04	-0.036	0.968
2.7995569706	0.108	-0.34	2.044
2.80378103256	-0.008	-0.344	2.044
2.8080060482	-0.008	-0.344	2.044
2.81223392487	-0.096	-0.044	-0.308
2.81645894051	-0.092	0.144	-1.048
2.82068991661	0.056	-0.052	0.988
2.8249130249	0.104	-0.34	2.044
2.82914304733	-0.012	-0.348	2.044
2.83336806297	-0.012	-0.348	2.044
2.8375980854	-0.116	-0.016	-0.34
2.8418340683	-0.104	0.148	-1.044
2.84606003761	0.044	-0.048	1.016
2.85028409958	0.104	-0.344	2.044
2.85450792313	-0.008	-0.344	2.044
2.85873889923	-0.008	-0.344	2.044
2.86296486855	-0.108	-0.024	-0.352
2.86718988419	-0.1	0.152	-1.036
2.87141990662	0.052	-0.064	1.044
2.87569308281	0.112	-0.348	2.044
2.8799200058	-0.016	-0.34	2.044
2.88414502144	-0.016	-0.34	2.044
2.88837099075	-0.144	0.0	-0.36
2.89258790016	-0.1	0.148	-1.036
2.89681196213	0.048	-0.06	1.08
2.90104103088	0.108	-0.348	2.044
2.90526604652	0.108	-0.348	2.044
2.90949606895	-0.012	-0.336	2.044
2.91372108459	-0.124	-0.028	-0.396
2.91795301437	-0.092	0.148	-1.02
2.92217803001	0.064	-0.076	1.1
2.92640089989	0.112	-0.352	2.044
2.93062496185	0.112	-0.352	2.044
2.93484807014	-0.016	-0.34	2.044
2.93907904625	-0.112	-0.02	-0.416
2.94330787659	-0.1	0.136	-1.004
2.94753289223	0.04	-0.068	1.14
2.95176291466	0.108	-0.36	2.044
2.95598697662	0.108	-0.36	2.044
2.96022891998	-0.04	-0.336	2.044
2.9644548893	-0.108	-0.024	-0.452
2.9686820507	-0.092	0.136	-0.996
2.97290587425	0.052	-0.072	1.172
2.97712898254	0.104	-0.344	2.044
2.98135590553	0.104	-0.344	2.044
2.98558402061	-0.016	-0.336	2.044
2.98981499672	-0.128	-0.016	-0.472
2.99404096603	-0.092	0.14	-0.98
2.99826693535	0.044	-0.076	1.2
3.00249004364	0.104	-0.368	2.044
3.0067179203	0.104	-0.368	2.044
3.01094698906	-0.02	-0.328	2.044
3.0151720047	-0.116	-0.004	-0.488
3.01940393448	-0.08	0.136	-0.968
3.02362799644	0.064	-0.084	1.236
3.02785801888	0.112	-0.348	2.044
3.03208208084	0.112	-0.348	2.044
3.03630590439	-0.016	-0.328	1.992
3.04053092003	-0.124	-0.004	-0.532
3.04475593567	-0.084	0.152	-0.96
3.04898095131	0.036	-0.08	1.268
3.05320501328	0.092	-0.364	2.044
3.05742907524	0.092	-0.364	2.044
3.06165790558	-0.02	-0.316	1.968
3.06588196754	-0.116	-0.004	-0.556
3.07011389732	-0.08	0.144	-0.936
3.07434105873	0.044	-0.084	1.308
3.07857990265	0.1	-0.364	2.044
3.08280396461	0.1	-0.364	2.044
3.08702802658	-0.016	-0.324	1.932
3.0912539959	-0.136	0.008	-0.572
3.09547901154	-0.084	0.136	-0.924
3.09970998764	0.052	-0.092	1.328
3.10393309593	0.052	-0.092	1.328
3.10816287994	0.096	-0.372	2.044
3.11238598824	-0.016	-0.328	1.912
3.11661100388	-0.116	0.004	-0.592
3.12091803551	-0.08	0.152	-0.904
3.1251449585	0.06	-0.1	1.368
3.12937092781	0.06	-0.1	1.368
3.13359498978	0.104	-0.368	2.044
3.13782906532	-0.024	-0.304	1.892
3.14205503464	-0.144	0.02	-0.62
3.1462790966	-0.084	0.14	-0.896
3.15051102638	0.056	-0.096	1.4
3.15473508835	0.056	-0.096	1.4
3.15896391869	0.108	-0.38	2.044
3.16318798065	-0.024	-0.308	1.848
3.16741394997	-0.128	0.008	-0.632
3.17164492607	-0.064	0.144	-0.876
3.17586898804	0.072	-0.104	1.432
3.18009400368	0.072	-0.104	1.432
3.18431806564	0.1	-0.368	2.044
3.18854308128	-0.028	-0.3	1.82
3.19276809692	-0.144	0.016	-0.636
3.19700288773	-0.076	0.128	-0.864
3.20122909546	0.064	-0.104	1.46
3.20545697212	0.064	-0.104	1.46
3.20968103409	0.096	-0.364	2.044
3.21390604973	-0.02	-0.308	1.804
3.21813702583	-0.128	0.024	-0.668
3.22236299515	-0.072	0.144	-0.844
3.22658801079	0.072	-0.124	1.484
3.23081302643	0.072	-0.124	1.484
3.23503899574	0.1	-0.368	2.044
3.23926901817	-0.036	-0.292	1.78
3.24349498749	-0.132	0.028	-0.7
3.2477209568	-0.076	0.136	-0.832
3.25194501877	0.064	-0.112	1.524
3.25616788864	0.064	-0.112	1.524
3.26039791107	0.092	-0.368	2.044
3.2646548748	-0.024	-0.288	1.744
3.26889109612	-0.128	0.032	-0.712
3.27311706543	-0.072	0.14	-0.816
3.27734208107	0.064	-0.116	1.54
3.2815721035	0.064	-0.116	1.54
3.28579688072	0.088	-0.36	2.044
3.29002189636	-0.032	-0.292	1.712
3.294246912	-0.136	0.032	-0.728
3.2984790802	-0.064	0.136	-0.796
3.30270409584	0.064	-0.124	1.576
3.30692696571	0.064	-0.124	1.576
3.31115603447	0.1	-0.364	2.044
3.31539106369	-0.032	-0.288	1.672
3.31962203979	-0.128	0.024	-0.736
3.32384705544	-0.072	0.136	-0.772
3.32807207108	0.068	-0.116	1.6
3.33229494095	0.068	-0.116	1.6
3.33652091026	0.096	-0.372	2.044
3.34075093269	-0.036	-0.296	1.66
3.34497594833	-0.136	0.04	-0.76
3.34920692444	-0.076	0.136	-0.76
3.35343194008	-0.076	0.136	-0.76
3.35766196251	0.076	-0.128	1.64
3.3618850708	0.092	-0.372	2.044
3.36610794067	-0.036	-0.284	1.624
3.37033390999	-0.116	0.036	-0.784
3.37455892563	-0.056	0.132	-0.748
3.37878394127	-0.056	0.132	-0.748
3.38300895691	0.072	-0.128	1.672
3.3872320652	0.096	-0.396	2.044
3.39146089554	-0.04	-0.296	1.588
3.39568710327	-0.132	0.028	-0.8
3.3999209404	-0.068	0.132	-0.716
3.40414595604	-0.068	0.132	-0.716
3.40837097168	0.072	-0.132	1.7
3.41259288788	0.1	-0.388	2.044
3.41681694984	-0.048	-0.28	1.556
3.42104291916	-0.124	0.048	-0.832
3.42526698112	-0.076	0.14	-0.692
3.42949795723	-0.076	0.14	-0.692
3.43373298645	0.076	-0.156	1.728
3.43796396255	0.088	-0.376	2.044
3.44218707085	-0.052	-0.272	1.52
3.44641089439	-0.128	0.036	-0.84
3.45063710213	-0.056	0.132	-0.68
3.45486187935	-0.056	0.132	-0.68
3.45909309387	0.068	-0.136	1.764
3.46331691742	0.108	-0.412	2.044
3.46754193306	-0.052	-0.276	1.488
3.47177505493	-0.128	0.052	-0.856
3.47600197792	-0.048	0.124	-0.66
3.48022699356	-0.048	0.124	-0.66
3.4844520092	0.072	-0.152	1.8
3.48867607117	0.092	-0.38	2.044
3.49289989471	-0.056	-0.272	1.46
3.49712395668	-0.136	0.048	-0.876
3.50135087967	-0.052	0.128	-0.64
3.50557589531	-0.052	0.128	-0.64
3.50980591774	0.08	-0.148	1.816
3.51403093338	0.096	-0.388	2.044
3.51826190948	-0.044	-0.26	1.436
3.52248692513	-0.132	0.048	-0.888
3.52671194077	-0.052	0.124	-0.62
3.53094506264	-0.052	0.124	-0.62
3.53517007828	0.072	-0.16	1.84
3.53940105438	0.088	-0.384	2.044
3.54362487793	-0.056	-0.252	1.416
3.54785609245	-0.144	0.052	-0.908
3.55209088326	-0.144	0.052	-0.908
3.5563158989	-0.056	0.124	-0.592
3.56054091454	0.072	-0.156	1.88
3.56476402283	0.088	-0.388	2.044
3.56898808479	-0.044	-0.248	1.364
3.57321310043	-0.136	0.06	-0.916
3.57743692398	-0.136	0.06	-0.916
3.5816628933	-0.04	0.116	-0.58
3.58588790894	0.08	-0.16	1.904
3.59011793137	0.088	-0.384	2.044
3.59434199333	-0.06	-0.248	1.34
3.59857606888	-0.144	0.06	-0.932
3.60279989243	-0.144	0.06	-0.932
3.60702490807	-0.052	0.112	-0.56
3.6112549305	0.084	-0.164	1.928
3.61547803879	0.092	-0.384	2.044
3.61970901489	-0.048	-0.252	1.324
3.62393403053	-0.128	0.048	-0.952
3.62816596031	-0.128	0.048	-0.952
3.63239097595	-0.044	0.128	-0.544
3.63661503792	0.068	-0.164	1.944
3.64088106155	0.072	-0.4	2.044
3.6451048851	-0.06	-0.244	1.292
3.64933109283	-0.136	0.06	-0.964
3.65355587006	-0.136	0.06	-0.964
3.65778589249	-0.04	0.112	-0.528
3.66201400757	0.088	-0.168	1.952
3.66623806953	0.084	-0.384	2.044
3.67047786713	-0.04	-0.248	1.26
3.67470288277	-0.128	0.064	-0.968
3.6789329052	-0.128	0.064	-0.968
3.6831510067	-0.032	0.124	-0.504
3.68736791611	0.088	-0.164	2.004
3.69159603119	0.072	-0.392	2.044
3.6958220005	-0.048	-0.248	1.252
3.7000849247	-0.14	0.076	-0.992
3.70431208611	-0.14	0.076	-0.992
3.70854306221	-0.044	0.116	-0.492
3.71276807785	0.088	-0.176	2.032
3.71699309349	0.072	-0.396	2.044
3.7212228775	-0.052	-0.228	1.2
3.72544908524	-0.132	0.068	-0.996
3.7296769619	-0.132	0.068	-0.996
3.73390293121	-0.02	0.12	-0.46
3.73813295364	0.084	-0.176	2.044
3.74235701561	0.072	-0.388	2.044
3.74658107758	-0.056	-0.236	1.168
3.75080609322	-0.132	0.08	-1.004
3.75502991676	-0.132	0.08	-1.004
3.75925588608	-0.036	0.116	-0.444
3.76347994804	0.088	-0.188	2.044
3.76770997047	0.048	-0.384	2.044
3.77193307877	-0.06	-0.22	1.14
3.77615690231	-0.06	-0.22	1.14
3.78038191795	-0.136	0.084	-1.02
3.78460788727	-0.04	0.128	-0.412
3.7888469696	0.072	-0.18	2.044
3.79307508469	0.064	-0.388	2.044
3.79730010033	-0.072	-0.228	1.108
3.80152988434	-0.072	-0.228	1.108
3.80575489998	-0.12	0.056	-1.036
3.80997991562	-0.02	0.108	-0.392
3.81420397758	0.088	-0.2	2.044
3.81843400002	0.068	-0.388	2.044
3.82265901566	-0.048	-0.22	1.072
3.82688307762	-0.048	-0.22	1.072
3.83111310005	-0.124	0.08	-1.036
3.83534002304	-0.028	0.108	-0.368
3.83957290649	0.1	-0.184	2.044
3.84379792213	0.072	-0.396	2.044
3.8480219841	-0.072	-0.208	1.056
3.85225200653	-0.072	-0.208	1.056
3.8564760685	-0.136	0.1	-1.048
3.86071109772	-0.036	0.112	-0.336
3.86493492126	0.08	-0.2	2.044
3.8691649437	0.072	-0.4	2.044
3.87338805199	-0.064	-0.216	1.032
3.87761807442	-0.064	-0.216	1.032
3.88184309006	-0.128	0.088	-1.052
3.88606786728	-0.024	0.108	-0.328
3.89029288292	0.092	-0.2	2.044
3.89451599121	0.08	-0.396	2.044
3.89874505997	-0.072	-0.208	0.996
3.90297007561	-0.072	-0.208	0.996
3.90720295906	-0.136	0.096	-1.064
3.91143298149	-0.02	0.1	-0.296
3.91565704346	0.1	-0.212	2.044
3.91988706589	0.072	-0.392	2.044
3.9241130352	-0.076	-0.208	0.968
3.92833900452	-0.076	-0.208	0.968
3.93256306648	-0.16	0.108	-1.068
3.93678808212	-0.02	0.096	-0.284
3.94101595879	0.084	-0.208	2.044
3.94524002075	0.06	-0.396	2.044
3.94946908951	-0.072	-0.192	0.94
3.95369386673	-0.072	-0.192	0.94
3.95792388916	-0.136	0.088	-1.076
3.9621489048	-0.02	0.088	-0.256
3.96637392044	0.096	-0.228	2.044
3.97059798241	0.068	-0.4	2.044
3.9748210907	0.068	-0.4	2.044
3.97904586792	-0.068	-0.208	0.916
3.98327088356	-0.124	0.1	-1.084
3.98749494553	-0.016	0.092	-0.228
3.99172902107	0.084	-0.208	2.044
3.99595308304	0.06	-0.4	2.044
4.00017595291	0.06	-0.4	2.044
4.0043990612	-0.06	-0.172	0.86
4.00862407684	-0.14	0.096	-1.092
4.01284909248	-0.016	0.084	-0.208
4.01707196236	0.092	-0.224	2.044
4.02130103111	0.06	-0.388	2.044
4.02553391457	0.06	-0.388	2.044
4.029763937	-0.072	-0.196	0.856
4.03398895264	-0.132	0.1	-1.104
4.03821897507	-0.012	0.064	-0.168
4.04244399071	0.088	-0.228	2.044
4.046667099	0.052	-0.392	2.044
4.05089688301	0.052	-0.392	2.044
4.05512404442	-0.072	-0.192	0.824
4.05935502052	-0.14	0.096	-1.108
4.06358003616	-0.004	0.08	-0.164
4.06781005859	0.096	-0.232	2.044
4.07203507423	0.064	-0.404	2.044
4.07625794411	0.064	-0.404	2.044
4.08048295975	-0.064	-0.184	0.804
4.08470702171	-0.136	0.1	-1.116
4.08893203735	-0.016	0.084	-0.14
4.09315490723	0.1	-0.228	2.044
4.09737801552	0.044	-0.396	2.044
4.10160708427	0.044	-0.396	2.044
4.10583090782	-0.084	-0.184	0.772
4.11006188393	-0.144	0.104	-1.116
4.11428809166	-0.012	0.072	-0.116
4.11851906776	0.096	-0.24	2.044
4.12274503708	0.06	-0.392	2.044
4.12696909904	0.06	-0.392	2.044
4.13119792938	-0.076	-0.176	0.756
4.13542199135	-0.132	0.108	-1.128
4.13965296745	-0.016	0.08	-0.088
4.14389491081	0.096	-0.236	2.044
4.14812493324	0.036	-0.396	2.044
4.15234899521	0.036	-0.396	2.044
4.15657305717	-0.076	-0.176	0.72
4.16079807281	-0.132	0.108	-1.132
4.16502308846	0.008	0.096	-0.088
4.169246912	0.1	-0.248	2.044
4.17347097397	0.048	-0.396	2.044
4.17769598961	0.048	-0.396	2.044
4.18192005157	-0.076	-0.172	0.7
4.18615603447	-0.132	0.112	-1.136
4.1904270649	-0.012	0.076	-0.052
4.19465398788	0.092	-0.248	2.044
4.19888305664	0.092	-0.248	2.044
4.20310688019	0.028	-0.392	2.044
4.20732998848	-0.076	-0.168	0.668
4.21155595779	-0.132	0.108	-1.14
4.21578097343	-0.012	0.072	-0.02
4.22001194954	0.1	-0.244	2.044
4.22423601151	0.1	-0.244	2.044
4.22846508026	0.048	-0.404	2.044
4.2326900959	-0.072	-0.168	0.64
4.23691391945	-0.136	0.112	-1.152
4.2411429882	-0.012	0.064	0.0
4.24535989761	0.1	-0.252	2.044
4.24958395958	0.1	-0.252	2.044
4.25381088257	0.04	-0.388	2.044
4.25804209709	-0.088	-0.164	0.62
4.26227498055	-0.14	0.112	-1.144
4.26650094986	-0.008	0.064	0.016
4.27073097229	0.1	-0.24	2.044
4.27495408058	0.1	-0.24	2.044
4.27918410301	0.04	-0.392	2.044
4.28340888023	-0.08	-0.152	0.588
4.28763890266	-0.132	0.12	-1.16
4.29186487198	-0.004	0.06	0.048
4.29608607292	0.1	-0.26	2.044
4.30031609535	0.1	-0.26	2.044
4.3045399189	0.044	-0.384	2.044
4.30876994133	-0.088	-0.152	0.56
4.31299495697	-0.128	0.108	-1.156
4.31722307205	-0.004	0.056	0.068
4.32144999504	0.104	-0.256	2.044
4.32567596436	0.104	-0.256	2.044
4.32990098	0.056	-0.396	2.044
4.33412408829	-0.092	-0.156	0.52
4.3383538723	-0.14	0.124	-1.16
4.34257888794	0.004	0.064	0.096
4.34679889679	0.092	-0.26	2.044
4.35102891922	0.092	-0.26	2.044
4.35525202751	0.036	-0.388	2.044
4.35948109627	-0.092	-0.144	0.488
4.36370587349	-0.136	0.124	-1.176
4.36793708801	0.004	0.052	0.116
4.37215805054	0.112	-0.264	2.044
4.37638187408	0.112	-0.264	2.044
4.38061594963	0.048	-0.384	2.044
4.38484406471	-0.08	-0.14	0.46
4.38907504082	-0.128	0.124	-1.164
4.39330005646	0.008	0.056	0.148
4.39752197266	0.008	0.056	0.148
4.40174889565	0.092	-0.272	2.044
4.40597295761	0.04	-0.384	2.044
4.41019701958	-0.092	-0.14	0.44
4.41442108154	-0.124	0.12	-1.16
4.41864609718	0.004	0.044	0.176
4.42286705971	0.004	0.044	0.176
4.42708706856	0.096	-0.264	2.044
4.4313158989	0.052	-0.384	2.044
4.43554186821	-0.08	-0.124	0.404
4.43977594376	-0.124	0.12	-1.168
4.44400191307	0.004	0.048	0.204
4.44822788239	0.004	0.048	0.204
4.45244908333	0.092	-0.264	2.044
4.45667290688	0.048	-0.396	2.044
4.46090388298	-0.088	-0.128	0.388
4.46512794495	-0.128	0.132	-1.168
4.46936106682	0.028	0.028	0.232
4.47358393669	0.028	0.028	0.232
4.47781205177	0.104	-0.26	2.044
4.48203587532	0.044	-0.376	2.044
4.48625898361	-0.092	-0.132	0.364
4.49048399925	-0.136	0.132	-1.168
4.49470901489	0.0	0.036	0.256
4.49893307686	0.0	0.036	0.256
4.50314688683	0.104	-0.272	2.044
4.50737094879	0.032	-0.38	2.044
4.51160097122	-0.092	-0.128	0.336
4.5158290863	-0.124	0.132	-1.172
4.52006006241	0.024	0.032	0.284
4.52428197861	0.024	0.032	0.284
4.52850389481	0.112	-0.268	2.044
4.53272891045	0.04	-0.388	2.044
4.53695201874	-0.088	-0.12	0.3
4.54119300842	-0.144	0.14	-1.16
4.54541993141	0.016	0.032	0.304
4.54964804649	0.016	0.032	0.304
4.55386900902	0.096	-0.272	2.044
4.55809903145	0.024	-0.38	2.044
4.56232404709	-0.1	-0.108	0.284
4.56654787064	-0.124	0.136	-1.172
4.57077407837	0.02	0.028	0.332
4.57499599457	0.02	0.028	0.332
4.57922101021	0.12	-0.3	2.044
4.58344602585	0.032	-0.38	2.044
4.58767700195	-0.096	-0.108	0.248
4.59190106392	-0.12	0.132	-1.172
4.59612607956	-0.12	0.132	-1.172
4.60035204887	0.024	0.012	0.356
4.6045730114	0.112	-0.288	2.044
4.60879802704	0.024	-0.372	2.044
4.61302304268	-0.088	-0.116	0.22
4.61725592613	-0.116	0.132	-1.168
4.62148809433	-0.116	0.132	-1.168
4.62571501732	0.028	0.028	0.388
4.62994289398	0.12	-0.296	2.044
4.63416695595	0.016	-0.376	2.044
4.6383960247	-0.096	-0.104	0.192
4.64262104034	-0.128	0.132	-1.172
4.64684891701	-0.128	0.132	-1.172
4.65107893944	0.012	0.016	0.428
4.65530204773	0.1	-0.284	2.044
4.65953207016	0.016	-0.384	2.044
4.66375589371	-0.096	-0.116	0.156
4.66798210144	-0.116	0.132	-1.164
4.67220807076	-0.116	0.132	-1.164
4.6764330864	0.028	0.008	0.452
4.68065500259	0.128	-0.296	2.044
4.68487095833	0.024	-0.38	2.044
4.68909096718	-0.092	-0.104	0.144
4.69331908226	-0.116	0.14	-1.172
4.69754505157	-0.116	0.14	-1.172
4.70180296898	0.012	0.016	0.48
4.70602607727	0.084	-0.284	2.044
4.7102599144	0.016	-0.368	2.044
4.71448493004	-0.104	-0.1	0.108
4.71871590614	-0.12	0.136	-1.16
4.72294092178	-0.12	0.136	-1.16
4.72716593742	0.02	0.012	0.496
4.73139309883	0.12	-0.3	2.044
4.73562693596	0.02	-0.38	2.044
4.73989701271	-0.084	-0.108	0.076
4.7441239357	-0.12	0.136	-1.164
4.74835205078	-0.12	0.136	-1.164
4.75257706642	0.016	0.012	0.536
4.75679898262	0.108	-0.312	2.044
4.76102900505	0.028	-0.388	2.044
4.76525402069	-0.1	-0.088	0.06
4.76947903633	-0.108	0.132	-1.16
4.77370500565	-0.108	0.132	-1.16
4.77793288231	0.024	0.008	0.568
4.78215503693	0.116	-0.308	2.044
4.78637695312	0.02	-0.372	2.044
4.79060697556	-0.108	-0.088	0.032
4.79483103752	-0.116	0.14	-1.16
4.7990629673	-0.116	0.14	-1.16
4.80328798294	0.028	-0.004	0.6
4.80751204491	0.104	-0.316	2.044
4.81174087524	0.016	-0.4	2.044
4.81596398354	-0.108	-0.088	0.0
4.82018709183	-0.108	-0.088	0.0
4.82440400124	-0.116	0.14	-1.148
4.82863497734	0.032	-0.008	0.628
4.83285808563	0.124	-0.316	2.044
4.83708095551	0.024	-0.372	2.044
4.84131407738	-0.104	-0.084	-0.016
4.84554004669	-0.104	-0.084	-0.016
4.84976601601	-0.108	0.144	-1.152
4.85400104523	0.02	0.0	0.652
4.85822200775	0.1	-0.308	2.044
4.86244606972	0.004	-0.372	2.044
4.86666893959	-0.112	-0.068	-0.044
4.87090086937	-0.112	-0.068	-0.044
4.87512588501	-0.104	0.136	-1.14
4.87935805321	0.032	-0.004	0.684
4.88358092308	0.088	-0.32	2.044
4.88781189919	0.016	-0.368	2.044
4.89203500748	-0.112	-0.076	-0.072
4.89626002312	-0.112	-0.076	-0.072
4.90049099922	-0.108	0.136	-1.14
4.90471696854	0.04	-0.012	0.716
4.90894889832	0.096	-0.316	2.044
4.91317391396	0.012	-0.372	2.044
4.91739797592	-0.096	-0.068	-0.1
4.92162895203	-0.096	-0.068	-0.1
4.92585396767	-0.112	0.148	-1.128
4.93007898331	0.04	-0.012	0.732
4.93430304527	0.112	-0.324	2.044
4.93853187561	0.004	-0.348	2.044
4.94275689125	-0.112	-0.068	-0.12
4.94698190689	-0.112	-0.068	-0.12
4.95121192932	-0.112	0.144	-1.124
4.95543789864	0.032	-0.016	0.76
4.95966601372	0.1	-0.316	2.044
4.96388888359	-0.004	-0.364	2.044
4.96811795235	-0.108	-0.064	-0.14
4.97235608101	-0.108	-0.064	-0.14
4.97658109665	-0.12	0.14	-1.1
4.98080587387	0.036	-0.024	0.784
4.98502993584	0.112	-0.328	2.044
4.98925900459	0.008	-0.36	2.044
4.99348306656	-0.112	-0.064	-0.172
4.99770998955	-0.112	-0.064	-0.172
