Timestamp 	 X-Axis 	 Y-Axis 	 Z-Axis
0.000301837921143	-0.14	0.016	-0.816
0.00395798683167	-0.14	0.016	-0.816
0.00743889808655	0.0	-0.008	0.012
0.0108988285065	0.072	-0.368	2.044
0.0143709182739	-0.068	-0.108	0.372
0.0178627967834	-0.068	-0.108	0.372
0.0213308334351	-0.068	0.088	-1.028
0.024808883667	0.072	-0.292	2.044
0.0282809734344	0.072	-0.292	2.044
0.0317590236664	-0.032	-0.22	1.792
0.0352299213409	-0.072	0.112	-1.428
0.0386979579926	-0.072	0.112	-1.428
0.0421659946442	0.056	-0.144	1.712
0.0456349849701	0.016	-0.328	2.044
0.0491218566895	0.016	-0.328	2.044
0.0525949001312	-0.096	0.048	-1.024
0.0560729503632	0.012	-0.032	0.328
0.0595560073853	0.012	-0.032	0.328
0.0630359649658	0.052	-0.36	2.044
0.0665109157562	-0.076	-0.092	0.056
0.0699858665466	-0.076	-0.092	0.056
0.073460817337	-0.052	0.068	-0.836
0.0769348144531	0.084	-0.32	2.044
0.0804088115692	0.084	-0.32	2.044
0.083881855011	-0.056	-0.212	1.444
0.0873589515686	-0.068	0.108	-1.404
0.090845823288	0.076	-0.196	2.028
0.0943260192871	0.076	-0.196	2.028
0.0978138446808	-0.008	-0.304	2.044
0.101291894913	-0.108	0.084	-1.2
0.104779005051	-0.108	0.084	-1.2
0.108254909515	0.04	-0.036	0.652
0.111729860306	0.056	-0.376	2.044
0.115203857422	0.056	-0.376	2.044
0.118677854538	-0.124	-0.036	-0.248
0.122159957886	-0.056	0.052	-0.612
0.125640869141	-0.056	0.052	-0.612
0.129117012024	0.068	-0.316	2.044
0.132596969604	-0.052	-0.168	1.12
0.136071920395	-0.052	-0.168	1.12
0.139546871185	-0.096	0.112	-1.344
0.143028974533	0.064	-0.22	2.044
0.146502971649	0.064	-0.22	2.044
0.149976015091	-0.008	-0.284	2.044
0.153450965881	-0.08	0.072	-1.316
0.156940937042	-0.08	0.072	-1.316
0.160416841507	0.052	-0.104	1.02
0.163910865784	0.044	-0.364	2.044
0.1673848629	-0.096	-0.016	-0.528
0.170861005783	-0.096	-0.016	-0.528
0.174341917038	-0.012	0.02	-0.34
0.177819013596	0.088	-0.36	2.044
0.181291818619	0.088	-0.36	2.044
0.184772014618	-0.068	-0.14	0.776
0.188246965408	-0.072	0.124	-1.228
0.191721916199	-0.072	0.124	-1.228
0.195209980011	0.088	-0.232	2.044
0.198683977127	-0.032	-0.26	2.044
0.202164888382	-0.032	-0.26	2.044
0.205652952194	-0.104	0.12	-1.392
0.209137916565	0.064	-0.12	1.32
0.212620019913	0.064	-0.12	1.32
0.216094017029	0.02	-0.348	2.044
0.219566822052	-0.132	0.016	-0.772
0.223047018051	-0.132	0.016	-0.772
0.226521968842	-0.012	0.0	-0.04
0.229987859726	0.06	-0.38	2.044
0.233461856842	-0.064	-0.12	0.432
0.236934900284	-0.064	-0.12	0.432
0.240409851074	-0.068	0.08	-1.056
0.243889808655	0.08	-0.284	2.044
0.247361898422	0.08	-0.284	2.044
0.250835895538	-0.012	-0.232	1.836
0.254324913025	-0.068	0.104	-1.42
0.257803916931	-0.068	0.104	-1.42
0.261278867722	0.08	-0.148	1.66
0.264760017395	0.024	-0.32	2.044
0.268232822418	0.024	-0.32	2.044
0.271706819534	-0.092	0.032	-0.988
0.27518081665	0.016	-0.028	0.28
0.278651952744	0.016	-0.028	0.28
0.28213095665	0.06	-0.368	2.044
0.285604000092	-0.1	-0.096	0.1
0.28907585144	-0.1	-0.096	0.1
0.292564868927	-0.06	0.084	-0.876
0.296039819717	0.088	-0.3	2.044
0.299513816833	0.088	-0.3	2.044
0.30299282074	-0.096	-0.208	1.512
0.306466817856	-0.08	0.112	-1.416
0.309954881668	0.076	-0.18	1.988
0.313429832458	0.076	-0.18	1.988
0.316913843155	0.004	-0.304	2.044
0.320389032364	-0.124	0.072	-1.168
0.323870897293	-0.124	0.072	-1.168
0.327345848083	0.04	-0.048	0.62
0.330818891525	0.044	-0.372	2.044
0.334292888641	0.044	-0.372	2.044
0.337764978409	-0.08	-0.056	-0.208
0.341238975525	-0.04	0.048	-0.628
0.344717979431	-0.04	0.048	-0.628
0.348191976547	0.088	-0.328	2.044
0.351665973663	-0.028	-0.176	1.156
0.355140924454	-0.028	-0.176	1.156
0.35861492157	-0.072	0.116	-1.34
0.36209487915	0.068	-0.212	2.044
0.365567922592	0.068	-0.212	2.044
0.369040966034	-0.004	-0.288	2.044
0.372529029846	-0.088	0.076	-1.316
0.376003026962	0.04	-0.096	0.956
0.379475831985	0.04	-0.096	0.956
0.382954835892	0.028	-0.356	2.044
0.386427879333	-0.12	-0.032	-0.504
0.389912843704	-0.12	-0.032	-0.504
0.393388032913	-0.032	0.02	-0.372
0.396862030029	0.084	-0.352	2.044
0.400334835052	0.084	-0.352	2.044
0.403815031052	-0.068	-0.16	0.808
0.407287836075	-0.06	0.112	-1.236
0.410761833191	-0.06	0.112	-1.236
0.414237976074	0.084	-0.232	2.044
0.417714834213	-0.028	-0.264	2.044
0.421188831329	-0.028	-0.264	2.044
0.424666881561	-0.108	0.124	-1.388
0.428143024445	0.06	-0.116	1.312
0.431615829468	0.06	-0.116	1.312
0.43508887291	0.028	-0.348	2.044
0.438561916351	-0.112	0.02	-0.756
0.442050933838	-0.112	0.02	-0.756
0.44552898407	0.0	0.012	-0.068
0.448992967606	0.06	-0.364	2.044
0.452471971512	-0.052	-0.12	0.456
0.455945968628	-0.052	-0.12	0.456
0.45941901207	-0.06	0.092	-1.076
0.462898015976	0.052	-0.264	2.044
0.466372013092	0.052	-0.264	2.044
0.469844818115	-0.016	-0.232	1.86
0.473318815231	-0.08	0.112	-1.424
0.476792812347	-0.08	0.112	-1.424
0.480271816254	0.068	-0.152	1.636
0.48375082016	0.016	-0.34	2.044
0.487233877182	0.016	-0.34	2.044
0.490707874298	-0.096	0.04	-0.988
0.494182825089	0.016	-0.036	0.252
0.497659921646	0.016	-0.036	0.252
0.501130819321	0.084	-0.404	2.044
0.504608869553	-0.096	-0.088	0.128
0.508083820343	-0.096	-0.088	0.128
0.511560916901	-0.056	0.084	-0.896
0.515035867691	0.076	-0.304	2.044
0.518512010574	0.076	-0.304	2.044
0.521991014481	-0.072	-0.216	1.528
0.525465965271	-0.096	0.12	-1.42
0.528939962387	0.056	-0.192	1.956
0.532428026199	0.056	-0.192	1.956
0.53590297699	-0.016	-0.308	2.044
0.53937792778	-0.124	0.084	-1.16
0.542858839035	-0.124	0.084	-1.16
0.546332836151	0.036	-0.056	0.588
0.549804925919	0.052	-0.376	2.044
0.553278923035	0.052	-0.376	2.044
0.556751966476	-0.084	-0.056	-0.192
0.560225963593	-0.028	0.056	-0.656
0.563705921173	-0.028	0.056	-0.656
0.567179918289	0.08	-0.324	2.044
0.570652961731	-0.04	-0.188	1.192
0.574128866196	-0.04	-0.188	1.192
0.577606916428	-0.068	0.124	-1.364
0.581079959869	0.06	-0.208	2.044
0.584563016891	0.06	-0.208	2.044
0.588042020798	-0.012	-0.288	2.044
0.591516017914	-0.1	0.08	-1.288
0.594992876053	0.04	-0.084	0.916
0.598466873169	0.04	-0.084	0.916
0.601945877075	0.052	-0.372	2.044
0.605422973633	-0.104	-0.04	-0.492
0.608898878098	-0.104	-0.04	-0.492
0.612380027771	-0.028	0.024	-0.396
0.615854024887	0.08	-0.352	2.044
0.619325876236	0.08	-0.352	2.044
0.622805833817	-0.092	-0.16	0.84
0.626278877258	-0.084	0.116	-1.264
0.629753828049	-0.084	0.116	-1.264
0.633227825165	0.076	-0.236	2.044
0.636700868607	-0.024	-0.276	2.044
0.640178918839	-0.024	-0.276	2.044
0.643661022186	-0.12	0.108	-1.384
0.647135019302	0.064	-0.116	1.26
0.650607824326	0.064	-0.116	1.26
0.65410900116	0.04	-0.344	2.044
0.657582998276	-0.1	0.012	-0.736
0.661056995392	-0.1	0.012	-0.736
0.664536952972	0.004	0.004	-0.092
0.668009996414	0.072	-0.356	2.044
0.671481847763	-0.06	-0.116	0.496
0.674956798553	-0.06	-0.116	0.496
0.678429841995	-0.068	0.08	-1.108
0.681918859482	0.06	-0.264	2.044
0.685392856598	0.06	-0.264	2.044
0.68886590004	-0.032	-0.236	1.912
0.69234585762	-0.072	0.096	-1.424
0.695825815201	-0.072	0.096	-1.424
0.699299812317	0.08	-0.14	1.58
0.702786922455	0.032	-0.336	2.044
0.706260919571	0.032	-0.336	2.044
0.709734916687	-0.104	0.036	-0.948
0.713208913803	0.016	-0.028	0.22
0.716682910919	0.016	-0.028	0.22
0.720155000687	0.076	-0.364	2.044
0.723634004593	-0.124	-0.092	0.16
0.727108001709	-0.124	-0.092	0.16
0.730581998825	-0.064	0.076	-0.916
0.734086990356	0.068	-0.292	2.044
0.737560033798	-0.06	-0.22	1.564
0.741034030914	-0.06	-0.22	1.564
0.744513034821	-0.104	0.116	-1.42
0.747998952866	0.064	-0.18	1.932
0.751471996307	0.064	-0.18	1.932
0.754945993423	0.0	-0.308	2.044
0.758411884308	-0.1	0.076	-1.14
0.761893033981	-0.1	0.076	-1.14
0.765367984772	0.028	-0.04	0.548
0.768839836121	0.052	-0.372	2.044
0.772318840027	0.052	-0.372	2.044
0.775791883469	-0.088	-0.048	-0.156
0.779276847839	-0.044	0.052	-0.68
0.78275680542	-0.044	0.052	-0.68
0.786230802536	0.08	-0.324	2.044
0.789703845978	-0.04	-0.192	1.22
0.793178796768	-0.04	-0.192	1.22
0.796653032303	-0.064	0.124	-1.364
0.800127983093	0.072	-0.208	2.044
0.803612947464	0.072	-0.208	2.044
0.807085990906	-0.004	-0.26	2.044
0.810559988022	-0.084	0.084	-1.276
0.814037799835	0.048	-0.08	0.88
0.817512989044	0.048	-0.08	0.88
0.82098698616	0.052	-0.36	2.044
0.824464797974	-0.116	-0.028	-0.452
0.827940940857	-0.116	-0.028	-0.452
0.831415891647	-0.044	0.036	-0.42
0.834890842438	0.068	-0.352	2.044
0.83836388588	0.068	-0.352	2.044
0.841842889786	-0.08	-0.18	0.884
0.845317840576	-0.088	0.108	-1.268
0.848791837692	-0.088	0.108	-1.268
0.852272033691	0.084	-0.252	2.044
0.855755805969	-0.024	-0.28	2.044
0.859231948853	-0.024	-0.28	2.044
0.862711906433	-0.108	0.124	-1.356
0.866186857224	0.056	-0.1	1.224
0.869658946991	0.056	-0.1	1.224
0.873132944107	0.024	-0.356	2.044
0.876616954803	-0.092	0.036	-0.716
0.88009095192	-0.092	0.036	-0.716
0.8835709095	-0.016	0.024	-0.144
0.887044906616	0.068	-0.364	2.044
0.890518903732	-0.056	-0.124	0.528
0.893998861313	-0.056	-0.124	0.528
0.897472858429	-0.056	0.108	-1.124
0.900946855545	0.08	-0.272	2.044
0.904420852661	0.08	-0.272	2.044
0.907896995544	-0.012	-0.228	1.94
0.911375999451	-0.08	0.112	-1.412
0.91485285759	-0.08	0.112	-1.412
0.918326854706	0.068	-0.144	1.56
0.921804904938	0.02	-0.34	2.044
0.925278902054	0.02	-0.34	2.044
0.928750991821	-0.124	0.032	-0.928
0.932230949402	-0.004	-0.032	0.184
0.935704946518	-0.004	-0.032	0.184
0.939194917679	0.06	-0.38	2.044
0.942673921585	-0.112	-0.104	0.2
0.946148872375	-0.112	-0.104	0.2
0.949622869492	-0.064	0.068	-0.944
0.953096866608	0.092	-0.296	2.044
0.956569910049	-0.032	-0.224	1.612
0.960042953491	-0.032	-0.224	1.612
0.963526010513	-0.092	0.116	-1.428
0.967000961304	0.088	-0.16	1.872
0.970474004745	0.088	-0.16	1.872
0.973961830139	0.012	-0.312	2.044
0.977435827255	-0.104	0.072	-1.112
0.980909824371	-0.104	0.072	-1.112
0.984385967255	0.012	-0.024	0.508
0.987862825394	0.04	-0.372	2.044
0.991335868835	0.04	-0.372	2.044
0.994809865952	-0.088	-0.06	-0.096
0.998284816742	-0.04	0.056	-0.712
1.00176501274	-0.04	0.056	-0.712
1.00523900986	0.06	-0.316	2.044
1.00871181488	-0.044	-0.192	1.272
1.01219201088	-0.044	-0.192	1.272
1.01565980911	-0.056	0.112	-1.376
1.01912999153	0.072	-0.2	2.044
1.02259492874	0.072	-0.2	2.044
1.02606296539	0.012	-0.292	2.044
1.02952980995	-0.096	0.072	-1.26
1.03299999237	0.04	-0.08	0.828
1.03647494316	0.04	-0.08	0.828
1.03994703293	0.068	-0.372	2.044
1.04342579842	-0.136	-0.04	-0.404
1.04690098763	-0.136	-0.04	-0.404
1.05037593842	-0.032	0.032	-0.468
1.05384993553	0.08	-0.34	2.044
1.05732393265	0.08	-0.34	2.044
1.06079602242	-0.056	-0.168	0.94
1.06427598	-0.092	0.112	-1.284
1.06775093079	-0.092	0.112	-1.284
1.07124400139	0.072	-0.228	2.044
1.07472085953	-0.008	-0.252	2.044
1.0782058239	-0.008	-0.252	2.044
1.08168196678	-0.104	0.124	-1.36
1.08515691757	0.056	-0.1	1.172
1.08863091469	0.056	-0.1	1.172
1.09210991859	0.032	-0.356	2.044
1.09558391571	-0.104	0.0	-0.672
1.09905099869	-0.104	0.0	-0.672
1.10252189636	0.0	0.016	-0.192
1.10598683357	0.08	-0.352	2.044
1.10945987701	-0.064	-0.144	0.608
1.1129348278	-0.064	-0.144	0.608
1.11640882492	-0.056	0.104	-1.148
1.11988282204	0.084	-0.268	2.044
1.12336301804	0.084	-0.268	2.044
1.1268389225	-0.016	-0.24	1.988
1.13031387329	-0.1	0.108	-1.42
1.13379502296	-0.1	0.108	-1.42
1.13726902008	0.056	-0.14	1.508
1.1407418251	0.028	-0.34	2.044
1.14421582222	0.028	-0.34	2.044
1.14769387245	-0.132	0.032	-0.892
1.15116691589	0.0	-0.016	0.124
1.15463280678	0.0	-0.016	0.124
1.15809798241	0.064	-0.364	2.044
1.16157698631	-0.1	-0.104	0.264
1.16505002975	-0.1	-0.104	0.264
1.16853284836	-0.06	0.1	-1.0
1.17200899124	0.076	-0.3	2.044
1.17548203468	0.076	-0.3	2.044
1.17895889282	-0.032	-0.216	1.664
1.18244099617	-0.112	0.132	-1.424
1.18591499329	0.064	-0.172	1.828
1.1893889904	0.064	-0.172	1.828
1.19286298752	0.008	-0.32	2.044
1.19633603096	-0.096	0.068	-1.092
1.19981002808	-0.096	0.068	-1.092
1.20328903198	0.024	-0.036	0.456
1.20676088333	0.056	-0.368	2.044
1.21023488045	0.056	-0.368	2.044
1.21371388435	-0.092	-0.052	-0.056
1.21718788147	-0.048	0.064	-0.756
1.22066187859	-0.048	0.064	-0.756
1.2241358757	0.08	-0.332	2.044
1.22761201859	-0.044	-0.192	1.34
1.2310860157	-0.044	-0.192	1.34
1.23458790779	-0.064	0.128	-1.396
1.23806500435	0.084	-0.196	2.044
1.24160599709	0.084	-0.196	2.044
1.2450838089	0.008	-0.296	2.044
1.24855780602	-0.116	0.084	-1.244
1.25203990936	0.044	-0.068	0.764
1.25551199913	0.044	-0.068	0.764
1.25898480415	0.052	-0.376	2.044
1.26246380806	-0.132	-0.036	-0.356
1.26594901085	-0.132	-0.036	-0.356
1.26942396164	-0.032	0.036	-0.52
1.27289795876	0.068	-0.328	2.044
1.27637195587	0.068	-0.328	2.044
1.27984595299	-0.056	-0.164	0.988
1.28332591057	-0.088	0.124	-1.3
1.28680491447	-0.088	0.124	-1.3
1.29027986526	0.056	-0.228	2.044
1.29375886917	-0.024	-0.268	2.044
1.29773688316	-0.024	-0.268	2.044
1.30122089386	-0.088	0.12	-1.348
1.30469799042	0.056	-0.08	1.108
1.30817580223	0.048	-0.384	2.044
1.31165099144	0.048	-0.384	2.044
1.31512594223	-0.116	0.0	-0.616
1.31859183311	-0.012	0.02	-0.236
1.32207202911	-0.012	0.02	-0.236
1.32554483414	0.084	-0.344	2.044
1.32901883125	-0.084	-0.148	0.652
1.33249402046	-0.084	-0.148	0.652
1.33596801758	-0.072	0.108	-1.176
1.3394408226	0.072	-0.256	2.044
1.34292387962	0.072	-0.256	2.044
1.34639692307	0.0	-0.244	2.016
1.34986186028	-0.092	0.108	-1.42
1.35333800316	-0.092	0.108	-1.42
1.35681200027	0.08	-0.136	1.448
1.36028385162	0.036	-0.344	2.044
1.36377501488	0.036	-0.344	2.044
1.36724901199	-0.12	0.036	-0.856
1.37072300911	0.008	-0.004	0.056
1.37419581413	0.064	-0.368	2.044
1.37767291069	0.064	-0.368	2.044
1.38114595413	-0.096	-0.108	0.316
1.38462495804	-0.08	0.092	-1.016
1.38809895515	-0.08	0.092	-1.016
1.39157891273	0.064	-0.288	2.044
1.3950548172	-0.028	-0.228	1.72
1.39853000641	-0.028	-0.228	1.72
1.40200996399	-0.1	0.144	-1.424
1.40548491478	0.06	-0.16	1.764
1.40895700455	0.06	-0.16	1.764
1.41245698929	0.016	-0.316	2.044
1.4159309864	-0.096	0.036	-1.056
1.41940402985	-0.096	0.036	-1.056
1.42288398743	0.032	-0.028	0.376
1.42635703087	0.064	-0.36	2.044
1.42982983589	0.064	-0.36	2.044
1.43330287933	-0.104	-0.068	0.0
1.43676900864	-0.048	0.072	-0.812
1.44024300575	-0.048	0.072	-0.812
1.44372296333	0.084	-0.316	2.044
1.44719600677	-0.024	-0.192	1.396
1.45067381859	-0.084	0.12	-1.408
1.45414996147	-0.084	0.12	-1.408
1.4576280117	0.064	-0.2	2.044
1.46112084389	0.004	-0.296	2.044
1.46459889412	0.004	-0.296	2.044
1.46807289124	-0.112	0.08	-1.212
1.47155284882	0.028	-0.052	0.716
1.47502493858	0.028	-0.052	0.716
1.47849702835	0.04	-0.368	2.044
1.48197603226	-0.116	-0.032	-0.288
1.48545002937	-0.116	-0.032	-0.288
1.48892402649	-0.044	0.044	-0.56
1.4924030304	0.072	-0.34	2.044
1.49587583542	0.072	-0.34	2.044
1.49934792519	-0.048	-0.16	1.064
1.50283193588	-0.064	0.124	-1.332
1.50630688667	-0.064	0.124	-1.332
1.50978088379	0.092	-0.228	2.044
1.51325488091	0.004	-0.268	2.044
1.51672697067	0.004	-0.268	2.044
1.52019882202	-0.076	0.1	-1.332
1.52367997169	0.044	-0.084	1.052
1.52715182304	0.028	-0.364	2.044
1.53062391281	0.028	-0.364	2.044
1.53413701057	-0.12	-0.004	-0.572
1.53761386871	-0.032	0.02	-0.28
1.54108786583	-0.032	0.02	-0.28
1.54456686974	0.064	-0.368	2.044
1.54803991318	-0.08	-0.144	0.716
1.55151391029	-0.08	-0.144	0.716
1.55499100685	-0.072	0.112	-1.2
1.55847883224	0.084	-0.264	2.044
1.56195998192	0.084	-0.264	2.044
1.56543302536	-0.004	-0.26	2.044
1.56890702248	-0.112	0.12	-1.408
1.57238698006	-0.112	0.12	-1.408
1.57586097717	0.06	-0.124	1.384
1.57933402061	0.024	-0.368	2.044
1.58280801773	0.024	-0.368	2.044
1.58628082275	-0.116	0.024	-0.816
1.5897538662	-0.008	0.008	0.008
1.59322595596	0.068	-0.376	2.044
1.59669995308	0.068	-0.376	2.044
1.60017180443	-0.052	-0.108	0.368
1.60365200043	-0.064	0.1	-1.036
1.60712599754	-0.064	0.1	-1.036
1.61061382294	0.084	-0.288	2.044
1.61411690712	-0.02	-0.224	1.756
1.61759185791	-0.02	-0.224	1.756
1.62106585503	-0.08	0.14	-1.436
1.62454485893	0.06	-0.156	1.716
1.62801790237	0.06	-0.156	1.716
1.63149094582	0.016	-0.32	2.044
1.63496494293	-0.108	0.044	-1.028
1.63843894005	-0.108	0.044	-1.028
1.6419198513	0.016	-0.028	0.34
1.64539289474	0.06	-0.376	2.044
1.64886593819	0.06	-0.376	2.044
1.65234494209	-0.092	-0.084	0.064
1.65582799911	-0.044	0.068	-0.832
1.65930390358	-0.044	0.068	-0.832
1.66278386116	0.096	-0.32	2.044
1.66626095772	-0.028	-0.204	1.444
1.66973495483	-0.084	0.112	-1.408
1.6732108593	-0.084	0.112	-1.408
1.67668485641	0.072	-0.184	2.044
1.68015694618	-0.016	-0.3	2.044
1.68363690376	-0.016	-0.3	2.044
1.6871099472	-0.112	0.092	-1.204
1.69058394432	0.032	-0.052	0.672
1.69412493706	0.032	-0.052	0.672
1.69760084152	0.028	-0.36	2.044
1.70107483864	-0.1	-0.044	-0.268
1.70455098152	-0.1	-0.044	-0.268
1.70802593231	-0.04	0.064	-0.6
1.71149802208	0.076	-0.34	2.044
1.7149720192	0.076	-0.34	2.044
1.71844792366	-0.04	-0.172	1.096
1.72192692757	-0.084	0.12	-1.344
1.72540283203	-0.084	0.12	-1.344
1.72887587547	0.08	-0.216	2.044
1.73235583305	-0.016	-0.268	2.044
1.7358288765	-0.084	0.096	-1.316
1.73930382729	-0.084	0.096	-1.316
1.74278402328	0.044	-0.08	1.02
1.74625682831	0.048	-0.352	2.044
1.74973082542	0.048	-0.352	2.044
1.75321388245	-0.112	-0.016	-0.544
1.756690979	-0.012	0.024	-0.32
1.76016497612	-0.012	0.024	-0.32
1.7636449337	0.092	-0.348	2.044
1.76711797714	-0.06	-0.148	0.744
1.77059197426	-0.06	-0.148	0.744
1.7741060257	-0.084	0.116	-1.216
1.77758193016	0.084	-0.256	2.044
1.78105401993	0.084	-0.256	2.044
1.78453183174	-0.032	-0.252	2.044
1.78800582886	-0.12	0.12	-1.408
1.79147982597	-0.12	0.12	-1.408
1.79495501518	0.048	-0.112	1.36
1.79842782021	0.008	-0.356	2.044
1.80190896988	0.008	-0.356	2.044
1.80538201332	-0.104	0.02	-0.8
1.80885696411	0.0	0.004	-0.016
1.81232690811	0.06	-0.364	2.044
1.81579995155	0.06	-0.364	2.044
1.8192718029	-0.072	-0.104	0.404
1.82274985313	-0.06	0.1	-1.06
1.82622694969	-0.06	0.1	-1.06
1.82969999313	0.08	-0.292	2.044
1.83318686485	-0.024	-0.22	1.796
1.83666181564	-0.024	-0.22	1.796
1.84013581276	-0.08	0.128	-1.436
1.84361600876	0.064	-0.152	1.684
1.84709000587	0.064	-0.152	1.684
1.85057401657	0.044	-0.336	2.044
1.8540828228	-0.104	0.032	-1.004
1.85755896568	-0.104	0.032	-1.004
1.8610329628	0.024	-0.024	0.3
1.86451101303	0.068	-0.372	2.044
1.86798381805	0.068	-0.372	2.044
1.8714568615	-0.092	-0.092	0.08
1.87493181229	-0.064	0.08	-0.856
1.8784058094	-0.064	0.08	-0.856
1.88188886642	0.072	-0.324	2.044
1.88536190987	-0.044	-0.204	1.472
1.88883590698	-0.112	0.132	-1.404
1.89231681824	-0.112	0.132	-1.404
1.89579200745	0.068	-0.184	2.016
1.89926481247	-0.012	-0.312	2.044
1.90274596214	-0.012	-0.312	2.044
1.90622496605	-0.092	0.084	-1.18
1.90969896317	0.044	-0.056	0.64
1.91317296028	0.044	-0.056	0.64
1.91664481163	0.056	-0.372	2.044
1.92011785507	-0.092	-0.048	-0.228
1.92359900475	-0.092	-0.048	-0.228
1.92707300186	-0.04	0.06	-0.624
1.93054699898	0.06	-0.332	2.044
1.93402791023	0.06	-0.332	2.044
1.93750095367	-0.064	-0.172	1.136
1.94097495079	-0.084	0.116	-1.34
1.94444990158	-0.084	0.116	-1.34
1.94793796539	0.056	-0.22	2.044
1.95141100883	0.008	-0.28	2.044
1.95489001274	-0.088	0.088	-1.308
1.95836281776	-0.088	0.088	-1.308
1.96184396744	0.06	-0.088	0.976
1.96531701088	0.056	-0.372	2.044
1.96878886223	0.056	-0.372	2.044
1.97226881981	-0.108	-0.02	-0.512
1.97574400902	-0.008	0.028	-0.368
1.97921800613	-0.008	0.028	-0.368
1.98269701004	0.072	-0.352	2.044
1.98617100716	-0.072	-0.152	0.792
1.9896569252	-0.072	-0.152	0.792
1.99313187599	-0.1	0.124	-1.24
1.99660682678	0.068	-0.26	2.044
2.00007987022	0.068	-0.26	2.044
2.00355792046	-0.036	-0.268	2.044
2.0070309639	-0.108	0.124	-1.392
2.01050591469	-0.108	0.124	-1.392
2.01398587227	0.052	-0.12	1.32
2.01745200157	0.024	-0.348	2.044
2.02091693878	0.024	-0.348	2.044
2.02439188957	-0.116	0.008	-0.756
2.02786803246	-0.004	0.008	-0.06
2.0313398838	0.052	-0.364	2.044
2.03481984138	0.052	-0.364	2.044
2.03829193115	-0.088	-0.116	0.452
2.04177498817	-0.068	0.088	-1.084
2.04525995255	-0.068	0.088	-1.084
2.04873299599	0.084	-0.272	2.044
2.0522069931	-0.008	-0.228	1.86
2.05568099022	-0.008	-0.228	1.86
2.05915999413	-0.072	0.116	-1.428
2.06263899803	0.076	-0.14	1.644
2.06611180305	0.076	-0.14	1.644
2.06958389282	0.048	-0.328	2.044
2.07305693626	-0.108	0.032	-0.976
2.07653188705	-0.108	0.032	-0.976
2.0800049305	0.024	-0.016	0.26
2.08349990845	0.036	-0.36	2.044
2.08697485924	0.036	-0.36	2.044
2.09044885635	-0.112	-0.1	0.132
2.09392380714	-0.068	0.08	-0.888
2.0974009037	-0.068	0.08	-0.888
2.10087490082	0.068	-0.304	2.044
2.10435295105	-0.056	-0.204	1.532
2.10782790184	-0.108	0.124	-1.412
2.11130094528	-0.108	0.124	-1.412
2.11477589607	0.068	-0.184	1.96
2.11824893951	0.0	-0.304	2.044
2.12171983719	0.0	-0.304	2.044
2.12518501282	-0.092	0.076	-1.16
2.12865900993	0.036	-0.052	0.584
2.13213586807	0.036	-0.052	0.584
2.13560891151	0.06	-0.364	2.044
2.13908195496	-0.112	-0.048	-0.192
2.14257287979	-0.112	-0.048	-0.192
2.14604783058	-0.04	0.06	-0.66
2.14952492714	0.08	-0.332	2.044
2.15299892426	0.08	-0.332	2.044
2.1564719677	-0.04	-0.148	1.168
2.15994596481	-0.072	0.12	-1.364
2.16342592239	-0.072	0.12	-1.364
2.16689991951	0.06	-0.208	2.044
2.17037296295	0.008	-0.284	2.044
2.17385101318	-0.1	0.068	-1.296
2.1773250103	-0.1	0.068	-1.296
2.18079900742	0.032	-0.08	0.912
2.18427300453	0.048	-0.372	2.044
2.18775081635	0.048	-0.372	2.044
2.19122290611	-0.1	-0.04	-0.448
2.19469881058	-0.028	0.028	-0.392
2.19817280769	-0.028	0.028	-0.392
2.20165300369	0.084	-0.36	2.044
2.20512986183	-0.06	-0.152	0.836
2.20860385895	-0.06	-0.152	0.836
2.21208381653	-0.076	0.112	-1.256
2.21555781364	0.08	-0.248	2.044
2.21903085709	0.08	-0.248	2.044
2.22250986099	-0.028	-0.26	2.044
2.22598385811	-0.08	0.136	-1.388
2.22945785522	-0.08	0.136	-1.388
2.23293280602	0.036	-0.096	1.276
2.23640489578	0.012	-0.356	2.044
2.23991990089	0.012	-0.356	2.044
2.24339985847	-0.12	0.016	-0.728
2.24687480927	-0.028	0.032	-0.124
2.25034880638	0.056	-0.368	2.044
2.25382685661	0.056	-0.368	2.044
2.2573029995	-0.08	-0.12	0.5
2.26077485085	-0.056	0.08	-1.1
2.26424980164	-0.056	0.08	-1.1
2.26772785187	0.088	-0.276	2.044
2.27120089531	-0.008	-0.24	1.908
2.2746758461	-0.008	-0.24	1.908
2.27814984322	-0.064	0.116	-1.424
2.28162789345	0.052	-0.156	1.608
2.28510093689	0.052	-0.156	1.608
2.28857302666	0.028	-0.336	2.044
2.29205298424	-0.1	0.028	-0.944
2.29552602768	-0.1	0.028	-0.944
2.2990000248	0.016	-0.02	0.208
2.30247688293	0.072	-0.38	2.044
2.3059489727	0.072	-0.38	2.044
2.30942201614	-0.096	-0.104	0.164
2.31289982796	-0.056	0.088	-0.916
2.31637382507	-0.056	0.088	-0.916
2.31984782219	0.092	-0.288	2.044
2.32332587242	-0.052	-0.216	1.572
2.32680082321	-0.108	0.136	-1.436
2.33028292656	-0.108	0.136	-1.436
2.33375883102	0.064	-0.18	1.92
2.33724093437	-0.016	-0.32	2.044
2.34071493149	-0.016	-0.32	2.044
2.34419393539	-0.108	0.068	-1.14
2.34766793251	0.016	-0.044	0.548
2.35114002228	0.016	-0.044	0.548
2.35461187363	0.052	-0.376	2.044
2.35808396339	-0.096	-0.06	-0.144
2.3615629673	-0.096	-0.06	-0.144
2.36508584023	-0.024	0.056	-0.68
2.36856293678	0.088	-0.328	2.044
2.37204194069	0.088	-0.328	2.044
2.37551498413	-0.04	-0.176	1.232
2.37898993492	-0.072	0.12	-1.368
2.38246893883	-0.072	0.12	-1.368
2.38594388962	0.06	-0.208	2.044
2.38941693306	0.02	-0.288	2.044
2.39289093018	-0.096	0.068	-1.272
2.39636397362	-0.096	0.068	-1.272
2.39983797073	0.044	-0.084	0.88
2.40331792831	0.044	-0.368	2.044
2.40679001808	0.044	-0.368	2.044
2.4102628231	-0.104	-0.044	-0.432
2.41374492645	-0.028	0.02	-0.428
2.41721796989	-0.028	0.02	-0.428
2.42069387436	0.072	-0.348	2.044
2.42416882515	-0.096	-0.156	0.864
2.42764902115	-0.096	-0.156	0.864
2.43112492561	-0.08	0.108	-1.268
2.43461894989	0.076	-0.248	2.044
2.43809390068	0.076	-0.248	2.044
2.44157195091	-0.032	-0.264	2.044
2.4450469017	-0.104	0.124	-1.368
2.44852089882	-0.104	0.124	-1.368
2.45200181007	0.056	-0.1	1.224
2.45547485352	0.028	-0.348	2.044
2.45894789696	0.028	-0.348	2.044
2.46242690086	-0.104	-0.004	-0.7
2.46590185165	0.0	0.02	-0.132
2.46936702728	0.076	-0.36	2.044
2.47284293175	0.076	-0.36	2.044
2.47631788254	-0.08	-0.116	0.532
2.47979283333	-0.06	0.092	-1.124
2.48327302933	-0.06	0.092	-1.124
2.48674702644	0.064	-0.268	2.044
2.49021887779	-0.02	-0.236	1.932
2.49370002747	-0.02	-0.236	1.932
2.49717283249	-0.076	0.12	-1.436
2.50064587593	0.06	-0.148	1.56
2.50412082672	0.06	-0.148	1.56
2.50759387016	0.036	-0.348	2.044
2.51106595993	-0.092	0.028	-0.928
2.5145418644	-0.092	0.028	-0.928
2.51801586151	0.012	-0.016	0.18
2.52148795128	0.072	-0.376	2.044
2.52496695518	0.072	-0.376	2.044
2.5284409523	-0.092	-0.1	0.204
2.53192996979	-0.064	0.084	-0.932
2.5354039669	-0.064	0.084	-0.932
2.53887796402	0.072	-0.304	2.044
2.5423579216	-0.064	-0.22	1.596
2.54583191872	-0.1	0.144	-1.428
2.54930591583	-0.1	0.144	-1.428
2.55278086662	0.06	-0.176	1.9
2.55625391006	-0.016	-0.32	2.044
2.55972695351	-0.016	-0.32	2.044
2.56320595741	-0.096	0.068	-1.124
2.5666809082	0.032	-0.036	0.516
2.57015180588	0.032	-0.036	0.516
2.57362985611	0.052	-0.372	2.044
2.57710385323	-0.108	-0.06	-0.128
2.58058190346	-0.108	-0.06	-0.128
2.5841319561	-0.036	0.052	-0.696
2.58760881424	0.076	-0.32	2.044
2.59108185768	0.076	-0.32	2.044
2.5945558548	-0.036	-0.184	1.244
2.59802985191	-0.076	0.12	-1.38
2.60150384903	-0.076	0.12	-1.38
2.60498380661	0.076	-0.216	2.044
2.60845685005	0.028	-0.292	2.044
2.61193585396	-0.084	0.068	-1.26
2.6154088974	-0.084	0.068	-1.26
2.61888289452	0.052	-0.076	0.856
2.62235999107	0.06	-0.38	2.044
2.62583303452	0.06	-0.38	2.044
2.62931489944	-0.116	-0.036	-0.42
2.63279080391	-0.028	0.036	-0.452
2.63626790047	-0.028	0.036	-0.452
2.63974094391	0.068	-0.348	2.044
2.64321899414	-0.084	-0.172	0.9
2.64669299126	-0.084	-0.172	0.9
2.65016484261	-0.088	0.136	-1.28
2.65364599228	0.068	-0.236	2.044
2.6571187973	0.068	-0.236	2.044
2.66059184074	-0.008	-0.256	2.044
2.66409683228	-0.08	0.116	-1.376
2.66757202148	-0.08	0.116	-1.376
2.67104482651	0.068	-0.104	1.196
2.67451882362	0.048	-0.352	2.044
2.67799186707	0.048	-0.352	2.044
2.68146491051	-0.092	0.004	-0.696
2.68497490883	0.0	0.02	-0.156
2.68844485283	0.064	-0.36	2.044
2.6919260025	0.064	-0.36	2.044
2.69539999962	-0.072	-0.128	0.568
2.69887280464	-0.068	0.092	-1.136
2.70235300064	-0.068	0.092	-1.136
2.70582795143	0.076	-0.268	2.044
2.70930099487	0.004	-0.244	1.956
2.71277499199	0.004	-0.244	1.956
2.71624898911	-0.088	0.112	-1.4
2.71972298622	0.064	-0.136	1.54
2.72320199013	0.064	-0.136	1.54
2.72668480873	0.032	-0.336	2.044
2.73015880585	-0.108	0.02	-0.916
2.73363900185	-0.108	0.02	-0.916
2.73711299896	0.008	-0.024	0.152
2.74058485031	0.056	-0.372	2.044
2.74409198761	0.056	-0.372	2.044
2.7475669384	-0.108	-0.092	0.216
2.75104093552	-0.052	0.092	-0.972
2.75451588631	0.08	-0.3	2.044
2.7579870224	0.08	-0.3	2.044
2.76146101952	-0.04	-0.22	1.628
2.7649409771	-0.088	0.136	-1.424
2.76841497421	-0.088	0.136	-1.424
2.77189588547	0.072	-0.172	1.872
2.77536892891	0.008	-0.308	2.044
2.77884197235	0.008	-0.308	2.044
2.78232097626	-0.104	0.06	-1.108
2.7857940197	0.036	-0.044	0.496
2.78926682472	0.036	-0.044	0.496
2.79273986816	0.044	-0.364	2.044
2.79621696472	-0.108	-0.064	-0.104
2.79969286919	-0.108	-0.064	-0.104
2.80317497253	-0.052	0.052	-0.716
2.80664896965	0.076	-0.32	2.044
2.81012201309	0.076	-0.32	2.044
2.813601017	-0.02	-0.184	1.276
2.81707596779	-0.064	0.116	-1.384
2.8205499649	-0.064	0.116	-1.384
2.82403492928	0.068	-0.196	2.044
2.82750988007	0.024	-0.292	2.044
2.83098483086	-0.1	0.076	-1.26
2.83445882797	-0.1	0.076	-1.26
2.83793282509	0.04	-0.072	0.84
2.84140491486	0.048	-0.364	2.044
2.84488487244	0.048	-0.364	2.044
2.8483569622	-0.124	-0.032	-0.416
2.85184192657	-0.032	0.032	-0.456
2.85531592369	-0.032	0.032	-0.456
2.85878896713	0.08	-0.352	2.044
2.86226892471	-0.08	-0.164	0.92
2.8657438755	-0.08	-0.164	0.92
2.86921882629	-0.076	0.12	-1.284
2.87269496918	0.068	-0.24	2.044
2.87616682053	0.068	-0.24	2.044
2.87963891029	-0.032	-0.268	2.044
2.8831179142	-0.092	0.12	-1.364
2.88659286499	-0.092	0.12	-1.364
2.89006686211	0.044	-0.1	1.176
2.89354586601	0.044	-0.364	2.044
2.89701890945	-0.12	0.0	-0.676
2.90048599243	-0.12	0.0	-0.676
2.90395593643	0.0	0.012	-0.176
2.90742182732	0.076	-0.36	2.044
2.91089391708	0.076	-0.36	2.044
2.91436886787	-0.064	-0.132	0.576
2.91784191132	-0.044	0.1	-1.14
2.92132496834	-0.044	0.1	-1.14
2.92480587959	0.084	-0.272	2.044
2.92827892303	-0.032	-0.24	1.984
2.93175888062	-0.032	-0.24	1.984
2.93523287773	-0.076	0.112	-1.408
2.93870687485	0.056	-0.136	1.536
2.94218683243	0.056	-0.136	1.536
2.94566082954	0.024	-0.344	2.044
2.94913387299	-0.12	0.024	-0.912
2.9526078701	-0.12	0.024	-0.912
2.95608186722	0.0	-0.024	0.124
2.9595489502	0.056	-0.376	2.044
2.96303391457	0.056	-0.376	2.044
2.96650695801	-0.112	-0.108	0.232
2.96998000145	-0.06	0.08	-0.96
2.9734609127	0.084	-0.304	2.044
2.97693395615	0.084	-0.304	2.044
2.9804058075	-0.052	-0.216	1.624
2.9838809967	-0.084	0.136	-1.424
2.98735499382	-0.084	0.136	-1.424
2.99082779884	0.056	-0.168	1.856
2.99430584908	0.008	-0.32	2.044
2.99777984619	0.008	-0.32	2.044
3.00125193596	-0.096	0.068	-1.112
3.00473093987	0.028	-0.036	0.48
3.00820398331	0.028	-0.036	0.48
3.01168680191	0.068	-0.376	2.044
3.01515293121	-0.096	-0.06	-0.092
3.01862883568	-0.096	-0.06	-0.092
3.02210092545	-0.024	0.064	-0.732
3.02557897568	0.08	-0.32	2.044
3.02905392647	0.08	-0.32	2.044
3.03252792358	-0.032	-0.196	1.288
3.03600287437	-0.068	0.112	-1.38
3.03947687149	-0.068	0.112	-1.38
3.04299092293	0.064	-0.196	2.044
3.04646587372	-0.004	-0.3	2.044
3.04994082451	-0.104	0.064	-1.256
3.05342197418	-0.104	0.064	-1.256
3.05689501762	0.044	-0.072	0.828
3.06036782265	0.044	-0.372	2.044
3.06384181976	0.044	-0.372	2.044
3.06731891632	-0.112	-0.04	-0.392
3.07079386711	-0.02	0.04	-0.472
3.0742688179	-0.02	0.04	-0.472
3.07774686813	0.084	-0.344	2.044
3.08121991158	-0.08	-0.16	0.936
3.08469581604	-0.08	-0.16	0.936
3.0881729126	-0.092	0.128	-1.296
3.09165382385	0.036	-0.22	2.044
3.09512686729	0.036	-0.22	2.044
3.09859991074	-0.032	-0.268	2.044
3.10207986832	-0.088	0.108	-1.368
3.10555386543	-0.088	0.108	-1.368
3.10902881622	0.044	-0.096	1.172
3.11250281334	0.04	-0.352	2.044
3.11598491669	-0.112	-0.004	-0.664
3.11946392059	-0.112	-0.004	-0.664
3.12294602394	-0.016	0.012	-0.168
3.12642002106	0.092	-0.372	2.044
3.12989282608	0.092	-0.372	2.044
3.13337302208	-0.06	-0.12	0.588
3.1368470192	-0.06	0.092	-1.152
3.14032101631	-0.06	0.092	-1.152
3.14380097389	0.076	-0.272	2.044
3.14727401733	-0.016	-0.24	1.98
3.15074801445	-0.016	-0.24	1.98
3.15422296524	-0.072	0.116	-1.416
3.15770101547	0.064	-0.14	1.512
3.1611738205	0.064	-0.14	1.512
3.16465187073	-0.008	-0.332	2.044
3.16812586784	-0.116	0.02	-0.9
3.17160582542	-0.116	0.02	-0.9
3.17508196831	0.0	-0.016	0.136
3.17854785919	0.068	-0.376	2.044
3.18202781677	0.068	-0.376	2.044
3.18550086021	-0.112	-0.096	0.24
3.188975811	-0.064	0.084	-0.96
3.19245100021	0.068	-0.3	2.044
3.19592499733	0.068	-0.3	2.044
3.19939684868	-0.048	-0.228	1.644
3.20287799835	-0.096	0.14	-1.428
3.20635199547	-0.096	0.14	-1.428
3.20982694626	0.068	-0.164	1.848
3.21331501007	0.004	-0.32	2.044
3.21678900719	0.004	-0.32	2.044
3.22026181221	-0.088	0.044	-1.096
3.22374296188	0.036	-0.044	0.464
3.22721886635	0.036	-0.044	0.464
3.23069286346	0.072	-0.376	2.044
3.23416781425	-0.088	-0.044	-0.088
3.23764586449	-0.088	-0.044	-0.088
3.24112200737	-0.048	0.072	-0.736
3.24460101128	0.068	-0.324	2.044
3.2480738163	0.068	-0.324	2.044
3.25155282021	-0.032	-0.184	1.304
3.25502681732	-0.076	0.132	-1.388
3.25849986076	-0.076	0.132	-1.388
3.26198101044	0.064	-0.204	2.044
3.26545381546	0.004	-0.296	2.044
3.2689268589	-0.092	0.072	-1.24
3.27240085602	-0.092	0.072	-1.24
3.27587485313	0.04	-0.068	0.808
3.2793469429	0.04	-0.372	2.044
3.28282880783	0.04	-0.372	2.044
3.28630185127	-0.14	-0.04	-0.364
3.28977680206	-0.036	0.02	-0.48
3.29325795174	-0.036	0.02	-0.48
3.29672980309	0.068	-0.356	2.044
3.30020284653	-0.08	-0.168	0.948
3.3036839962	-0.08	-0.168	0.948
3.30715799332	-0.076	0.128	-1.304
3.31064081192	0.08	-0.24	2.044
3.31411600113	0.08	-0.24	2.044
3.31758880615	-0.008	-0.276	2.044
3.32106184959	-0.076	0.116	-1.356
3.32454180717	-0.076	0.116	-1.356
3.32801699638	0.056	-0.08	1.136
3.33148980141	0.04	-0.36	2.044
3.33496689796	-0.12	-0.004	-0.656
3.33844184875	-0.12	-0.004	-0.656
3.34192180634	-0.016	0.024	-0.196
3.34539484978	0.06	-0.356	2.044
3.34886789322	0.06	-0.356	2.044
3.35234189034	-0.08	-0.128	0.608
3.35581588745	-0.072	0.096	-1.152
3.35928893089	-0.072	0.096	-1.152
3.36276984215	0.088	-0.264	2.044
3.36624193192	-0.004	-0.248	1.992
3.36971592903	-0.004	-0.248	1.992
3.37319493294	-0.06	0.112	-1.408
3.37666893005	0.076	-0.136	1.5
3.38013792038	0.076	-0.136	1.5
3.38361287117	0.024	-0.336	2.044
3.38708686829	-0.1	0.012	-0.892
3.39056301117	-0.1	0.012	-0.892
3.39403891563	0.012	-0.016	0.124
3.39751601219	0.056	-0.36	2.044
3.40099000931	0.056	-0.36	2.044
3.40446901321	-0.116	-0.1	0.26
3.40796089172	-0.064	0.088	-0.968
3.41143488884	0.068	-0.292	2.044
3.41491484642	0.068	-0.292	2.044
3.41838788986	-0.028	-0.216	1.652
3.42186880112	-0.084	0.12	-1.428
3.42534399033	-0.084	0.12	-1.428
3.42881798744	0.068	-0.156	1.828
3.43229103088	0.016	-0.328	2.044
3.43576383591	0.016	-0.328	2.044
3.43923687935	-0.108	0.048	-1.084
3.44272899628	0.02	-0.04	0.452
3.44623398781	0.02	-0.04	0.452
3.44970798492	0.048	-0.372	2.044
3.4531879425	-0.096	-0.072	-0.06
3.45666193962	-0.096	-0.072	-0.06
3.46013689041	-0.032	0.056	-0.756
3.46361684799	0.088	-0.324	2.044
3.46709084511	0.088	-0.324	2.044
3.47056388855	-0.012	-0.188	1.284
3.47403788567	-0.052	0.12	-1.392
3.47751402855	-0.052	0.12	-1.392
3.48098683357	0.08	-0.196	2.044
3.4844648838	0.004	-0.296	2.044
3.48793792725	-0.1	0.076	-1.248
3.49141192436	-0.1	0.076	-1.248
3.49489188194	0.036	-0.072	0.8
3.49836683273	0.028	-0.364	2.044
3.50184583664	0.028	-0.364	2.044
3.50533890724	-0.148	-0.044	-0.348
3.50881481171	-0.032	0.028	-0.496
3.51229000092	-0.032	0.028	-0.496
3.51576399803	0.072	-0.348	2.044
3.51923680305	-0.06	-0.172	0.964
3.5227189064	-0.06	-0.172	0.964
3.52619194984	-0.076	0.116	-1.288
3.52966594696	0.08	-0.232	2.044
3.53314495087	0.08	-0.232	2.044
3.53661799431	-0.008	-0.264	2.044
3.54009199142	-0.084	0.092	-1.36
3.54357099533	-0.084	0.092	-1.36
3.54704499245	0.052	-0.104	1.136
3.55052185059	0.04	-0.352	2.044
3.55399680138	-0.112	0.004	-0.644
3.55747079849	-0.112	0.004	-0.644
3.56094503403	0.008	0.016	-0.216
3.56442284584	0.072	-0.36	2.044
3.56789588928	0.072	-0.36	2.044
3.57136893272	-0.068	-0.124	0.62
3.5748488903	-0.056	0.096	-1.16
3.57832288742	-0.056	0.096	-1.16
3.58179783821	0.072	-0.264	2.044
3.58526992798	-0.008	-0.248	2.008
3.58874392509	-0.008	-0.248	2.008
3.59221887589	-0.08	0.12	-1.408
3.595692873	0.052	-0.144	1.496
3.59916591644	0.052	-0.144	1.496
3.60265302658	0.004	-0.348	2.044
3.60612988472	-0.12	0.02	-0.88
3.60960197449	-0.12	0.02	-0.88
3.61308193207	0.004	-0.012	0.1
3.61655402184	0.072	-0.376	2.044
3.62002682686	0.072	-0.376	2.044
3.62350583076	-0.104	-0.116	0.28
3.62697982788	-0.052	0.1	-0.984
3.630453825	0.088	-0.296	2.044
3.63392782211	0.088	-0.296	2.044
3.63740181923	-0.032	-0.228	1.684
3.64087486267	-0.092	0.136	-1.428
3.64435601234	-0.092	0.136	-1.428
3.64783096313	0.052	-0.156	1.82
3.65130400658	-0.004	-0.328	2.044
3.65478396416	-0.004	-0.328	2.044
3.6582608223	-0.116	0.056	-1.092
3.66174197197	0.024	-0.044	0.436
3.66521596909	0.024	-0.044	0.436
3.66868901253	0.04	-0.372	2.044
3.67216181755	-0.096	-0.068	-0.06
3.67563581467	-0.096	-0.068	-0.06
3.67910885811	-0.028	0.064	-0.748
3.68258881569	0.092	-0.32	2.044
3.68606495857	0.092	-0.32	2.044
3.68953800201	-0.036	-0.188	1.34
3.69301795959	-0.06	0.124	-1.388
3.69649195671	-0.06	0.124	-1.388
3.69997596741	0.072	-0.204	2.044
3.70345497131	0.004	-0.296	2.044
3.70692896843	-0.092	0.068	-1.24
3.71040296555	-0.092	0.068	-1.24
3.71388101578	0.044	-0.064	0.772
3.7173538208	0.048	-0.372	2.044
3.72082686424	0.048	-0.372	2.044
3.72430586815	-0.12	-0.04	-0.368
3.72778081894	-0.036	0.044	-0.504
3.73125386238	-0.036	0.044	-0.504
3.73474383354	0.088	-0.348	2.044
3.73821783066	-0.092	-0.156	1.0
3.74169397354	-0.092	-0.156	1.0
3.74516487122	-0.092	0.12	-1.296
3.74863886833	0.052	-0.22	2.044
3.75211286545	0.052	-0.22	2.044
3.75558590889	-0.012	-0.28	2.044
3.75905990601	-0.092	0.112	-1.356
3.76253986359	-0.092	0.112	-1.356
3.76601696014	0.052	-0.096	1.132
3.76949095726	0.052	-0.36	2.044
3.77296996117	-0.096	-0.016	-0.64
3.77644586563	-0.096	-0.016	-0.64
3.77991986275	0.004	0.008	-0.212
3.7833969593	0.08	-0.36	2.044
3.78687000275	0.08	-0.36	2.044
3.79034280777	-0.06	-0.132	0.62
3.79381799698	-0.056	0.092	-1.164
3.79730200768	-0.056	0.092	-1.164
3.80077600479	0.076	-0.268	2.044
3.80425596237	-0.024	-0.252	2.008
3.80773496628	-0.024	-0.252	2.008
3.81120896339	-0.08	0.096	-1.412
3.81468701363	0.056	-0.14	1.476
3.81815981865	0.056	-0.14	1.476
3.82164287567	0.012	-0.328	2.044
3.82511687279	-0.108	0.016	-0.876
3.82859182358	-0.108	0.016	-0.876
3.83206582069	0.008	-0.012	0.104
3.83553791046	0.076	-0.376	2.044
3.83901190758	0.076	-0.376	2.044
3.84249091148	-0.108	-0.1	0.272
3.84596395493	-0.06	0.084	-0.98
3.84943699837	0.08	-0.292	2.044
3.85291600227	0.08	-0.292	2.044
3.85638999939	-0.052	-0.216	1.676
3.85986495018	-0.08	0.124	-1.424
3.86334490776	-0.08	0.124	-1.424
3.86681985855	0.068	-0.176	1.804
3.87029194832	0.016	-0.316	2.044
3.87376880646	0.016	-0.316	2.044
3.87724089622	-0.104	0.048	-1.08
3.88071489334	0.028	-0.044	0.436
3.88419294357	0.028	-0.044	0.436
3.88766598701	0.056	-0.38	2.044
3.89113903046	-0.1	-0.068	-0.044
3.89462685585	-0.1	-0.068	-0.044
3.89814090729	-0.048	0.06	-0.768
3.90162301064	0.06	-0.312	2.044
3.90509581566	0.06	-0.312	2.044
3.90856981277	-0.032	-0.192	1.336
3.91204380989	-0.064	0.12	-1.388
3.9155189991	-0.064	0.12	-1.388
3.91899180412	0.076	-0.2	2.044
3.92247200012	0.012	-0.3	2.044
3.92594385147	-0.088	0.08	-1.24
3.92942094803	-0.088	0.08	-1.24
3.93290090561	0.036	-0.06	0.78
3.93637299538	0.06	-0.388	2.044
3.93984699249	0.06	-0.388	2.044
3.9433259964	-0.124	-0.036	-0.36
3.94680190086	-0.044	0.044	-0.504
3.95027589798	-0.044	0.044	-0.504
3.9537498951	0.064	-0.352	2.044
3.95722389221	-0.084	-0.172	0.98
3.96069788933	-0.084	-0.172	0.98
3.96417689323	-0.084	0.116	-1.296
3.96765089035	0.064	-0.232	2.044
3.97112393379	0.064	-0.232	2.044
3.9746029377	-0.052	-0.264	2.044
3.97807693481	-0.092	0.108	-1.352
3.98156094551	-0.092	0.108	-1.352
3.98503684998	0.048	-0.104	1.128
3.98850989342	0.024	-0.36	2.044
3.99199390411	-0.116	0.0	-0.64
3.99546098709	-0.116	0.0	-0.64
3.99892687798	-0.02	0.024	-0.212
4.00240683556	0.072	-0.364	2.044
4.005879879	0.072	-0.364	2.044
4.00935292244	-0.052	-0.148	0.628
4.01283383369	-0.056	0.1	-1.172
4.01630091667	-0.056	0.1	-1.172
4.01976799965	0.084	-0.26	2.044
4.02323389053	-0.008	-0.252	2.016
4.02670383453	-0.008	-0.252	2.016
4.03017091751	-0.056	0.108	-1.412
4.03364396095	0.068	-0.128	1.464
4.03712296486	0.068	-0.128	1.464
4.0405960083	0.012	-0.34	2.044
4.04410386086	-0.116	0.028	-0.876
4.04757881165	-0.116	0.028	-0.876
4.05105280876	-0.004	-0.016	0.092
4.05453085899	0.052	-0.372	2.044
4.05800485611	0.052	-0.372	2.044
4.06147694588	-0.108	-0.108	0.28
4.06495690346	-0.068	0.084	-1.0
4.06842684746	0.088	-0.296	2.044
4.07190585136	0.088	-0.296	2.044
4.07537984848	-0.024	-0.216	1.688
4.0788538456	-0.068	0.12	-1.428
4.08232784271	-0.068	0.12	-1.428
4.08580183983	0.072	-0.16	1.812
4.0892868042	0.008	-0.32	2.044
4.0927670002	0.008	-0.32	2.044
4.09623980522	-0.104	0.052	-1.08
4.09971499443	0.032	-0.048	0.44
4.10319280624	0.032	-0.048	0.44
4.10666680336	0.052	-0.36	2.044
4.1101398468	-0.088	-0.076	-0.04
4.11361598969	-0.088	-0.076	-0.04
4.1170899868	-0.04	0.06	-0.764
4.12056398392	0.084	-0.32	2.044
4.12403893471	0.084	-0.32	2.044
4.12751293182	-0.028	-0.192	1.336
4.13098788261	-0.068	0.12	-1.388
4.13446784019	-0.068	0.12	-1.388
4.13794183731	0.056	-0.176	2.044
4.14141583443	-0.016	-0.3	2.044
4.14489889145	-0.104	0.068	-1.244
4.14837288857	-0.104	0.068	-1.244
4.15185379982	0.044	-0.068	0.776
4.15532779694	0.036	-0.368	2.044
4.15880084038	0.036	-0.368	2.044
4.16227889061	-0.128	-0.036	-0.336
4.16575598717	-0.032	0.04	-0.508
4.16922903061	-0.032	0.04	-0.508
4.17270898819	0.1	-0.348	2.044
4.17618203163	-0.068	-0.164	0.984
4.17965602875	-0.068	-0.164	0.984
4.18313503265	-0.084	0.12	-1.304
4.18662595749	0.072	-0.236	2.044
4.19010186195	0.072	-0.236	2.044
4.1935749054	-0.012	-0.276	2.044
4.19705295563	-0.1	0.084	-1.348
4.20052790642	-0.1	0.084	-1.348
4.20400881767	0.048	-0.092	1.12
4.20748186111	0.028	-0.344	2.044
4.21095490456	-0.108	-0.008	-0.62
4.21443080902	-0.108	-0.008	-0.62
4.21790981293	-0.008	0.016	-0.236
4.22138381004	0.08	-0.352	2.044
4.22486186028	0.08	-0.352	2.044
4.22833490372	-0.04	-0.132	0.636
4.2318148613	-0.056	0.1	-1.176
4.23528981209	-0.056	0.1	-1.176
4.23876285553	0.092	-0.268	2.044
4.24224185944	0.004	-0.276	2.036
4.24571490288	0.004	-0.276	2.036
4.24918699265	-0.08	0.108	-1.416
4.25267100334	0.06	-0.14	1.46
4.25614285469	0.06	-0.14	1.46
4.25961494446	0.016	-0.344	2.044
4.2630879879	-0.12	0.012	-0.876
4.26656198502	-0.12	0.012	-0.876
4.27003598213	0.016	-0.012	0.092
4.27350783348	0.068	-0.376	2.044
4.27697992325	0.068	-0.376	2.044
4.28045296669	-0.096	-0.084	0.288
4.28394198418	-0.064	0.088	-0.996
4.28741693497	0.068	-0.288	2.044
4.29089093208	0.068	-0.288	2.044
4.2943649292	-0.04	-0.224	1.7
4.29783892632	-0.092	0.136	-1.44
4.30131292343	-0.092	0.136	-1.44
4.30479598045	0.056	-0.156	1.792
4.30827093124	0.012	-0.332	2.044
4.31174492836	0.012	-0.332	2.044
4.3152179718	-0.112	0.04	-1.06
4.31869292259	0.036	-0.04	0.416
4.32217097282	0.036	-0.04	0.416
4.32564496994	0.072	-0.38	2.044
4.32911801338	-0.08	-0.068	-0.024
4.33259296417	-0.08	-0.068	-0.024
4.33606791496	-0.024	0.048	-0.76
4.3395409584	0.088	-0.32	2.044
4.34301900864	0.088	-0.32	2.044
4.34649300575	-0.04	-0.208	1.356
4.34996581078	-0.06	0.124	-1.4
4.35344099998	-0.06	0.124	-1.4
4.35691285133	0.064	-0.196	2.044
4.36038899422	-0.012	-0.308	2.044
4.3638689518	-0.1	0.064	-1.232
4.36734294891	-0.1	0.064	-1.232
4.37081694603	0.048	-0.052	0.76
4.37429189682	0.048	-0.368	2.044
4.37776899338	0.048	-0.368	2.044
4.38125181198	-0.124	-0.04	-0.336
4.38473296165	-0.032	0.036	-0.516
4.38820695877	-0.032	0.036	-0.516
4.39168596268	0.08	-0.34	2.044
4.39515995979	-0.068	-0.168	0.992
4.39863395691	-0.068	-0.168	0.992
4.40211391449	-0.08	0.116	-1.296
4.40558791161	0.08	-0.236	2.044
4.40910100937	0.08	-0.236	2.044
4.41258597374	0.0	-0.28	2.044
4.41605186462	-0.084	0.1	-1.348
4.41952586174	-0.084	0.1	-1.348
4.42300486565	0.06	-0.092	1.12
4.42647790909	0.036	-0.36	2.044
4.4299519062	-0.112	-0.016	-0.616
4.43342685699	-0.112	-0.016	-0.616
4.43690180779	-0.016	0.012	-0.236
4.44037485123	0.064	-0.344	2.044
4.44385385513	0.064	-0.344	2.044
4.44732689857	-0.068	-0.144	0.644
4.45080089569	-0.076	0.1	-1.172
4.45427584648	-0.076	0.1	-1.172
4.45775485039	0.072	-0.24	2.044
4.46122789383	-0.02	-0.256	2.024
4.46470689774	-0.02	-0.256	2.024
4.46818399429	-0.08	0.112	-1.428
4.47166395187	0.072	-0.132	1.456
4.47513580322	0.072	-0.132	1.456
4.47861790657	0.02	-0.36	2.044
4.48209691048	-0.116	0.02	-0.864
4.48557186127	-0.116	0.02	-0.864
4.48904585838	0.008	-0.012	0.084
4.49252390862	0.06	-0.368	2.044
4.49599790573	0.06	-0.368	2.044
4.49947094917	-0.104	-0.12	0.3
4.50295090675	-0.072	0.088	-0.996
4.5064239502	0.06	-0.296	2.044
4.50989580154	0.06	-0.296	2.044
4.51336884499	-0.036	-0.196	1.68
4.51684498787	-0.084	0.124	-1.424
4.52032089233	-0.084	0.124	-1.424
4.52380180359	0.064	-0.16	1.8
4.52727484703	0.016	-0.328	2.044
4.53074789047	0.016	-0.328	2.044
4.53422188759	-0.116	0.048	-1.076
4.53769993782	0.028	-0.04	0.4
4.54117202759	0.028	-0.04	0.4
4.54465103149	0.06	-0.368	2.044
4.54812288284	-0.092	-0.076	-0.016
4.55160284042	-0.092	-0.076	-0.016
4.55507683754	-0.044	0.064	-0.78
4.55855083466	0.084	-0.324	2.044
4.56202888489	0.084	-0.324	2.044
4.565502882	-0.032	-0.196	1.356
4.56897687912	-0.052	0.116	-1.392
4.5724568367	-0.052	0.116	-1.392
4.57594394684	0.08	-0.2	2.044
4.57941794395	-0.004	-0.304	2.044
4.58289194107	-0.1	0.08	-1.224
4.58636689186	-0.1	0.08	-1.224
4.58984088898	0.028	-0.068	0.748
4.59331297874	0.036	-0.368	2.044
4.59678697586	0.036	-0.368	2.044
4.60025882721	-0.144	-0.044	-0.324
4.60373997688	-0.044	0.056	-0.536
4.60721302032	-0.044	0.056	-0.536
4.61068797112	0.076	-0.344	2.044
4.61416196823	-0.076	-0.168	1.004
4.61764097214	-0.076	-0.168	1.004
4.62111496925	-0.072	0.12	-1.304
4.62459397316	0.076	-0.232	2.044
4.62807297707	0.076	-0.232	2.044
4.63155198097	0.0	-0.276	2.044
4.63501691818	-0.088	0.088	-1.344
4.63849186897	-0.088	0.088	-1.344
4.64197182655	0.048	-0.1	1.108
4.64544582367	0.036	-0.36	2.044
4.64891791344	-0.116	0.0	-0.612
4.6523900032	-0.116	0.0	-0.612
4.65585494041	-0.02	0.024	-0.248
4.65932798386	0.064	-0.352	2.044
4.66280698776	0.064	-0.352	2.044
4.66627883911	-0.064	-0.14	0.66
4.66975283623	-0.068	0.108	-1.184
4.67323589325	-0.068	0.108	-1.184
4.67671084404	0.084	-0.244	2.044
4.68018293381	-0.012	-0.252	2.044
4.6836669445	-0.012	-0.252	2.044
4.68714189529	-0.076	0.104	-1.4
4.69061589241	0.056	-0.136	1.432
4.69416093826	0.056	-0.136	1.432
4.69766902924	0.012	-0.34	2.044
4.70115184784	-0.12	0.016	-0.848
4.70463395119	-0.12	0.016	-0.848
4.70810389519	0.008	-0.004	0.06
4.71160793304	0.044	-0.368	2.044
4.7150888443	-0.1	-0.12	0.316
4.71856594086	-0.1	-0.12	0.316
4.72204780579	-0.06	0.092	-1.008
4.72552394867	0.08	-0.292	2.044
4.72899889946	0.08	-0.292	2.044
4.73248100281	-0.024	-0.228	1.736
4.73596000671	-0.08	0.124	-1.432
4.73943686485	-0.08	0.124	-1.432
4.74291682243	0.06	-0.16	1.768
4.74639081955	0.02	-0.332	2.044
4.74986600876	0.02	-0.332	2.044
4.75334095955	-0.12	0.036	-1.056
4.75681591034	0.012	-0.032	0.384
4.76028895378	0.012	-0.032	0.384
4.76376891136	0.052	-0.356	2.044
4.76724290848	-0.08	-0.076	-0.008
4.77073097229	-0.08	-0.076	-0.008
4.77421092987	-0.044	0.06	-0.804
4.77769088745	0.088	-0.312	2.044
4.78116583824	0.088	-0.312	2.044
4.78464603424	-0.036	-0.192	1.4
4.78812193871	-0.052	0.12	-1.388
4.7916059494	0.076	-0.192	2.044
4.79508185387	0.076	-0.192	2.044
4.79855585098	-0.008	-0.3	2.044
4.80203700066	-0.108	0.068	-1.224
4.8055138588	-0.108	0.068	-1.224
4.80898880959	0.036	-0.064	0.72
4.81246995926	0.04	-0.372	2.044
4.81594395638	0.04	-0.372	2.044
4.81941890717	-0.104	-0.056	-0.3
4.82289981842	-0.04	0.04	-0.556
4.82637500763	-0.04	0.04	-0.556
4.82984900475	0.08	-0.34	2.044
4.83332395554	-0.056	-0.172	1.04
4.83679986	-0.056	-0.172	1.04
4.84028697014	-0.072	0.096	-1.308
4.84377384186	0.064	-0.228	2.044
4.84724783897	0.064	-0.228	2.044
4.85072994232	-0.012	-0.276	2.044
4.85421085358	-0.096	0.088	-1.336
4.85768890381	0.048	-0.096	1.068
4.8611638546	0.048	-0.096	1.068
4.86464381218	0.028	-0.36	2.044
4.86813187599	-0.096	-0.012	-0.584
4.87161397934	-0.096	-0.012	-0.584
4.87509083748	-0.024	0.02	-0.272
4.87856602669	0.08	-0.352	2.044
4.88204598427	0.08	-0.352	2.044
4.88552093506	-0.044	-0.144	0.7
4.88899588585	-0.064	0.104	-1.196
4.8924779892	-0.064	0.104	-1.196
4.89595293999	0.088	-0.248	2.044
4.89943194389	-0.024	-0.248	2.044
4.90291380882	-0.024	-0.248	2.044
4.90638184547	-0.092	0.104	-1.412
4.9098508358	0.064	-0.128	1.416
4.91332292557	0.064	-0.128	1.416
4.9168009758	0.008	-0.344	2.044
4.92028999329	-0.12	0.012	-0.824
4.92377281189	-0.12	0.012	-0.824
4.9272480011	0.004	-0.008	0.028
4.9307308197	0.064	-0.38	2.044
4.93420600891	-0.088	-0.104	0.348
4.93768501282	-0.088	-0.104	0.348
4.94115996361	-0.06	0.096	-1.028
4.94464182854	0.072	-0.288	2.044
4.94811582565	0.072	-0.288	2.044
4.95160102844	-0.024	-0.224	1.764
4.95507884026	-0.08	0.12	-1.432
4.95855402946	-0.08	0.12	-1.432
4.96203589439	0.056	-0.152	1.728
4.96552085876	0.016	-0.324	2.044
4.96899580956	0.016	-0.324	2.044
4.97247600555	-0.1	0.044	-1.036
4.97595191002	0.024	-0.028	0.36
4.97942590714	0.024	-0.028	0.36
4.98294997215	0.064	-0.368	2.044
4.98642587662	-0.088	-0.084	0.024
4.9899020195	-0.088	-0.084	0.024
4.99337697029	-0.06	0.076	-0.82
4.99685192108	0.072	-0.312	2.044
