Timestamp 	 X-Axis 	 Y-Axis 	 Z-Axis
0.000306129455566	-0.02	-0.188	1.408
0.0232741832733	-0.008	-0.096	0.632
0.0460631847382	-0.016	-0.232	1.752
0.0688440799713	0.004	-0.052	0.268
0.0916271209717	-0.02	-0.176	1.352
0.11443400383	-0.008	-0.008	-0.008
0.137221097946	-0.004	-0.216	1.708
0.160003185272	0.004	0.0	-0.192
0.182775020599	-0.052	-0.24	1.98
0.205577135086	0.0	0.004	-0.232
0.228355169296	-0.02	-0.256	2.044
0.251137971878	0.012	0.02	-0.176
0.273918151855	-0.032	-0.268	2.044
0.296701192856	0.008	-0.016	0.044
0.319504022598	-0.044	-0.26	1.964
0.342287063599	-0.004	-0.056	0.344
0.365067005157	-0.024	-0.212	1.708
0.38786315918	-0.012	-0.1	0.72
0.410644054413	-0.024	-0.18	1.348
0.433426141739	-0.024	-0.152	1.112
0.456207036972	-0.016	-0.128	0.936
0.478994131088	-0.016	-0.196	1.484
0.501775979996	0.0	-0.084	0.552
0.524549007416	-0.024	-0.132	1.028
0.547337055206	0.008	-0.036	0.2
0.570116043091	-0.024	-0.192	1.432
0.592907190323	0.012	0.008	-0.06
0.615687131882	-0.04	-0.224	1.748
0.63848900795	-0.004	0.008	-0.204
0.661274194717	-0.036	-0.248	2.004
0.684061050415	0.028	0.02	-0.244
0.706849098206	-0.024	-0.264	2.044
0.72963309288	-0.008	0.0	-0.112
0.7524061203	-0.032	-0.256	2.044
0.775192022324	-0.004	-0.036	0.096
0.797978162766	-0.036	-0.236	1.928
0.820765018463	-0.012	-0.084	0.424
0.843545198441	-0.004	-0.192	1.636
0.866327047348	-0.024	-0.12	0.792
0.889106988907	-0.016	-0.18	1.26
0.911889076233	-0.028	-0.16	1.188
0.934677124023	0.0	-0.12	0.864
0.957454204559	-0.008	-0.112	0.72
0.980236053467	-0.008	-0.06	0.476
1.00301599503	-0.016	-0.156	1.12
1.02581906319	0.008	-0.032	0.124
1.04860019684	-0.02	-0.2	1.5
1.07139420509	0.004	-0.008	-0.1
1.09417510033	-0.02	-0.228	1.816
1.11696004868	0.004	0.02	-0.228
1.13974118233	-0.036	-0.26	2.036
1.16252112389	0.004	0.008	-0.22
1.18530607224	-0.024	-0.26	2.044
1.20808720589	0.016	-0.016	-0.084
1.23087406158	-0.036	-0.256	2.044
1.25365614891	-0.012	-0.04	0.152
1.27644705772	-0.02	-0.232	1.872
1.29923415184	-0.008	-0.076	0.492
1.32201719284	-0.016	-0.204	1.572
1.34481811523	0.0	-0.144	0.876
1.36760115623	-0.028	-0.164	1.184
1.3903901577	-0.008	-0.052	0.42
1.41317009926	-0.024	-0.104	0.788
1.43595600128	-0.02	-0.116	0.816
1.45873713493	0.012	-0.052	0.404
1.48151612282	-0.024	-0.164	1.208
1.50429797173	0.0	-0.024	0.096
1.52707409859	-0.024	-0.208	1.576
1.54986310005	0.012	0.008	-0.14
1.57264304161	-0.048	-0.232	1.88
1.59542417526	0.008	0.012	-0.228
1.61820411682	-0.032	-0.248	2.044
1.64098620415	0.012	-0.008	-0.196
1.66377997398	-0.036	-0.264	2.044
1.68657302856	-0.008	-0.016	-0.048
1.70935606956	-0.028	-0.236	2.032
1.73214101791	-0.012	-0.044	0.216
1.75492215157	-0.024	-0.24	1.824
1.77770209312	0.0	-0.088	0.564
1.80047297478	-0.012	-0.176	1.484
1.82325315475	-0.008	-0.044	0.156
1.84604001045	-0.012	-0.152	1.112
1.86882019043	0.004	-0.084	0.508
1.89159917831	0.004	-0.092	0.692
1.91438817978	-0.012	-0.136	0.888
1.93717503548	0.008	-0.052	0.336
1.95995497704	-0.016	-0.16	1.284
1.98273611069	0.0	-0.028	0.032
2.00551319122	-0.016	-0.22	1.644
2.02831315994	0.004	0.0	-0.164
2.05108618736	-0.028	-0.24	1.924
2.0738761425	0.0	0.004	-0.244
2.09665107727	-0.028	-0.264	2.044
2.11943697929	-0.004	0.004	-0.184
2.14221715927	-0.032	-0.248	2.044
2.16500020027	0.004	-0.012	0.0
2.18777704239	-0.028	-0.244	2.008
2.21055912971	-0.008	-0.064	0.276
2.23333907127	-0.036	-0.228	1.736
2.2561211586	0.016	-0.016	-0.044
2.27889800072	-0.02	-0.18	1.428
2.30168008804	0.0	-0.056	0.228
2.32445502281	-0.004	-0.14	1.028
2.34724402428	-0.004	-0.088	0.576
2.37003016472	-0.024	-0.084	0.628
2.39281105995	-0.008	-0.148	0.968
2.41559720039	0.0	-0.048	0.264
2.43838310242	-0.028	-0.176	1.356
2.46116614342	0.004	-0.02	-0.012
2.48394608498	-0.008	-0.22	1.696
2.50673413277	0.008	0.0	-0.184
2.52951097488	-0.048	-0.248	1.96
2.55230212212	0.016	0.012	-0.232
2.57508707047	-0.036	-0.244	2.044
2.59786820412	0.012	0.004	-0.148
2.620647192	-0.036	-0.268	2.044
2.64342808723	0.008	0.0	0.036
2.666203022	-0.04	-0.248	1.96
2.68898510933	0.0	0.0	-0.176
2.71174907684	-0.016	-0.208	1.696
2.73452806473	-0.004	-0.016	0.008
2.75732016563	-0.016	-0.176	1.348
2.78010511398	-0.028	-0.052	0.296
2.80288600922	-0.008	-0.128	0.948
2.82567214966	-0.012	-0.092	0.66
2.84845304489	0.004	-0.076	0.552
2.87123203278	-0.024	-0.144	1.048
2.89401817322	0.008	-0.036	0.196
2.91680407524	-0.032	-0.184	1.42
2.93958997726	0.004	-0.016	-0.056
2.96237015724	-0.028	-0.232	1.768
2.98515605927	0.004	0.0	-0.208
3.00792813301	-0.028	-0.248	1.988
3.03071403503	0.008	0.008	-0.232
3.05349302292	-0.024	-0.264	2.044
3.07627916336	0.004	0.0	-0.12
3.09905219078	-0.02	-0.264	2.044
3.12183308601	0.012	0.008	-0.232
3.14461612701	-0.036	-0.244	1.92
3.16740512848	0.0	0.008	-0.148
3.19019317627	-0.012	-0.204	1.636
3.21297597885	0.012	-0.032	0.056
3.23575901985	-0.016	-0.18	1.268
3.25854110718	0.008	-0.092	0.364
3.28132009506	-0.016	-0.116	0.872
3.30410408974	-0.012	-0.108	0.732
3.32688713074	0.0	-0.064	0.472
3.34967017174	-0.008	-0.156	1.112
3.37245512009	0.008	-0.036	0.148
3.39524412155	-0.028	-0.196	1.504
3.41802620888	0.008	-0.008	-0.096
3.44080710411	-0.024	-0.228	1.816
3.46358919144	0.004	0.008	-0.216
3.48638319969	-0.04	-0.248	2.032
3.50917100906	0.02	0.004	-0.212
3.53195118904	-0.028	-0.26	2.044
3.55473303795	0.008	0.004	-0.208
3.57751202583	-0.048	-0.26	2.044
3.60029220581	0.004	0.004	-0.232
3.6230711937	-0.028	-0.216	1.872
3.64585614204	0.008	-0.004	-0.116
3.66864800453	-0.008	-0.208	1.568
3.69143009186	-0.012	-0.016	0.108
3.71421217918	-0.016	-0.152	1.188
3.73699808121	-0.016	-0.064	0.432
3.75978517532	-0.008	-0.104	0.78
3.78256607056	-0.008	-0.128	0.804
3.80535316467	0.008	-0.052	0.408
3.82815098763	-0.028	-0.168	1.208
3.85093998909	0.016	-0.032	0.1
3.87372016907	-0.028	-0.196	1.58
3.89655208588	0.004	0.0	-0.132
3.91933107376	-0.036	-0.236	1.88
3.94211411476	0.008	0.004	-0.228
3.96490001678	-0.028	-0.252	2.044
3.98768520355	0.004	-0.004	-0.1
4.01046609879	-0.028	-0.268	2.044
4.03324699402	0.0	0.008	-0.224
4.05601906776	-0.024	-0.244	2.032
4.07880806923	0.004	-0.004	-0.216
4.10158920288	-0.012	-0.232	1.824
4.12437105179	0.008	0.012	-0.088
4.1471581459	-0.024	-0.192	1.492
4.16994309425	-0.02	-0.048	0.172
4.19273018837	-0.008	-0.172	1.108
4.21551799774	0.004	-0.084	0.512
4.23830413818	-0.008	-0.1	0.716
4.26108503342	-0.004	-0.128	0.892
4.28386616707	0.016	-0.072	0.344
4.30665802956	-0.028	-0.168	1.288
4.32944107056	0.0	-0.016	0.04
4.3522131443	-0.012	-0.212	1.64
4.37499499321	0.0	0.0	-0.164
4.39776420593	-0.032	-0.248	1.924
4.42054605484	0.008	-0.028	0.08
4.44332504272	-0.028	-0.264	2.044
4.46612119675	0.016	-0.012	-0.14
4.48890209198	-0.024	-0.252	2.044
4.5116891861	0.012	0.008	-0.232
4.53446912766	-0.032	-0.244	2.02
4.55726504326	0.008	0.0	-0.2
4.580037117	-0.024	-0.22	1.76
4.60282707214	0.008	-0.008	-0.032
4.62561202049	-0.004	-0.212	1.432
4.64839315414	-0.008	-0.056	0.236
4.67118000984	-0.012	-0.14	1.02
4.69396114349	-0.012	-0.092	0.584
4.71674799919	0.0	-0.096	0.632
4.73952412605	-0.008	-0.144	0.972
4.76230502129	0.0	-0.048	0.268
4.78508210182	-0.032	-0.184	1.36
4.80786919594	0.004	-0.012	-0.024
4.83065509796	-0.016	-0.22	1.708
4.85343599319	-0.004	-0.048	0.32
4.87622213364	-0.048	-0.24	1.968
4.89901614189	0.004	-0.016	0.024
4.92179703712	-0.036	-0.248	2.044
4.94457817078	0.004	0.0	-0.168
4.96735501289	-0.02	-0.276	2.044
4.99013900757	0.008	0.004	-0.236
