Timestamp 	 X-Axis 	 Y-Axis 	 Z-Axis
0.000304222106934	-0.012	-0.116	0.728
0.0102400779724	-0.04	-0.256	2.044
0.0199902057648	-0.016	-0.172	1.332
0.0297260284424	0.008	-0.004	-0.124
0.0394721031189	0.012	0.004	-0.192
0.0492231845856	-0.012	-0.148	1.112
0.0589570999146	-0.036	-0.26	2.044
0.0686950683594	-0.02	-0.124	0.94
0.0784420967102	0.016	0.024	-0.24
0.088210105896	0.0	-0.1	0.672
0.0979421138763	-0.024	-0.26	2.044
0.107688188553	-0.016	-0.184	1.4
0.117433071136	0.0	-0.004	-0.084
0.127169132233	0.0	-0.06	0.248
0.136917114258	-0.028	-0.224	1.816
0.146668195724	-0.028	-0.268	2.044
0.156415224075	-0.016	-0.14	1.004
0.166168212891	0.008	0.008	-0.216
0.175908088684	-0.008	-0.092	0.596
0.18564915657	-0.032	-0.236	2.044
0.195394039154	-0.02	-0.188	1.46
0.205137014389	0.008	-0.012	-0.052
0.214880228043	-0.004	-0.056	0.204
0.224631071091	-0.028	-0.232	1.772
0.234372138977	-0.012	-0.22	1.852
0.244113206863	0.0	-0.048	0.248
0.253854036331	0.004	-0.008	-0.092
0.263594150543	-0.008	-0.096	0.536
0.273350000381	-0.032	-0.24	2.0
0.283091068268	-0.012	-0.192	1.516
0.292839050293	0.004	-0.012	-0.016
0.302582025528	-0.004	-0.04	0.148
0.312323093414	-0.012	-0.228	1.704
0.322064161301	-0.02	-0.232	1.88
0.33180308342	0.004	-0.056	0.308
0.341547012329	0.004	0.0	-0.12
0.3512840271	-0.032	-0.172	1.32
0.361025094986	-0.032	-0.26	2.044
0.370765209198	-0.012	-0.188	1.584
0.380510091782	0.008	-0.024	0.024
0.390252113342	-0.012	-0.04	0.092
0.399992227554	-0.02	-0.216	1.664
0.409730195999	-0.044	-0.24	1.924
0.41947722435	-0.004	-0.048	0.376
0.429221153259	0.0	-0.008	-0.148
0.438975095749	-0.02	-0.164	1.26
0.44871711731	-0.02	-0.264	2.044
0.458473205566	-0.008	-0.112	0.804
0.46821808815	0.012	0.004	-0.236
0.477961063385	-0.008	-0.116	0.8
0.487700223923	-0.012	-0.2	1.612
0.497446060181	-0.036	-0.248	1.96
0.507191181183	0.004	-0.056	0.42
0.516935110092	-0.004	0.0	-0.168
0.526672124863	-0.024	-0.168	1.192
0.536418199539	-0.012	-0.26	2.044
0.546171188354	-0.004	-0.12	0.86
0.555912017822	0.012	0.012	-0.232
0.565650224686	-0.012	-0.12	0.74
0.575417041779	-0.04	-0.252	2.044
0.585175037384	-0.008	-0.176	1.328
0.594924211502	0.008	0.0	-0.124
0.604651212692	0.004	0.0	-0.188
0.614378213882	-0.016	-0.156	1.128
0.624136209488	-0.032	-0.256	2.044
0.633876085281	-0.004	-0.12	0.932
0.643615007401	0.008	0.016	-0.224
0.653353214264	-0.004	-0.108	0.68
0.663098096848	-0.04	-0.252	2.044
0.672840118408	-0.02	-0.18	1.4
0.682581186295	0.004	-0.016	-0.096
0.692320108414	0.004	-0.056	0.252
0.702060222626	-0.024	-0.224	1.816
0.711812019348	-0.028	-0.256	2.044
0.72155213356	-0.016	-0.14	1.0
0.731292009354	0.0	0.008	-0.22
0.74103307724	0.004	-0.1	0.608
0.750777006149	-0.032	-0.256	2.036
0.760518074036	-0.02	-0.172	1.456
0.770259141922	0.004	-0.012	-0.064
0.779998064041	-0.004	-0.052	0.196
0.789746999741	-0.02	-0.228	1.768
0.799488067627	-0.02	-0.224	1.836
0.809223175049	0.012	-0.048	0.248
0.818973064423	0.0	-0.008	-0.084
0.828703165054	-0.012	-0.092	0.544
0.838452100754	-0.028	-0.248	2.004
0.848389148712	-0.008	-0.188	1.512
0.858127117157	-0.004	-0.008	-0.024
0.867881059647	-0.004	-0.04	0.144
0.877629995346	-0.02	-0.232	1.724
0.887382030487	0.0	-0.256	1.88
0.897121191025	0.0	-0.048	0.3
0.906857013702	-0.004	-0.008	-0.112
0.916613101959	-0.036	-0.172	1.328
0.926366090775	-0.036	-0.252	2.044
0.936122179031	0.0	-0.108	0.732
0.945854187012	0.008	-0.012	0.016
0.955591201782	-0.012	-0.02	0.104
0.96533203125	-0.02	-0.22	1.664
0.975080013275	-0.036	-0.24	1.916
0.984818220139	0.004	-0.052	0.36
0.994703054428	0.008	0.012	-0.152
1.00443816185	-0.032	-0.16	1.26
1.01417803764	-0.036	-0.264	2.044
1.02392315865	-0.012	-0.116	0.8
1.03366303444	0.012	0.008	-0.232
1.04340720177	-0.016	-0.116	0.8
1.05314612389	-0.004	-0.208	1.624
1.06288313866	-0.044	-0.252	1.952
1.07262921333	-0.004	-0.052	0.416
1.08256101608	0.008	-0.008	-0.172
1.09230804443	-0.024	-0.16	1.196
1.10204815865	-0.016	-0.264	2.044
1.11179208755	-0.008	-0.12	0.852
1.12153315544	0.012	0.008	-0.224
1.13126921654	-0.02	-0.112	0.732
1.14100623131	-0.032	-0.256	2.044
1.15074515343	-0.012	-0.172	1.324
1.16049218178	0.004	-0.004	-0.124
1.17023205757	0.0	-0.004	-0.188
1.17996907234	-0.028	-0.156	1.132
1.18971610069	-0.024	-0.252	2.044
1.19945716858	-0.004	-0.124	0.924
1.20920610428	0.008	0.012	-0.228
1.21895217896	-0.016	-0.1	0.672
1.22869706154	-0.036	-0.252	2.036
1.23844504356	-0.012	-0.192	1.392
1.24820303917	0.008	-0.004	-0.104
1.2579472065	-0.016	-0.048	0.264
1.26769113541	-0.028	-0.224	1.824
1.27743601799	-0.024	-0.22	1.788
1.28718113899	0.0	-0.136	1.0
1.29691720009	0.012	0.012	-0.224
1.306661129	0.0	-0.1	0.608
1.316395998	-0.036	-0.252	2.036
1.326141119	-0.028	-0.192	1.444
1.33588218689	0.004	-0.008	-0.072
1.34562301636	0.0	-0.048	0.212
1.35535502434	-0.012	-0.236	1.796
1.36511206627	-0.016	-0.232	1.832
1.37485814095	0.0	-0.048	0.244
1.38461709023	0.0	-0.012	-0.088
1.39434814453	-0.004	-0.08	0.544
1.40408802032	-0.032	-0.248	2.012
1.41382312775	-0.02	-0.192	1.5
1.42356300354	0.0	-0.016	-0.032
1.43329501152	-0.004	-0.044	0.16
1.44303417206	-0.02	-0.228	1.728
1.45277714729	-0.012	-0.232	1.88
1.46252202988	0.012	-0.052	0.276
1.47226119041	0.004	-0.004	-0.112
1.48200106621	-0.024	-0.168	1.32
1.49175310135	-0.04	-0.252	2.044
1.50149917603	-0.008	-0.084	0.72
1.51124405861	0.0	-0.016	0.008
1.52097511292	-0.012	-0.032	0.12
1.53071522713	-0.02	-0.224	1.68
1.54046010971	-0.024	-0.244	1.916
1.55021715164	0.008	-0.056	0.34
1.55995512009	0.004	0.0	-0.14
1.56968617439	-0.04	-0.148	1.268
1.57943105698	-0.028	-0.268	2.044
1.58917617798	0.0	-0.12	0.784
1.59890723228	0.008	0.012	-0.236
1.60864114761	0.004	-0.116	0.812
1.6183860302	-0.02	-0.2	1.632
1.6281311512	-0.056	-0.244	1.94
1.63788604736	0.0	-0.052	0.408
1.64762020111	0.012	-0.004	-0.172
1.65736508369	-0.036	-0.156	1.204
1.6671102047	-0.02	-0.264	2.044
1.67685413361	-0.012	-0.12	0.856
1.68659901619	0.008	0.008	-0.232
1.69636011124	0.0	-0.088	0.728
1.70609617233	-0.036	-0.26	2.044
1.71583604813	-0.02	-0.164	1.316
1.72557520866	0.004	-0.004	-0.128
1.73531913757	0.012	-0.012	-0.176
1.74506521225	-0.024	-0.172	1.14
1.75481104851	-0.032	-0.26	2.044
1.76462006569	-0.008	-0.128	0.92
1.7743601799	0.0	0.016	-0.236
1.78409099579	-0.028	-0.092	0.68
1.79383516312	-0.036	-0.26	2.044
1.80357503891	-0.004	-0.18	1.384
1.81331110001	0.0	-0.004	-0.1
1.82304310799	-0.004	-0.068	0.264
1.8327832222	-0.016	-0.232	1.824
1.84252214432	-0.02	-0.252	2.044
1.85225820541	-0.012	-0.12	0.996
1.86200618744	0.004	0.024	-0.232
1.87174510956	0.004	-0.104	0.62
1.88148403168	-0.036	-0.256	2.04
1.89122509956	-0.012	-0.192	1.444
1.90097022057	0.004	-0.016	-0.072
1.91072416306	-0.02	-0.036	0.216
1.92047810555	-0.028	-0.224	1.788
1.93021821976	-0.028	-0.216	1.808
1.93996310234	0.008	-0.044	0.232
1.94970917702	-0.004	-0.004	-0.088
1.95946621895	0.0	-0.084	0.568
1.96920800209	-0.044	-0.268	2.036
1.97895407677	-0.016	-0.2	1.5
1.98869419098	0.012	-0.02	-0.028
1.99843811989	0.016	-0.04	0.16
2.00817203522	-0.024	-0.216	1.74
2.01791906357	-0.024	-0.236	1.868
2.02766513824	0.0	-0.056	0.288
2.03739905357	0.0	-0.012	-0.104
2.04713606834	-0.012	-0.18	1.332
2.05688214302	-0.04	-0.264	2.044
2.06662607193	-0.016	-0.088	0.72
2.07637000084	0.0	-0.02	0.008
2.08610510826	-0.004	-0.04	0.116
2.09585404396	-0.016	-0.22	1.692
2.10559511185	-0.02	-0.244	1.9
2.11534118652	0.004	-0.056	0.336
2.12508320808	0.0	0.0	-0.14
2.13480615616	-0.028	-0.172	1.276
2.14468121529	-0.032	-0.26	2.044
2.15442419052	-0.004	-0.112	0.772
2.16416501999	0.004	0.012	-0.252
2.17390322685	-0.004	-0.136	0.816
2.18365311623	-0.024	-0.216	1.644
2.19339418411	-0.032	-0.248	1.944
2.20313405991	0.016	-0.06	0.424
2.21286916733	0.004	0.004	-0.16
2.22261404991	-0.036	-0.16	1.22
2.23235702515	-0.024	-0.268	2.044
2.24209713936	-0.004	-0.12	0.836
2.25184011459	0.016	0.008	-0.232
2.2615840435	0.0	-0.112	0.76
2.2713201046	-0.048	-0.264	2.044
2.28106617928	-0.016	-0.176	1.308
2.29080700874	0.008	-0.008	-0.12
2.30055117607	0.012	0.0	-0.192
2.31028103828	-0.024	-0.172	1.152
2.32002401352	-0.032	-0.264	2.044
2.32976412773	-0.004	-0.128	0.9
2.33950710297	0.016	0.008	-0.224
2.34924507141	0.0	-0.1	0.696
2.35898017883	-0.036	-0.252	2.044
2.3687210083	-0.028	-0.18	1.372
2.37846708298	0.0	-0.008	-0.104
2.38820314407	0.0	-0.056	0.272
2.39794921875	-0.02	-0.224	1.836
2.40768504143	-0.028	-0.252	2.044
2.41743421555	-0.008	-0.132	0.976
2.4271800518	-0.008	0.008	-0.224
2.43692517281	-0.012	-0.108	0.636
2.44666910172	-0.028	-0.252	2.044
2.45643210411	-0.008	-0.176	1.432
2.46617722511	0.0	-0.016	-0.076
2.47590923309	-0.024	-0.036	0.216
2.48564720154	-0.02	-0.232	1.792
2.4953930378	-0.016	-0.22	1.82
2.50513911247	0.016	-0.036	0.248
2.51488304138	-0.008	-0.008	-0.076
2.52462220192	-0.004	-0.092	0.572
2.53438019753	-0.044	-0.256	2.012
2.54431009293	-0.004	-0.18	1.476
2.55405306816	0.012	-0.012	-0.036
2.5637960434	-0.008	-0.048	0.156
2.57353711128	-0.024	-0.22	1.744
2.58328318596	-0.028	-0.228	1.86
2.59302520752	0.008	-0.044	0.284
2.60276412964	0.0	-0.008	-0.104
2.61249113083	-0.024	-0.18	1.348
2.62223410606	-0.04	-0.256	2.044
2.63199305534	-0.004	-0.092	0.696
2.64173412323	0.004	-0.012	-0.008
2.65147304535	0.016	-0.04	0.124
2.66121721268	-0.016	-0.224	1.688
2.67096209526	-0.032	-0.244	1.92
2.68070101738	-0.004	-0.06	0.34
2.69044113159	0.0	0.004	-0.132
2.70017409325	-0.028	-0.176	1.284
2.70992016792	-0.032	-0.26	2.044
2.71965909004	-0.008	-0.104	0.772
2.72942113876	0.004	0.0	-0.232
2.73915600777	-0.008	-0.128	0.848
2.74890017509	-0.012	-0.224	1.648
2.75864505768	-0.024	-0.248	1.936
2.76840114594	-0.008	-0.052	0.396
2.77814102173	0.008	0.0	-0.16
2.78787517548	-0.028	-0.16	1.22
2.79762101173	-0.024	-0.252	2.044
2.80735707283	-0.004	-0.116	0.836
2.81710720062	0.008	0.012	-0.236
2.82685017586	-0.004	-0.128	0.768
2.83659505844	-0.04	-0.252	2.044
2.84633016586	-0.008	-0.196	1.3
2.85607600212	0.008	0.008	-0.144
2.86581921577	0.008	0.0	-0.18
2.87554812431	-0.032	-0.168	1.156
2.88529205322	-0.028	-0.256	2.044
2.89503717422	-0.008	-0.128	0.904
2.90478205681	0.032	0.0	-0.22
2.91451406479	-0.008	-0.096	0.704
2.92425322533	-0.044	-0.26	2.044
2.93399214745	-0.02	-0.172	1.356
2.9437391758	0.008	-0.008	-0.108
2.95347809792	0.012	-0.064	0.288
2.96321606636	-0.024	-0.232	1.84
2.97295618057	-0.032	-0.256	2.044
2.98269915581	-0.012	-0.144	0.96
2.99244904518	0.008	0.016	-0.224
3.00220704079	-0.028	-0.096	0.64
3.01194310188	-0.004	-0.28	2.044
3.02169513702	-0.024	-0.18	1.42
3.03144001961	0.012	-0.02	-0.084
3.04122400284	0.004	-0.044	0.22
3.0509660244	-0.016	-0.228	1.804
3.06071305275	-0.028	-0.22	1.808
3.07045817375	-0.008	-0.036	0.22
3.08019709587	-0.016	-0.016	-0.064
3.08993721008	-0.008	-0.092	0.572
3.09968018532	-0.02	-0.256	2.02
3.10942411423	-0.012	-0.192	1.484
3.11916899681	0.004	0.0	-0.06
3.12890005112	-0.024	-0.036	0.18
3.13863706589	-0.036	-0.228	1.736
3.14838600159	-0.016	-0.224	1.848
3.1581351757	0.0	-0.052	0.268
3.16786623001	-0.008	0.0	-0.1
3.17759799957	-0.024	-0.192	1.36
3.18734312057	-0.028	-0.264	2.044
3.19708800316	0.004	-0.208	1.544
3.20682501793	0.012	-0.012	-0.012
3.21658420563	-0.008	-0.028	0.136
3.22632908821	-0.02	-0.224	1.7
3.23607420921	-0.032	-0.228	1.892
3.24581503868	0.008	-0.08	0.34
3.25555205345	0.0	-0.012	-0.128
3.26529121399	-0.032	-0.176	1.3
3.27504706383	-0.04	-0.264	2.044
3.2847931385	0.0	-0.104	0.764
3.29452800751	0.012	0.0	-0.24
3.30426502228	-0.016	-0.112	0.84
3.31400609016	-0.008	-0.212	1.656
3.32374715805	-0.036	-0.24	1.936
3.33348822594	-0.004	-0.06	0.376
3.3432290554	0.004	0.0	-0.16
3.35296106339	-0.02	-0.16	1.224
3.36270022392	-0.024	-0.252	2.044
3.37244105339	-0.024	-0.116	0.816
3.38218617439	0.004	0.004	-0.236
3.39192414284	-0.012	-0.124	0.784
3.40166401863	-0.032	-0.256	2.044
3.4114010334	-0.016	-0.18	1.284
3.42114305496	-0.004	-0.064	0.432
3.43088817596	0.004	0.004	-0.176
3.44062805176	-0.02	-0.168	1.168
3.45036816597	-0.024	-0.256	2.044
3.46013617516	-0.016	-0.12	0.892
3.46988201141	0.0	0.008	-0.232
3.47961711884	-0.008	-0.124	0.72
3.48935818672	-0.032	-0.256	2.044
3.49909806252	-0.012	-0.176	1.348
3.50884604454	0.004	-0.004	-0.116
3.51859021187	-0.008	-0.048	0.284
3.52832913399	-0.032	-0.232	1.848
3.53807020187	-0.024	-0.26	2.044
3.54782509804	-0.004	-0.14	0.952
3.55757021904	0.024	0.008	-0.228
3.56731414795	-0.004	-0.096	0.648
3.57705521584	-0.036	-0.26	2.044
3.58680009842	-0.016	-0.16	1.408
3.59654021263	0.008	-0.012	-0.088
3.60627818108	0.004	-0.064	0.24
3.61602020264	-0.04	-0.224	1.808
3.62579011917	-0.02	-0.228	1.808
3.63607811928	0.0	-0.044	0.208
3.64582109451	-0.004	-0.008	-0.072
3.65556311607	-0.012	-0.192	1.424
3.66531014442	-0.024	-0.244	2.028
3.67505502701	-0.028	-0.192	1.472
3.68480205536	-0.004	-0.008	-0.048
3.69461607933	-0.008	-0.036	0.188
3.70436000824	-0.02	-0.236	1.76
3.71410107613	-0.016	-0.224	1.868
3.72384214401	0.0	-0.06	0.256
3.73357319832	-0.012	-0.004	-0.096
3.74331307411	-0.028	-0.184	1.372
3.753054142	-0.024	-0.26	2.044
3.76279616356	0.0	-0.084	0.688
3.77252721786	0.004	-0.016	-0.016
3.78226613998	-0.028	-0.036	0.14
3.7920050621	-0.028	-0.232	1.708
3.80174612999	-0.032	-0.232	1.896
3.81148314476	0.008	-0.052	0.316
3.82123923302	0.024	0.0	-0.128
3.83097600937	-0.028	-0.184	1.308
3.84073209763	-0.024	-0.272	2.044
3.8504691124	0.0	-0.108	0.748
3.86020207405	0.016	0.0	-0.24
3.86993718147	-0.016	-0.116	0.848
3.87968206406	-0.028	-0.264	2.044
3.88944220543	-0.036	-0.236	1.932
3.89918112755	0.004	-0.056	0.372
3.90892910957	0.008	0.004	-0.148
3.91867303848	-0.032	-0.168	1.252
3.92841315269	-0.032	-0.252	2.044
3.93815207481	-0.008	-0.12	0.812
3.94789719582	0.024	-0.004	-0.228
3.95766210556	-0.004	-0.12	0.788
3.96740722656	-0.028	-0.256	2.044
3.97714805603	-0.016	-0.18	1.276
3.98689222336	-0.004	-0.004	-0.144
3.99663710594	0.004	0.004	-0.172
4.00637102127	-0.012	-0.168	1.184
4.01611614227	-0.02	-0.26	2.044
4.02586221695	-0.012	-0.116	0.876
4.03560209274	0.0	0.012	-0.236
4.04533910751	-0.004	-0.112	0.728
4.05508208275	-0.008	-0.272	2.044
4.06483602524	-0.024	-0.18	1.344
4.0746421814	0.004	-0.012	-0.124
4.08438420296	-0.024	-0.056	0.3
4.09414505959	-0.024	-0.232	1.86
4.10388922691	-0.004	-0.228	1.744
4.11363005638	-0.004	-0.124	0.948
4.12337112427	0.008	0.012	-0.22
4.13310909271	-0.012	-0.108	0.664
4.14284610748	-0.032	-0.252	2.044
4.15259718895	-0.016	-0.176	1.4
4.16234111786	0.008	-0.004	-0.092
4.17208218575	-0.008	-0.052	0.24
4.18182110786	-0.044	-0.22	1.816
4.19156122208	0.0	-0.224	1.8
4.20129203796	0.004	-0.036	0.192
4.2110311985	0.004	-0.012	-0.06
4.22077322006	0.008	-0.1	0.584
4.23051714897	-0.036	-0.244	2.032
4.24025702477	-0.028	-0.192	1.472
4.24999809265	0.008	-0.012	-0.06
4.25973701477	-0.004	-0.056	0.192
4.2694811821	-0.024	-0.232	1.756
4.27922606468	-0.02	-0.224	1.84
4.28896713257	0.016	-0.08	0.244
4.29870510101	0.008	-0.004	-0.088
4.30844902992	-0.02	-0.18	1.376
4.31819415092	-0.052	-0.256	2.044
4.32793402672	-0.024	-0.092	0.672
4.3376750946	-0.012	-0.016	-0.016
4.34741520882	-0.004	-0.04	0.148
4.35715913773	-0.012	-0.232	1.716
4.36691904068	-0.024	-0.236	1.884
4.37667322159	0.004	-0.048	0.316
4.3864171505	0.0	-0.004	-0.116
4.39615321159	-0.032	-0.176	1.3
4.4058880806	-0.024	-0.264	2.044
4.41563010216	-0.008	-0.088	0.736
4.42537117004	0.004	0.008	-0.228
4.43511414528	-0.008	-0.12	0.856
4.44485807419	-0.012	-0.264	2.044
4.45465707779	-0.024	-0.24	1.928
4.46439909935	0.008	-0.056	0.368
4.47413921356	0.0	0.0	-0.144
4.48386120796	-0.044	-0.168	1.252
4.49360203743	-0.024	-0.26	2.044
4.50334215164	-0.004	-0.116	0.808
4.51309800148	0.016	0.0	-0.236
4.52282905579	-0.008	-0.12	0.804
4.53256607056	-0.044	-0.26	2.044
4.54230213165	-0.016	-0.164	1.272
4.55205011368	0.008	0.004	-0.148
4.56178402901	0.004	0.008	-0.176
4.5715200901	-0.02	-0.16	1.188
4.58126401901	-0.032	-0.252	2.044
4.5910141468	-0.008	-0.124	0.872
4.60076713562	0.016	0.012	-0.24
4.61050200462	-0.012	-0.12	0.728
4.62024402618	-0.04	-0.252	2.044
4.62998914719	-0.024	-0.172	1.316
4.63974714279	0.0	-0.004	-0.124
4.64948010445	0.012	-0.06	0.304
4.65921902657	-0.016	-0.244	1.868
4.66896700859	-0.02	-0.216	1.732
4.67871308327	-0.02	-0.124	0.936
4.68844914436	0.008	0.008	-0.22
4.69818806648	-0.004	-0.112	0.668
4.70793700218	-0.032	-0.248	2.044
4.71767401695	-0.02	-0.18	1.388
4.72740912437	-0.008	-0.012	-0.1
4.7373521328	-0.016	-0.048	0.256
4.74709200859	-0.012	-0.224	1.82
4.75684213638	0.004	-0.252	1.796
4.76658821106	0.0	-0.032	0.196
4.77631807327	-0.004	0.0	-0.052
4.78605508804	-0.012	-0.096	0.604
4.79579520226	-0.032	-0.232	2.024
4.80552601814	-0.012	-0.188	1.456
4.81527304649	0.008	0.004	-0.064
4.82501721382	0.004	-0.056	0.208
4.83476114273	-0.036	-0.22	1.768
4.84450221062	-0.016	-0.224	1.84
4.85423803329	0.008	-0.048	0.248
4.86398720741	0.004	0.004	-0.104
4.87372708321	-0.036	-0.18	1.384
4.88346719742	-0.044	-0.256	2.044
4.89320707321	0.0	-0.088	0.664
4.90293812752	0.004	-0.016	0.0
4.91269421577	0.0	-0.048	0.16
4.92242503166	-0.016	-0.232	1.732
4.93216609955	-0.032	-0.232	1.88
4.94190812111	-0.004	-0.044	0.3
4.95165205002	0.004	0.0	-0.116
4.961384058	-0.028	-0.176	1.328
4.97113609314	-0.044	-0.256	2.044
4.98087620735	-0.012	-0.104	0.732
4.99062013626	0.0	0.0	-0.224
Timestamp 	 X-Axis 	 Y-Axis 	 Z-Axis
0.000311136245728	-0.012	-0.124	0.764
0.0102391242981	-0.032	-0.26	2.044
0.0199840068817	-0.02	-0.164	1.28
0.0297200679779	-0.008	-0.004	-0.14
0.0394561290741	-0.012	-0.064	0.344
0.0492079257965	-0.024	-0.232	1.896
0.0589411258698	-0.016	-0.216	1.708
0.0686810016632	0.008	-0.028	0.12
0.0784270763397	0.004	0.004	-0.228
0.0881791114807	-0.004	-0.108	0.716
0.0979189872742	-0.036	-0.26	2.044
0.107663154602	-0.008	-0.176	1.348
0.11740899086	-0.004	-0.004	-0.116
0.127150058746	-0.032	-0.048	0.296
0.136909008026	-0.016	-0.232	1.848
0.146650075912	-0.016	-0.22	1.744
0.156391143799	0.008	-0.032	0.168
0.166140079498	0.004	-0.02	-0.044
0.175879001617	-0.028	-0.196	1.484
0.18562412262	-0.04	-0.256	2.044
0.195363998413	-0.02	-0.184	1.42
0.205109119415	0.004	-0.016	-0.084
0.214853048325	-0.012	-0.04	0.228
0.224591016769	-0.02	-0.232	1.804
0.234331130981	-0.028	-0.212	1.796
0.244071960449	0.008	-0.036	0.216
0.253826141357	0.008	-0.012	-0.068
0.263602972031	-0.02	-0.18	1.42
0.273359060287	-0.044	-0.252	2.044
0.283102989197	-0.008	-0.084	0.628
0.292848110199	0.004	0.0	-0.22
0.302578926086	0.004	-0.056	0.188
0.31231713295	-0.016	-0.232	1.756
0.322055101395	-0.016	-0.228	1.852
0.331793069839	0.0	-0.044	0.268
0.341521978378	-0.012	-0.008	-0.088
0.351268053055	-0.024	-0.176	1.364
0.361007928848	-0.032	-0.268	2.044
0.370746135712	-0.008	-0.092	0.692
0.380484104156	0.004	-0.004	-0.228
0.390221118927	-0.016	-0.136	0.908
0.399960041046	-0.02	-0.26	2.044
0.409698963165	-0.02	-0.224	1.892
0.41943693161	0.008	-0.056	0.32
0.429172992706	-0.012	0.008	-0.128
0.438928127289	-0.04	-0.18	1.312
0.448667049408	-0.024	-0.268	2.044
0.458418130875	-0.004	-0.096	0.748
0.468156099319	0.024	0.02	-0.248
0.47789311409	-0.016	-0.12	0.844
0.48763012886	-0.032	-0.264	2.044
0.497368097305	-0.02	-0.152	1.216
0.50710606575	0.004	-0.004	-0.168
0.516844034195	-0.004	-0.068	0.408
0.52658200264	-0.032	-0.172	1.248
0.536319971085	-0.036	-0.26	2.044
0.546069145203	-0.008	-0.116	0.816
0.555807113647	0.016	0.004	-0.236
0.565549135208	-0.004	-0.096	0.776
0.575303077698	-0.048	-0.264	2.044
0.585055112839	-0.032	-0.168	1.284
0.594829082489	0.0	-0.016	-0.144
0.604561090469	0.012	-0.08	0.344
0.61430311203	-0.028	-0.236	1.888
0.624045133591	-0.032	-0.212	1.696
0.633788108826	0.004	-0.024	0.104
0.643526077271	0.008	0.008	-0.236
0.653262138367	-0.004	-0.116	0.716
0.662999153137	-0.032	-0.256	2.044
0.672737121582	-0.02	-0.188	1.344
0.682475090027	0.0	-0.012	-0.116
0.692203998566	0.0	-0.056	0.288
0.70193195343	-0.008	-0.232	1.828
0.711683988571	-0.02	-0.208	1.752
0.721423149109	0.008	-0.048	0.156
0.731158018112	-0.008	-0.016	-0.04
0.740899085999	-0.032	-0.196	1.488
0.750643968582	-0.032	-0.256	2.044
0.760381937027	-0.012	-0.188	1.42
0.77012014389	0.012	-0.008	-0.088
0.779858112335	-0.02	-0.044	0.24
0.78960108757	-0.024	-0.232	1.808
0.799339056015	-0.016	-0.224	1.792
0.809076070786	0.004	-0.032	0.216
0.818822145462	-0.004	-0.004	-0.064
0.828565120697	-0.04	-0.18	1.436
0.838303089142	-0.04	-0.248	2.044
0.848041057587	0.012	-0.08	0.612
0.857778072357	0.016	0.0	-0.052
0.867526054382	0.016	-0.048	0.18
0.877268075943	-0.032	-0.228	1.764
0.887020111084	-0.028	-0.232	1.844
0.896758079529	0.0	-0.052	0.26
0.906491041183	0.004	-0.004	-0.092
0.916234016418	-0.02	-0.18	1.368
0.925976991653	-0.04	-0.252	2.044
0.935714960098	0.0	-0.096	0.676
0.94545006752	0.016	-0.004	-0.224
0.955194950104	-0.004	-0.136	0.92
0.964939117432	-0.028	-0.26	2.044
0.974676132202	-0.048	-0.228	1.9
0.984420061111	-0.004	-0.052	0.316
0.994157075882	-0.012	-0.004	-0.12
1.003895998	-0.02	-0.172	1.312
1.01364302635	-0.02	-0.256	2.044
1.0233809948	-0.008	-0.1	0.748
1.03311896324	0.0	0.008	-0.236
1.04285502434	-0.012	-0.128	0.848
1.05259299278	-0.028	-0.26	2.044
1.06233096123	-0.016	-0.156	1.208
1.07206892967	0.0	0.0	-0.168
1.08178901672	0.02	-0.012	-0.152
1.09153604507	-0.036	-0.168	1.248
1.10127401352	-0.016	-0.264	2.044
1.11101102829	-0.008	-0.104	0.808
1.12074899673	0.008	0.008	-0.236
1.13048505783	-0.012	-0.112	0.788
1.14022302628	-0.044	-0.264	2.044
1.14996004105	-0.016	-0.164	1.268
1.15969800949	0.012	-0.004	-0.152
1.16943597794	0.024	-0.06	0.364
1.17916893959	-0.04	-0.248	1.904
1.18892002106	-0.028	-0.22	1.696
1.19866013527	-0.012	-0.124	0.876
1.20839905739	-0.004	0.024	-0.224
1.21813607216	-0.016	-0.104	0.724
1.22787904739	-0.044	-0.252	2.044
1.23762011528	-0.02	-0.18	1.34
1.24736309052	0.012	0.0	-0.12
1.25709199905	0.008	-0.064	0.3
1.26683306694	-0.028	-0.236	1.864
1.2765750885	-0.032	-0.208	1.736
1.28631806374	-0.004	-0.044	0.152
1.29605603218	0.0	-0.016	-0.02
1.30578994751	0.0	-0.112	0.664
1.31552410126	-0.012	-0.264	2.044
1.32526803017	-0.016	-0.188	1.404
1.3350110054	-0.004	-0.012	-0.092
1.34475302696	-0.008	-0.044	0.248
1.35449504852	-0.024	-0.232	1.816
1.36424612999	-0.016	-0.224	1.792
1.37398910522	-0.004	-0.044	0.196
1.38373208046	-0.008	-0.012	-0.056
1.39347100258	-0.024	-0.192	1.44
1.40320801735	-0.008	-0.264	2.044
1.41294598579	0.004	-0.08	0.604
1.42268109322	0.0	-0.004	-0.056
1.43241095543	-0.02	-0.036	0.2
1.44214701653	-0.028	-0.204	1.768
1.45188808441	-0.02	-0.224	1.84
1.46162605286	0.004	-0.056	0.248
1.47136807442	0.004	-0.008	-0.088
1.48111009598	-0.028	-0.196	1.384
1.490858078	-0.048	-0.256	2.044
1.50059700012	0.004	-0.092	0.664
1.51033306122	0.02	0.016	-0.252
1.52006912231	-0.036	-0.124	0.928
1.52980613708	-0.024	-0.232	1.72
1.53954410553	-0.028	-0.24	1.876
1.54928708076	0.004	-0.056	0.32
1.559030056	0.008	-0.008	-0.116
1.56876802444	-0.02	-0.18	1.332
1.57850599289	-0.032	-0.248	2.044
1.58824801445	-0.016	-0.108	0.736
1.59798598289	0.004	0.012	-0.232
1.60772109032	-0.004	-0.152	0.856
1.61745905876	-0.04	-0.264	2.044
1.627202034	-0.02	-0.16	1.204
1.63695311546	-0.008	-0.044	0.352
1.64670014381	0.0	-0.004	-0.144
1.6564309597	-0.028	-0.172	1.26
1.66617298126	-0.016	-0.256	2.044
1.67591714859	-0.012	-0.1	0.804
1.68565893173	0.0	0.0	-0.228
1.69538593292	-0.008	-0.12	0.8
1.70512700081	-0.016	-0.26	2.044
1.71486902237	-0.012	-0.168	1.26
1.72460603714	0.0	0.0	-0.16
1.73433113098	-0.016	-0.052	0.364
1.74406814575	-0.028	-0.236	1.892
1.75380897522	-0.028	-0.264	2.044
1.76354694366	-0.004	-0.108	0.864
1.77328705788	0.012	0.008	-0.236
1.78302311897	0.004	-0.12	0.764
1.79276299477	-0.036	-0.252	2.044
1.8025021553	-0.02	-0.176	1.332
1.81224012375	0.008	-0.004	-0.128
1.82197713852	0.004	-0.064	0.312
1.83171200752	-0.04	-0.244	1.868
1.84145092964	-0.02	-0.216	1.74
1.85118794441	0.008	-0.036	0.156
1.86092209816	0.016	0.004	-0.232
1.87066292763	-0.004	-0.096	0.668
1.8803999424	-0.036	-0.244	2.044
1.89013695717	-0.024	-0.192	1.388
1.89987492561	0.004	-0.008	-0.1
1.90962600708	-0.008	-0.052	0.244
1.91936898232	-0.016	-0.228	1.82
1.92910695076	-0.028	-0.216	1.78
1.93884396553	-0.008	-0.048	0.184
1.94859004021	0.0	-0.016	-0.052
1.9583261013	-0.024	-0.192	1.448
1.96807312965	-0.032	-0.26	2.044
1.97781014442	-0.02	-0.196	1.448
1.98754811287	-0.004	-0.008	-0.064
1.99728512764	-0.016	-0.04	0.208
2.00702810287	-0.016	-0.232	1.772
2.01676511765	-0.004	-0.236	1.848
2.02650713921	0.004	-0.048	0.244
2.036247015	0.0	-0.008	-0.076
2.04598212242	-0.032	-0.192	1.384
2.05572009087	-0.028	-0.248	2.044
2.06546211243	-0.004	-0.084	0.664
2.07520413399	0.004	0.004	-0.224
2.08494496346	-0.016	-0.04	0.156
2.09469199181	-0.02	-0.22	1.728
2.10443615913	-0.016	-0.232	1.872
2.11417913437	0.012	-0.04	0.296
2.12391996384	0.0	-0.008	-0.108
2.13365197182	-0.04	-0.184	1.324
2.14339399338	-0.032	-0.248	2.044
2.15313196182	0.0	-0.112	0.728
2.16286015511	0.028	0.004	-0.232
2.17259502411	-0.016	-0.132	0.872
2.18233799934	-0.032	-0.256	2.044
2.19208097458	-0.028	-0.252	1.912
2.20182108879	-0.004	-0.044	0.352
2.21155905724	0.004	-0.008	-0.144
2.22129607201	-0.02	-0.168	1.264
2.23103904724	-0.032	-0.264	2.044
2.24077701569	-0.012	-0.116	0.792
2.25051903725	0.016	-0.016	-0.224
2.26025795937	0.012	-0.14	0.812
2.26999902725	-0.02	-0.264	2.044
2.27974104881	-0.032	-0.176	1.252
2.28947901726	-0.012	0.0	-0.16
2.29920911789	-0.028	-0.048	0.376
2.3089530468	-0.032	-0.152	1.196
2.31869602203	-0.02	-0.264	2.044
2.32843399048	-0.012	-0.116	0.86
2.33817100525	0.008	0.0	-0.236
2.34790611267	-0.012	-0.124	0.748
2.35764813423	-0.028	-0.252	2.044
2.36739110947	-0.024	-0.176	1.312
2.37712907791	0.004	-0.004	-0.14
2.38687300682	-0.012	-0.06	0.316
2.3966190815	-0.028	-0.244	1.872
2.40636515617	0.008	-0.22	1.736
2.41610312462	0.012	-0.14	0.924
2.42584514618	0.016	0.012	-0.228
2.43558597565	-0.02	-0.084	0.676
2.44532704353	-0.044	-0.252	2.044
2.45507907867	-0.02	-0.18	1.38
2.46481895447	0.008	-0.004	-0.1
2.47455406189	0.0	-0.06	0.264
2.48428702354	-0.02	-0.24	1.844
2.49402594566	-0.012	-0.22	1.784
2.50376701355	0.012	-0.032	0.192
2.51350498199	0.008	-0.008	-0.048
2.52324199677	-0.032	-0.192	1.452
2.53297996521	-0.044	-0.244	2.044
2.54271912575	-0.024	-0.184	1.436
2.55246400833	0.004	0.0	-0.068
2.56219315529	0.008	-0.048	0.212
2.57192897797	-0.008	-0.224	1.784
2.58166694641	-0.032	-0.22	1.824
2.59140992165	0.0	-0.032	0.22
2.60113692284	-0.004	-0.008	-0.08
2.6108751297	-0.02	-0.18	1.392
2.62061309814	-0.024	-0.252	2.044
2.63037204742	0.0	-0.084	0.66
2.64010095596	0.0	-0.016	-0.036
2.64983105659	-0.016	-0.052	0.172
2.65956902504	-0.008	-0.224	1.736
2.6693110466	-0.032	-0.224	1.872
2.67905402184	-0.004	-0.048	0.288
2.68879199028	-0.02	-0.004	-0.108
2.69853401184	-0.036	-0.18	1.344
2.70827698708	-0.028	-0.252	2.044
2.71801996231	0.004	-0.1	0.724
2.72777104378	0.008	0.008	-0.236
2.73750805855	-0.036	-0.12	0.884
2.74724698067	-0.036	-0.256	2.044
2.75698399544	-0.028	-0.24	1.888
2.76672697067	0.008	-0.044	0.348
2.77646398544	-0.004	-0.012	-0.14
2.78620696068	-0.028	-0.176	1.28
2.79594492912	-0.02	-0.264	2.044
2.80568814278	0.004	-0.112	0.776
2.81542897224	0.016	0.008	-0.224
2.8251709938	-0.008	-0.112	0.816
2.83490896225	-0.044	-0.252	2.044
2.84464502335	-0.02	-0.18	1.248
2.8543920517	-0.004	0.0	-0.16
2.86412596703	0.012	-0.008	-0.148
2.87386798859	-0.02	-0.156	1.208
2.88364601135	-0.036	-0.26	2.044
2.89338493347	-0.016	-0.112	0.844
2.90312314034	0.004	0.008	-0.236
2.91285896301	0.0	-0.132	0.748
2.9225871563	-0.032	-0.26	2.044
2.93232512474	-0.036	-0.18	1.308
2.94206309319	0.004	-0.008	-0.136
2.95180511475	-0.012	-0.044	0.332
2.96154093742	-0.008	-0.232	1.876
2.97127914429	-0.008	-0.22	1.728
2.98101615906	-0.016	-0.116	0.912
2.99075293541	0.004	0.0	-0.244
3.00050210953	-0.02	-0.1	0.688
3.01024007797	-0.028	-0.264	2.044
3.01999115944	-0.016	-0.18	1.368
3.02973508835	0.008	-0.004	-0.108
3.03947806358	-0.008	-0.056	0.276
3.04921507835	-0.032	-0.228	1.836
3.05895400047	0.004	-0.228	1.768
3.06869602203	0.008	-0.04	0.18
3.07843804359	-0.004	-0.012	-0.036
3.08817601204	-0.016	-0.092	0.628
3.09791207314	-0.056	-0.244	2.044
3.10765504837	0.0	-0.184	1.432
3.1173889637	0.012	-0.004	-0.076
3.12713193893	0.008	-0.052	0.22
3.13686800003	-0.036	-0.232	1.792
3.14661097527	-0.02	-0.236	1.812
3.15635204315	0.008	-0.052	0.224
3.16609311104	0.008	-0.008	-0.084
3.17582702637	-0.02	-0.172	1.404
3.18557310104	-0.04	-0.256	2.044
3.19531202316	-0.024	-0.188	1.492
3.20505595207	0.004	-0.02	-0.036
3.21482014656	0.008	-0.048	0.164
3.22455811501	-0.02	-0.216	1.74
3.23430204391	-0.036	-0.232	1.864
3.24404215813	0.004	-0.048	0.284
3.25378894806	0.004	-0.012	-0.112
3.26352500916	-0.008	-0.188	1.344
3.27327203751	-0.032	-0.268	2.044
3.28301095963	-0.008	-0.1	0.696
3.2927479744	0.008	0.016	-0.24
3.30248713493	-0.024	-0.116	0.888
3.31222510338	-0.016	-0.224	1.688
3.32196307182	-0.024	-0.236	1.904
3.33170104027	-0.012	-0.048	0.344
3.34143805504	-0.004	-0.012	-0.14
3.35118103027	-0.028	-0.176	1.276
3.36091995239	-0.02	-0.268	2.044
3.37065696716	0.004	-0.104	0.772
3.38039302826	0.004	0.004	-0.24
3.39013409615	-0.028	-0.116	0.832
3.39987206459	-0.056	-0.248	2.044
3.4096159935	-0.008	-0.168	1.236
3.41935396194	0.004	-0.048	0.4
3.42909598351	0.008	-0.008	-0.16
3.43883800507	-0.02	-0.18	1.224
3.44857692719	-0.028	-0.26	2.044
3.45834112167	0.008	-0.108	0.82
3.46808505058	0.004	0.008	-0.24
3.47782707214	0.0	-0.124	0.764
3.48755502701	-0.04	-0.256	2.044
3.49729299545	-0.016	-0.184	1.3
3.50703501701	0.012	0.0	-0.136
3.51676893234	-0.02	-0.06	0.332
3.526512146	-0.024	-0.228	1.88
3.53624892235	-0.036	-0.256	2.044
3.54600214958	-0.016	-0.124	0.9
3.55574393272	0.004	0.004	-0.228
3.56548595428	-0.02	-0.104	0.72
3.57522892952	-0.032	-0.26	2.044
3.58497214317	-0.032	-0.172	1.36
3.59470915794	0.004	-0.004	-0.116
3.60444998741	-0.012	-0.048	0.284
3.61419296265	-0.016	-0.228	1.84
3.62393498421	-0.02	-0.232	1.764
3.63421010971	-0.02	-0.024	0.176
3.64395999908	-0.004	-0.008	-0.04
3.65370512009	-0.02	-0.196	1.472
3.66344404221	-0.016	-0.252	2.044
3.67318201065	0.004	-0.192	1.428
3.68291902542	0.008	-0.012	-0.084
3.69265604019	-0.008	-0.068	0.22
3.70239305496	-0.032	-0.228	1.796
3.71213102341	-0.008	-0.232	1.82
3.72186899185	0.008	-0.044	0.212
3.73160505295	0.0	-0.008	-0.072
3.74133300781	-0.032	-0.18	1.412
3.75107598305	-0.04	-0.252	2.044
3.76081705093	0.016	-0.08	0.624
3.77055215836	0.004	-0.008	-0.04
3.78028893471	0.004	-0.052	0.172
3.79002904892	-0.028	-0.228	1.748
3.79976701736	-0.052	-0.232	1.852
3.80950498581	0.008	-0.04	0.276
3.81925296783	0.016	0.0	-0.096
3.82898807526	-0.032	-0.172	1.348
3.83872699738	-0.048	-0.264	2.044
3.84846496582	-0.016	-0.104	0.704
3.85820198059	0.008	0.004	-0.236
3.86794304848	-0.024	-0.128	0.904
3.87768602371	-0.02	-0.228	1.704
3.88742899895	-0.032	-0.236	1.896
3.89716815948	0.0	-0.056	0.328
3.90690612793	0.008	-0.008	-0.132
3.91665005684	-0.02	-0.176	1.288
3.92639303207	-0.028	-0.28	2.044
3.93613195419	-0.024	-0.1	0.764
3.94587397575	0.008	0.0	-0.232
3.95562911034	-0.02	-0.12	0.824
3.96537303925	-0.024	-0.248	2.044
3.97511696815	-0.008	-0.16	1.228
3.9848549366	-0.004	0.004	-0.164
3.99459195137	-0.004	-0.008	-0.156
4.0043361187	-0.032	-0.164	1.236
4.01408314705	-0.024	-0.272	2.044
4.02382612228	-0.004	-0.12	0.824
4.03361201286	0.0	0.004	-0.244
4.04334306717	-0.02	-0.116	0.764
4.05308103561	-0.032	-0.252	2.044
4.06282305717	-0.012	-0.168	1.296
4.07256007195	0.008	0.0	-0.136
4.08228898048	-0.008	-0.064	0.34
4.09204792976	-0.048	-0.224	1.892
4.10178804398	-0.032	-0.264	2.044
4.11153101921	-0.004	-0.108	0.896
4.12126898766	0.02	0.004	-0.24
4.13100504875	0.0	-0.112	0.712
4.14073300362	-0.028	-0.292	2.044
4.15047597885	-0.028	-0.18	1.356
4.1602139473	0.008	-0.004	-0.108
4.16995096207	-0.02	-0.048	0.284
4.17968606949	-0.02	-0.232	1.856
4.18943309784	-0.028	-0.22	1.756
4.19917201996	0.0	-0.032	0.164
4.20890498161	0.0	-0.016	-0.032
4.21863412857	0.012	-0.104	0.644
4.22837710381	-0.036	-0.256	2.044
4.23811411858	-0.036	-0.18	1.416
4.24785804749	-0.012	-0.004	-0.088
4.25760102272	-0.024	-0.044	0.236
4.26734399796	-0.024	-0.224	1.796
4.27708697319	-0.008	-0.224	1.808
4.28683209419	0.008	-0.036	0.212
4.29656815529	-0.012	-0.008	-0.068
4.30631113052	-0.02	-0.184	1.428
4.31605315208	-0.036	-0.248	2.044
4.32579708099	-0.012	-0.184	1.48
4.3355410099	-0.004	-0.016	-0.052
4.34528398514	-0.004	-0.044	0.184
4.3550260067	-0.024	-0.232	1.76
4.36477613449	-0.012	-0.22	1.856
4.37458014488	0.04	-0.072	0.28
4.38432502747	-0.004	0.0	-0.096
4.39405894279	-0.032	-0.18	1.376
4.40379905701	-0.036	-0.268	2.044
4.41354012489	0.004	-0.088	0.688
4.42327713966	0.016	0.0	-0.232
4.43300509453	-0.016	-0.144	0.904
4.44274306297	-0.024	-0.228	1.704
4.45248103142	-0.036	-0.236	1.896
4.46221899986	0.004	-0.048	0.324
4.47196006775	0.008	-0.008	-0.128
4.48169803619	-0.032	-0.152	1.3
4.49143600464	-0.04	-0.264	2.044
4.50117301941	-0.028	-0.092	0.736
4.51093101501	0.016	0.004	-0.228
4.52066802979	0.0	-0.12	0.836
4.53039813042	-0.028	-0.264	2.044
4.54013514519	-0.032	-0.16	1.212
4.5498790741	-0.004	-0.064	0.368
4.55961608887	0.004	-0.004	-0.152
4.56935310364	-0.02	-0.176	1.244
4.57909107208	-0.02	-0.26	2.044
4.58883094788	-0.004	-0.116	0.824
4.59856796265	0.004	0.012	-0.236
4.60830402374	-0.004	-0.12	0.784
4.61804199219	-0.028	-0.256	2.044
4.62777996063	-0.016	-0.164	1.284
4.63753700256	0.0	-0.004	-0.136
4.64727306366	0.0	-0.08	0.352
4.65700101852	-0.02	-0.232	1.904
4.66674900055	-0.012	-0.256	2.044
4.67649102211	-0.004	-0.12	0.884
4.68623304367	0.0	0.008	-0.228
4.69596600533	-0.028	-0.096	0.716
4.70570898056	-0.04	-0.264	2.044
4.71545314789	-0.012	-0.18	1.336
4.72519493103	0.008	-0.008	-0.116
4.73493313789	0.008	-0.06	0.288
4.74466705322	-0.032	-0.228	1.848
4.75441002846	-0.016	-0.216	1.752
4.76415109634	0.012	-0.032	0.156
4.77389097214	0.02	0.008	-0.224
4.78362894058	0.0	-0.108	0.652
4.79335713387	-0.048	-0.252	2.044
4.80309414864	-0.024	-0.188	1.408
4.81283593178	0.016	-0.016	-0.084
4.82257413864	0.008	-0.036	0.232
4.83230900764	-0.02	-0.236	1.808
4.84204697609	-0.012	-0.228	1.82
4.85178303719	0.0	-0.04	0.208
4.86151099205	-0.008	-0.012	-0.068
4.87125301361	-0.016	-0.184	1.428
4.88099193573	-0.04	-0.256	2.044
4.89073014259	-0.02	-0.192	1.464
4.90046811104	0.004	-0.016	-0.048
4.91022109985	-0.004	-0.044	0.188
4.91996312141	-0.012	-0.232	1.768
4.92970108986	-0.02	-0.224	1.852
4.93943810463	-0.008	-0.044	0.26
4.94918012619	-0.016	0.0	-0.096
4.95891594887	-0.024	-0.176	1.368
4.96866798401	-0.012	-0.244	2.044
4.97840595245	0.004	-0.092	0.68
4.98814201355	0.012	0.004	-0.224
4.99787807465	0.004	-0.052	0.14
