Timestamp 	 X-Axis 	 Y-Axis 	 Z-Axis
0.00030779838562	-0.02	-0.264	2.044
0.00515985488892	-0.032	-0.248	1.976
0.00983190536499	-0.012	-0.172	1.32
0.0144939422607	0.0	-0.064	0.456
0.0191509723663	0.0	-0.004	-0.124
0.0238230228424	0.0	0.0	-0.18
0.0284659862518	-0.02	-0.052	0.328
0.0331249237061	-0.028	-0.16	1.148
0.0377848148346	-0.016	-0.244	1.872
0.0424590110779	-0.016	-0.256	2.044
0.0471179485321	-0.016	-0.256	2.044
0.0517768859863	0.004	-0.208	1.712
0.0564339160919	-0.016	-0.108	0.92
0.0610928535461	0.008	-0.028	0.132
0.0657730102539	0.024	0.016	-0.228
0.0704398155212	-0.004	-0.012	-0.008
0.0751068592072	0.0	-0.104	0.688
0.0797729492188	-0.016	-0.2	1.54
0.0844388008118	-0.04	-0.256	2.044
0.0891108512878	-0.032	-0.256	2.016
0.0937769412994	-0.008	-0.18	1.368
0.0984787940979	0.008	-0.06	0.512
0.103143930435	0.008	-0.06	0.512
0.107815027237	0.008	0.0	-0.1
0.112469911575	0.012	0.012	-0.196
0.117136001587	0.012	-0.044	0.256
0.121810913086	-0.024	-0.144	1.08
0.126483917236	-0.024	-0.232	1.824
0.131165027618	-0.032	-0.264	2.044
0.135835886002	-0.024	-0.22	1.776
0.140506982803	-0.016	-0.144	0.972
0.145179986954	0.008	-0.048	0.18
0.149844884872	0.008	0.012	-0.212
0.154507875443	0.004	-0.012	-0.044
0.15917801857	0.004	-0.012	-0.044
0.163841962814	-0.024	-0.088	0.628
0.168517827988	-0.032	-0.18	1.476
0.173184871674	-0.044	-0.244	2.044
0.177850008011	-0.04	-0.248	2.044
0.18251490593	-0.008	-0.192	1.436
0.187180995941	0.012	-0.072	0.58
0.19184589386	0.008	-0.008	-0.076
0.196515798569	0.016	0.0	-0.22
0.201171875	0.012	-0.052	0.224
0.205840826035	-0.008	-0.156	1.028
0.210521936417	-0.024	-0.232	1.796
0.2151927948	-0.024	-0.232	1.796
0.21987080574	-0.028	-0.264	2.044
0.224535942078	-0.028	-0.216	1.8
0.229206800461	-0.032	-0.132	1.044
0.233870983124	0.004	-0.052	0.228
0.238539934158	0.0	0.004	-0.216
0.243196964264	-0.004	0.0	-0.092
0.247857809067	-0.016	-0.1	0.572
0.25252199173	-0.028	-0.18	1.412
0.257187843323	-0.024	-0.24	2.028
0.261861801147	-0.028	-0.256	2.044
0.266526937485	-0.016	-0.188	1.496
0.271193027496	-0.016	-0.188	1.496
0.275882005692	-0.012	-0.084	0.644
0.280557870865	0.008	-0.008	-0.04
0.285229921341	0.004	0.004	-0.224
0.28989481926	-0.004	-0.028	0.176
0.29455780983	-0.008	-0.128	0.944
0.299223899841	-0.004	-0.224	1.744
0.303887844086	-0.028	-0.256	2.044
0.308554887772	-0.016	-0.236	1.868
0.313218832016	-0.032	-0.14	1.104
0.317884922028	-0.008	-0.04	0.284
0.322549819946	0.0	0.008	-0.2
0.327209949493	0.0	0.008	-0.2
0.331869840622	-0.024	-0.004	-0.104
0.336536884308	-0.02	-0.088	0.504
0.341214895248	-0.028	-0.188	1.344
0.34588599205	-0.024	-0.244	1.988
0.350550889969	-0.004	-0.28	2.044
0.355227947235	-0.004	-0.196	1.548
0.359894990921	0.0	-0.104	0.708
0.364552021027	0.008	-0.016	-0.008
0.369215965271	0.008	0.012	-0.224
0.373878955841	-0.008	-0.032	0.124
0.37854886055	-0.012	-0.124	0.892
0.383213996887	-0.012	-0.124	0.892
0.38788485527	-0.028	-0.208	1.672
0.392560005188	-0.012	-0.26	2.044
0.397231817245	-0.012	-0.232	1.9
0.401895999908	-0.008	-0.152	1.168
0.406566858292	0.008	-0.044	0.316
0.411231994629	0.004	0.0	-0.184
0.415905952454	0.0	-0.004	-0.14
0.420563936234	-0.012	-0.072	0.464
0.425243854523	-0.032	-0.184	1.292
0.429910898209	-0.036	-0.244	1.96
0.434575796127	-0.036	-0.256	2.044
0.439245939255	-0.036	-0.256	2.044
0.443910837173	-0.012	-0.212	1.616
0.448580980301	0.012	-0.096	0.768
0.453244924545	0.024	-0.02	0.04
0.457907915115	0.036	0.012	-0.232
0.46257185936	0.008	-0.02	0.088
0.467240810394	-0.008	-0.116	0.836
0.471904993057	-0.024	-0.212	1.644
0.47657585144	-0.036	-0.268	2.044
0.481240987778	-0.04	-0.244	1.936
0.485910892487	-0.024	-0.164	1.236
0.490576028824	-0.02	-0.052	0.396
0.495245933533	-0.02	-0.052	0.396
0.499917984009	0.012	-0.012	-0.16
0.504581928253	0.004	-0.008	-0.144
0.509253025055	0.008	-0.064	0.4
0.513914823532	-0.024	-0.148	1.232
0.51858496666	-0.036	-0.248	1.92
0.523259878159	-0.032	-0.256	2.044
0.527925014496	-0.028	-0.22	1.66
0.53258895874	-0.012	-0.116	0.828
0.537253856659	0.0	-0.024	0.076
0.541908979416	0.008	0.012	-0.232
0.54657793045	0.008	0.012	-0.232
0.551240921021	0.02	-0.048	0.036
0.555914878845	-0.004	-0.116	0.764
0.56057882309	-0.016	-0.188	1.596
0.565249919891	-0.032	-0.256	2.044
0.569918870926	-0.048	-0.248	1.98
0.574584007263	-0.04	-0.172	1.292
0.579255819321	-0.004	-0.064	0.444
0.583920001984	-0.008	0.004	-0.136
0.588585853577	0.004	0.004	-0.18
0.593256950378	-0.008	-0.048	0.336
0.597926855087	-0.012	-0.152	1.168
0.602591991425	-0.012	-0.152	1.168
0.607262849808	-0.016	-0.232	1.892
0.611927986145	-0.012	-0.248	2.044
0.616591930389	-0.004	-0.212	1.704
0.621258020401	-0.012	-0.12	0.896
0.62592291832	-0.008	-0.032	0.124
0.630586862564	0.004	0.008	-0.232
0.635262966156	-0.008	-0.016	0.008
0.639928817749	-0.008	-0.124	0.708
0.644598007202	-0.02	-0.204	1.54
0.649267911911	-0.028	-0.252	2.044
0.653941869736	-0.04	-0.248	1.976
0.658612012863	-0.04	-0.248	1.976
0.663276910782	-0.012	-0.188	1.36
0.667948007584	0.012	-0.048	0.512
0.672610998154	0.004	0.016	-0.116
0.677278995514	0.008	0.012	-0.208
0.681940793991	-0.02	-0.048	0.292
0.686610937119	-0.028	-0.136	1.104
0.691275835037	-0.004	-0.24	1.856
0.695943832397	-0.016	-0.26	2.044
0.700609922409	-0.008	-0.208	1.756
0.705281019211	-0.008	-0.132	0.96
0.70994591713	-0.008	-0.044	0.176
0.714619874954	-0.008	-0.044	0.176
0.719292879105	-0.004	0.008	-0.224
0.723955869675	-0.004	0.0	-0.036
0.728616952896	-0.024	-0.1	0.64
0.733281850815	-0.032	-0.192	1.48
0.737947940826	-0.04	-0.248	2.044
0.742612838745	-0.024	-0.26	2.024
0.747282981873	-0.004	-0.18	1.416
0.751952886581	0.008	-0.068	0.564
0.756620883942	0.02	-0.008	-0.08
0.761286020279	0.012	0.004	-0.2
0.765954017639	0.004	-0.056	0.232
0.770617008209	0.004	-0.056	0.232
0.775283813477	-0.02	-0.14	1.036
0.779948949814	-0.02	-0.22	1.812
0.784621953964	-0.024	-0.26	2.044
0.789291858673	-0.028	-0.216	1.808
0.79395699501	-0.012	-0.132	1.016
0.798626899719	0.012	-0.044	0.208
0.803289890289	0.004	0.008	-0.216
0.807951927185	0.004	-0.004	-0.064
0.812618970871	0.0	-0.084	0.588
0.817273855209	-0.02	-0.196	1.416
0.821939945221	-0.036	-0.248	2.028
0.82660484314	-0.036	-0.248	2.028
0.831269979477	-0.036	-0.244	2.044
0.83593583107	-0.02	-0.184	1.472
0.840600967407	-0.004	-0.084	0.632
0.845265865326	0.008	-0.004	-0.052
0.849928855896	0.012	0.012	-0.22
0.854591846466	0.008	-0.048	0.204
0.859264850616	-0.016	-0.132	0.984
0.863928794861	-0.028	-0.22	1.764
0.868594884872	-0.036	-0.268	2.044
0.873258829117	-0.036	-0.228	1.856
0.877928972244	-0.02	-0.148	1.08
0.882592916489	-0.02	-0.148	1.08
0.88726401329	-0.008	-0.044	0.264
0.89192700386	0.0	0.016	-0.2
0.896582841873	0.0	0.004	-0.096
0.90123796463	-0.012	-0.084	0.524
0.905907869339	-0.012	-0.188	1.36
0.910573005676	-0.024	-0.24	2.008
0.91525387764	-0.024	-0.248	2.044
0.919919013977	-0.012	-0.192	1.536
0.924583911896	-0.02	-0.08	0.692
0.929253816605	0.0	-0.008	-0.004
0.933913946152	0.008	0.0	-0.224
0.93857383728	0.008	0.0	-0.224
0.943235874176	-0.012	-0.036	0.14
0.947906970978	-0.008	-0.132	0.904
0.952570915222	-0.016	-0.216	1.712
0.957242012024	-0.016	-0.256	2.044
0.961906909943	-0.004	-0.252	1.9
0.966576814651	-0.016	-0.148	1.148
0.971242904663	0.0	-0.044	0.316
0.975898981094	0.004	0.004	-0.188
0.98056101799	0.0	-0.012	-0.124
0.98521900177	-0.016	-0.072	0.464
0.989882946014	-0.036	-0.176	1.304
0.994546890259	-0.036	-0.176	1.304
0.999216794968	-0.016	-0.232	1.952
1.00389385223	-0.028	-0.252	2.044
1.00856494904	-0.004	-0.196	1.592
1.01322984695	-0.008	-0.112	0.752
1.01789498329	0.012	-0.016	0.028
1.02255892754	0.004	0.016	-0.228
1.0272269249	-0.02	-0.028	0.096
1.03189182281	-0.032	-0.132	0.852
1.03656196594	-0.028	-0.216	1.66
1.04122591019	-0.032	-0.264	2.044
1.0459048748	-0.012	-0.248	1.924
1.05057096481	-0.012	-0.248	1.924
1.05524086952	-0.02	-0.156	1.224
1.05990600586	0.012	-0.056	0.384
1.06456899643	0.012	-0.004	-0.172
1.06923890114	0.016	0.0	-0.152
1.0738940239	0.004	-0.068	0.408
1.0785639286	-0.028	-0.172	1.248
1.08323001862	-0.036	-0.248	1.932
1.08789396286	-0.02	-0.264	2.044
1.09256100655	-0.012	-0.208	1.64
1.09722590446	0.0	-0.12	0.808
1.1018819809	0.004	-0.02	0.068
1.10654997826	0.004	-0.02	0.068
1.11121201515	0.02	0.016	-0.232
1.11587500572	0.0	-0.02	0.056
1.12052989006	-0.012	-0.1	0.796
1.12519979477	-0.044	-0.188	1.62
1.12986397743	-0.036	-0.264	2.044
1.134526968	-0.032	-0.244	1.956
1.13919591904	-0.02	-0.172	1.276
1.14385986328	0.004	-0.06	0.424
1.14853692055	0.02	0.004	-0.152
1.15320086479	0.004	0.008	-0.172
1.15786886215	0.02	-0.084	0.348
1.16253185272	0.02	-0.084	0.348
1.16720080376	-0.02	-0.156	1.184
1.17186594009	-0.048	-0.228	1.904
1.17654180527	-0.036	-0.268	2.044
1.18120598793	-0.032	-0.208	1.7
1.18587088585	-0.02	-0.12	0.864
1.19053602219	-0.016	-0.036	0.108
1.19520401955	-0.008	0.02	-0.236
1.19986891747	-0.004	-0.024	0.02
1.20453286171	-0.012	-0.112	0.724
1.20920300484	-0.016	-0.204	1.564
1.21386599541	-0.024	-0.248	2.044
1.21853590012	-0.024	-0.248	2.044
1.22320389748	-0.036	-0.244	1.996
1.22787499428	-0.024	-0.18	1.348
1.2325398922	0.028	-0.08	0.496
1.23720884323	0.0	0.004	-0.124
1.24186396599	0.0	0.0	-0.188
1.2465159893	0.004	-0.06	0.308
1.2511780262	-0.012	-0.152	1.124
1.25584292412	-0.012	-0.232	1.856
1.26052379608	-0.028	-0.26	2.044
1.26518893242	-0.004	-0.216	1.736
1.26985287666	-0.024	-0.136	0.94
1.27451682091	-0.024	-0.136	0.94
1.27918791771	0.0	-0.04	0.156
1.28384280205	0.004	0.008	-0.224
1.28850889206	0.004	-0.004	-0.04
1.29317688942	-0.008	-0.104	0.668
1.29784083366	-0.016	-0.188	1.496
1.30250597	-0.052	-0.248	2.044
1.30718588829	-0.016	-0.252	2.028
1.31185102463	-0.004	-0.188	1.404
1.31652092934	0.004	-0.068	0.54
1.32118487358	0.004	-0.004	-0.08
1.32585382462	0.0	0.004	-0.208
1.33050894737	0.0	0.004	-0.208
1.33517193794	-0.04	-0.036	0.256
1.33983588219	-0.032	-0.136	1.048
1.34449982643	-0.032	-0.224	1.82
1.34916996956	-0.016	-0.268	2.044
1.35383486748	-0.012	-0.232	1.804
1.35850381851	0.008	-0.124	0.98
1.36316800117	0.012	-0.036	0.2
1.36783385277	0.008	0.004	-0.22
1.37249588966	0.004	-0.012	-0.06
1.37715983391	-0.008	-0.1	0.6
1.38182282448	-0.008	-0.1	0.6
1.38648700714	-0.032	-0.196	1.436
1.39115190506	-0.032	-0.244	2.044
1.39582180977	-0.028	-0.252	2.044
1.40048480034	-0.02	-0.184	1.464
1.40515494347	0.004	-0.076	0.62
1.40981793404	0.004	-0.012	-0.064
1.41448092461	0.008	0.008	-0.216
1.41914892197	-0.012	-0.048	0.208
1.42381286621	-0.032	-0.14	1.0
1.42847895622	-0.016	-0.236	1.768
1.43314385414	-0.036	-0.26	2.044
1.43783283234	-0.036	-0.26	2.044
1.44249987602	-0.024	-0.232	1.84
1.44718289375	-0.008	-0.14	1.064
1.45184803009	0.02	-0.04	0.26
1.45651197433	0.02	0.004	-0.204
1.4611749649	0.008	0.0	-0.088
1.46583580971	0.004	-0.064	0.544
1.47049999237	-0.028	-0.18	1.384
1.47516894341	-0.036	-0.248	2.0
1.47983002663	-0.032	-0.252	2.044
1.48449397087	-0.04	-0.184	1.516
1.48916482925	-0.012	-0.1	0.668
1.49382901192	-0.012	-0.1	0.668
1.49849796295	-0.004	-0.012	-0.02
1.50316381454	0.016	0.0	-0.2
1.50782394409	0.008	-0.048	0.152
1.51249098778	-0.016	-0.144	0.936
1.51716279984	-0.016	-0.228	1.724
1.52182793617	-0.028	-0.268	2.044
1.52649402618	-0.024	-0.24	1.884
1.5311589241	-0.02	-0.156	1.136
1.53582501411	0.004	-0.024	0.288
1.54048800468	0.004	0.004	-0.192
1.54515695572	0.0	-0.004	-0.116
1.54980587959	0.0	-0.004	-0.116
1.55445480347	0.004	-0.072	0.484
1.55912590027	-0.02	-0.164	1.312
1.56379294395	-0.036	-0.236	1.98
1.56847286224	-0.024	-0.252	2.044
1.57313895226	-0.044	-0.204	1.592
1.57780385017	-0.016	-0.112	0.74
1.58247089386	-0.004	-0.02	0.012
1.5871348381	0.0	0.016	-0.232
1.59179091454	-0.008	-0.04	0.112
1.59646296501	-0.008	-0.14	0.868
1.60112690926	-0.02	-0.22	1.676
1.60579681396	-0.02	-0.22	1.676
1.61046099663	-0.012	-0.256	2.044
1.6151278019	-0.012	-0.24	1.92
1.61979198456	-0.012	-0.156	1.192
1.62445688248	0.008	-0.052	0.356
1.62912583351	0.008	0.012	-0.184
1.63378787041	0.004	0.0	-0.14
1.63844799995	-0.02	-0.06	0.424
1.6431119442	-0.02	-0.176	1.26
1.64777588844	-0.032	-0.244	1.948
1.65243983269	-0.028	-0.256	2.044
1.65713191032	0.0	-0.208	1.628
1.66178894043	0.0	-0.208	1.628
1.66645002365	-0.012	-0.112	0.816
1.67111492157	0.004	-0.016	0.06
1.67578291893	0.008	0.012	-0.232
1.6804459095	0.0	-0.02	0.068
1.68510293961	-0.012	-0.124	0.804
1.68976688385	-0.016	-0.22	1.632
1.69443082809	-0.032	-0.264	2.044
1.69910693169	-0.008	-0.248	1.932
1.70377182961	-0.02	-0.172	1.256
1.70847082138	0.012	-0.06	0.408
1.71313500404	0.016	0.008	-0.156
1.71779894829	0.016	0.008	-0.156
1.72246098518	0.008	0.004	-0.172
1.72713589668	-0.004	-0.064	0.376
1.73180198669	-0.024	-0.164	1.208
1.73646688461	-0.064	-0.256	1.924
1.74164700508	-0.04	-0.272	2.044
1.74632692337	-0.012	-0.204	1.684
1.75099396706	-0.012	-0.12	0.864
1.75566601753	0.004	-0.028	0.096
1.7603290081	0.012	0.008	-0.236
1.76499891281	0.0	-0.008	0.028
1.76965379715	0.004	-0.12	0.744
1.77431797981	-0.016	-0.208	1.568
1.77898788452	-0.016	-0.208	1.568
1.78365302086	-0.032	-0.26	2.044
1.78831791878	-0.052	-0.24	1.976
1.7929828167	-0.016	-0.188	1.32
1.7976539135	-0.004	-0.06	0.48
1.80232000351	0.012	0.0	-0.132
1.80698180199	0.012	0.004	-0.196
1.81164503098	0.0	-0.068	0.32
1.81630086899	-0.016	-0.156	1.132
1.82096600533	-0.028	-0.236	1.872
1.82563591003	-0.044	-0.26	2.044
1.83031201363	-0.024	-0.212	1.736
1.83498287201	-0.024	-0.212	1.736
1.83964896202	-0.012	-0.132	0.924
1.84431385994	0.008	-0.052	0.144
1.8489818573	0.016	0.012	-0.228
1.85364580154	0.004	-0.012	-0.012
1.85830998421	0.0	-0.084	0.684
1.86296486855	-0.012	-0.204	1.52
1.86763095856	-0.028	-0.248	2.044
1.87229895592	-0.044	-0.24	2.02
1.87697100639	-0.024	-0.18	1.38
1.88163590431	-0.012	-0.076	0.524
1.88630580902	-0.02	0.0	-0.1
1.89096283913	-0.02	0.0	-0.1
1.89564299583	-0.008	0.004	-0.204
1.90030789375	0.0	-0.048	0.276
1.90496993065	-0.02	-0.148	1.084
1.90963387489	-0.016	-0.224	1.84
1.91429781914	-0.02	-0.26	2.044
1.91896891594	-0.016	-0.212	1.78
1.92363500595	-0.004	-0.132	0.984
1.9282989502	0.004	-0.04	0.18
1.93296194077	0.016	0.008	-0.212
1.93762493134	0.0	-0.004	-0.048
1.94228100777	-0.016	-0.1	0.612
1.94695401192	-0.016	-0.1	0.612
1.95161795616	-0.02	-0.184	1.448
1.95628881454	-0.024	-0.244	2.044
1.96097493172	-0.024	-0.244	2.028
1.96564602852	-0.012	-0.176	1.456
1.97030997276	-0.016	-0.064	0.588
1.97497987747	0.0	-0.012	-0.072
1.97963690758	0.0	0.0	-0.22
1.98428297043	-0.028	-0.036	0.212
1.98894786835	-0.016	-0.136	1.016
1.99361681938	-0.016	-0.232	1.784
1.99828696251	-0.012	-0.256	2.044
2.00295186043	-0.012	-0.256	2.044
2.00762200356	-0.004	-0.248	1.856
2.0122859478	0.0	-0.136	1.048
2.01694488525	0.02	-0.024	0.232
2.0216088295	0.02	0.008	-0.212
2.02627801895	0.008	-0.016	-0.068
2.03094291687	-0.016	-0.084	0.56
2.0356118679	-0.044	-0.18	1.396
2.04027581215	-0.036	-0.24	2.004
2.04494595528	-0.04	-0.252	2.044
2.04960989952	-0.024	-0.188	1.504
2.05427479744	-0.004	-0.1	0.652
2.0589427948	-0.004	-0.1	0.652
2.06360793114	0.016	-0.02	-0.032
2.06827688217	0.02	0.008	-0.228
2.07293796539	-0.004	-0.028	0.168
2.0776078701	-0.012	-0.152	0.956
2.08227181435	-0.024	-0.22	1.732
2.08693599701	-0.032	-0.26	2.044
2.09161400795	-0.024	-0.244	1.872
2.09627890587	-0.004	-0.152	1.124
2.10094380379	0.004	-0.036	0.296
2.10561299324	0.012	0.004	-0.2
2.11027598381	0.004	-0.008	-0.104
2.11493992805	0.004	-0.008	-0.104
2.11960291862	0.012	-0.088	0.492
2.12426590919	-0.028	-0.18	1.336
2.1289358139	-0.052	-0.236	1.984
2.13360095024	-0.032	-0.252	2.044
2.13826584816	-0.032	-0.208	1.56
2.1429309845	-0.024	-0.104	0.72
2.14760184288	0.008	-0.028	0.0
2.15225696564	0.016	0.004	-0.24
2.156924963	0.008	-0.032	0.116
2.16160297394	-0.008	-0.132	0.88
2.16627383232	-0.008	-0.228	1.696
2.17093896866	-0.008	-0.228	1.696
2.17560887337	-0.02	-0.252	2.044
2.18027281761	-0.024	-0.228	1.912
2.18493795395	-0.024	-0.156	1.184
2.18960285187	-0.012	-0.036	0.348
2.19426679611	0.0	0.0	-0.184
2.19891881943	0.0	-0.016	-0.14
2.20357894897	-0.016	-0.068	0.432
2.20824480057	-0.016	-0.172	1.268
2.2129099369	-0.028	-0.244	1.952
2.21757483482	-0.032	-0.264	2.044
2.22224783897	-0.016	-0.216	1.616
2.22691893578	-0.016	-0.216	1.616
2.23158383369	-0.012	-0.104	0.764
2.23626184464	0.008	-0.024	0.048
2.24092483521	0.0	-0.004	-0.224
2.24558782578	-0.008	-0.032	0.076
2.25025200844	-0.012	-0.128	0.816
2.25492095947	-0.012	-0.208	1.628
2.25958490372	-0.012	-0.264	2.044
2.26424884796	-0.028	-0.232	1.94
2.26891493797	-0.028	-0.164	1.244
2.27357888222	0.008	-0.06	0.396
2.27824783325	-0.008	0.004	-0.156
2.28291082382	-0.008	0.004	-0.156
2.28758096695	-0.004	0.0	-0.148
2.29223680496	-0.036	-0.056	0.38
2.29690098763	-0.032	-0.156	1.2
2.30156493187	-0.028	-0.244	1.916
2.30623793602	-0.016	-0.264	2.044
2.31090283394	0.0	-0.216	1.68
2.31556487083	0.0	-0.112	0.848
2.32021999359	0.0	-0.02	0.088
2.32487988472	0.02	0.008	-0.232
2.32954192162	-0.008	-0.008	0.04
2.33420491219	-0.008	-0.008	0.04
2.33887600899	-0.004	-0.124	0.756
2.34354186058	-0.02	-0.208	1.588
2.34821391106	-0.036	-0.264	2.044
2.35288691521	-0.044	-0.244	1.976
2.35755896568	-0.008	-0.188	1.308
2.3622238636	0.008	-0.064	0.456
2.36688995361	0.028	0.004	-0.144
2.37155199051	0.008	0.004	-0.188
2.37621498108	-0.008	-0.06	0.328
2.38088989258	-0.04	-0.156	1.16
2.38555502892	-0.036	-0.248	1.884
2.39021897316	-0.036	-0.248	1.884
2.39488983154	-0.032	-0.268	2.044
2.39955496788	0.0	-0.216	1.724
2.40420985222	0.004	-0.14	0.924
2.40887880325	0.012	-0.036	0.132
2.41354084015	0.02	0.008	-0.228
2.41820383072	0.008	-0.012	-0.008
2.42286682129	0.004	-0.1	0.696
2.42753601074	-0.024	-0.192	1.52
2.43220090866	-0.044	-0.256	2.044
2.43687200546	-0.048	-0.244	1.992
2.44153594971	-0.028	-0.18	1.36
2.44620585442	-0.028	-0.18	1.36
2.45087480545	0.004	-0.068	0.516
2.4555439949	0.0	-0.004	-0.092
2.46021199226	0.016	0.008	-0.2
2.46487998962	0.0	-0.068	0.28
2.46953582764	-0.008	-0.16	1.092
2.47419881821	-0.012	-0.22	1.864
2.47886800766	-0.036	-0.26	2.044
2.48354196548	-0.02	-0.22	1.768
2.4882068634	-0.016	-0.128	0.98
2.49287080765	0.004	-0.04	0.168
2.49753499031	0.0	-0.004	-0.224
2.50219202042	0.0	-0.004	-0.224
2.50685286522	0.0	-0.008	-0.044
2.51150894165	0.004	-0.064	0.616
2.51617789268	-0.012	-0.184	1.468
2.52084183693	-0.032	-0.244	2.044
2.52551484108	-0.028	-0.24	2.04
2.53017902374	-0.02	-0.184	1.432
2.53484988213	-0.016	-0.072	0.588
2.53951501846	-0.008	-0.008	-0.064
2.54417896271	0.0	0.004	-0.208
2.54883599281	0.008	-0.048	0.224
2.55349183083	-0.012	-0.144	1.024
2.5581548214	-0.012	-0.144	1.024
2.56282401085	-0.016	-0.22	1.788
2.567497015	-0.028	-0.252	2.044
2.57216191292	-0.024	-0.22	1.824
2.57682681084	-0.012	-0.14	1.044
2.5814909935	0.004	-0.048	0.224
2.58615398407	-0.004	0.004	-0.212
2.59081792831	-0.012	0.0	-0.08
2.59548282623	-0.032	-0.084	0.564
2.6001470089	-0.032	-0.176	1.392
2.60481786728	-0.024	-0.252	2.024
2.60948181152	-0.024	-0.252	2.044
2.61415481567	-0.024	-0.252	2.044
2.61882281303	-0.012	-0.176	1.496
2.62349081039	0.004	-0.08	0.648
2.62816095352	0.004	-0.012	-0.04
2.63282394409	0.008	0.012	-0.22
2.63749194145	-0.02	-0.036	0.184
2.6421558857	-0.012	-0.144	0.96
2.64682602882	-0.024	-0.228	1.744
2.65148997307	-0.02	-0.26	2.044
2.65615487099	-0.016	-0.232	1.86
2.66081881523	-0.008	-0.144	1.108
2.66548895836	0.008	-0.036	0.276
2.67016482353	0.008	-0.036	0.276
2.67483401299	0.012	0.02	-0.216
2.67949700356	0.0	-0.004	-0.108
2.68415379524	-0.008	-0.076	0.512
2.68882083893	-0.04	-0.18	1.344
2.69348597527	-0.036	-0.256	1.988
2.69814991951	-0.032	-0.26	2.044
2.70281481743	-0.024	-0.192	1.548
2.70748496056	0.02	-0.108	0.728
2.71214795113	0.016	-0.02	0.0
2.71680998802	0.02	0.012	-0.224
2.72147297859	0.0	-0.028	0.124
2.72613286972	0.0	-0.028	0.124
2.73078799248	-0.016	-0.128	0.888
2.73545885086	-0.016	-0.228	1.7
2.74012589455	-0.032	-0.256	2.044
2.74480581284	-0.032	-0.228	1.876
2.74947094917	-0.028	-0.152	1.168
2.75413489342	-0.004	-0.048	0.34
2.75880384445	0.008	0.0	-0.176
2.76345992088	0.012	-0.008	-0.128
2.76812386513	0.004	-0.084	0.452
2.77278590202	-0.02	-0.172	1.288
2.77744984627	-0.036	-0.24	1.976
2.78211402893	-0.036	-0.24	1.976
2.78677892685	-0.032	-0.268	2.044
2.79144382477	-0.02	-0.2	1.616
2.79613494873	-0.004	-0.104	0.784
2.80080080032	-0.004	-0.02	0.04
2.80546998978	0.016	0.004	-0.228
2.81013298035	0.004	-0.028	0.076
2.81480383873	0.004	-0.136	0.832
2.8194668293	-0.028	-0.212	1.644
2.82413196564	-0.032	-0.256	2.044
2.82880282402	-0.04	-0.228	1.94
2.83346700668	-0.04	-0.172	1.22
2.83813691139	-0.04	-0.172	1.22
2.84280180931	-0.008	-0.056	0.4
2.84747099876	0.0	-0.004	-0.156
2.85212802887	-0.004	-0.008	-0.152
2.85679292679	-0.008	-0.068	0.392
2.86145687103	-0.008	-0.16	1.228
2.86612200737	-0.012	-0.24	1.928
2.87078499794	-0.016	-0.252	2.044
2.87546396255	-0.008	-0.216	1.664
2.88012981415	-0.016	-0.104	0.836
2.8848028183	-0.004	-0.024	0.076
2.88946700096	0.004	0.012	-0.232
2.89412879944	0.004	0.012	-0.232
2.89879584312	0.008	-0.032	0.044
2.90346002579	-0.016	-0.116	0.76
2.90812492371	-0.008	-0.22	1.6
2.91278886795	-0.036	-0.256	2.044
2.91745400429	-0.028	-0.248	1.976
2.92211794853	-0.012	-0.168	1.292
2.92678284645	0.008	-0.076	0.456
2.93144583702	0.008	0.0	-0.136
2.93610095978	0.004	0.0	-0.176
2.94075489044	-0.024	-0.04	0.336
2.94541883469	-0.032	-0.14	1.156
2.95008301735	-0.032	-0.14	1.156
2.95475292206	-0.028	-0.228	1.884
2.95942091942	-0.024	-0.256	2.044
2.96408486366	-0.004	-0.212	1.716
2.96875596046	0.0	-0.12	0.904
2.9734108448	0.0	-0.036	0.124
2.97806596756	0.016	0.004	-0.216
2.98272681236	-0.008	-0.02	0.004
2.9873919487	-0.012	-0.108	0.704
2.99205589294	-0.036	-0.196	1.524
2.99672579765	-0.044	-0.26	2.044
3.00138902664	-0.032	-0.256	2.008
3.00609993935	-0.032	-0.256	2.008
3.01076698303	-0.004	-0.184	1.36
3.01543688774	0.012	-0.04	0.496
3.02010083199	0.004	0.004	-0.108
3.02476882935	0.016	0.008	-0.192
3.02943491936	-0.008	-0.04	0.284
3.0340988636	-0.016	-0.144	1.096
3.0387699604	-0.028	-0.224	1.852
3.04343485832	-0.044	-0.26	2.044
3.04809999466	-0.016	-0.232	1.776
3.05276584625	-0.016	-0.14	0.972
3.05743098259	0.008	-0.036	0.168
3.06209397316	0.008	-0.036	0.168
3.06676197052	0.016	0.008	-0.224
3.07142591476	0.004	-0.012	-0.028
3.0760948658	0.004	-0.092	0.64
3.08075690269	-0.02	-0.196	1.484
3.0854279995	-0.032	-0.24	2.032
3.09009194374	-0.04	-0.248	2.036
3.09476184845	-0.012	-0.184	1.424
3.09942698479	0.004	-0.076	0.568
3.10409402847	0.012	-0.004	-0.084
3.10876297951	0.016	0.004	-0.216
3.1134250164	0.024	-0.056	0.228
3.11808896065	0.024	-0.056	0.228
3.12275195122	-0.02	-0.148	1.048
3.1274228096	-0.02	-0.208	1.796
3.13208794594	-0.036	-0.256	2.044
3.13676190376	-0.04	-0.212	1.816
3.14142680168	-0.024	-0.152	1.04
3.14609789848	-0.008	-0.04	0.22
3.1507627964	-0.004	0.004	-0.216
3.15543198586	0.0	-0.004	-0.076
3.16008782387	-0.016	-0.084	0.572
3.164757967	-0.016	-0.18	1.416
3.16942191124	-0.028	-0.24	2.032
3.17413496971	-0.028	-0.24	2.032
3.17880702019	-0.016	-0.248	2.044
3.18347382545	-0.012	-0.184	1.48
3.18813991547	-0.024	-0.068	0.636
3.19280481339	-0.004	-0.016	-0.04
3.19747686386	0.004	0.008	-0.224
3.20213794708	0.004	-0.04	0.172
3.20680689812	-0.02	-0.14	0.968
3.21147084236	-0.036	-0.228	1.764
3.2161359787	-0.016	-0.264	2.044
3.22079992294	-0.016	-0.232	1.852
3.22547101974	-0.02	-0.144	1.096
3.23013496399	-0.02	-0.144	1.096
3.23480582237	0.0	-0.04	0.276
3.23946094513	-0.004	0.008	-0.216
3.2441239357	-0.008	-0.004	-0.092
3.24879789352	-0.008	-0.072	0.504
3.25346302986	-0.032	-0.18	1.356
3.25812792778	-0.02	-0.248	2.0
3.262789011	-0.016	-0.256	2.044
3.26747393608	-0.012	-0.192	1.536
3.272138834	0.0	-0.096	0.688
3.2768008709	-0.004	-0.016	-0.008
3.28146386147	0.008	0.0	-0.208
3.28612589836	0.008	0.0	-0.208
3.29078102112	-0.016	-0.024	0.136
3.29544997215	-0.02	-0.116	0.912
3.30011487007	-0.028	-0.228	1.708
3.3047850132	-0.028	-0.252	2.044
3.30944991112	-0.016	-0.232	1.9
3.31411290169	-0.008	-0.144	1.16
3.31878590584	0.016	-0.048	0.312
3.32344985008	0.008	0.008	-0.184
3.32811284065	0.004	-0.004	-0.124
3.33277583122	0.0	-0.088	0.464
3.33743190765	0.0	-0.088	0.464
3.34208703041	-0.024	-0.176	1.3
3.34675884247	-0.028	-0.248	1.976
3.35142302513	-0.036	-0.264	2.044
3.35609292984	-0.012	-0.208	1.604
3.36075782776	0.008	-0.104	0.76
3.36542201042	0.012	-0.02	0.036
3.3700838089	0.016	0.008	-0.236
3.37475299835	-0.008	-0.02	0.084
3.3794169426	-0.004	-0.124	0.84
3.38408184052	-0.028	-0.22	1.656
3.38874793053	-0.032	-0.264	2.044
3.393419981	-0.032	-0.264	2.044
3.39809989929	-0.032	-0.232	1.932
3.40276479721	-0.024	-0.172	1.232
3.40743494034	0.008	-0.068	0.388
3.41209888458	0.02	0.0	-0.148
3.41675400734	0.02	-0.012	-0.156
3.42141795158	0.008	-0.076	0.396
3.42608594894	-0.008	-0.168	1.228
3.43075084686	-0.032	-0.236	1.936
3.43542098999	-0.04	-0.264	2.044
3.44008493423	-0.02	-0.212	1.656
3.44475483894	-0.02	-0.096	0.828
3.44941902161	-0.02	-0.096	0.828
3.45408296585	-0.012	-0.024	0.064
3.45875096321	0.008	0.016	-0.232
3.4634180069	0.0	-0.032	0.048
3.46807980537	-0.008	-0.108	0.776
3.47274398804	-0.012	-0.204	1.604
3.47741389275	-0.028	-0.252	2.044
3.48207783699	-0.024	-0.232	1.964
3.48674893379	-0.024	-0.164	1.288
3.49141383171	0.0	-0.064	0.436
3.49606990814	0.004	0.0	-0.132
3.50072383881	0.0	0.0	-0.18
3.50537180901	0.0	0.0	-0.18
3.51002001762	0.0	-0.056	0.344
3.51474499702	-0.016	-0.156	1.18
3.51941585541	-0.032	-0.224	1.912
3.52408194542	-0.032	-0.256	2.044
3.52875900269	-0.024	-0.212	1.712
3.5334239006	-0.028	-0.12	0.884
3.53809499741	0.0	-0.028	0.112
3.54274988174	0.004	0.004	-0.228
3.54741287231	-0.008	-0.028	0.008
3.55206894875	-0.02	-0.128	0.716
3.55673003197	-0.02	-0.204	1.544
3.561398983	-0.02	-0.204	1.544
3.56607079506	-0.028	-0.256	2.044
3.5707359314	-0.024	-0.248	1.996
3.57540583611	-0.004	-0.176	1.352
3.58007192612	0.0	-0.064	0.5
3.58472394943	0.0	0.0	-0.108
3.58937191963	0.008	0.016	-0.216
3.59403300285	-0.036	-0.036	0.292
3.59870195389	-0.024	-0.148	1.112
3.60340595245	-0.028	-0.236	1.856
3.60807800293	-0.028	-0.26	2.044
3.61274290085	-0.012	-0.22	1.764
3.61740899086	-0.012	-0.22	1.764
3.62207484245	-0.004	-0.128	0.952
3.62674403191	0.012	-0.036	0.188
3.63140797615	0.02	0.012	-0.224
3.63607692719	0.0	-0.016	-0.016
3.64073300362	-0.012	-0.104	0.652
3.645403862	-0.028	-0.208	1.504
3.65006899834	-0.036	-0.256	2.04
3.65473890305	-0.028	-0.256	2.036
3.6594119072	0.0	-0.164	1.4
3.6640689373	0.008	-0.072	0.556
3.66873693466	0.004	0.0	-0.088
3.673391819	0.004	0.0	-0.088
3.67805194855	0.012	0.012	-0.212
3.68271684647	-0.02	-0.032	0.224
3.68738698959	-0.032	-0.136	1.052
3.69205188751	-0.036	-0.224	1.808
3.69671583176	-0.052	-0.26	2.044
3.70138001442	-0.028	-0.228	1.8
3.70604991913	-0.016	-0.148	1.02
3.71071481705	0.004	-0.036	0.208
3.71538281441	0.02	0.008	-0.208
3.7200448513	0.004	-0.004	-0.06
3.72471380234	0.0	-0.084	0.588
3.72936797142	0.0	-0.084	0.588
3.73402380943	-0.012	-0.184	1.432
3.73869299889	-0.036	-0.24	2.024
3.7433578968	-0.036	-0.252	2.044
3.74802780151	-0.02	-0.184	1.468
3.75269579887	0.0	-0.072	0.596
3.75735783577	0.0	-0.012	-0.052
3.76201486588	0.008	0.008	-0.224
3.76668286324	0.004	-0.044	0.192
3.77134585381	-0.016	-0.14	0.984
3.77601099014	-0.016	-0.228	1.768
3.78067493439	-0.04	-0.26	2.044
3.7853410244	-0.04	-0.26	2.044
3.79001498222	-0.024	-0.232	1.86
3.79471683502	-0.012	-0.148	1.072
3.79938483238	-0.004	-0.04	0.264
3.80404782295	0.004	0.004	-0.208
3.80871486664	0.0	-0.004	-0.096
3.81337094307	-0.012	-0.076	0.532
3.81803584099	-0.012	-0.18	1.376
3.82270002365	-0.02	-0.248	1.984
3.8273730278	-0.036	-0.248	2.044
3.83203792572	-0.02	-0.196	1.528
3.83670687675	-0.02	-0.084	0.684
3.841370821	-0.02	-0.084	0.684
3.8460419178	0.0	-0.016	-0.008
3.85069680214	0.0	0.0	-0.232
3.85535001755	-0.004	-0.044	0.144
3.86001396179	-0.04	-0.128	0.92
3.86474585533	-0.02	-0.228	1.712
3.86941480637	-0.02	-0.26	2.044
3.8740799427	-0.004	-0.224	1.888
3.87874984741	-0.012	-0.136	1.156
3.88341498375	0.0	-0.044	0.312
3.88807082176	0.004	0.008	-0.192
3.89273381233	0.0	-0.008	-0.116
3.89739394188	0.0	-0.008	-0.116
3.90205097198	-0.008	-0.076	0.48
3.90672087669	-0.032	-0.172	1.316
3.91138601303	-0.032	-0.244	1.976
3.91605186462	-0.024	-0.256	2.044
3.92072486877	-0.008	-0.208	1.588
3.92539191246	0.0	-0.1	0.74
3.9300467968	0.004	-0.012	0.012
3.93471193314	0.004	0.008	-0.236
3.93937492371	-0.02	-0.02	0.092
3.94403886795	-0.012	-0.12	0.844
3.94870495796	-0.032	-0.22	1.648
3.953373909	-0.032	-0.22	1.648
3.95804095268	-0.028	-0.26	2.044
3.96270895004	-0.012	-0.22	1.928
3.96737480164	-0.004	-0.152	1.216
3.972042799	0.02	-0.056	0.372
3.97670602798	0.012	0.008	-0.156
3.98136901855	0.012	0.008	-0.144
3.98603200912	-0.004	-0.08	0.42
3.99069499969	-0.032	-0.168	1.244
3.99535989761	-0.052	-0.248	1.936
4.00002384186	-0.044	-0.268	2.044
4.00471687317	-0.012	-0.22	1.64
4.00938296318	-0.012	-0.22	1.64
4.01404690742	0.0	-0.12	0.808
4.01870799065	0.012	-0.02	0.064
4.02337098122	0.024	0.028	-0.228
4.02804088593	0.0	-0.028	0.064
4.03269481659	0.0	-0.104	0.796
4.03735685349	-0.02	-0.204	1.616
4.04202389717	-0.032	-0.26	2.044
4.04669499397	-0.036	-0.244	1.96
4.05137085915	-0.028	-0.172	1.268
4.05603694916	0.004	-0.084	0.436
4.06069993973	0.008	0.0	-0.148
4.06536197662	0.008	0.0	-0.148
4.07001686096	0.004	0.008	-0.168
4.07474398613	0.0	-0.068	0.364
4.07940483093	-0.02	-0.164	1.192
4.08410596848	-0.044	-0.236	1.9
4.08877801895	-0.036	-0.256	2.044
4.09344387054	-0.024	-0.196	1.672
4.09810996056	-0.016	-0.12	0.864
4.10277485847	-0.004	-0.036	0.108
4.1074450016	0.012	0.004	-0.232
4.11210799217	0.02	-0.02	0.016
4.11677384377	-0.004	-0.1	0.728
4.12143802643	-0.004	-0.1	0.728
4.12610793114	-0.004	-0.2	1.556
4.13077092171	-0.016	-0.252	2.044
4.13544082642	-0.032	-0.248	1.996
4.14010500908	-0.028	-0.176	1.336
4.14477586746	-0.012	-0.056	0.484
4.14943885803	0.0	-0.004	-0.108
4.15409493446	-0.008	0.004	-0.188
4.15876102448	0.004	-0.06	0.308
4.16342782974	-0.024	-0.148	1.128
4.16809391975	-0.016	-0.236	1.868
4.17275881767	-0.02	-0.256	2.044
4.17742395401	-0.02	-0.256	2.044
4.18209791183	-0.02	-0.204	1.748
4.18676686287	-0.008	-0.112	0.928
4.19143295288	0.004	-0.036	0.16
4.19610190392	0.0	0.016	-0.228
4.20075798035	0.004	-0.016	-0.02
4.20542693138	-0.008	-0.104	0.664
4.2100918293	-0.02	-0.188	1.5
4.21475791931	-0.024	-0.248	2.044
4.21942186356	-0.036	-0.256	2.028
4.22408699989	-0.008	-0.18	1.392
4.22875499725	0.004	-0.068	0.544
4.23341798782	0.004	-0.068	0.544
4.23808503151	-0.004	0.0	-0.092
4.24274086952	0.008	0.004	-0.196
4.24740982056	-0.016	-0.04	0.256
4.25207495689	-0.032	-0.144	1.052
4.25673985481	-0.016	-0.22	1.816
4.26140785217	-0.024	-0.256	2.044
4.26607298851	-0.008	-0.232	1.792
4.27073693275	0.0	-0.132	1.0
4.27539491653	0.016	-0.04	0.204
4.2800579071	0.02	0.012	-0.224
4.28472590446	0.02	0.012	-0.224
4.28938794136	0.0	-0.008	-0.056
4.29404401779	-0.004	-0.112	0.628
4.2987139225	-0.032	-0.184	1.444
4.30337882042	-0.052	-0.24	2.044
4.30804896355	-0.032	-0.256	2.044
4.31272292137	-0.024	-0.176	1.468
4.31739497185	0.004	-0.084	0.612
4.32205796242	0.008	-0.012	-0.06
4.32672786713	0.008	0.012	-0.224
4.33139300346	-0.012	-0.04	0.196
4.33605885506	-0.024	-0.132	0.996
4.3407227993	-0.024	-0.132	0.996
4.3453938961	-0.032	-0.228	1.772
4.35005879402	-0.02	-0.256	2.044
4.35472893715	-0.02	-0.22	1.84
4.35939383507	-0.004	-0.148	1.068
4.36405897141	0.016	-0.028	0.268
4.36872196198	0.012	0.012	-0.204
4.37338495255	0.004	0.0	-0.084
4.37804102898	0.0	-0.088	0.54
4.38269591331	-0.024	-0.192	1.384
4.38736081123	-0.044	-0.244	2.012
4.39202594757	-0.048	-0.256	2.044
4.39669585228	-0.048	-0.256	2.044
4.40136098862	-0.044	-0.184	1.516
4.40603494644	-0.016	-0.08	0.664
4.41069889069	0.004	-0.016	-0.032
4.41536784172	0.012	0.004	-0.224
4.42003202438	0.004	-0.044	0.156
4.42469882965	-0.004	-0.136	0.936
4.42936396599	-0.012	-0.22	1.724
4.43402886391	-0.036	-0.26	2.044
4.43869900703	-0.024	-0.228	1.88
4.44337296486	-0.02	-0.148	1.128
4.44803881645	0.004	-0.052	0.3
4.45270085335	0.004	-0.052	0.3
4.45736384392	-0.012	0.012	-0.176
4.46202802658	0.0	0.008	-0.108
4.46668887138	-0.008	-0.08	0.492
4.47135186195	-0.02	-0.18	1.32
4.47602701187	-0.032	-0.24	1.976
4.48069596291	-0.032	-0.26	2.044
4.48536491394	-0.024	-0.212	1.576
4.49003100395	-0.008	-0.096	0.728
4.49469995499	-0.004	-0.016	0.016
4.49936294556	0.008	0.0	-0.236
4.5040178299	0.0	-0.032	0.108
4.50867795944	0.0	-0.032	0.108
4.51333379745	-0.008	-0.128	0.872
4.51800298691	-0.02	-0.216	1.672
4.52266693115	-0.02	-0.252	2.044
4.52733683586	-0.012	-0.236	1.936
4.53200101852	-0.016	-0.148	1.2
4.53666496277	0.0	-0.052	0.36
4.54131984711	-0.004	0.004	-0.172
4.54599094391	0.004	-0.004	-0.14
4.55064988136	-0.024	-0.056	0.424
4.55531191826	-0.032	-0.172	1.256
4.55997991562	-0.024	-0.244	1.932
4.56464600563	-0.024	-0.244	1.932
4.56931781769	-0.016	-0.264	2.044
4.57399988174	-0.004	-0.208	1.636
4.57867002487	-0.004	-0.108	0.788
4.58333587646	0.016	-0.02	0.056
4.58799982071	0.012	0.012	-0.236
4.59266400337	-0.004	-0.016	0.06
4.59733295441	-0.012	-0.116	0.824
4.60199689865	-0.02	-0.208	1.624
4.60666680336	-0.036	-0.26	2.044
4.61133098602	-0.028	-0.244	1.956
4.61599683762	-0.024	-0.164	1.252
4.62067389488	-0.024	-0.164	1.252
4.62537479401	0.004	-0.056	0.416
4.63004088402	0.008	0.008	-0.14
4.63470888138	0.028	0.008	-0.164
4.63937282562	-0.012	-0.06	0.368
4.64403581619	-0.02	-0.172	1.192
4.64870595932	-0.036	-0.248	1.912
4.65337181091	-0.024	-0.268	2.044
4.65803694725	-0.008	-0.212	1.68
4.66270184517	-0.004	-0.12	0.86
4.6673719883	0.0	-0.024	0.104
4.67202687263	0.028	0.008	-0.232
4.67669487	0.028	0.008	-0.232
4.68135786057	0.0	-0.028	0.024
4.68601894379	0.0	-0.096	0.748
4.69067382812	-0.02	-0.184	1.568
4.69534802437	-0.044	-0.252	2.044
4.70001387596	-0.048	-0.264	1.984
4.70472002029	-0.02	-0.188	1.324
4.70938682556	-0.008	-0.064	0.476
4.7140519619	0.004	-0.004	-0.128
4.71872091293	0.0	0.0	-0.18
4.72336792946	0.012	-0.076	0.312
4.72803282738	-0.008	-0.16	1.136
4.73269796371	-0.008	-0.16	1.136
4.73736190796	-0.016	-0.236	1.872
4.74202680588	-0.024	-0.252	2.044
4.74669694901	-0.012	-0.192	1.74
4.75135993958	-0.012	-0.128	0.928
4.75602984428	0.0	-0.032	0.148
4.76068592072	0.012	0.02	-0.224
4.76535701752	0.008	-0.02	-0.008
4.77002096176	-0.016	-0.1	0.684
4.77474689484	-0.024	-0.192	1.512
4.77944302559	-0.032	-0.248	2.044
4.78410696983	-0.04	-0.248	2.016
4.78877997398	-0.04	-0.248	2.016
4.79345297813	-0.02	-0.188	1.388
4.79812693596	0.004	-0.088	0.532
4.80279302597	0.0	0.004	-0.1
4.80745601654	0.004	0.008	-0.2
4.81212186813	0.004	-0.06	0.268
4.81678700447	-0.012	-0.156	1.084
4.82145500183	-0.012	-0.228	1.828
4.82612681389	-0.016	-0.26	2.044
4.83079481125	-0.02	-0.212	1.768
4.83547782898	-0.02	-0.128	0.988
4.84015989304	0.004	-0.048	0.192
4.84483194351	0.004	-0.048	0.192
4.84949588776	0.008	0.004	-0.224
4.854159832	0.004	-0.008	-0.052
4.85883188248	-0.016	-0.092	0.616
4.86349797249	-0.036	-0.192	1.456
4.86816501617	-0.032	-0.264	2.044
4.87283182144	-0.02	-0.256	2.044
4.87750387192	-0.004	-0.176	1.44
4.88216996193	0.004	-0.08	0.596
4.88683891296	-0.004	0.0	-0.056
4.89149689674	0.008	0.008	-0.22
4.89617395401	-0.008	-0.044	0.212
4.9008398056	-0.008	-0.044	0.212
4.9055109024	-0.016	-0.128	0.976
4.91018199921	-0.02	-0.22	1.788
4.91485285759	-0.016	-0.26	2.044
4.91951799393	-0.016	-0.228	1.832
4.92418599129	0.0	-0.132	1.04
4.92884898186	0.008	-0.044	0.236
4.9335129261	0.008	0.012	-0.204
4.93817782402	-0.008	0.0	-0.06
4.94283699989	-0.012	-0.096	0.556
4.94750785828	-0.032	-0.192	1.4
4.95218586922	-0.036	-0.248	2.012
4.95685887337	-0.036	-0.248	2.012
4.9615240097	-0.028	-0.26	2.044
4.96620488167	-0.004	-0.18	1.508
4.97087097168	0.008	-0.096	0.66
4.97554087639	0.032	-0.02	-0.032
4.98019981384	0.02	0.012	-0.228
4.98486399651	0.0	-0.036	0.16
4.98952388763	-0.024	-0.124	0.952
4.99419093132	-0.02	-0.228	1.724
4.99886393547	-0.032	-0.268	2.044
