Timestamp 	 X-Axis 	 Y-Axis 	 Z-Axis
0.000311136245728	-0.016	-0.244	1.896
0.00423002243042	-0.016	-0.244	1.896
0.00795912742615	-0.016	-0.04	0.428
0.0116879940033	-0.032	0.068	-0.548
0.0154120922089	-0.032	0.068	-0.548
0.0191550254822	-0.02	0.02	-0.2
0.0228791236877	0.024	-0.168	1.16
0.026603937149	0.02	-0.328	2.044
0.0303280353546	0.02	-0.328	2.044
0.0340621471405	0.012	-0.292	2.044
0.0377850532532	-0.016	-0.092	0.928
0.0415101051331	-0.02	0.04	-0.348
0.0452320575714	-0.02	0.04	-0.348
0.0489571094513	-0.016	0.056	-0.476
0.0527031421661	-0.008	-0.108	0.656
0.0564260482788	0.008	-0.288	2.044
0.0601489543915	0.008	-0.288	2.044
0.0638771057129	-0.008	-0.312	2.044
0.0676031112671	-0.036	-0.164	1.432
0.0713291168213	-0.036	-0.164	1.432
0.075052022934	-0.052	0.008	-0.004
0.0787861347198	-0.052	0.084	-0.588
0.0825209617615	-0.024	-0.032	0.176
0.0862519741058	-0.024	-0.032	0.176
0.0899820327759	0.004	-0.232	1.64
0.0937111377716	0.036	-0.364	2.044
0.0974500179291	0.0	-0.248	1.9
0.101171016693	0.0	-0.248	1.9
0.104903936386	-0.028	-0.04	0.424
0.108644962311	-0.04	0.06	-0.552
0.112380027771	-0.004	0.016	-0.204
0.116116046906	-0.004	0.016	-0.204
0.119845151901	-0.004	-0.164	1.16
0.123573064804	0.02	-0.336	2.044
0.127308130264	0.02	-0.336	2.044
0.131036996841	-0.02	-0.288	2.044
0.134772062302	-0.02	-0.092	0.932
0.138503074646	-0.032	0.04	-0.352
0.142230987549	-0.032	0.04	-0.352
0.145966053009	-0.028	0.06	-0.464
0.149695158005	-0.008	-0.092	0.66
0.153424024582	0.016	-0.288	2.044
0.157158136368	0.016	-0.288	2.044
0.160886049271	-0.004	-0.332	2.044
0.164615154266	-0.032	-0.188	1.456
0.168367147446	-0.032	-0.188	1.456
0.172096014023	-0.056	0.008	-0.008
0.175837039948	-0.04	0.064	-0.584
0.179566144943	-0.008	-0.036	0.18
0.183294057846	-0.008	-0.036	0.18
0.187028169632	0.02	-0.224	1.636
0.19075512886	0.028	-0.356	2.044
0.194483041763	-0.004	-0.248	1.908
0.198213100433	-0.004	-0.248	1.908
0.201975107193	-0.024	-0.024	0.432
0.205719947815	-0.024	0.064	-0.544
0.209465026855	-0.016	0.028	-0.212
0.213196992874	-0.016	0.028	-0.212
0.216930150986	0.012	-0.168	1.156
0.220674991608	0.02	-0.312	2.044
0.224415063858	-0.008	-0.292	2.044
0.228152990341	-0.008	-0.292	2.044
0.231886148453	-0.036	-0.1	0.944
0.235622167587	-0.036	0.04	-0.352
0.239352941513	-0.036	0.04	-0.352
0.243083953857	-0.024	0.064	-0.492
0.246824026108	0.0	-0.104	0.648
0.250548124313	0.012	-0.288	2.044
0.254277944565	0.012	-0.288	2.044
0.258008956909	0.02	-0.312	2.044
0.261739015579	-0.028	-0.16	1.452
0.265471935272	-0.044	0.0	-0.008
0.269196033478	-0.044	0.0	-0.008
0.272932052612	-0.036	0.08	-0.588
0.276669025421	-0.016	-0.032	0.172
0.280400037766	-0.016	-0.032	0.172
0.2841360569	0.0	-0.232	1.636
0.287858963013	0.012	-0.348	2.044
0.291589021683	-0.004	-0.232	1.912
0.295319080353	-0.004	-0.232	1.912
0.29905796051	-0.032	-0.036	0.444
0.302787065506	-0.036	0.068	-0.552
0.306524991989	-0.012	0.032	-0.212
0.310256004333	-0.012	0.032	-0.212
0.31399512291	0.012	-0.16	1.148
0.317732095718	0.02	-0.328	2.044
0.321462154388	-0.012	-0.28	2.044
0.325195074081	-0.012	-0.28	2.044
0.328928947449	-0.02	-0.076	0.94
0.332664012909	-0.028	0.036	-0.34
0.33639216423	-0.028	0.036	-0.34
0.340134143829	-0.016	0.064	-0.48
0.343867063522	0.0	-0.096	0.636
0.347597122192	0.032	-0.284	2.044
0.351326942444	0.032	-0.284	2.044
0.355057001114	0.004	-0.32	2.044
0.358793020248	-0.02	-0.168	1.456
0.362534999847	-0.052	0.016	0.004
0.366271018982	-0.052	0.016	0.004
0.36999797821	-0.044	0.08	-0.588
0.373728990555	-0.016	-0.036	0.172
0.377462148666	0.0	-0.224	1.62
0.381184101105	0.0	-0.224	1.62
0.384906053543	0.008	-0.344	2.044
0.388643026352	-0.008	-0.252	1.916
0.392374992371	-0.008	-0.252	1.916
0.396111965179	-0.028	-0.036	0.44
0.399850130081	-0.02	0.056	-0.548
0.403581142426	-0.004	0.024	-0.22
0.40731716156	-0.004	0.024	-0.22
0.411049127579	0.012	-0.168	1.148
0.414777994156	0.024	-0.328	2.044
0.418519020081	0.0	-0.296	2.044
0.422242164612	0.0	-0.296	2.044
0.425970077515	-0.016	-0.104	0.952
0.429702043533	-0.028	0.044	-0.34
0.433432102203	-0.04	0.064	-0.492
0.437169075012	-0.04	0.064	-0.492
0.440900087357	0.0	-0.116	0.64
0.444622039795	0.028	-0.292	2.044
0.448358058929	0.028	-0.292	2.044
0.452088117599	0.012	-0.324	2.044
0.455822944641	-0.012	-0.168	1.464
0.459556102753	-0.052	0.004	0.0
0.463276147842	-0.052	0.004	0.0
0.46700501442	-0.044	0.068	-0.592
0.470734119415	-0.024	-0.028	0.164
0.474483013153	-0.004	-0.224	1.62
0.478255033493	-0.004	-0.224	1.62
0.481987953186	0.004	-0.336	2.044
0.485728025436	-0.008	-0.248	1.916
0.489459991455	-0.016	-0.048	0.44
0.493191957474	-0.016	-0.048	0.44
0.496922969818	-0.028	0.064	-0.544
0.500653982162	-0.012	0.028	-0.224
0.504384040833	-0.012	0.028	-0.224
0.508121013641	0.024	-0.176	1.136
0.511851072311	0.02	-0.32	2.044
0.515586137772	0.0	-0.292	2.044
0.51930809021	0.0	-0.292	2.044
0.523041963577	-0.024	-0.096	0.948
0.526777982712	-0.036	0.052	-0.344
0.530503988266	-0.032	0.06	-0.476
0.534225940704	-0.032	0.06	-0.476
0.537953138351	-0.012	-0.088	0.628
0.541686058044	0.016	-0.28	2.044
0.545416116714	0.008	-0.328	2.044
0.549150943756	0.008	-0.328	2.044
0.552881002426	-0.02	-0.18	1.476
0.556622982025	-0.048	0.008	-0.004
0.560352087021	-0.048	0.008	-0.004
0.564083099365	-0.028	0.092	-0.608
0.567815065384	-0.012	-0.032	0.156
0.571556091309	0.004	-0.224	1.62
0.575286149979	0.004	-0.224	1.62
0.579018115997	0.004	-0.336	2.044
0.582746982574	-0.008	-0.26	1.924
0.586498975754	-0.024	-0.036	0.448
0.590229988098	-0.024	-0.036	0.448
0.593961000443	-0.032	0.068	-0.552
0.597697973251	-0.02	0.032	-0.224
0.601428985596	0.016	-0.176	1.136
0.605159044266	0.016	-0.176	1.136
0.6088950634	0.02	-0.324	2.044
0.61262512207	-0.004	-0.292	2.044
0.616357088089	-0.004	-0.292	2.044
0.620088100433	-0.024	-0.108	0.952
0.623818159103	-0.04	0.048	-0.34
0.627565145493	-0.04	0.068	-0.484
0.63129901886	-0.04	0.068	-0.484
0.635030984879	0.004	-0.128	0.612
0.638767004013	0.02	-0.288	2.044
0.642498016357	0.004	-0.324	2.044
0.646235942841	0.004	-0.324	2.044
0.649969100952	-0.004	-0.176	1.464
0.653701066971	-0.044	0.008	0.02
0.657431125641	-0.036	0.072	-0.6
0.661162137985	-0.036	0.072	-0.6
0.664891958237	0.0	-0.024	0.152
0.668621063232	-0.008	-0.224	1.62
0.672352075577	-0.008	-0.224	1.62
0.676089048386	0.004	-0.352	2.044
0.67982006073	-0.024	-0.24	1.936
0.683552026749	-0.048	-0.032	0.456
0.687293052673	-0.048	-0.032	0.456
0.691025972366	-0.04	0.06	-0.544
0.694756031036	-0.012	0.032	-0.224
0.6985039711	0.012	-0.168	1.12
0.70223402977	0.012	-0.168	1.12
0.705971002579	0.048	-0.324	2.044
0.709701061249	0.0	-0.3	2.044
0.713423013687	-0.032	-0.1	0.964
0.71716094017	-0.032	-0.1	0.964
0.72089099884	-0.04	0.044	-0.336
0.724622011185	-0.04	0.052	-0.484
0.728355169296	-0.04	0.052	-0.484
0.732089042664	-0.008	-0.1	0.624
0.735816955566	0.012	-0.276	2.032
0.739550113678	0.008	-0.324	2.044
0.743278980255	0.008	-0.324	2.044
0.747022151947	-0.012	-0.172	1.476
0.750753164291	-0.048	0.008	0.02
0.754488945007	-0.036	0.076	-0.6
0.758249044418	-0.036	0.076	-0.6
0.761971950531	-0.02	-0.016	0.148
0.765700101852	0.004	-0.224	1.604
0.769432067871	0.008	-0.344	2.044
0.773163080215	0.008	-0.344	2.044
0.77689409256	-0.02	-0.232	1.928
0.780626058578	-0.04	-0.036	0.46
0.784356117249	-0.04	-0.036	0.46
0.788093090057	-0.036	0.056	-0.544
0.791823148727	-0.012	0.024	-0.232
0.795561075211	0.028	-0.184	1.108
0.799291133881	0.028	-0.184	1.108
0.803032159805	0.028	-0.332	2.044
0.806769132614	0.004	-0.296	2.044
0.810501098633	-0.02	-0.096	0.972
0.814232110977	-0.02	-0.096	0.972
0.817964076996	-0.032	0.036	-0.324
0.82169508934	-0.024	0.068	-0.488
0.82542514801	-0.024	-0.1	0.608
0.829157114029	-0.024	-0.1	0.608
0.832888126373	-0.012	-0.268	2.04
0.836635112762	0.004	-0.332	2.044
0.840366125107	0.004	-0.332	2.044
0.844094991684	-0.024	-0.176	1.472
0.847828149796	-0.048	0.008	0.012
0.851557970047	-0.04	0.084	-0.6
0.855288982391	-0.04	0.084	-0.6
0.859022140503	0.004	-0.02	0.156
0.862755060196	0.0	-0.216	1.608
0.86648607254	0.016	-0.376	2.044
0.87021613121	0.016	-0.376	2.044
0.873949050903	-0.012	-0.24	1.928
0.877686977386	-0.044	-0.036	0.464
0.881417989731	-0.04	0.052	-0.56
0.885148048401	-0.04	0.052	-0.56
0.88888502121	-0.004	0.028	-0.22
0.892616033554	0.016	-0.164	1.112
0.896347045898	0.016	-0.164	1.112
0.900077104568	0.036	-0.328	2.044
0.903807163239	0.02	-0.276	2.044
0.907544136047	-0.012	-0.1	0.976
0.911275148392	-0.012	-0.1	0.976
0.915006160736	-0.032	0.056	-0.332
0.918751001358	-0.032	0.064	-0.488
0.92248415947	-0.02	-0.104	0.6
0.926223993301	-0.02	-0.104	0.6
0.92994594574	0.004	-0.268	2.028
0.933669090271	0.0	-0.328	2.044
0.937390089035	-0.012	-0.2	1.492
0.941133022308	-0.012	-0.2	1.492
0.944864988327	-0.044	0.004	0.024
0.948601961136	-0.032	0.072	-0.6
0.952331066132	-0.032	0.072	-0.6
0.956068992615	-0.004	-0.028	0.132
0.959800004959	0.012	-0.24	1.616
0.963530063629	0.008	-0.348	2.044
0.967266082764	0.008	-0.348	2.044
0.970997095108	-0.012	-0.24	1.94
0.974728107452	-0.024	-0.028	0.472
0.978475093842	-0.032	0.056	-0.536
0.982206106186	-0.032	0.056	-0.536
0.98594212532	-0.02	0.036	-0.244
0.989674091339	0.008	-0.168	1.112
0.993402957916	0.028	-0.328	2.044
0.997138977051	0.028	-0.328	2.044
1.00086808205	0.012	-0.292	2.044
1.00459909439	-0.016	-0.108	0.984
1.00835204124	-0.016	-0.108	0.984
1.01208305359	-0.048	0.044	-0.324
1.01581501961	-0.02	0.06	-0.496
1.01954603195	-0.02	-0.088	0.604
1.02327609062	-0.02	-0.088	0.604
1.02701401711	0.008	-0.276	2.028
1.03074216843	0.004	-0.352	2.044
1.03448796272	-0.024	-0.18	1.488
1.03825306892	-0.024	-0.18	1.488
1.04198503494	-0.04	0.0	0.016
1.04573893547	-0.028	0.072	-0.588
1.04946994781	-0.008	-0.024	0.136
1.05320096016	-0.008	-0.024	0.136
1.0569331646	0.016	-0.232	1.604
1.06066298485	0.016	-0.348	2.044
1.06439304352	0.016	-0.348	2.044
1.06812906265	-0.032	-0.22	1.936
1.071860075	-0.04	-0.024	0.472
1.07559704781	-0.048	0.06	-0.54
1.07932806015	-0.048	0.06	-0.54
1.08306002617	-0.016	0.028	-0.232
1.0867960453	0.008	-0.16	1.112
1.09052610397	0.02	-0.332	2.044
1.09425902367	0.02	-0.332	2.044
1.09798908234	0.008	-0.3	2.044
1.10171914101	-0.016	-0.116	0.996
1.10551595688	-0.02	0.036	-0.332
1.10925197601	-0.02	0.036	-0.332
1.11298298836	-0.016	0.076	-0.48
1.11671996117	-0.012	-0.096	0.608
1.12045097351	-0.012	-0.096	0.608
1.12418293953	0.0	-0.272	2.028
1.12790608406	0.0	-0.328	2.044
1.13162207603	-0.024	-0.184	1.488
1.13534593582	-0.024	-0.184	1.488
1.13907909393	-0.036	0.016	0.004
1.1428091526	-0.04	0.076	-0.608
1.14654803276	-0.016	-0.024	0.132
1.15029716492	-0.016	-0.024	0.132
1.15402793884	0.004	-0.228	1.6
1.15777611732	0.02	-0.34	2.044
1.16150712967	-0.004	-0.248	1.936
1.16523694992	-0.004	-0.248	1.936
1.16897416115	-0.028	-0.044	0.48
1.1727039814	-0.048	0.072	-0.52
1.17643499374	-0.048	0.072	-0.52
1.18016600609	-0.02	0.032	-0.232
1.18389606476	0.004	-0.164	1.104
1.18763208389	0.028	-0.332	2.044
1.19136095047	0.028	-0.332	2.044
1.19509196281	0.012	-0.3	2.044
1.19882798195	-0.008	-0.112	0.976
1.20255994797	-0.032	0.04	-0.324
1.2062959671	-0.032	0.04	-0.324
1.21002912521	-0.024	0.056	-0.492
1.21376204491	0.0	-0.088	0.6
1.21748495102	0.004	-0.284	2.028
1.22121405602	0.004	-0.284	2.028
1.22494411469	0.0	-0.332	2.044
1.22867298126	-0.032	-0.176	1.488
1.23240399361	-0.032	-0.176	1.488
1.23614096642	-0.06	0.008	0.032
1.23987007141	-0.036	0.072	-0.604
1.24360108376	-0.016	-0.024	0.128
1.24733710289	-0.016	-0.024	0.128
1.25106811523	0.004	-0.228	1.612
1.25480604172	0.008	-0.344	2.044
1.25853800774	-0.004	-0.248	1.936
1.26226902008	-0.004	-0.248	1.936
1.26600408554	-0.024	-0.028	0.492
1.26973509789	-0.036	0.064	-0.54
1.27346515656	-0.036	0.064	-0.54
1.27720308304	-0.008	0.028	-0.244
1.28093314171	0.012	-0.176	1.1
1.28466415405	0.02	-0.32	2.044
1.28840112686	0.02	-0.32	2.044
1.29212999344	0.004	-0.304	2.044
1.29586005211	-0.012	-0.104	0.988
1.29959106445	-0.016	0.044	-0.316
1.30332016945	-0.016	0.044	-0.316
1.30705404282	-0.012	0.064	-0.484
1.31078600883	-0.008	-0.1	0.6
1.31452703476	0.012	-0.276	2.016
1.31829094887	0.012	-0.276	2.016
1.32202410698	0.0	-0.328	2.044
1.32577705383	-0.036	-0.18	1.496
1.32950210571	-0.036	-0.18	1.496
1.3332259655	-0.06	0.0	0.028
1.33695912361	-0.056	0.092	-0.596
1.34071207047	-0.02	-0.028	0.132
1.34444403648	-0.02	-0.028	0.132
1.3481760025	0.008	-0.228	1.604
1.35190701485	0.02	-0.348	2.044
1.35563707352	-0.004	-0.244	1.936
1.35938000679	-0.004	-0.244	1.936
1.36311197281	-0.028	-0.028	0.488
1.36685013771	-0.028	0.064	-0.544
1.37059497833	0.0	0.028	-0.228
1.37431716919	0.0	0.028	-0.228
1.37803912163	-0.004	-0.156	1.1
1.38177394867	0.02	-0.332	2.044
1.3855099678	0.02	-0.332	2.044
1.38924098015	0.008	-0.304	2.044
1.39350509644	-0.016	-0.1	0.988
1.39725208282	-0.032	0.036	-0.324
1.40098404884	-0.02	0.068	-0.496
1.40471696854	-0.02	0.068	-0.496
1.40845513344	0.004	-0.084	0.568
1.41218304634	0.012	-0.28	2.012
1.41591310501	0.012	-0.28	2.012
1.41964411736	-0.008	-0.324	2.044
1.42337393761	-0.032	-0.18	1.504
1.42711210251	-0.052	0.008	0.028
1.43084216118	-0.052	0.008	0.028
1.43457198143	-0.044	0.08	-0.592
1.43831014633	-0.012	-0.024	0.128
1.44204616547	0.004	-0.236	1.592
1.44577693939	0.004	-0.236	1.592
1.44950699806	0.024	-0.344	2.044
1.45323610306	-0.004	-0.248	1.96
1.45696806908	-0.016	-0.036	0.476
1.46069908142	-0.016	-0.036	0.476
1.46444201469	-0.032	0.064	-0.524
1.46817994118	-0.016	0.036	-0.248
1.47191095352	-0.016	0.036	-0.248
1.47564816475	-0.004	-0.16	1.1
1.47937893867	0.016	-0.328	2.044
1.48311114311	0.004	-0.304	2.044
1.4868490696	0.004	-0.304	2.044
1.49058008194	-0.032	-0.108	0.984
1.49431014061	-0.036	0.048	-0.316
1.49804615974	-0.02	0.064	-0.504
1.50177812576	-0.02	0.064	-0.504
1.5055141449	-0.004	-0.1	0.588
1.50924515724	0.012	-0.276	2.008
1.51297616959	0.008	-0.328	2.044
1.51672697067	0.008	-0.328	2.044
1.52046012878	-0.024	-0.18	1.496
1.52419114113	-0.052	0.008	0.032
1.52792096138	-0.052	0.008	0.032
1.53164196014	-0.04	0.08	-0.592
1.53536510468	-0.004	-0.02	0.148
1.53910493851	0.004	-0.232	1.584
1.5428340435	0.004	-0.232	1.584
1.54657196999	0.012	-0.34	2.044
1.55030202866	0.0	-0.244	1.952
1.55402398109	-0.024	-0.032	0.484
1.55776405334	-0.024	-0.032	0.484
1.56149506569	-0.044	0.064	-0.54
1.56522607803	-0.016	0.036	-0.244
1.56897306442	0.012	-0.164	1.076
1.57270503044	0.012	-0.164	1.076
1.57643604279	0.016	-0.328	2.044
1.5801680088	0.004	-0.296	2.044
1.58389806747	0.004	-0.296	2.044
1.58763408661	-0.028	-0.104	0.996
1.59136509895	-0.036	0.044	-0.324
1.59509801865	-0.012	0.064	-0.496
1.59883403778	-0.012	0.064	-0.496
1.60257315636	0.004	-0.092	0.592
1.60631012917	0.012	-0.26	2.02
1.61003899574	0.008	-0.328	2.044
1.61377310753	0.008	-0.328	2.044
1.61750507355	-0.024	-0.164	1.5
1.6212310791	-0.052	0.012	0.036
1.62495994568	-0.052	0.08	-0.6
1.62869715691	-0.052	0.08	-0.6
1.63242697716	-0.02	-0.028	0.124
1.63616394997	-0.004	-0.224	1.584
1.63989496231	-0.004	-0.224	1.584
1.64362502098	0.016	-0.36	2.044
1.64736008644	-0.012	-0.252	1.96
1.65109205246	-0.032	-0.036	0.488
1.65482211113	-0.032	-0.036	0.488
1.65856695175	-0.024	0.064	-0.528
1.66229701042	0.0	0.028	-0.236
1.66602396965	0.012	-0.164	1.096
1.66975498199	0.012	-0.164	1.096
1.67349696159	0.024	-0.316	2.044
1.67722916603	0.008	-0.276	2.044
1.68095898628	-0.016	-0.116	0.992
1.68468904495	-0.016	-0.116	0.992
1.68842601776	-0.04	0.04	-0.316
1.69215798378	-0.032	0.072	-0.496
1.69588899612	-0.032	0.072	-0.496
1.69962000847	-0.008	-0.092	0.576
1.70334815979	0.016	-0.272	2.008
1.70708107948	0.008	-0.332	2.044
1.71080994606	0.008	-0.332	2.044
1.71455097198	-0.024	-0.18	1.516
1.71831893921	-0.06	0.004	0.036
1.7220480442	-0.048	0.076	-0.6
1.72578501701	-0.048	0.076	-0.6
1.72952103615	-0.012	-0.024	0.124
1.73324513435	-0.004	-0.236	1.588
1.73697304726	0.008	-0.356	2.044
1.7407040596	0.008	-0.356	2.044
1.74443411827	0.004	-0.248	1.952
1.74817013741	-0.012	-0.032	0.48
1.7519030571	-0.012	-0.032	0.48
1.75564002991	-0.016	0.068	-0.532
1.75936198235	-0.008	0.028	-0.24
1.76308512688	0.016	-0.156	1.088
1.76681208611	0.016	-0.156	1.088
1.77055811882	0.02	-0.32	2.044
1.77428913116	0.012	-0.3	2.044
1.778028965	-0.032	-0.108	0.996
1.78176116943	-0.032	-0.108	0.996
1.78549814224	-0.064	0.052	-0.316
1.78923296928	-0.028	0.064	-0.5
1.79295897484	-0.028	0.064	-0.5
1.79669094086	-0.004	-0.1	0.592
1.80042099953	0.012	-0.268	2.004
1.80415296555	-0.008	-0.336	2.044
1.80788397789	-0.008	-0.336	2.044
1.81161499023	-0.016	-0.184	1.504
1.8153450489	-0.036	0.008	0.036
1.81908106804	-0.044	0.072	-0.6
1.82281112671	-0.044	0.072	-0.6
1.82656002045	-0.012	-0.02	0.132
1.83029007912	0.012	-0.22	1.592
1.83401799202	0.008	-0.344	2.044
1.83775496483	0.008	-0.344	2.044
1.84148406982	0.008	-0.244	1.948
1.84521698952	-0.032	-0.036	0.492
1.84895515442	-0.032	-0.036	0.492
1.85268616676	-0.028	0.072	-0.54
1.85641694069	-0.008	0.028	-0.248
1.86014699936	0.012	-0.16	1.092
1.86389017105	0.012	-0.16	1.092
1.86762714386	0.02	-0.324	2.044
1.87135601044	0.008	-0.292	2.044
1.87508606911	-0.036	-0.104	1.004
1.87882304192	-0.036	-0.104	1.004
1.88257694244	-0.036	0.04	-0.316
1.88631296158	-0.04	0.068	-0.5
1.89003801346	-0.016	-0.1	0.584
1.8937830925	-0.016	-0.1	0.584
1.89753508568	0.012	-0.284	2.012
1.90126609802	0.008	-0.336	2.044
1.90500712395	0.008	-0.336	2.044
1.90874004364	-0.008	-0.18	1.496
1.91247105598	-0.02	0.0	0.044
1.9161939621	-0.028	0.064	-0.604
1.91992616653	-0.028	0.064	-0.604
1.92365694046	0.0	-0.02	0.124
1.92738413811	0.008	-0.22	1.584
1.93110799789	0.012	-0.36	2.044
1.93482995033	0.012	-0.36	2.044
1.93857502937	-0.012	-0.236	1.948
1.94230604172	-0.04	-0.04	0.496
1.94604301453	-0.036	0.064	-0.54
1.94977402687	-0.036	0.064	-0.54
1.95350313187	-0.008	0.024	-0.24
1.95724010468	0.016	-0.156	1.084
1.96097517014	0.016	-0.156	1.084
1.96470594406	0.028	-0.328	2.044
1.96845507622	0.016	-0.296	2.044
1.97218513489	-0.016	-0.108	1.0
1.97592616081	-0.016	-0.108	1.0
1.97965407372	-0.048	0.048	-0.312
1.98338413239	-0.016	0.056	-0.492
1.98713207245	-0.012	-0.096	0.584
1.99086213112	-0.012	-0.096	0.584
1.99460411072	0.008	-0.264	2.008
1.99834012985	0.004	-0.34	2.044
2.00206804276	-0.02	-0.184	1.504
2.00580501556	-0.02	-0.184	1.504
2.00953602791	-0.04	0.012	0.052
2.0132651329	-0.036	0.076	-0.6
2.01699614525	-0.036	0.076	-0.6
2.02073001862	-0.012	-0.016	0.12
2.02446007729	0.008	-0.216	1.584
2.02819800377	0.004	-0.34	2.044
2.03192710876	0.004	-0.34	2.044
2.0356631279	-0.016	-0.244	1.956
2.03939199448	-0.04	-0.04	0.5
2.0431201458	-0.04	0.064	-0.536
2.04685711861	-0.04	0.064	-0.536
2.05060005188	-0.016	0.036	-0.256
2.05432915688	0.012	-0.164	1.092
2.05805897713	0.028	-0.328	2.044
2.06178808212	0.028	-0.328	2.044
2.06552314758	0.016	-0.292	2.044
2.06925606728	-0.016	-0.104	1.004
2.07298612595	-0.016	-0.104	1.004
2.07672810555	-0.028	0.024	-0.316
2.08045816422	-0.024	0.068	-0.504
2.08418798447	-0.012	-0.096	0.576
2.08793115616	-0.012	-0.096	0.576
2.09167194366	0.008	-0.276	2.012
2.09540104866	0.0	-0.332	2.044
2.09913110733	-0.032	-0.18	1.512
2.10285997391	-0.032	-0.18	1.512
2.10661005974	-0.044	0.0	0.048
2.11033296585	-0.032	0.072	-0.612
2.1140639782	-0.008	-0.028	0.116
2.11779594421	-0.008	-0.028	0.116
2.12152600288	0.008	-0.22	1.58
2.12525606155	0.004	-0.348	2.044
2.12898397446	0.004	-0.348	2.044
2.13270497322	-0.016	-0.252	1.964
2.13644814491	-0.04	-0.036	0.496
2.14018201828	-0.036	0.056	-0.532
2.14391303062	-0.036	0.056	-0.532
2.14764904976	0.0	0.028	-0.228
2.15137004852	0.016	-0.156	1.076
2.15510201454	0.032	-0.32	2.044
2.15883708	0.032	-0.32	2.044
2.16258096695	0.024	-0.288	2.044
2.16631698608	-0.016	-0.104	0.996
2.17004704475	-0.032	0.044	-0.308
2.17377710342	-0.032	0.044	-0.308
2.17750811577	-0.036	0.076	-0.504
2.18123912811	-0.008	-0.088	0.568
2.18497014046	-0.008	-0.088	0.568
2.18870615959	0.008	-0.268	1.996
2.19243907928	0.004	-0.328	2.044
2.19618415833	-0.028	-0.188	1.516
2.19991612434	-0.028	-0.188	1.516
2.20365810394	-0.048	0.004	0.06
2.2073931694	-0.028	0.076	-0.6
2.21112394333	-0.004	-0.02	0.116
2.214854002	-0.004	-0.02	0.116
2.21860003471	0.0	-0.212	1.596
2.22232103348	0.012	-0.352	2.044
2.22605705261	-0.012	-0.24	1.96
2.22978711128	-0.012	-0.24	1.96
2.23351716995	-0.024	-0.04	0.496
2.23727011681	-0.048	0.068	-0.532
2.2410030365	-0.048	0.068	-0.532
2.24473500252	-0.016	0.028	-0.26
2.24846696854	0.008	-0.164	1.084
2.25220108032	0.052	-0.348	2.044
2.25593209267	0.052	-0.348	2.044
2.25966310501	0.02	-0.28	2.044
2.26339101791	-0.016	-0.108	1.004
2.2671251297	-0.032	0.036	-0.308
2.27085399628	-0.032	0.036	-0.308
2.27459907532	-0.02	0.06	-0.496
2.27833604813	-0.012	-0.092	0.58
2.28207111359	0.004	-0.284	2.008
2.28580713272	0.004	-0.284	2.008
2.28953695297	0.004	-0.332	2.044
2.29326605797	-0.024	-0.176	1.516
2.29699707031	-0.024	-0.176	1.516
2.30075001717	-0.044	0.004	0.044
2.30448007584	-0.028	0.068	-0.6
2.3082151413	-0.004	-0.008	0.12
2.31196093559	-0.004	-0.008	0.12
2.31569814682	0.02	-0.228	1.576
2.31942796707	0.008	-0.34	2.044
2.32315707207	0.0	-0.248	1.964
2.32688498497	0.0	-0.248	1.964
2.33061408997	-0.032	-0.04	0.5
2.33433294296	-0.04	0.06	-0.528
2.33806014061	-0.016	0.024	-0.256
2.3417930603	-0.016	0.024	-0.256
2.34552907944	0.02	-0.156	1.084
2.34925913811	0.028	-0.324	2.044
2.35298800468	0.028	-0.324	2.044
2.35672307014	0.02	-0.3	2.044
2.36045193672	-0.02	-0.108	1.012
2.36418294907	-0.028	0.044	-0.308
2.36791801453	-0.028	0.044	-0.308
2.37164902687	-0.016	0.072	-0.496
2.37537813187	-0.008	-0.104	0.572
2.37911510468	0.004	-0.268	1.988
2.38284397125	0.004	-0.268	1.988
2.38657903671	0.004	-0.328	2.044
2.39030694962	-0.024	-0.18	1.524
2.39403700829	-0.048	0.008	0.052
2.39777207375	-0.048	0.008	0.052
2.40149998665	-0.032	0.072	-0.6
2.4052760601	-0.008	-0.024	0.112
2.40901303291	-0.008	-0.024	0.112
2.41274404526	0.012	-0.228	1.572
2.41647410393	0.016	-0.344	2.044
2.4202029705	-0.004	-0.252	1.964
2.42393803596	-0.004	-0.252	1.964
2.4276881218	-0.04	-0.044	0.512
2.43141794205	-0.04	0.052	-0.536
2.43514800072	-0.02	0.04	-0.26
2.43888401985	-0.02	0.04	-0.26
2.44262909889	0.012	-0.148	1.08
2.44636511803	0.024	-0.324	2.044
2.4500939846	0.028	-0.284	2.044
2.45382404327	0.028	-0.284	2.044
2.45755314827	-0.004	-0.1	1.008
2.46128416061	-0.02	0.04	-0.312
2.46501302719	-0.02	0.04	-0.312
2.46874904633	-0.02	0.064	-0.5
2.4724881649	0.0	-0.088	0.58
2.47621512413	-0.004	-0.272	1.996
2.47994613647	-0.004	-0.272	1.996
2.48368096352	0.008	-0.332	2.044
2.48741793633	-0.044	-0.172	1.532
2.49115014076	-0.064	0.004	0.044
2.49487900734	-0.064	0.004	0.044
2.49862194061	-0.044	0.068	-0.604
2.50235199928	-0.024	-0.024	0.12
2.50608706474	0.016	-0.224	1.576
2.50982713699	0.016	-0.224	1.576
2.51355600357	0.02	-0.336	2.044
2.51728796959	0.0	-0.256	1.968
2.52100896835	0.0	-0.256	1.968
2.52472996712	-0.02	-0.056	0.504
2.52846312523	-0.036	0.072	-0.528
2.53218412399	-0.016	0.028	-0.264
2.53591108322	-0.016	0.028	-0.264
2.53969502449	0.008	-0.16	1.08
2.54342508316	0.028	-0.328	2.044
2.54716300964	0.012	-0.3	2.044
2.55089116096	0.012	-0.3	2.044
2.55463409424	-0.012	-0.116	1.012
2.55837106705	-0.032	0.048	-0.312
2.56210112572	-0.02	0.06	-0.504
2.56583809853	-0.02	0.06	-0.504
2.5695681572	-0.008	-0.084	0.572
2.57329797745	0.012	-0.276	2.0
2.57702493668	0.012	-0.276	2.0
2.58075213432	-0.004	-0.32	2.044
2.58448195457	-0.036	-0.184	1.52
2.58825302124	-0.056	0.004	0.052
2.59198498726	-0.056	0.004	0.052
2.59572100639	-0.044	0.076	-0.604
2.59945297241	-0.02	-0.016	0.112
2.60318613052	0.012	-0.228	1.564
2.60692095757	0.012	-0.228	1.564
2.61066412926	0.028	-0.348	2.044
2.61440205574	0.016	-0.272	1.976
2.61813306808	-0.028	-0.052	0.512
2.6218650341	-0.028	-0.052	0.512
2.62560105324	-0.036	0.064	-0.528
2.62933111191	-0.012	0.032	-0.264
2.63306212425	-0.012	0.032	-0.264
2.63679814339	0.0	-0.16	1.08
2.64051914215	0.024	-0.328	2.044
2.64424800873	0.0	-0.292	2.044
2.64797115326	0.0	-0.292	2.044
2.6517059803	-0.02	-0.096	0.996
2.65543913841	-0.032	0.04	-0.308
2.65920305252	-0.028	0.064	-0.508
2.66293215752	-0.028	0.064	-0.508
2.66668105125	-0.004	-0.096	0.564
2.67041015625	0.02	-0.264	1.988
2.67413902283	0.008	-0.336	2.044
2.67787504196	0.008	-0.336	2.044
2.68160414696	-0.028	-0.188	1.524
2.6853351593	-0.056	0.004	0.064
2.68906402588	-0.056	0.004	0.064
2.69279313087	-0.036	0.068	-0.604
2.69652414322	-0.008	-0.016	0.108
2.70025515556	0.012	-0.22	1.568
2.70398402214	0.012	-0.22	1.568
2.7077190876	0.02	-0.344	2.044
2.71144914627	-0.004	-0.256	1.964
2.71518301964	-0.024	-0.044	0.512
2.71892905235	-0.024	-0.044	0.512
2.72267413139	-0.024	0.08	-0.544
2.72640299797	-0.028	0.032	-0.256
2.73012709618	0.0	-0.156	1.068
2.73384404182	0.0	-0.156	1.068
2.73756098747	0.012	-0.316	2.044
2.74129414558	0.0	-0.3	2.044
2.74501609802	0.0	-0.3	2.044
2.74874615669	-0.024	-0.116	1.028
2.75247597694	-0.024	0.036	-0.3
2.75621199608	-0.02	0.068	-0.488
2.75993514061	-0.02	0.068	-0.488
2.7636590004	0.008	-0.092	0.588
2.76738405228	0.008	-0.276	1.992
2.77112102509	0.008	-0.328	2.044
2.77485108376	0.008	-0.328	2.044
2.77860403061	-0.028	-0.168	1.528
2.78233504295	-0.052	-0.004	0.048
2.78607201576	-0.052	-0.004	0.048
2.78980207443	-0.04	0.08	-0.604
2.79353094101	-0.012	-0.028	0.104
2.79726696014	0.004	-0.22	1.556
2.80099606514	0.004	-0.22	1.556
2.80472517014	0.004	-0.34	2.044
2.80845999718	0.008	-0.252	1.964
2.81219005585	-0.032	-0.064	0.512
2.81592202187	-0.032	-0.064	0.512
2.81965017319	-0.036	0.064	-0.516
2.82338905334	-0.008	0.036	-0.252
2.82712697983	0.0	-0.16	1.068
2.83085298538	0.0	-0.16	1.068
2.83458709717	0.028	-0.32	2.044
2.8383231163	0.004	-0.3	2.044
2.84205198288	0.004	-0.3	2.044
2.84578704834	-0.024	-0.108	1.012
2.84951901436	-0.044	0.052	-0.292
2.8532500267	-0.024	0.072	-0.508
2.85698103905	-0.024	0.072	-0.508
2.86071205139	0.0	-0.076	0.564
2.86443305016	0.016	-0.276	1.992
2.86816716194	0.004	-0.328	2.044
2.87190699577	0.004	-0.328	2.044
2.87564396858	-0.024	-0.18	1.532
2.87937498093	-0.06	0.012	0.056
2.88313412666	-0.052	0.072	-0.592
2.88687515259	-0.052	0.072	-0.592
2.89062213898	-0.032	-0.02	0.108
2.89435195923	0.004	-0.212	1.564
2.8980820179	0.004	-0.212	1.564
2.90181112289	0.008	-0.348	2.044
2.90554594994	-0.008	-0.264	1.976
2.90927696228	-0.032	-0.04	0.516
2.91300702095	-0.032	-0.04	0.516
2.91674304008	-0.02	0.064	-0.528
2.92047309875	-0.004	0.044	-0.268
2.92420315742	0.008	-0.156	1.072
2.92794203758	0.008	-0.156	1.072
2.93166399002	0.028	-0.316	2.044
2.93538498878	0.004	-0.284	2.044
2.93912005424	-0.024	-0.112	1.02
2.94285011292	-0.024	-0.112	1.02
2.94660401344	-0.04	0.048	-0.3
2.95033311844	-0.028	0.068	-0.508
2.95406413078	-0.028	0.068	-0.508
2.95779705048	-0.012	-0.1	0.58
2.96152615547	0.012	-0.28	1.996
2.96525502205	0.008	-0.324	2.044
2.96898508072	0.008	-0.324	2.044
2.97271513939	-0.02	-0.184	1.528
2.97644805908	-0.06	0.008	0.06
2.98017501831	-0.052	0.076	-0.604
2.98391604424	-0.052	0.076	-0.604
2.98764705658	-0.012	-0.016	0.116
2.99137711525	0.004	-0.212	1.548
2.9951069355	0.012	-0.344	2.044
2.99884104729	0.012	-0.344	2.044
3.00259399414	0.008	-0.264	1.968
3.00633001328	-0.02	-0.052	0.52
3.01005911827	-0.02	-0.052	0.52
3.01378893852	-0.024	0.06	-0.524
3.01751899719	-0.008	0.032	-0.26
3.02124905586	0.008	-0.156	1.068
3.02497601509	0.008	-0.156	1.068
3.02871203423	0.004	-0.316	2.044
3.03244996071	0.008	-0.292	2.044
3.03618502617	-0.032	-0.096	1.028
3.03992605209	-0.032	-0.096	1.028
3.04365515709	-0.04	0.036	-0.3
3.04738998413	-0.032	0.072	-0.5
3.05111694336	-0.008	-0.092	0.564
3.05484509468	-0.008	-0.092	0.564
3.05863809586	0.008	-0.28	1.996
3.06237411499	0.004	-0.34	2.044
3.06611013412	0.004	-0.34	2.044
3.06983995438	-0.028	-0.18	1.516
3.07357096672	-0.048	0.012	0.052
3.07730603218	-0.036	0.072	-0.604
3.08103704453	-0.036	0.072	-0.604
3.08476805687	-0.012	-0.016	0.108
3.088504076	0.008	-0.22	1.56
3.09223294258	0.012	-0.344	2.044
3.09596395493	0.012	-0.344	2.044
3.09969496727	-0.008	-0.256	1.976
3.10342502594	-0.036	-0.044	0.52
3.10716199875	-0.032	0.064	-0.524
3.11089205742	-0.032	0.064	-0.524
3.11464095116	-0.008	0.032	-0.264
3.11838197708	-0.008	-0.156	1.06
3.12211298943	-0.008	-0.156	1.06
3.12584900856	0.02	-0.312	2.044
3.129570961	0.0	-0.288	2.044
3.13328504562	-0.028	-0.108	1.024
3.13702201843	-0.028	-0.108	1.024
3.14075613022	-0.032	0.04	-0.3
3.14448714256	-0.036	0.064	-0.512
3.14824914932	-0.02	-0.1	0.552
3.15197896957	-0.02	-0.1	0.552
3.15571594238	0.032	-0.292	1.992
3.15944504738	0.008	-0.328	2.044
3.1631770134	-0.008	-0.18	1.524
3.16691207886	-0.008	-0.18	1.524
3.17065310478	-0.044	0.0	0.064
3.17437505722	-0.036	0.072	-0.6
3.17810797691	-0.036	0.072	-0.6
3.18183898926	-0.012	-0.02	0.1
3.18557405472	0.004	-0.216	1.552
3.18930315971	0.0	-0.344	2.044
3.19302511215	0.0	-0.344	2.044
3.19675207138	-0.008	-0.244	1.98
3.20048308372	-0.036	-0.044	0.528
3.2042131424	-0.028	0.056	-0.524
3.20795512199	-0.028	0.056	-0.524
3.21168708801	-0.004	0.04	-0.268
3.21541500092	0.012	-0.156	1.056
3.21915102005	0.024	-0.312	2.044
3.22288012505	0.024	-0.312	2.044
3.22663497925	0.02	-0.304	2.044
3.23036408424	-0.02	-0.112	1.028
3.23409795761	-0.02	-0.112	1.028
3.23784995079	-0.036	0.044	-0.296
3.24159097672	-0.028	0.072	-0.516
3.24532198906	-0.004	-0.092	0.552
3.24905800819	-0.004	-0.092	0.552
3.25278711319	0.016	-0.272	1.988
3.25651717186	0.008	-0.328	2.044
3.26024699211	-0.016	-0.18	1.528
3.26397895813	-0.016	-0.18	1.528
3.26775312424	-0.044	0.004	0.072
3.27148413658	-0.036	0.084	-0.596
3.2752161026	-0.016	-0.02	0.112
3.27895498276	-0.016	-0.02	0.112
3.28269004822	0.012	-0.22	1.552
3.28642511368	0.008	-0.336	2.044
3.29015517235	0.008	-0.336	2.044
3.29388809204	-0.004	-0.256	1.968
3.29762005806	-0.04	-0.044	0.536
3.30135011673	-0.028	0.06	-0.532
3.30507993698	-0.028	0.06	-0.532
3.30881714821	-0.004	0.036	-0.264
3.31254601479	0.012	-0.152	1.068
3.31628203392	0.028	-0.308	2.044
3.32001113892	0.028	-0.308	2.044
3.32374215126	0.02	-0.288	2.044
3.32747602463	-0.024	-0.108	1.032
3.33120012283	-0.032	0.024	-0.292
3.3349211216	-0.032	0.024	-0.292
3.33867406845	-0.036	0.076	-0.508
3.34240913391	-0.02	-0.092	0.552
3.34615516663	-0.02	-0.092	0.552
3.34988903999	0.008	-0.28	1.984
3.35361814499	-0.004	-0.324	2.044
3.35735607147	-0.016	-0.176	1.532
3.36108613014	-0.016	-0.176	1.532
3.36481595039	-0.044	0.016	0.064
3.36855196953	-0.036	0.076	-0.604
3.37228798866	0.0	-0.024	0.092
3.37600898743	0.0	-0.024	0.092
3.37972998619	0.008	-0.216	1.56
3.38345909119	0.004	-0.352	2.044
3.387196064	-0.02	-0.252	2.0
3.39092206955	-0.02	-0.252	2.0
3.39466309547	-0.048	-0.044	0.524
3.39840006828	-0.032	0.052	-0.528
3.40212917328	-0.032	0.052	-0.528
3.40586495399	-0.008	0.036	-0.272
3.40959715843	0.012	-0.156	1.052
3.41332697868	0.036	-0.32	2.044
3.41705608368	0.036	-0.32	2.044
3.42078614235	0.016	-0.288	2.044
3.42451500893	-0.008	-0.116	1.032
3.4282810688	-0.036	0.04	-0.284
3.43201208115	-0.036	0.04	-0.284
3.43574905396	-0.036	0.068	-0.512
3.43947911263	-0.012	-0.096	0.552
3.44321012497	-0.004	-0.268	1.988
3.44694495201	-0.004	-0.268	1.988
3.45070195198	0.004	-0.332	2.044
3.45443201065	-0.024	-0.192	1.532
3.45816302299	-0.024	-0.192	1.532
3.46189403534	-0.064	0.028	0.072
3.46563196182	-0.028	0.08	-0.6
3.46936416626	-0.008	-0.024	0.092
3.47309398651	-0.008	-0.024	0.092
3.47683000565	0.008	-0.216	1.552
3.48056006432	0.016	-0.344	2.044
3.48429012299	0.0	-0.256	1.984
3.48801207542	0.0	-0.256	1.984
3.49173498154	-0.028	-0.048	0.52
3.49547195435	-0.04	0.044	-0.52
3.49920606613	-0.008	0.032	-0.272
3.5029361248	-0.008	0.032	-0.272
3.50668811798	0.0	-0.156	1.056
3.51041007042	0.024	-0.328	2.044
3.514138937	0.024	-0.328	2.044
3.51786994934	0.016	-0.292	2.044
3.52159905434	-0.024	-0.104	1.036
3.52533316612	-0.04	0.028	-0.292
3.52906513214	-0.04	0.028	-0.292
3.53278899193	-0.024	0.08	-0.536
3.53651499748	-0.016	-0.088	0.548
3.54024815559	0.008	-0.28	1.98
3.54399013519	0.008	-0.28	1.98
3.54772615433	-0.004	-0.336	2.044
3.55145716667	-0.016	-0.184	1.536
3.5551970005	-0.044	0.008	0.064
3.55893206596	-0.044	0.008	0.064
3.56267905235	-0.028	0.072	-0.596
3.56641602516	-0.008	-0.024	0.112
3.57014608383	-0.008	-0.024	0.112
3.57387495041	0.008	-0.216	1.544
3.57760500908	0.012	-0.356	2.044
3.58133912086	-0.004	-0.252	1.988
3.58507013321	-0.004	-0.252	1.988
3.58880710602	-0.04	-0.048	0.548
3.59253716469	-0.044	0.06	-0.524
3.5962741375	-0.016	0.028	-0.272
3.6000161171	-0.016	0.028	-0.272
3.60374498367	0.008	-0.148	1.044
3.60747909546	0.028	-0.32	2.044
3.6112101078	0.008	-0.296	2.044
3.61493897438	0.008	-0.296	2.044
3.61868715286	-0.016	-0.096	1.04
3.62241911888	-0.024	0.048	-0.308
3.62615394592	-0.024	0.048	-0.308
3.62988495827	-0.02	0.06	-0.504
3.63361501694	-0.008	-0.096	0.552
3.63735103607	0.004	-0.28	2.0
3.64107894897	0.004	-0.28	2.0
3.64480400085	0.004	-0.324	2.044
3.64854097366	-0.024	-0.184	1.544
3.65227103233	-0.048	-0.004	0.068
3.65601205826	-0.048	-0.004	0.068
3.65975213051	-0.052	0.072	-0.604
3.66348195076	-0.004	-0.016	0.092
3.66721916199	-0.004	-0.016	0.092
3.67094707489	0.004	-0.22	1.544
3.67469501495	0.016	-0.34	2.044
3.67843294144	-0.004	-0.252	1.984
3.68216395378	-0.004	-0.252	1.984
3.68589997292	-0.036	-0.048	0.54
3.68962907791	-0.04	0.056	-0.528
3.69336009026	-0.004	0.048	-0.276
3.69710302353	-0.004	0.048	-0.276
3.70086312294	0.004	-0.156	1.056
3.70459508896	0.032	-0.328	2.044
3.70833206177	0.008	-0.3	2.044
3.71206116676	0.008	-0.3	2.044
3.7157959938	-0.008	-0.108	1.044
3.71952700615	-0.02	0.036	-0.28
3.72325706482	-0.02	0.068	-0.512
3.72699093819	-0.02	0.068	-0.512
3.7307240963	-0.008	-0.076	0.568
3.73444604874	0.004	-0.276	1.972
3.73817396164	0.004	-0.276	1.972
3.74190711975	-0.004	-0.328	2.044
3.74564504623	-0.032	-0.184	1.54
3.74937605858	-0.06	-0.004	0.064
3.7531080246	-0.06	-0.004	0.064
3.75684809685	-0.036	0.072	-0.608
3.76057004929	-0.016	-0.016	0.092
3.7643020153	0.028	-0.228	1.536
3.76804113388	0.028	-0.228	1.536
3.77177500725	0.024	-0.348	2.044
3.77551102638	0.0	-0.252	1.98
3.77923417091	0.0	-0.252	1.98
3.78295397758	-0.024	-0.048	0.532
3.78670907021	-0.016	0.048	-0.508
3.79044008255	-0.012	0.032	-0.28
3.79417014122	-0.012	0.032	-0.28
3.79790616035	0.004	-0.16	1.044
3.80163502693	0.012	-0.296	2.044
3.8053650856	0.008	-0.296	2.044
3.80910110474	0.008	-0.296	2.044
3.81283307076	-0.02	-0.112	1.044
3.81656503677	-0.04	0.04	-0.288
3.82029509544	-0.032	0.068	-0.528
3.82403612137	-0.032	0.068	-0.528
3.8277721405	-0.016	-0.088	0.544
3.83150100708	0.012	-0.276	1.976
3.83523201942	0.012	-0.276	1.976
3.83896803856	0.008	-0.324	2.044
3.84271001816	-0.028	-0.188	1.548
3.84644603729	-0.06	-0.012	0.076
3.85017895699	-0.06	-0.012	0.076
3.85390901566	-0.048	0.072	-0.6
3.857640028	-0.012	-0.016	0.096
3.861369133	0.012	-0.22	1.544
3.86509799957	0.012	-0.22	1.544
3.86884403229	0.02	-0.336	2.044
3.87257695198	0.004	-0.256	1.992
3.87631201744	-0.032	-0.052	0.532
3.88005304337	-0.032	-0.052	0.532
3.88378310204	-0.032	0.056	-0.512
3.8875181675	-0.016	0.04	-0.28
3.89124798775	-0.016	0.04	-0.28
3.89497709274	0.0	-0.144	1.032
3.89872407913	0.024	-0.336	2.044
3.9024541378	0.0	-0.296	2.044
3.90618109703	0.0	-0.296	2.044
3.90990304947	-0.012	-0.108	1.04
3.91363310814	-0.024	0.04	-0.292
3.91737008095	-0.032	0.068	-0.52
3.92109894753	-0.032	0.068	-0.52
3.92482805252	-0.004	-0.092	0.548
3.92856407166	0.024	-0.28	1.996
3.93228697777	0.0	-0.332	2.044
3.93600606918	0.0	-0.332	2.044
3.93973207474	-0.028	-0.18	1.544
3.94346094131	-0.064	0.0	0.072
3.94719099998	-0.064	0.0	0.072
3.95091104507	-0.048	0.072	-0.588
3.95464015007	-0.012	-0.012	0.092
3.9583761692	0.004	-0.216	1.54
3.96210503578	0.004	-0.216	1.54
3.96584010124	0.032	-0.332	2.044
3.96956896782	-0.004	-0.252	1.988
3.97330713272	-0.02	-0.044	0.544
3.97703814507	-0.02	-0.044	0.544
3.98076796532	-0.024	0.068	-0.52
3.98449707031	-0.012	0.032	-0.28
3.98829102516	0.0	-0.16	1.048
3.99201416969	0.0	-0.16	1.048
3.99574112892	0.016	-0.308	2.044
3.99946904182	-0.012	-0.284	2.044
4.00320005417	-0.012	-0.284	2.044
4.00693106651	-0.024	-0.112	1.048
4.01067304611	-0.032	0.032	-0.288
4.01440310478	-0.024	0.064	-0.52
4.01813316345	-0.024	0.064	-0.52
4.02186203003	0.004	-0.076	0.528
4.02559614182	0.016	-0.272	1.972
4.02932405472	0.0	-0.32	2.044
4.03304409981	0.0	-0.32	2.044
4.03677105904	-0.016	-0.192	1.54
4.04052805901	-0.06	-0.004	0.076
4.04426002502	-0.048	0.072	-0.6
4.0479850769	-0.048	0.072	-0.6
4.05170798302	-0.024	-0.012	0.092
4.05542898178	-0.004	-0.22	1.552
4.05916500092	-0.004	-0.22	1.552
4.06289601326	0.012	-0.348	2.044
4.06663298607	0.0	-0.256	1.984
4.0703561306	-0.024	-0.032	0.532
4.07408714294	-0.024	-0.032	0.532
4.07783699036	-0.032	0.06	-0.512
4.0815680027	-0.012	0.032	-0.28
4.08529806137	0.0	-0.152	1.036
4.08902096748	0.0	-0.152	1.036
4.09274411201	0.02	-0.308	2.044
4.09647417068	0.004	-0.3	2.044
4.10020399094	-0.024	-0.108	1.036
4.10395693779	-0.024	-0.108	1.036
4.10769510269	-0.04	0.04	-0.272
4.11142611504	-0.016	0.06	-0.516
4.11515712738	-0.016	0.06	-0.516
4.11889195442	0.0	-0.088	0.54
4.12261414528	0.012	-0.268	1.972
4.12634897232	-0.004	-0.336	2.044
4.13007211685	-0.004	-0.336	2.044
4.13379716873	-0.028	-0.184	1.56
4.13752603531	-0.06	0.0	0.072
4.14125108719	-0.052	0.076	-0.608
4.14498209953	-0.052	0.076	-0.608
4.14871907234	-0.02	-0.02	0.088
4.15244793892	-0.004	-0.212	1.536
4.1561870575	0.024	-0.348	2.044
4.15992307663	0.024	-0.348	2.044
4.16366815567	-0.004	-0.26	1.976
4.16740512848	-0.028	-0.04	0.544
4.1711370945	-0.028	-0.04	0.544
4.17486596107	-0.016	0.06	-0.516
4.17860102654	-0.008	0.036	-0.28
4.18234205246	0.008	-0.16	1.04
4.18613100052	0.008	-0.16	1.04
4.18986296654	0.024	-0.312	2.044
4.19359302521	0.0	-0.304	2.044
4.19732308388	-0.036	-0.12	1.056
4.20105409622	-0.036	-0.12	1.056
4.20478606224	-0.036	0.032	-0.276
4.20852208138	-0.028	0.064	-0.516
4.21225309372	-0.012	-0.092	0.536
4.21599411964	-0.012	-0.092	0.536
4.21972799301	0.016	-0.272	1.98
4.22345709801	0.008	-0.332	2.044
4.22719311714	0.008	-0.332	2.044
4.23092198372	-0.02	-0.188	1.556
4.23465204239	-0.044	0.012	0.072
4.23838710785	-0.044	0.068	-0.608
4.24211812019	-0.044	0.068	-0.608
4.24585294724	-0.016	-0.008	0.076
4.24958610535	0.0	-0.216	1.54
4.25330805779	0.016	-0.344	2.044
4.25703811646	0.016	-0.344	2.044
4.26076698303	0.0	-0.252	2.004
4.26449012756	-0.02	-0.044	0.544
4.26829004288	-0.008	0.06	-0.5
4.27201700211	-0.008	0.06	-0.5
4.27575302124	-0.008	0.036	-0.28
4.27948403358	0.012	-0.152	1.044
4.2832159996	0.012	-0.152	1.044
4.28696012497	0.02	-0.316	2.044
4.29068899155	-0.008	-0.304	2.044
4.29442000389	-0.028	-0.112	1.052
4.29815196991	-0.028	-0.112	1.052
4.30188298225	-0.052	0.036	-0.288
4.30561995506	-0.024	0.044	-0.516
4.30935001373	-0.008	-0.088	0.532
4.3130800724	-0.008	-0.088	0.532
4.31681609154	0.016	-0.26	1.964
4.32054495811	0.016	-0.332	2.044
4.32427406311	-0.016	-0.204	1.56
4.32800912857	-0.016	-0.204	1.56
4.33173203468	-0.032	0.0	0.08
4.33551001549	-0.048	0.076	-0.6
4.33924603462	-0.048	0.076	-0.6
4.34297704697	-0.012	-0.008	0.088
4.3467130661	0.012	-0.212	1.536
4.35044312477	0.008	-0.336	2.044
4.35417199135	0.008	-0.336	2.044
4.35790705681	-0.012	-0.252	2.0
4.36163496971	-0.04	-0.04	0.532
4.36536502838	-0.028	0.068	-0.52
4.36910009384	-0.028	0.068	-0.52
4.37283110619	-0.008	0.036	-0.272
4.37656211853	0.016	-0.168	1.036
4.38029098511	0.028	-0.316	2.044
4.3840200901	0.028	-0.316	2.044
4.38775610924	0.0	-0.296	2.044
4.39149093628	-0.036	-0.116	1.052
4.39522409439	-0.036	-0.116	1.052
4.3989610672	-0.04	0.024	-0.268
4.40269112587	-0.032	0.068	-0.516
4.406427145	-0.004	-0.096	0.528
4.41015696526	-0.004	-0.096	0.528
4.41388702393	0.02	-0.272	1.976
4.41761803627	0.012	-0.328	2.044
4.42134714127	-0.012	-0.184	1.552
4.42507696152	-0.012	-0.184	1.552
4.42881417274	-0.044	-0.004	0.076
4.432543993	-0.04	0.076	-0.584
4.43627905846	-0.04	0.076	-0.584
4.44001793861	-0.012	-0.012	0.076
4.44374895096	0.0	-0.216	1.54
4.44747710228	0.008	-0.352	2.044
4.45121097565	0.008	-0.352	2.044
4.45494008064	-0.02	-0.252	2.0
4.45867204666	-0.028	-0.048	0.536
4.46240305901	-0.032	0.056	-0.524
4.46613812447	-0.032	0.056	-0.524
4.46986794472	-0.016	0.04	-0.28
4.47359800339	0.012	-0.152	1.032
4.47733402252	0.028	-0.32	2.044
4.48106408119	0.028	-0.32	2.044
4.48479413986	0.004	-0.304	2.044
4.48853302002	-0.04	-0.108	1.068
4.49226593971	-0.04	-0.108	1.068
4.4960269928	-0.052	0.044	-0.28
4.49975705147	-0.024	0.06	-0.512
4.50348711014	-0.008	-0.076	0.52
4.50722908974	-0.008	-0.076	0.52
4.51096010208	0.012	-0.268	1.972
4.51468801498	0.004	-0.328	2.044
4.51841902733	-0.016	-0.192	1.568
4.52215003967	-0.016	-0.192	1.568
4.52588701248	-0.036	0.0	0.088
4.52960109711	-0.036	0.076	-0.596
4.53332495689	-0.008	-0.024	0.08
4.53705096245	-0.008	-0.024	0.08
4.54078507423	0.016	-0.236	1.556
4.54451394081	0.016	-0.344	2.044
4.54827594757	0.016	-0.344	2.044
4.55202412605	-0.016	-0.252	1.988
4.55576300621	-0.032	-0.048	0.552
4.55949306488	-0.028	0.064	-0.512
4.56322407722	-0.028	0.064	-0.512
4.56696295738	-0.012	0.04	-0.284
4.57069301605	0.012	-0.152	1.036
4.57442307472	0.032	-0.324	2.044
4.57815313339	0.032	-0.324	2.044
4.58188295364	0.016	-0.3	2.044
4.58561897278	-0.028	-0.108	1.052
4.58935308456	-0.036	0.032	-0.28
4.59308195114	-0.036	0.032	-0.28
4.59681797028	-0.036	0.068	-0.492
4.60055708885	-0.02	-0.088	0.528
4.60428714752	-0.02	-0.088	0.528
4.60803699493	0.004	-0.276	1.968
4.61176609993	0.008	-0.336	2.044
4.61550211906	-0.016	-0.192	1.564
4.61923408508	-0.016	-0.192	1.564
4.62296700478	-0.036	0.004	0.08
4.62670111656	-0.04	0.06	-0.604
4.63043093681	-0.012	-0.016	0.076
4.63416004181	-0.012	-0.016	0.076
4.63789701462	-0.004	-0.208	1.528
4.64162802696	0.012	-0.344	2.044
4.64535808563	-0.012	-0.26	2.016
4.64909505844	-0.012	-0.26	2.016
4.65282511711	-0.036	-0.04	0.532
4.65655612946	-0.028	0.052	-0.528
4.66028594971	-0.028	0.052	-0.528
4.66403508186	-0.008	0.036	-0.288
4.66777801514	0.024	-0.152	1.032
4.67150616646	0.028	-0.324	2.044
4.67523694038	0.028	-0.324	2.044
4.67897200584	0.012	-0.3	2.044
4.68270516396	-0.02	-0.112	1.056
4.68644094467	-0.036	0.04	-0.276
4.69017100334	-0.036	0.04	-0.276
4.69390201569	-0.032	0.06	-0.516
4.69763302803	-0.016	-0.084	0.528
4.7013630867	-0.004	-0.268	1.96
4.70510196686	-0.004	-0.268	1.96
4.70884013176	0.004	-0.32	2.044
4.71256899834	-0.016	-0.196	1.564
4.71630597115	-0.016	-0.196	1.564
4.72005009651	-0.048	-0.008	0.092
4.72378110886	-0.032	0.08	-0.596
4.72751712799	-0.008	-0.012	0.072
4.73124098778	-0.008	-0.012	0.072
4.73500299454	0.012	-0.232	1.528
4.73874211311	0.024	-0.356	2.044
4.74247694016	-0.016	-0.256	1.992
4.74621415138	-0.016	-0.256	1.992
4.74994516373	-0.032	-0.052	0.548
4.75367498398	-0.036	0.068	-0.516
4.75740814209	-0.008	0.036	-0.288
4.76113605499	-0.008	0.036	-0.288
4.76485896111	0.02	-0.168	1.028
4.76859211922	0.024	-0.324	2.044
4.77232694626	0.024	-0.324	2.044
4.77606701851	0.016	-0.288	2.044
4.77979803085	-0.016	-0.104	1.064
4.7835290432	-0.044	0.028	-0.28
4.78726601601	-0.044	0.028	-0.28
4.79099607468	-0.024	0.064	-0.52
4.79472613335	-0.008	-0.088	0.524
4.79846715927	0.012	-0.272	1.96
4.80219697952	0.012	-0.272	1.96
4.80593299866	0.012	-0.336	2.044
4.80967497826	-0.016	-0.216	1.58
4.81340694427	-0.036	-0.012	0.096
4.81714105606	-0.036	-0.012	0.096
4.82087206841	-0.04	0.084	-0.596
4.82460212708	-0.008	-0.016	0.064
4.82833814621	-0.008	-0.016	0.064
4.83206796646	-0.004	-0.216	1.516
4.83580493927	0.012	-0.352	2.044
4.83953404427	-0.008	-0.264	2.016
4.84326505661	-0.008	-0.264	2.016
4.84700107574	-0.024	-0.028	0.548
4.85073113441	-0.048	0.06	-0.512
4.85446500778	-0.036	0.028	-0.288
4.8581969738	-0.036	0.028	-0.288
4.86192798615	-0.004	-0.148	1.028
4.86566400528	0.028	-0.32	2.044
4.86939501762	0.012	-0.316	2.044
4.87312412262	0.012	-0.316	2.044
4.87686109543	-0.008	-0.12	1.056
4.8805911541	-0.048	0.036	-0.268
4.88432097435	-0.048	0.036	-0.268
4.88807201385	-0.024	0.068	-0.528
4.89180612564	-0.004	-0.088	0.524
4.89554214478	0.004	-0.268	1.96
4.89927101135	0.004	-0.268	1.96
4.90300011635	-0.008	-0.32	2.044
4.90673613548	-0.036	-0.192	1.568
4.9104681015	-0.056	-0.004	0.096
4.91421103477	-0.056	-0.004	0.096
4.91794705391	-0.032	0.06	-0.608
4.92167711258	-0.008	-0.016	0.064
4.92540717125	0.004	-0.216	1.52
4.92913913727	0.004	-0.216	1.52
4.93286108971	0.012	-0.344	2.044
4.93658804893	0.004	-0.252	1.996
4.94032001495	0.004	-0.252	1.996
4.94406294823	-0.036	-0.048	0.56
4.94780111313	-0.032	0.052	-0.516
4.9515311718	-0.016	0.04	-0.292
4.95526313782	-0.016	0.04	-0.292
4.95900011063	0.012	-0.156	1.02
4.9627289772	0.032	-0.32	2.044
4.96646404266	0.008	-0.308	2.044
4.97019815445	0.008	-0.308	2.044
4.9739279747	-0.012	-0.116	1.088
4.97766113281	-0.028	0.04	-0.276
4.98139214516	-0.02	0.068	-0.52
4.98512196541	-0.02	0.068	-0.52
4.98885893822	0.0	-0.084	0.524
4.99257993698	0.008	-0.264	1.96
4.99631500244	0.008	-0.264	1.96
