Timestamp 	 X-Axis 	 Y-Axis 	 Z-Axis
0.000312089920044	-0.02	0.056	-0.452
0.00476717948914	0.0	-0.12	0.72
0.009033203125	0.012	-0.288	2.044
0.0132939815521	0.012	-0.288	2.044
0.0175540447235	0.004	-0.32	2.044
0.021831035614	-0.028	-0.144	1.388
0.0260951519012	-0.048	0.012	-0.056
0.0303549766541	-0.04	0.068	-0.584
0.0346150398254	-0.012	-0.036	0.236
0.0388860702515	-0.012	-0.036	0.236
0.0431451797485	0.016	-0.24	1.688
0.0474061965942	0.008	-0.336	2.044
0.0516700744629	-0.012	-0.232	1.84
0.0559401512146	-0.032	-0.028	0.376
0.0602262020111	-0.04	0.064	-0.568
0.0644950866699	-0.04	0.064	-0.568
0.0687630176544	-0.008	0.024	-0.172
0.073037147522	0.012	-0.164	1.228
0.0773050785065	0.012	-0.328	2.044
0.0816051959991	-0.004	-0.284	2.044
0.0858750343323	-0.016	-0.088	0.872
0.0901420116425	-0.028	0.056	-0.388
0.09441614151	-0.028	0.056	-0.388
0.0986821651459	-0.024	0.06	-0.464
0.102954149246	0.004	-0.116	0.708
0.107221126556	0.02	-0.292	2.044
0.111497163773	0.012	-0.324	2.044
0.115771055222	-0.028	-0.164	1.384
0.120052099228	-0.028	-0.164	1.384
0.124324083328	-0.04	0.012	-0.048
0.128597021103	-0.052	0.084	-0.584
0.13287115097	-0.008	-0.048	0.228
0.137137174606	-0.004	-0.232	1.692
0.141404151917	0.004	-0.34	2.044
0.145675182343	0.004	-0.34	2.044
0.149940013885	-0.02	-0.228	1.864
0.154214143753	-0.044	-0.028	0.372
0.158480167389	-0.04	0.056	-0.564
0.162752151489	-0.016	0.024	-0.172
0.167018175125	0.008	-0.176	1.216
0.171284198761	0.008	-0.176	1.216
0.175551176071	0.024	-0.336	2.044
0.179821014404	0.0	-0.276	2.044
0.184079170227	-0.008	-0.084	0.868
0.188345193863	-0.024	0.044	-0.38
0.192628145218	-0.024	0.068	-0.452
0.196895122528	-0.024	0.068	-0.452
0.201174020767	0.0	-0.104	0.712
0.205433130264	0.028	-0.284	2.044
0.209702014923	0.008	-0.328	2.044
0.213972091675	-0.028	-0.168	1.38
0.218238115311	-0.06	0.012	-0.064
0.222510099411	-0.04	0.064	-0.596
0.226775169373	-0.04	0.064	-0.596
0.231041193008	-0.016	-0.04	0.248
0.235306978226	0.008	-0.232	1.7
0.239580154419	0.008	-0.352	2.044
0.243852138519	-0.028	-0.236	1.852
0.248118162155	-0.032	-0.028	0.38
0.252402067184	-0.032	-0.028	0.38
0.256676197052	-0.012	0.052	-0.552
0.260944128036	-0.016	0.024	-0.16
0.265215158463	0.02	-0.184	1.212
0.269481182098	0.016	-0.336	2.044
0.273746013641	0.004	-0.288	2.044
0.278009176254	0.004	-0.288	2.044
0.28228020668	-0.02	-0.084	0.872
0.286545038223	-0.028	0.048	-0.384
0.290810108185	-0.044	0.072	-0.448
0.295081138611	-0.012	-0.108	0.7
0.299347162247	0.024	-0.292	2.044
0.30361199379	0.024	-0.292	2.044
0.307877063751	0.012	-0.328	2.044
0.312155008316	-0.024	-0.152	1.376
0.316421985626	-0.036	0.008	-0.06
0.320686101913	-0.04	0.08	-0.588
0.32496213913	-0.004	-0.072	0.228
0.329228162766	-0.004	-0.072	0.228
0.333499193192	0.008	-0.248	1.684
0.33776307106	0.004	-0.34	2.044
0.342034101486	-0.016	-0.228	1.856
0.346299171448	-0.036	-0.036	0.384
0.350565195084	-0.036	0.064	-0.568
0.354830980301	-0.004	0.016	-0.172
0.359106063843	-0.004	0.016	-0.172
0.363377094269	0.024	-0.136	1.192
0.36764216423	0.02	-0.34	2.044
0.371906995773	0.0	-0.288	2.044
0.376164197922	-0.028	-0.08	0.876
0.380443096161	-0.024	0.048	-0.392
0.384711027145	-0.024	0.048	-0.392
0.388985157013	-0.016	0.056	-0.456
0.393252134323	-0.004	-0.112	0.7
0.397516012192	0.032	-0.292	2.044
0.401787996292	0.0	-0.324	2.044
0.406045198441	-0.024	-0.164	1.392
0.410310029984	-0.024	-0.164	1.392
0.41458106041	-0.044	0.02	-0.044
0.418845176697	-0.036	0.064	-0.576
0.42311501503	-0.016	-0.044	0.228
0.427381038666	0.008	-0.232	1.688
0.431647062302	0.016	-0.356	2.044
0.435911178589	0.016	-0.356	2.044
0.440176010132	-0.024	-0.24	1.852
0.444447994232	-0.036	-0.028	0.384
0.448713064194	-0.036	0.06	-0.576
0.452978134155	0.0	0.016	-0.188
0.457242012024	0.012	-0.184	1.208
0.46150803566	0.012	-0.184	1.208
0.465778112411	0.02	-0.336	2.044
0.470041036606	-0.004	-0.288	2.044
0.474307060242	-0.02	-0.096	0.876
0.478582143784	-0.028	0.048	-0.384
0.482855081558	-0.028	0.06	-0.456
0.48712015152	-0.028	0.06	-0.456
0.491384983063	0.0	-0.116	0.704
0.495647192001	0.02	-0.288	2.044
0.49991106987	0.008	-0.324	2.044
0.504176139832	-0.02	-0.168	1.388
0.508441209793	-0.048	0.012	-0.052
0.512706041336	-0.028	0.072	-0.592
0.516972064972	-0.028	0.072	-0.592
0.521242141724	-0.012	-0.04	0.22
0.52551317215	0.02	-0.236	1.664
0.529778003693	0.008	-0.344	2.044
0.534048080444	-0.024	-0.24	1.86
0.538313150406	-0.028	-0.032	0.38
0.542587995529	-0.028	-0.032	0.38
0.546854019165	-0.032	0.068	-0.56
0.551119089127	-0.008	0.028	-0.176
0.555385112762	0.016	-0.172	1.2
0.559648990631	0.004	-0.332	2.044
0.563920021057	0.0	-0.292	2.044
0.568176984787	0.0	-0.292	2.044
0.572436094284	-0.036	-0.076	0.884
0.576701164246	-0.024	0.04	-0.372
0.580965995789	-0.012	0.068	-0.456
0.58523607254	-0.008	-0.108	0.704
0.589506149292	0.016	-0.288	2.044
0.593772172928	0.016	-0.288	2.044
0.598045110703	0.016	-0.336	2.044
0.602317094803	-0.02	-0.164	1.392
0.606583118439	-0.04	0.016	-0.048
0.6108481884	-0.044	0.076	-0.588
0.615120172501	-0.016	-0.044	0.216
0.619386196136	-0.016	-0.044	0.216
0.623651981354	-0.012	-0.232	1.688
0.627917051315	0.008	-0.344	2.044
0.632182121277	-0.016	-0.224	1.872
0.636452198029	-0.04	-0.028	0.384
0.640717029572	-0.032	0.06	-0.56
0.644988059998	-0.032	0.06	-0.56
0.649254083633	-0.012	0.012	-0.184
0.653534173965	0.012	-0.172	1.192
0.657800197601	0.028	-0.328	2.044
0.662072181702	0.0	-0.292	2.044
0.666329145432	-0.016	-0.1	0.888
0.670595169067	-0.028	0.044	-0.38
0.674861192703	-0.028	0.044	-0.38
0.679126024246	-0.02	0.064	-0.452
0.683398008347	-0.008	-0.116	0.704
0.687662124634	0.028	-0.3	2.044
0.69193315506	0.0	-0.32	2.044
0.696189165115	-0.036	-0.164	1.4
0.700453996658	-0.036	-0.164	1.4
0.70471906662	-0.044	0.032	-0.036
0.708983182907	-0.044	0.072	-0.58
0.713249206543	-0.012	-0.036	0.22
0.717524051666	0.0	-0.24	1.676
0.721791028976	0.0	-0.348	2.044
0.726047992706	0.0	-0.348	2.044
0.730305194855	-0.016	-0.232	1.864
0.734575986862	-0.036	-0.032	0.388
0.738842010498	-0.028	0.068	-0.568
0.743115186691	-0.012	0.024	-0.176
0.747381210327	0.016	-0.18	1.196
0.75165104866	0.016	-0.18	1.196
0.755915164948	0.028	-0.332	2.044
0.760179042816	0.016	-0.288	2.044
0.764450073242	-0.016	-0.088	0.888
0.768716096878	-0.036	0.04	-0.376
0.772983074188	-0.024	0.052	-0.468
0.77724814415	-0.024	0.052	-0.468
0.781512975693	-0.004	-0.104	0.692
0.785788059235	0.02	-0.288	2.044
0.790052175522	0.004	-0.332	2.044
0.794317007065	-0.028	-0.144	1.392
0.798582077026	-0.036	0.008	-0.04
0.802853107452	-0.036	0.008	-0.04
0.807116985321	-0.028	0.072	-0.584
0.811383008957	-0.012	-0.028	0.216
0.815654039383	0.004	-0.236	1.676
0.81991815567	0.008	-0.352	2.044
0.824182987213	-0.02	-0.24	1.864
0.828449010849	-0.036	-0.036	0.408
0.832715034485	-0.036	-0.036	0.408
0.836989164352	-0.028	0.072	-0.56
0.841253995895	-0.008	0.024	-0.184
0.845524072647	0.008	-0.18	1.196
0.849788188934	0.016	-0.336	2.044
0.854057073593	0.0	-0.292	2.044
0.858314990997	0.0	-0.292	2.044
0.862584114075	-0.024	-0.092	0.892
0.866850137711	-0.016	0.048	-0.388
0.871115207672	-0.016	0.068	-0.464
0.875380992889	-0.008	-0.112	0.688
0.879646062851	0.02	-0.296	2.044
0.883916139603	0.02	-0.296	2.044
0.888180017471	0.004	-0.316	2.044
0.892449140549	-0.02	-0.16	1.4
0.89671421051	-0.044	0.008	-0.04
0.900978088379	-0.06	0.084	-0.584
0.905244112015	-0.012	-0.036	0.208
0.909507989883	-0.012	-0.036	0.208
0.913772106171	0.004	-0.236	1.672
0.918047189713	0.008	-0.352	2.044
0.922321081161	-0.02	-0.22	1.88
0.926587104797	-0.048	-0.028	0.388
0.930852174759	-0.036	0.064	-0.564
0.935118198395	-0.036	0.064	-0.564
0.939383029938	-0.008	0.02	-0.168
0.943648099899	0.012	-0.168	1.196
0.947911977768	0.016	-0.344	2.044
0.952177047729	0.004	-0.288	2.044
0.956451177597	-0.012	-0.092	0.884
0.96071600914	-0.012	-0.092	0.884
0.964987039566	-0.02	0.056	-0.376
0.969253063202	-0.028	0.06	-0.448
0.973520040512	-0.004	-0.096	0.676
0.977786064148	0.016	-0.284	2.044
0.982057094574	0.004	-0.328	2.044
0.986325025558	0.004	-0.328	2.044
0.990589141846	-0.028	-0.168	1.404
0.994855165482	-0.056	0.02	-0.056
0.999123096466	-0.032	0.068	-0.596
1.00339412689	-0.004	-0.04	0.216
1.00765800476	0.004	-0.232	1.68
1.01192903519	0.012	-0.348	2.044
1.01619410515	0.012	-0.348	2.044
1.02045798302	-0.016	-0.228	1.876
1.02472400665	-0.024	-0.028	0.4
1.02898907661	-0.032	0.056	-0.556
1.03325510025	-0.016	0.028	-0.188
1.03752017021	0.012	-0.176	1.188
1.04179000854	0.012	-0.176	1.188
1.04605507851	0.02	-0.324	2.044
1.05033016205	0.012	-0.288	2.044
1.05460214615	-0.016	-0.08	0.892
1.05886912346	-0.028	0.044	-0.372
1.06314110756	-0.024	0.076	-0.472
1.0674071312	-0.024	0.076	-0.472
1.07167816162	-0.004	-0.104	0.684
1.07595300674	0.016	-0.288	2.044
1.08021807671	0.004	-0.324	2.044
1.08448910713	-0.032	-0.164	1.408
1.08875513077	-0.048	0.004	-0.04
1.09302616119	-0.048	0.004	-0.04
1.09729003906	-0.036	0.076	-0.588
1.10155510902	-0.004	-0.048	0.232
1.10582613945	0.008	-0.236	1.684
1.11009216309	0.0	-0.352	2.044
1.11435008049	-0.016	-0.228	1.872
1.11862015724	-0.016	-0.228	1.872
1.12289214134	-0.036	-0.024	0.404
1.1271572113	-0.04	0.068	-0.564
1.13142204285	-0.012	0.028	-0.184
1.13568902016	0.024	-0.164	1.16
1.13994598389	0.024	-0.34	2.044
1.14420604706	0.024	-0.34	2.044
1.14847397804	0.008	-0.296	2.044
1.15275716782	-0.012	-0.092	0.904
1.1570250988	-0.024	0.044	-0.372
1.16129302979	-0.016	0.06	-0.456
1.16556310654	-0.008	-0.116	0.684
1.16982913017	0.016	-0.288	2.044
1.17409420013	0.016	-0.288	2.044
1.17835903168	0.004	-0.316	2.044
1.18263316154	-0.028	-0.172	1.412
1.18690013885	-0.044	0.004	-0.04
1.19116520882	-0.044	0.076	-0.584
1.19544219971	-0.012	-0.04	0.196
1.19970798492	-0.012	-0.04	0.196
1.20397400856	0.008	-0.232	1.672
1.20823907852	0.008	-0.348	2.044
1.21250915527	-0.016	-0.232	1.872
1.21677517891	-0.036	-0.036	0.404
1.22104001045	-0.024	0.064	-0.564
1.2253100872	-0.024	0.064	-0.564
1.22957515717	-0.016	0.036	-0.192
1.23383998871	0.016	-0.168	1.184
1.238104105	0.02	-0.332	2.044
1.24237513542	0.012	-0.296	2.044
1.24664020538	-0.016	-0.096	0.908
1.25090813637	-0.016	-0.096	0.908
1.25517821312	-0.04	0.044	-0.356
1.25944399834	-0.024	0.064	-0.464
1.26371002197	0.0	-0.112	0.684
1.2679669857	0.008	-0.284	2.044
1.27223205566	0.004	-0.332	2.044
1.27649617195	0.004	-0.332	2.044
1.28076100349	-0.032	-0.164	1.412
1.28503108025	-0.036	0.012	-0.036
1.28929710388	-0.036	0.064	-0.588
1.29356813431	-0.008	-0.032	0.2
1.29783415794	0.02	-0.232	1.668
1.30210518837	0.008	-0.356	2.044
1.30637001991	0.008	-0.356	2.044
1.31063508987	-0.02	-0.236	1.884
1.31499409676	-0.028	-0.032	0.412
1.31926512718	-0.036	0.064	-0.568
1.32354807854	-0.012	0.02	-0.196
1.32781505585	0.012	-0.172	1.172
1.33208608627	0.012	-0.172	1.172
1.33635210991	0.04	-0.324	2.044
1.34061598778	0.012	-0.308	2.044
1.34491300583	-0.016	-0.096	0.908
1.34917998314	-0.036	0.048	-0.372
1.35344600677	-0.024	0.056	-0.46
1.35771203041	-0.024	0.056	-0.46
1.36198306084	-0.008	-0.108	0.676
1.3662481308	0.008	-0.284	2.044
1.37051200867	0.016	-0.332	2.044
1.3747780323	-0.024	-0.172	1.412
1.37904500961	-0.044	0.012	-0.036
1.38331913948	-0.044	0.012	-0.036
1.38758516312	-0.04	0.072	-0.588
1.39185118675	-0.016	-0.04	0.204
1.3961160183	0.012	-0.24	1.664
1.40038013458	0.012	-0.348	2.044
1.40465116501	-0.024	-0.228	1.916
1.40891718864	-0.024	-0.228	1.916
1.41318917274	-0.044	-0.02	0.412
1.41745519638	-0.036	0.064	-0.552
1.4217209816	-0.008	0.028	-0.192
1.42599105835	0.008	-0.164	1.184
1.43025708199	0.02	-0.34	2.044
1.43453812599	0.016	-0.288	2.044
1.43880319595	0.016	-0.288	2.044
1.44307398796	-0.016	-0.1	0.908
1.44734311104	-0.02	0.036	-0.364
1.45161008835	-0.024	0.068	-0.464
1.45587611198	-0.012	-0.104	0.668
1.46014118195	0.024	-0.284	2.044
1.46440601349	0.024	-0.284	2.044
1.46867012978	0.0	-0.32	2.044
1.47292804718	-0.024	-0.168	1.424
1.47719407082	-0.052	0.004	-0.036
1.4814581871	-0.04	0.068	-0.592
1.4857301712	-0.016	-0.032	0.2
1.48999404907	-0.016	-0.032	0.2
1.4942650795	0.008	-0.232	1.668
1.49853014946	0.012	-0.344	2.044
1.50279998779	-0.016	-0.236	1.892
1.50706720352	-0.024	-0.036	0.408
1.51133203506	-0.024	0.068	-0.564
1.51562905312	-0.024	0.068	-0.564
1.51989603043	-0.016	0.02	-0.208
1.52416706085	0.012	-0.168	1.18
1.52843213081	0.016	-0.328	2.044
1.53270220757	0.016	-0.3	2.044
1.53696703911	-0.016	-0.096	0.912
1.5412311554	-0.016	-0.096	0.912
1.54550099373	-0.036	0.048	-0.364
1.54976701736	-0.016	0.056	-0.468
1.55404305458	-0.008	-0.108	0.672
1.55830907822	0.016	-0.292	2.044
1.56257915497	0.004	-0.324	2.044
1.56684398651	0.004	-0.324	2.044
1.57110714912	-0.044	-0.16	1.412
1.57537412643	-0.044	0.012	-0.024
1.57964706421	-0.036	0.08	-0.588
1.58391404152	-0.012	-0.04	0.188
1.58818006516	0.012	-0.236	1.656
1.59296298027	0.008	-0.348	2.044
1.59723615646	0.008	-0.348	2.044
1.60150098801	-0.008	-0.232	1.884
1.6057741642	-0.02	-0.044	0.432
1.61003899574	-0.04	0.072	-0.552
1.61430907249	-0.004	0.024	-0.204
1.61857509613	0.008	-0.168	1.168
1.62284517288	0.008	-0.168	1.168
1.62710905075	0.02	-0.336	2.044
1.63137316704	0.012	-0.28	2.044
1.63564300537	-0.032	-0.104	0.92
1.63990807533	-0.028	0.056	-0.388
1.64417910576	-0.02	0.06	-0.468
1.64844799042	0.0	-0.108	0.66
1.65271019936	0.0	-0.108	0.66
1.65696716309	0.02	-0.292	2.044
1.66123104095	0.004	-0.32	2.044
1.66550016403	-0.028	-0.168	1.428
1.66976714134	-0.048	0.008	-0.028
1.67404317856	-0.04	0.068	-0.576
1.67830920219	-0.04	0.068	-0.576
1.68257904053	-0.02	-0.036	0.208
1.68684411049	0.008	-0.24	1.66
1.69110918045	0.012	-0.36	2.044
1.69537711143	-0.012	-0.236	1.9
1.69964313507	-0.036	-0.032	0.412
1.70390915871	-0.036	-0.032	0.412
1.7081720829	-0.032	0.068	-0.552
1.71244215965	-0.004	0.036	-0.2
1.7167069912	0.012	-0.172	1.164
1.72097206116	0.024	-0.328	2.044
1.72524118423	0.012	-0.288	2.044
1.72950601578	0.012	-0.288	2.044
1.73379611969	-0.012	-0.1	0.916
1.738063097	-0.036	0.048	-0.348
1.74233412743	-0.028	0.052	-0.472
1.74659919739	-0.008	-0.096	0.664
1.75086402893	0.012	-0.28	2.044
1.75512909889	0.012	-0.28	2.044
1.75939297676	0.012	-0.328	2.044
1.76366305351	-0.02	-0.164	1.432
1.76792812347	-0.064	0.028	-0.004
1.77219414711	-0.032	0.076	-0.592
1.77646017075	-0.012	-0.032	0.2
1.78072810173	-0.012	-0.032	0.2
1.78499913216	0.012	-0.252	1.656
1.78926515579	0.016	-0.348	2.044
1.79355120659	-0.016	-0.232	1.892
1.7978181839	-0.028	-0.036	0.42
1.80208611488	-0.02	0.072	-0.56
1.80635213852	-0.004	0.028	-0.2
1.81061720848	-0.004	0.028	-0.2
1.81492400169	0.012	-0.152	1.164
1.81918907166	0.016	-0.332	2.044
1.82346200943	0.008	-0.292	2.044
1.82772707939	-0.016	-0.1	0.92
1.83199119568	-0.036	0.044	-0.364
1.8362569809	-0.036	0.044	-0.364
1.84052205086	-0.028	0.06	-0.452
1.8447971344	-0.004	-0.096	0.664
1.84906315804	0.016	-0.288	2.044
1.85332798958	0.0	-0.332	2.044
1.85758519173	-0.028	-0.164	1.436
1.86185717583	-0.028	-0.164	1.436
1.86612319946	-0.044	0.016	-0.02
1.87038707733	-0.052	0.084	-0.596
1.87465310097	-0.004	-0.048	0.18
1.87891817093	0.012	-0.232	1.652
1.88319015503	0.008	-0.356	2.044
1.8874540329	0.008	-0.356	2.044
1.89172410965	-0.004	-0.24	1.888
1.89599013329	-0.032	-0.028	0.424
1.90025520325	-0.028	0.064	-0.56
1.90452098846	0.0	0.02	-0.196
1.90877819061	0.004	-0.144	1.176
1.91305708885	0.004	-0.144	1.176
1.91732215881	0.024	-0.34	2.044
1.92159509659	0.012	-0.288	2.044
1.92586112022	-0.016	-0.1	0.932
1.93012619019	-0.032	0.052	-0.356
1.93439817429	-0.024	0.064	-0.476
1.93866300583	-0.024	0.064	-0.476
1.94293308258	-0.008	-0.104	0.656
1.94719815254	0.036	-0.308	2.044
1.95146298409	0.008	-0.324	2.044
1.95572805405	-0.028	-0.168	1.432
1.95999407768	-0.048	0.008	-0.012
1.96426606178	-0.044	0.06	-0.58
1.96853113174	-0.044	0.06	-0.58
1.97279810905	-0.02	-0.028	0.2
1.97707819939	0.004	-0.24	1.644
1.98134303093	0.0	-0.344	2.044
1.98560714722	-0.004	-0.24	1.904
1.98987412453	-0.028	-0.032	0.424
1.99413919449	-0.028	-0.032	0.424
1.99840402603	-0.032	0.072	-0.556
2.00267410278	-0.02	0.056	-0.2
2.00694012642	0.012	-0.168	1.152
2.01120615005	0.028	-0.332	2.044
2.01547598839	0.008	-0.284	2.044
2.01974010468	0.008	-0.284	2.044
2.02400517464	-0.02	-0.08	0.924
2.02827000618	-0.044	0.044	-0.348
2.0325460434	-0.02	0.052	-0.472
2.03681206703	-0.008	-0.096	0.652
2.04107618332	0.012	-0.284	2.044
2.04534816742	0.012	-0.284	2.044
2.04961299896	0.004	-0.332	2.044
2.05388402939	-0.028	-0.156	1.44
2.0581510067	-0.04	0.012	-0.012
2.0624229908	-0.04	0.072	-0.592
2.06668806076	-0.02	-0.032	0.176
2.07095313072	-0.02	-0.032	0.176
2.07522416115	0.004	-0.232	1.636
2.07948899269	0.008	-0.34	2.044
2.08376502991	-0.004	-0.232	1.9
2.08803200722	-0.032	-0.04	0.432
2.09230208397	-0.036	0.068	-0.556
2.0965681076	-0.036	0.068	-0.556
2.10083317757	-0.012	0.024	-0.212
2.1051030159	0.012	-0.164	1.148
2.10937213898	0.024	-0.356	2.044
2.11363816261	0.004	-0.284	2.044
2.11790204048	-0.028	-0.096	0.94
2.12217307091	-0.028	0.044	-0.344
2.12643909454	-0.028	0.044	-0.344
2.13070321083	-0.032	0.072	-0.456
2.13497018814	-0.004	-0.104	0.648
2.13922810555	0.012	-0.288	2.044
2.14349007607	0.004	-0.304	2.044
2.14775800705	-0.032	-0.168	1.444
2.15203619003	-0.032	-0.168	1.444
2.15630316734	-0.044	0.016	-0.008
2.16056799889	-0.044	0.08	-0.6
2.16483902931	-0.008	-0.032	0.168
2.16910409927	0.008	-0.236	1.624
2.17337012291	0.0	-0.348	2.044
2.17764115334	0.0	-0.348	2.044
2.18190002441	-0.012	-0.252	1.944
2.18616604805	-0.044	-0.028	0.436
2.19043016434	-0.032	0.06	-0.548
2.19469618797	-0.008	0.028	-0.212
2.19896101952	0.008	-0.164	1.152
2.20322704315	0.008	-0.164	1.152
2.20749211311	0.036	-0.336	2.044
2.21176218987	0.004	-0.28	2.044
2.21602606773	-0.012	-0.084	0.924
2.2202911377	-0.028	0.04	-0.344
2.22455811501	-0.036	0.056	-0.472
2.22882318497	-0.036	0.056	-0.472
2.2330892086	-0.012	-0.112	0.644
2.23735404015	0.024	-0.28	2.044
2.24162912369	0.008	-0.324	2.044
2.24589514732	-0.032	-0.172	1.444
2.25017213821	-0.036	0.02	0.0
2.25443506241	-0.036	0.02	0.0
2.25869107246	-0.032	0.072	-0.596
2.26296305656	-0.012	-0.028	0.172
2.26723003387	0.008	-0.228	1.632
2.27150416374	0.016	-0.352	2.044
2.27577614784	-0.012	-0.24	1.904
2.28004097939	-0.028	-0.044	0.44
2.2843132019	-0.028	-0.044	0.44
2.28857803345	-0.036	0.088	-0.548
2.29284906387	-0.02	0.028	-0.22
2.29711508751	0.012	-0.176	1.144
2.30138015747	0.024	-0.332	2.044
2.3056499958	0.012	-0.28	2.044
2.30991816521	0.012	-0.28	2.044
2.31418299675	-0.02	-0.1	0.936
2.31844711304	-0.028	0.048	-0.352
2.32272005081	-0.02	0.06	-0.476
2.32698607445	-0.008	-0.1	0.632
2.33125710487	0.012	-0.296	2.044
2.33552598953	0.012	-0.296	2.044
2.33979201317	0.008	-0.328	2.044
2.34405708313	-0.04	-0.176	1.464
2.34832215309	-0.04	0.0	-0.004
2.3525800705	-0.036	0.076	-0.588
2.35684514046	-0.012	-0.024	0.172
2.36111021042	-0.012	-0.024	0.172
2.36538004875	0.008	-0.22	1.636
2.36964511871	0.008	-0.348	2.044
2.37391400337	-0.012	-0.244	1.916
2.37818098068	-0.044	-0.032	0.436
2.3824532032	-0.04	0.06	-0.548
2.38671708107	-0.04	0.06	-0.548
2.39099216461	-0.012	0.024	-0.212
2.3952600956	0.016	-0.164	1.148
2.39952516556	0.024	-0.336	2.044
2.40379500389	0.008	-0.284	2.044
2.40806007385	-0.016	-0.1	0.94
2.41233110428	-0.036	0.04	-0.34
2.41659617424	-0.036	0.04	-0.34
2.42086100578	-0.036	0.068	-0.476
2.42513108253	-0.008	-0.104	0.632
2.4293961525	0.012	-0.288	2.044
2.43366098404	-0.004	-0.32	2.044
2.43792700768	-0.028	-0.176	1.464
2.4422121048	-0.028	-0.176	1.464
2.44647908211	-0.052	0.016	0.008
2.45074319839	-0.036	0.072	-0.608
2.4550101757	-0.012	-0.032	0.168
2.4592730999	0.008	-0.228	1.632
2.463545084	0.008	-0.344	2.044
2.46780920029	0.008	-0.344	2.044
2.47207403183	0.008	-0.236	1.908
2.47633910179	-0.036	-0.032	0.444
2.48060417175	-0.036	0.06	-0.548
2.48487019539	-0.012	0.032	-0.212
2.4891371727	0.008	-0.176	1.14
2.4934091568	0.008	-0.176	1.14
2.49767398834	0.016	-0.332	2.044
2.50194501877	0.008	-0.28	2.044
2.50621199608	-0.008	-0.104	0.952
2.51048707962	-0.028	0.044	-0.34
2.51475405693	-0.024	0.056	-0.48
2.51902008057	-0.024	0.056	-0.48
2.52329301834	-0.004	-0.092	0.628
2.52756309509	0.02	-0.284	2.044
2.53183317184	0.0	-0.332	2.044
2.53609013557	-0.024	-0.18	1.468
2.54035520554	-0.044	0.012	0.0
2.54461312294	-0.044	0.012	0.0
2.548869133	-0.032	0.076	-0.608
2.55313515663	-0.004	-0.024	0.168
2.55742120743	0.004	-0.228	1.628
2.56169199944	0.012	-0.352	2.044
2.56595802307	-0.004	-0.248	1.916
2.57022309303	-0.024	-0.04	0.452
2.57449316978	-0.024	-0.04	0.452
2.57875919342	-0.044	0.08	-0.536
2.58302998543	-0.016	0.028	-0.224
2.58729600906	0.008	-0.172	1.136
2.59156107903	0.02	-0.336	2.044
2.59586000443	0.0	-0.292	2.044
2.60011816025	0.0	-0.292	2.044
2.60438013077	-0.016	-0.092	0.96
2.6086461544	-0.02	0.048	-0.34
2.61291718483	-0.012	0.068	-0.496
2.61718201637	-0.008	-0.1	0.636
2.62144708633	0.016	-0.284	2.044
2.62571716309	0.016	-0.284	2.044
2.62999010086	-0.008	-0.324	2.044
2.63425707817	-0.024	-0.188	1.476
2.63852715492	-0.048	0.008	0.008
2.64279699326	-0.052	0.08	-0.596
2.64706301689	-0.004	-0.044	0.176
2.65132904053	-0.004	-0.044	0.176
2.65559911728	0.004	-0.224	1.624
2.65986514091	0.016	-0.336	2.044
2.66412901878	-0.004	-0.244	1.924
2.66839504242	-0.032	-0.032	0.464
2.67266106606	-0.036	0.06	-0.544
2.67692613602	-0.036	0.06	-0.544
2.68119120598	-0.012	0.032	-0.232
2.68546009064	0.008	-0.152	1.116
2.68972611427	0.016	-0.332	2.044
2.69399118423	0.004	-0.284	2.044
2.69825601578	-0.016	-0.1	0.956
2.70252299309	-0.016	-0.1	0.956
2.70679306984	-0.028	0.044	-0.336
2.7110581398	-0.028	0.068	-0.48
2.71532511711	-0.008	-0.108	0.616
2.71959018707	0.012	-0.28	2.044
2.72386097908	0.0	-0.332	2.044
2.72811818123	-0.032	-0.176	1.464
2.73238921165	-0.032	-0.176	1.464
2.73665499687	-0.052	0.012	0.008
2.74091911316	-0.048	0.068	-0.608
2.74518918991	-0.02	-0.024	0.152
2.74949502945	0.004	-0.224	1.616
2.75376200676	0.02	-0.364	2.044
2.75802612305	0.02	-0.364	2.044
2.76229715347	-0.008	-0.244	1.916
2.76656317711	-0.012	-0.044	0.456
2.77083110809	-0.032	0.064	-0.54
2.77509903908	-0.016	0.024	-0.22
2.77936816216	0.004	-0.176	1.124
2.78363919258	0.004	-0.176	1.124
2.78790402412	0.02	-0.328	2.044
2.79216909409	0.0	-0.28	2.044
2.79642605782	-0.02	-0.104	0.968
2.8006901741	-0.04	0.044	-0.336
2.80496001244	-0.024	0.064	-0.492
2.80922603607	-0.024	0.064	-0.492
2.81349205971	-0.016	-0.084	0.628
2.81775712967	0.02	-0.28	2.036
2.82202100754	0.008	-0.328	2.044
2.8262860775	-0.04	-0.188	1.48
2.83055114746	-0.048	0.004	0.012
2.834815979	-0.048	0.004	0.012
2.83908414841	-0.036	0.072	-0.6
2.84335613251	-0.004	-0.028	0.152
2.84762215614	0.016	-0.22	1.592
2.85188698769	0.016	-0.348	2.044
2.85615110397	-0.008	-0.248	1.928
2.86041712761	-0.008	-0.248	1.928
2.86468315125	-0.032	-0.04	0.456
2.86895704269	-0.028	0.064	-0.532
2.87322402	-0.008	0.032	-0.236
2.87748908997	0.008	-0.164	1.116
2.88175821304	0.02	-0.332	2.044
2.88602304459	0.004	-0.292	2.044
2.89028716087	0.004	-0.292	2.044
2.89455699921	-0.028	-0.096	0.976
2.89882302284	-0.036	0.036	-0.328
2.90314507484	-0.02	0.068	-0.496
2.90741419792	-0.004	-0.1	0.612
2.91168618202	0.02	-0.288	2.032
2.91595101357	0.02	-0.288	2.032
2.92021512985	0.008	-0.332	2.044
2.9244890213	-0.024	-0.18	1.488
2.92875504494	-0.052	0.016	0.016
2.93302512169	-0.048	0.076	-0.6
2.93729114532	-0.016	-0.028	0.144
2.94155502319	-0.016	-0.028	0.144
2.94582509995	0.008	-0.216	1.604
2.95009207726	0.024	-0.344	2.044
2.95435905457	-0.032	-0.24	1.948
2.9586250782	-0.036	-0.04	0.472
2.96289610863	-0.024	0.052	-0.544
2.96716213226	-0.024	0.052	-0.544
2.97143101692	-0.012	0.032	-0.24
2.97569918633	0.004	-0.172	1.12
2.97996306419	0.02	-0.332	2.044
2.98422908783	0.0	-0.292	2.044
2.98850607872	0.0	-0.124	0.976
2.99276518822	0.0	-0.124	0.976
2.99702119827	-0.032	0.048	-0.336
3.00128698349	-0.024	0.072	-0.492
3.00555801392	-0.004	-0.1	0.616
3.00982308388	0.02	-0.284	2.032
3.0140941143	0.008	-0.324	2.044
3.01835918427	-0.024	-0.176	1.484
3.02263212204	-0.024	-0.176	1.484
3.026897192	-0.04	0.012	0.004
3.03116106987	-0.028	0.076	-0.596
3.03543114662	-0.012	-0.024	0.136
3.03969717026	0.0	-0.236	1.608
3.04395914078	0.008	-0.336	2.044
3.04822421074	0.008	-0.336	2.044
3.05249500275	-0.008	-0.232	1.94
3.05676102638	-0.02	-0.036	0.472
3.06102609634	-0.044	0.072	-0.536
3.06529712677	-0.012	0.028	-0.24
3.06956315041	0.008	-0.168	1.1
3.07382917404	0.008	-0.168	1.1
3.07809305191	0.02	-0.324	2.044
3.08236312866	0.004	-0.3	2.044
3.08662819862	-0.032	-0.092	0.98
3.09089303017	-0.044	0.048	-0.324
3.09516215324	-0.016	0.064	-0.504
3.09942913055	-0.016	0.064	-0.504
3.103703022	0.004	-0.092	0.612
3.10797715187	0.024	-0.28	2.02
3.11224317551	0.008	-0.32	2.044
3.11650705338	-0.032	-0.176	1.48
3.12077307701	-0.04	0.008	0.024
3.12503814697	-0.04	0.008	0.024
3.12930202484	-0.04	0.068	-0.596
3.13357305527	-0.008	-0.028	0.136
3.13783216476	0.008	-0.22	1.596
3.14209318161	0.016	-0.352	2.044
3.14636111259	-0.004	-0.252	1.944
3.1506280899	-0.004	-0.252	1.944
3.1549282074	-0.028	-0.048	0.48
3.15919518471	-0.02	0.052	-0.54
3.16346716881	-0.008	0.032	-0.244
3.16773605347	0.016	-0.164	1.104
3.1720020771	0.028	-0.336	2.044
3.17626714706	0.004	-0.3	2.044
3.18053102493	0.004	-0.3	2.044
3.18479609489	-0.016	-0.096	0.98
3.18906116486	-0.04	0.064	-0.316
3.19332718849	-0.032	0.064	-0.492
3.19759202003	-0.008	-0.1	0.6
3.20185804367	0.02	-0.284	2.02
3.20612215996	0.02	-0.284	2.02
3.21038603783	0.0	-0.324	2.044
3.21464920044	-0.02	-0.184	1.492
3.21891498566	-0.048	0.012	0.036
3.22318506241	-0.044	0.048	-0.604
3.2274620533	-0.008	-0.028	0.132
3.23173308372	-0.008	-0.028	0.132
3.2360022068	0.004	-0.228	1.604
3.24026703835	0.012	-0.352	2.044
3.24453902245	-0.008	-0.248	1.944
3.24880409241	-0.024	-0.036	0.476
3.25307512283	-0.028	0.06	-0.536
3.25734019279	-0.028	0.06	-0.536
3.2616109848	-0.012	0.048	-0.248
3.26587605476	0.02	-0.16	1.108
3.27014017105	0.02	-0.324	2.044
3.27440500259	0.0	-0.304	2.044
3.27866315842	-0.02	-0.1	0.984
3.28293418884	-0.02	-0.1	0.984
3.28719902039	-0.032	0.036	-0.324
3.29146504402	-0.024	0.068	-0.496
3.29576706886	-0.008	-0.088	0.608
3.30003714561	0.012	-0.276	2.012
3.30430412292	0.004	-0.344	2.044
3.30856800079	0.004	-0.344	2.044
3.31283402443	-0.024	-0.18	1.496
3.31709909439	-0.04	0.004	0.028
3.32136201859	-0.036	0.076	-0.6
3.32563400269	-0.016	-0.02	0.132
3.32989907265	-0.004	-0.216	1.584
3.33417010307	0.008	-0.344	2.044
3.33843398094	0.008	-0.344	2.044
3.34270620346	-0.012	-0.256	1.944
3.34698104858	-0.02	-0.04	0.484
3.35124707222	-0.044	0.068	-0.556
3.35551309586	-0.008	0.028	-0.252
3.35977911949	0.008	-0.16	1.1
3.36405014992	0.008	-0.16	1.1
3.36831712723	0.024	-0.32	2.044
3.37258315086	0.0	-0.292	2.044
3.37684011459	-0.024	-0.1	0.996
3.38110613823	-0.032	0.04	-0.32
3.38537716866	-0.024	0.056	-0.484
3.3896420002	-0.024	0.056	-0.484
3.39390802383	-0.008	-0.1	0.592
3.3981730938	0.016	-0.284	2.02
3.40244317055	0.004	-0.332	2.044
3.40670800209	-0.008	-0.18	1.504
3.41097402573	-0.044	0.008	0.032
3.41524219513	-0.044	0.008	0.032
3.419506073	-0.048	0.064	-0.596
3.42377710342	-0.004	-0.012	0.116
3.42804217339	0.004	-0.22	1.596
3.43231010437	0.012	-0.352	2.044
3.43657517433	-0.012	-0.244	1.948
3.44084000587	-0.012	-0.244	1.948
3.44510698318	-0.044	-0.036	0.48
3.44937109947	-0.028	0.06	-0.532
3.45363712311	-0.008	0.036	-0.244
3.45790100098	0.0	-0.16	1.1
3.4621591568	0.028	-0.328	2.044
3.46643304825	0.028	-0.328	2.044
3.47069811821	0.012	-0.296	2.044
3.47496700287	-0.02	-0.092	0.996
3.4792330265	-0.04	0.04	-0.308
3.4835050106	-0.032	0.06	-0.504
3.48777008057	-0.012	-0.092	0.596
3.49204111099	0.008	-0.268	1.996
3.49630498886	0.008	-0.268	1.996
3.50057220459	0.004	-0.328	2.044
3.50483798981	-0.02	-0.188	1.504
3.50910305977	-0.052	0.004	0.044
3.51336717606	-0.036	0.072	-0.6
3.5176320076	-0.012	-0.02	0.12
3.52190208435	-0.012	-0.02	0.12
3.52616715431	0.016	-0.224	1.584
3.53043103218	0.008	-0.348	2.044
3.53470206261	-0.02	-0.248	1.94
3.53896808624	-0.032	-0.044	0.5
3.54323506355	-0.032	0.06	-0.536
3.54750108719	-0.032	0.06	-0.536
3.55177116394	-0.004	0.024	-0.248
3.55603599548	0.012	-0.164	1.1
3.56030011177	0.024	-0.332	2.044
3.56457304955	0.016	-0.288	2.044
3.56883811951	-0.028	-0.104	0.992
3.57310509682	-0.028	-0.104	0.992
3.57737112045	-0.044	0.036	-0.32
3.58164310455	-0.032	0.072	-0.496
3.585916996	-0.012	-0.084	0.576
3.59018301964	0.012	-0.28	2.008
3.5944480896	0.004	-0.332	2.044
3.59871220589	0.004	-0.332	2.044
3.60298299789	-0.028	-0.18	1.5
3.60724616051	-0.044	0.0	0.04
3.61150312424	-0.044	0.08	-0.596
3.61577415466	0.0	-0.024	0.128
3.62003111839	0.02	-0.236	1.588
3.62429714203	0.02	-0.236	1.588
3.62856221199	0.004	-0.352	2.044
3.63283014297	-0.016	-0.244	1.956
3.63709616661	-0.036	-0.04	0.504
3.64136099815	-0.028	0.052	-0.544
3.64563202858	-0.008	0.036	-0.252
3.64989805222	0.012	-0.16	1.08
3.65416908264	0.012	-0.16	1.08
3.65843200684	0.048	-0.328	2.044
3.66270303726	0.016	-0.292	2.044
3.66696715355	-0.012	-0.108	1.012
3.67123198509	-0.028	0.032	-0.316
3.67549800873	-0.024	0.06	-0.504
3.67976307869	-0.024	0.06	-0.504
3.68403410912	-0.004	-0.096	0.588
3.68830013275	0.008	-0.28	2.0
3.69256711006	0.004	-0.348	2.044
3.69683504105	-0.028	-0.192	1.512
3.70110201836	-0.056	0.004	0.044
3.70537519455	-0.056	0.004	0.044
3.70964002609	-0.032	0.08	-0.592
3.71390604973	-0.008	-0.028	0.124
3.71817207336	0.008	-0.228	1.588
3.72244215012	0.016	-0.348	2.044
3.72670698166	-0.008	-0.232	1.94
3.73097300529	-0.008	-0.232	1.94
3.73527503014	-0.028	-0.048	0.5
3.7395401001	-0.02	0.056	-0.54
3.7438120842	-0.02	0.036	-0.248
3.74807715416	0.016	-0.16	1.076
3.7523419857	0.028	-0.328	2.044
3.75660610199	0.028	-0.328	2.044
3.76086997986	0.02	-0.296	2.044
3.76514220238	-0.032	-0.1	1.036
3.76940798759	-0.036	0.036	-0.296
3.77367520332	-0.024	0.064	-0.496
3.77794003487	-0.008	-0.092	0.568
3.78221106529	-0.008	-0.092	0.568
3.78647613525	0.004	-0.276	2.008
3.79074120522	0.004	-0.336	2.044
3.79501104355	-0.032	-0.176	1.516
3.79927706718	-0.044	0.004	0.056
3.80354714394	-0.032	0.072	-0.592
3.80781316757	-0.012	-0.02	0.112
3.81208515167	-0.012	-0.02	0.112
3.81634902954	0.024	-0.232	1.568
3.82061314583	0.012	-0.348	2.044
3.82496809959	-0.004	-0.24	1.964
3.82924103737	-0.036	-0.044	0.5
3.83350515366	-0.04	0.068	-0.54
3.83777117729	-0.04	0.068	-0.54
3.84204220772	-0.008	0.024	-0.252
3.84630703926	0.012	-0.16	1.076
3.85057210922	0.024	-0.328	2.044
3.85483813286	0.004	-0.292	2.044
3.85910320282	-0.02	-0.116	1.012
3.86337399483	-0.02	-0.116	1.012
3.86764001846	-0.032	0.04	-0.304
3.87191104889	-0.024	0.064	-0.508
3.87617611885	-0.012	-0.096	0.58
3.88043999672	0.008	-0.28	1.996
3.88471102715	0.0	-0.332	2.044
3.88896799088	0.0	-0.332	2.044
3.89323115349	-0.024	-0.18	1.484
3.89750099182	-0.052	0.016	0.052
3.90177106857	-0.052	0.08	-0.6
3.90603518486	-0.012	-0.024	0.104
3.9103000164	0.016	-0.228	1.568
3.91456508636	0.016	-0.228	1.568
3.91883015633	0.012	-0.344	2.044
3.92310214043	0.012	-0.248	1.964
3.92736721039	-0.048	-0.04	0.52
3.93163919449	-0.036	0.064	-0.528
3.93590402603	-0.016	0.036	-0.256
3.94016814232	0.0	-0.152	1.068
3.94443511963	0.0	-0.152	1.068
3.94869208336	0.028	-0.312	2.044
3.95295715332	0.012	-0.3	2.044
3.95722103119	-0.012	-0.112	1.02
3.96149015427	-0.024	0.044	-0.316
3.96576309204	-0.028	0.068	-0.508
3.970028162	-0.028	0.068	-0.508
3.97429418564	-0.004	-0.088	0.568
3.97855901718	0.008	-0.272	2.0
3.98282599449	0.004	-0.336	2.044
3.98709011078	-0.028	-0.184	1.528
3.99135804176	-0.064	0.0	0.052
3.99562120438	-0.064	0.0	0.052
3.99987697601	-0.06	0.088	-0.596
4.00414919853	-0.012	-0.024	0.112
4.00841403008	0.0	-0.22	1.556
4.01267719269	0.008	-0.348	2.044
4.01694202423	-0.016	-0.244	1.972
4.02120804787	-0.016	-0.244	1.972
4.02547812462	-0.024	-0.044	0.508
4.02974700928	-0.032	0.064	-0.536
4.03401303291	0.0	0.024	-0.268
4.03826999664	0.012	-0.164	1.06
4.04254102707	0.024	-0.32	2.044
4.04680609703	0.024	-0.32	2.044
4.05106902122	0.012	-0.296	2.044
4.05533909798	-0.012	-0.124	1.024
4.05960512161	-0.044	0.036	-0.304
4.06388521194	-0.024	0.068	-0.516
4.06815099716	-0.008	-0.084	0.564
4.07241606712	-0.008	-0.084	0.564
4.07668113708	0.008	-0.284	1.996
4.08094406128	0.004	-0.332	2.044
4.08521413803	-0.044	-0.176	1.532
4.08948016167	-0.052	0.0	0.068
4.09374713898	-0.044	0.076	-0.592
4.09801411629	-0.016	-0.016	0.104
4.10228610039	-0.016	-0.016	0.104
4.10655117035	0.02	-0.24	1.572
4.11081504822	0.008	-0.344	2.044
4.11508607864	0.004	-0.252	1.984
4.11935114861	-0.028	-0.048	0.524
4.12362098694	-0.024	0.044	-0.532
4.12788701057	-0.024	0.044	-0.532
4.13216304779	-0.008	0.024	-0.268
4.13642001152	0.004	-0.152	1.06
4.14067697525	0.02	-0.324	2.044
4.14501309395	0.008	-0.292	2.044
4.14928007126	-0.02	-0.108	1.028
4.15354800224	-0.02	-0.108	1.028
4.15781497955	-0.032	0.036	-0.308
4.1620900631	-0.024	0.076	-0.492
4.16635608673	-0.004	-0.088	0.56
4.17062115669	0.012	-0.272	1.984
4.17491602898	0.004	-0.336	2.044
4.17918205261	0.004	-0.336	2.044
4.1834731102	-0.032	-0.172	1.536
4.18774008751	-0.052	0.012	0.068
4.19201016426	-0.044	0.072	-0.596
4.19627714157	0.0	-0.012	0.08
4.20053315163	0.008	-0.22	1.556
4.20479917526	0.008	-0.22	1.556
4.20906400681	0.02	-0.352	2.044
4.21333599091	0.008	-0.248	1.984
4.21760106087	-0.028	-0.04	0.52
4.22187209129	-0.028	0.06	-0.532
4.22614908218	-0.016	0.036	-0.272
4.23044514656	-0.012	-0.148	1.064
4.23471498489	-0.012	-0.148	1.064
4.23898100853	0.028	-0.316	2.044
4.24325203896	0.004	-0.296	2.044
4.24751615524	-0.02	-0.116	1.032
4.25178909302	-0.04	0.044	-0.292
4.25605416298	-0.024	0.06	-0.516
4.26031899452	-0.024	0.06	-0.516
4.26458501816	0.0	-0.1	0.548
4.26884102821	0.02	-0.276	1.984
4.27310609818	0.008	-0.328	2.044
4.27737116814	-0.028	-0.184	1.54
4.28164219856	-0.056	0.0	0.068
4.28589916229	-0.056	0.0	0.068
4.29015517235	-0.032	0.076	-0.604
4.29443001747	-0.008	-0.016	0.092
4.29869508743	0.008	-0.216	1.544
4.30297517776	0.008	-0.34	2.044
4.3072412014	0.0	-0.252	1.98
4.31149721146	0.0	-0.252	1.98
4.31576013565	-0.024	-0.048	0.536
4.32002401352	-0.04	0.064	-0.516
4.32429504395	-0.02	0.036	-0.272
4.32856011391	0.0	-0.16	1.048
4.3328230381	0.02	-0.324	2.044
4.33708715439	0.02	-0.324	2.044
4.34135103226	0.008	-0.308	2.044
4.34562015533	-0.024	-0.1	1.036
4.34988617897	-0.036	0.036	-0.296
4.35415220261	-0.016	0.068	-0.508
4.35842013359	-0.004	-0.092	0.548
4.36269021034	-0.004	-0.092	0.548
4.36695504189	0.016	-0.28	1.98
4.37121915817	0.008	-0.316	2.044
4.37548518181	-0.02	-0.184	1.544
4.37975502014	-0.048	0.0	0.072
4.38401818275	-0.048	0.072	-0.604
4.38828420639	-0.012	-0.016	0.088
4.39254999161	-0.012	-0.016	0.088
4.39681506157	0.0	-0.2	1.56
4.4010720253	0.016	-0.344	2.044
4.40534114838	0.0	-0.26	1.984
4.40959906578	-0.036	-0.048	0.528
4.41387009621	-0.032	0.056	-0.524
4.41813611984	-0.032	0.056	-0.524
4.42241621017	-0.004	0.04	-0.272
4.42668509483	0.004	-0.156	1.044
4.43095016479	0.028	-0.328	2.044
4.43521904945	0.004	-0.284	2.044
4.43948411942	-0.016	-0.12	1.028
4.44375610352	-0.016	-0.12	1.028
4.44802117348	-0.036	0.036	-0.304
4.45228719711	-0.028	0.072	-0.508
4.45655107498	-0.012	-0.088	0.54
4.46081709862	0.012	-0.28	1.976
4.46508717537	-0.004	-0.316	2.044
4.46935319901	-0.004	-0.316	2.044
4.47361898422	-0.016	-0.184	1.548
4.47788500786	-0.048	-0.004	0.08
4.48215603828	-0.048	0.068	-0.604
4.48642206192	-0.012	-0.012	0.08
4.4906899929	-0.008	-0.224	1.544
4.49496102333	-0.008	-0.224	1.544
4.49922800064	0.016	-0.352	2.044
4.50349807739	0.016	-0.264	1.98
4.50776219368	-0.024	-0.04	0.536
4.51203203201	-0.032	0.052	-0.516
4.51629710197	-0.008	0.032	-0.276
4.52056217194	-0.008	0.032	-0.276
4.52483320236	0.012	-0.168	1.032
4.52909708023	0.024	-0.316	2.044
4.53336811066	0.004	-0.296	2.044
4.53763198853	-0.044	-0.108	1.064
4.54191303253	-0.044	0.032	-0.292
4.54617905617	-0.028	0.06	-0.516
4.55044317245	-0.028	0.06	-0.516
4.554708004	0.0	-0.088	0.548
4.55896806717	0.012	-0.268	1.976
4.5632390976	0.004	-0.336	2.044
4.56750416756	-0.024	-0.184	1.556
4.57177114487	-0.044	-0.012	0.072
4.57603597641	-0.044	-0.012	0.072
4.5803000927	-0.036	0.08	-0.596
4.58457708359	-0.024	-0.008	0.076
4.58884310722	-0.004	-0.212	1.528
4.59310913086	0.02	-0.344	2.044
4.59737300873	-0.012	-0.26	1.996
4.60164499283	-0.012	-0.26	1.996
4.60591006279	-0.028	-0.048	0.536
4.61017513275	-0.02	0.068	-0.532
4.61444616318	-0.004	0.036	-0.284
4.61871099472	0.0	-0.152	1.032
4.62297821045	0.024	-0.324	2.044
4.62724304199	0.024	-0.324	2.044
4.63150715828	-0.004	-0.292	2.044
4.63578009605	-0.024	-0.1	1.04
4.64004611969	-0.028	0.028	-0.276
4.64431810379	-0.012	0.064	-0.512
4.64858317375	-0.008	-0.088	0.536
4.65285420418	-0.008	-0.088	0.536
4.65711903572	0.012	-0.28	1.956
4.66139316559	0.004	-0.32	2.044
4.66566419601	-0.012	-0.192	1.572
4.66992998123	-0.052	0.008	0.076
4.67419409752	-0.048	0.076	-0.6
4.67846012115	-0.048	0.076	-0.6
4.68273115158	-0.012	-0.016	0.076
4.68699717522	0.004	-0.216	1.532
4.69126415253	0.008	-0.348	2.044
4.69553399086	0.0	-0.248	2.0
4.69978904724	-0.056	-0.036	0.548
4.7040541172	-0.028	0.056	-0.52
4.70831918716	-0.028	0.056	-0.52
4.7125852108	-0.016	0.044	-0.28
4.71685004234	0.012	-0.156	1.032
4.72111415863	0.028	-0.32	2.044
4.72538304329	0.0	-0.288	2.044
4.72964000702	-0.024	-0.104	1.048
4.73391199112	-0.024	-0.104	1.048
4.73817801476	-0.036	0.024	-0.272
4.74244403839	-0.04	0.068	-0.512
4.74670910835	-0.012	-0.088	0.528
4.75097417831	0.012	-0.276	1.964
4.75524711609	0.0	-0.34	2.044
4.75950503349	0.0	-0.34	2.044
4.76376819611	-0.016	-0.184	1.54
4.76803302765	-0.044	0.004	0.08
4.77229809761	-0.036	0.092	-0.616
4.77656412125	-0.008	-0.008	0.08
4.7808380127	0.0	-0.22	1.532
4.78514003754	0.0	-0.22	1.532
4.78939914703	0.012	-0.336	2.044
4.79366517067	0.0	-0.256	1.996
4.7979221344	-0.028	-0.052	0.548
4.80219316483	-0.032	0.06	-0.512
4.80645918846	-0.004	0.016	-0.276
4.81072402	-0.004	0.016	-0.276
4.81499409676	0.004	-0.16	1.036
4.81925916672	0.028	-0.316	2.044
4.82353305817	0.004	-0.292	2.044
4.82779812813	-0.028	-0.116	1.064
4.83206915855	-0.04	0.024	-0.276
4.8363339901	-0.04	0.024	-0.276
4.84060001373	-0.032	0.06	-0.516
4.84486508369	-0.004	-0.076	0.516
4.84913420677	0.008	-0.276	1.956
4.85339999199	0.004	-0.336	2.044
4.8576631546	-0.016	-0.18	1.556
4.8619351387	-0.032	-0.008	0.088
4.86620116234	-0.032	-0.008	0.088
4.87046504021	-0.028	0.06	-0.596
4.87473106384	-0.012	-0.012	0.08
4.87899518013	-0.012	-0.212	1.548
4.88326621056	0.012	-0.352	2.044
4.88753414154	-0.004	-0.26	2.0
4.8918030262	-0.004	-0.26	2.0
4.89606499672	-0.04	-0.044	0.552
4.90034008026	-0.024	0.048	-0.508
4.9046061039	-0.004	0.036	-0.292
4.90887117386	0.004	-0.144	1.028
4.9131360054	0.028	-0.324	2.044
4.91740012169	0.028	-0.324	2.044
4.92167305946	0.004	-0.292	2.044
4.92593812943	-0.024	-0.108	1.068
4.93020319939	-0.028	0.032	-0.276
4.93447518349	-0.032	0.076	-0.536
4.93874001503	-0.02	-0.08	0.532
4.94301104546	-0.02	-0.08	0.532
4.94727611542	0.008	-0.268	1.964
4.95153999329	0.0	-0.328	2.044
4.95580101013	-0.02	-0.192	1.568
4.96006703377	-0.052	0.0	0.096
4.96433019638	-0.032	0.072	-0.596
4.96859502792	-0.032	0.072	-0.596
4.97286200523	-0.024	-0.024	0.084
4.9771270752	0.0	-0.22	1.524
4.98138308525	0.02	-0.352	2.044
4.98565411568	-0.008	-0.252	2.004
4.98991918564	-0.028	-0.06	0.548
4.99418520927	-0.028	-0.06	0.548
4.99845004082	-0.028	0.048	-0.528
