Timestamp 	 X-Axis 	 Y-Axis 	 Z-Axis
0.000349044799805	0.1	-0.108	0.76
0.00462508201599	-0.004	0.064	-0.9
0.00871610641479	-0.004	0.064	-0.9
0.0128009319305	0.112	0.108	0.1
0.0168840885162	0.196	-0.016	2.044
0.0209848880768	-0.064	-0.172	2.044
0.0250709056854	-0.012	-0.124	0.232
0.0291550159454	-0.012	-0.124	0.232
0.0332379341125	-0.064	-0.008	-0.904
0.0373349189758	-0.536	0.032	0.596
0.0414180755615	-0.02	-0.344	2.044
0.045501947403	-0.144	-0.136	2.044
0.0495851039886	-0.144	-0.136	2.044
0.0536689758301	-0.212	-0.06	-0.2
0.0577719211578	0.168	0.108	-0.784
0.0618588924408	0.032	-0.128	1.136
0.0659520626068	-0.128	-0.404	2.044
0.0700509548187	0.152	-0.128	1.668
0.0741429328918	0.152	-0.128	1.668
0.0782370567322	0.004	0.108	-0.536
0.0823268890381	-0.3	-0.024	-0.568
0.0864210128784	-0.292	-0.06	1.588
0.0905129909515	-0.036	-0.26	2.044
0.094603061676	-0.036	-0.26	2.044
0.0986928939819	-0.3	-0.172	1.116
0.102791070938	-0.036	0.104	-0.796
0.106890916824	0.024	0.024	-0.192
0.110986948013	0.124	-0.108	2.044
0.115092992783	0.124	-0.108	2.044
0.119186878204	-0.128	-0.192	2.044
0.123285055161	0.236	0.128	0.624
0.127371072769	0.172	0.168	-0.912
0.131464958191	0.164	-0.044	0.264
0.135554075241	0.164	-0.044	0.264
0.139642000198	-0.048	-0.304	2.044
0.143738031387	-0.064	-0.268	2.044
0.147835016251	0.076	0.032	0.136
0.151921987534	0.168	0.288	-0.904
0.156011104584	0.168	0.288	-0.904
0.160099029541	-0.032	-0.056	0.752
0.16419506073	-0.084	-0.416	2.044
0.168284893036	-0.464	-0.168	1.988
0.172381877899	-0.104	0.076	-0.316
0.176471948624	-0.104	0.076	-0.316
0.180568933487	0.04	0.072	-0.708
0.184671878815	-0.124	0.064	1.24
0.188760995865	-0.088	-0.348	2.044
0.192864894867	0.164	-0.112	1.548
0.196955919266	0.164	-0.112	1.548
0.20105099678	0.104	-0.012	-0.632
0.205141067505	-0.036	0.0	-0.468
0.209223031998	0.024	-0.236	1.756
0.213318109512	-0.064	-0.3	2.044
0.217410087585	-0.064	-0.3	2.044
0.221507072449	0.056	-0.176	1.016
0.22559595108	0.04	0.1	-0.852
0.229693889618	0.236	-0.156	-0.048
0.233789920807	0.424	-0.364	2.044
0.237879991531	0.424	-0.364	2.044
0.241987943649	-0.024	-0.38	2.044
0.24608707428	0.18	-0.084	0.504
0.250175952911	0.148	0.216	-0.888
0.254271030426	-0.116	-0.416	0.344
0.258361101151	-0.116	-0.416	0.344
0.262456893921	-0.08	-0.388	2.044
0.26654791832	0.012	-0.308	2.044
0.270643949509	-0.2	-0.128	0.004
0.274732112885	-0.148	0.188	-0.888
0.278824090958	-0.312	-0.088	0.848
0.282913923264	-0.312	-0.088	0.848
0.287003040314	-0.076	-0.312	2.044
0.291094064713	-0.028	-0.316	1.904
0.295183897018	-0.148	0.144	-0.404
0.299287080765	0.008	0.212	-0.696
0.303380966187	0.008	0.212	-0.696
0.307470083237	0.568	-0.264	1.408
0.311563014984	0.06	-0.432	2.044
0.315651893616	0.416	-0.348	1.428
0.319740056992	-0.044	0.084	-0.684
0.323834896088	-0.044	0.084	-0.684
0.327924966812	0.052	-0.036	-0.352
0.332020998001	-0.1	-0.296	1.864
0.3361120224	0.028	-0.42	2.044
0.340199947357	-0.164	-0.152	0.896
0.344305992126	-0.164	-0.152	0.896
0.348396062851	-0.168	0.22	-0.884
0.352488040924	-0.072	-0.024	0.052
0.356578111649	0.02	-0.368	2.044
0.36067199707	-0.088	-0.3	2.044
0.364774942398	-0.088	-0.3	2.044
0.368865966797	-0.2	0.056	0.352
0.372963905334	-0.036	0.024	-0.916
0.377054929733	0.692	-0.028	0.512
0.381150960922	-0.232	-0.668	2.044
0.385241031647	-0.232	-0.668	2.044
0.389329910278	-0.052	-0.752	2.044
0.393462896347	-0.084	0.092	-0.092
0.397553920746	-0.136	0.176	-0.836
0.401649951935	0.436	-0.38	1.056
0.405737876892	0.436	-0.38	1.056
0.409826040268	0.0	-0.376	2.044
0.413913011551	0.156	-0.216	1.804
0.417999982834	0.02	0.26	-0.488
0.422094106674	0.036	-0.028	-0.62
0.42618393898	0.036	-0.028	-0.62
0.430272102356	0.188	-0.192	1.528
0.434391975403	-0.048	-0.324	2.044
0.43848991394	0.088	-0.132	1.28
0.442584037781	0.068	0.112	-0.756
0.446672916412	0.068	0.112	-0.756
0.450768947601	0.072	0.104	-0.284
0.454859018326	-0.68	-0.596	2.0
0.45895409584	-0.192	-0.392	2.044
0.463049888611	-0.024	0.044	0.744
0.467139005661	-0.024	0.044	0.744
0.471231937408	-0.192	0.248	-0.908
0.475321054459	0.584	0.016	0.188
0.479405879974	-0.036	-0.44	2.044
0.483501911163	-0.028	-0.412	2.044
0.487591981888	0.212	0.064	0.248
0.491688966751	0.212	0.064	0.248
0.49577498436	-0.168	0.072	-0.924
0.499866962433	0.132	-0.076	0.608
0.503961086273	-0.024	-0.42	2.044
0.508052110672	-0.06	-0.252	2.044
0.512141942978	-0.06	-0.252	2.044
0.516231060028	0.044	-0.04	-0.196
0.520328998566	0.228	-0.208	-0.74
0.524417877197	-0.304	-0.1	1.136
0.528506040573	-0.068	-0.164	2.044
0.532602071762	-0.068	-0.164	2.044
0.536690950394	0.024	0.048	1.684
0.540783882141	0.18	0.084	-0.556
0.544872045517	0.084	0.164	-0.532
0.548959970474	0.06	-0.276	1.644
0.553049087524	0.06	-0.276	1.644
0.557137012482	-0.148	-0.312	2.044
0.561233043671	-0.248	-0.1	1.14
0.565325975418	-0.044	0.12	-0.836
0.569416046143	-0.036	-0.176	-0.164
0.573520898819	-0.036	-0.176	-0.164
0.577611923218	-0.064	-0.284	2.044
0.581705093384	-0.1	-0.36	2.044
0.585793972015	0.072	-0.064	0.608
0.589881896973	0.024	0.072	-0.92
0.593974113464	0.024	0.072	-0.92
0.598062038422	-0.148	-0.14	0.244
0.602156877518	-0.036	-0.048	2.044
0.606246948242	-0.032	-0.104	2.044
0.61034488678	-0.028	-0.12	0.104
0.614435911179	-0.028	-0.12	0.104
0.618525028229	0.08	0.032	-0.88
0.62261390686	0.3	-0.228	0.772
0.626710891724	-0.152	-0.272	2.044
0.630807876587	-0.164	-0.256	2.012
0.634896993637	-0.164	-0.256	2.012
0.638987064362	-0.192	0.072	-0.32
0.643081903458	0.116	0.108	-0.724
0.647169113159	-0.06	-0.184	1.272
0.651263952255	-0.104	-0.424	2.044
0.65535402298	-0.104	-0.424	2.044
0.659442901611	-0.092	-0.16	1.516
0.663537025452	0.076	0.052	-0.624
0.667625904083	-0.308	-0.06	-0.48
0.671715974808	-0.156	0.112	1.716
0.675805091858	-0.156	0.112	1.716
0.679893016815	0.0	-0.196	2.044
0.68397808075	-0.248	-0.076	0.968
0.688077926636	-0.072	0.076	-0.844
0.692178010941	0.184	-0.256	-0.072
0.696266889572	0.184	-0.256	-0.072
0.700362920761	-0.112	-0.324	2.044
0.704452991486	-0.168	-0.308	2.044
0.70854306221	-0.1	0.1	0.468
0.712632894516	0.22	0.192	-0.916
0.716722011566	0.22	0.192	-0.916
0.720815896988	-0.28	-0.352	0.4
0.724905014038	-0.032	-0.376	2.044
0.72899389267	0.044	-0.268	2.044
0.733088970184	0.092	-0.06	0.016
0.737178087234	0.344	-0.024	-0.832
0.741272926331	0.344	-0.024	-0.832
0.745362043381	-0.628	-0.14	0.812
0.749450922012	-0.004	-0.436	2.044
0.753545999527	-0.496	-0.116	1.836
0.757636070251	-0.18	-0.012	-0.412
0.76173210144	-0.18	-0.012	-0.412
0.765821933746	-0.136	0.0	-0.66
0.769902944565	-0.252	0.108	1.376
0.773997068405	-0.1	-0.312	2.044
0.778086900711	0.016	-0.096	1.404
0.782181024551	0.016	-0.096	1.404
0.786267995834	0.172	0.08	-0.684
0.790361881256	0.068	0.008	-0.372
0.794450044632	0.02	-0.24	1.9
0.798537969589	-0.112	-0.352	2.044
0.802643060684	-0.112	-0.352	2.044
0.806734085083	0.096	-0.096	0.884
0.810827970505	0.036	0.132	-0.892
0.814915895462	-0.048	-0.2	0.068
0.819009065628	0.668	-0.384	2.044
0.823101997375	0.668	-0.384	2.044
0.82719707489	-0.004	-0.32	2.044
0.831291913986	0.148	0.016	0.344
0.835378885269	0.176	0.188	-0.892
0.839467048645	-0.556	0.152	0.46
0.843559980392	-0.556	0.152	0.46
0.84764790535	0.052	-0.364	2.044
0.85174202919	-0.024	-0.204	2.044
0.855832099915	-0.224	0.1	-0.128
0.859920978546	0.068	0.108	-0.848
0.864013910294	0.068	0.108	-0.848
0.868100881577	-0.08	-0.152	1.012
0.872190952301	-0.112	-0.408	2.044
0.876281023026	-0.084	-0.236	1.76
0.880385875702	-0.148	0.212	-0.504
0.884476900101	-0.148	0.212	-0.504
0.888565063477	-0.028	0.264	-0.62
0.892661094666	-0.084	-0.632	1.528
0.896749973297	0.144	-0.448	2.044
0.900845050812	-0.18	-0.112	1.248
0.904933929443	-0.18	-0.112	1.248
0.909023046494	-0.028	-0.012	-0.752
0.913112878799	0.072	-0.044	-0.264
0.917211055756	-0.036	-0.04	1.98
0.921305894852	-0.056	-0.204	2.044
0.92539691925	-0.056	-0.204	2.044
0.929485082626	0.08	-0.112	0.752
0.933578968048	-0.12	0.204	-0.928
0.937669038773	0.06	-0.108	0.18
0.941762924194	-0.024	-0.316	2.044
0.945857048035	-0.024	-0.316	2.044
0.949945926666	-0.116	-0.332	2.044
0.954037904739	0.008	-0.052	0.22
0.958131074905	0.016	0.14	-0.876
0.962224960327	0.648	-0.456	0.684
0.966314077377	-0.204	-0.54	2.044
0.970410108566	-0.204	-0.54	2.044
0.974498987198	0.052	-0.484	2.044
0.978586912155	-0.232	0.016	-0.232
0.98268198967	-0.108	0.22	-0.792
0.986772060394	-0.156	-0.132	1.128
0.99086689949	-0.156	-0.132	1.128
0.994956016541	-0.144	-0.412	2.044
0.999044895172	0.036	-0.32	1.66
1.00313901901	-0.2	0.072	-0.588
1.00723791122	-0.028	0.188	-0.544
1.01133489609	-0.028	0.188	-0.544
1.01542496681	-0.068	-0.296	1.66
1.01951408386	-0.052	-0.3	2.044
1.02360510826	0.012	-0.164	1.132
1.02769589424	0.032	0.124	-0.816
1.0317928791	0.032	0.124	-0.816
1.03588104248	0.092	-0.092	-0.184
1.03996992111	-0.38	-0.532	2.044
1.04406404495	0.036	-0.416	2.044
1.04815292358	-0.216	-0.12	0.6
1.0522480011	-0.216	-0.12	0.6
1.05633687973	-0.16	0.304	-0.916
1.06043100357	0.132	-0.06	0.272
1.06451797485	-0.088	-0.348	2.044
1.06860804558	-0.024	-0.324	2.044
1.07270097733	-0.024	-0.324	2.044
1.07679104805	-0.312	-0.124	0.12
1.08088588715	-0.108	0.22	-0.908
1.08497595787	-0.04	-0.268	0.76
1.08906507492	-0.032	-0.328	2.044
1.09316110611	-0.032	-0.328	2.044
1.09724998474	0.04	-0.144	1.976
1.10134506226	-0.016	-0.016	-0.296
1.10544991493	-0.044	-0.04	-0.712
1.10953998566	-0.124	-0.048	1.288
1.1136341095	-0.124	-0.048	1.288
1.1177239418	-0.172	-0.34	2.044
1.1218149662	0.012	-0.268	1.528
1.12590408325	0.184	0.132	-0.64
1.12999105453	0.116	0.144	-0.424
1.13408708572	0.116	0.144	-0.424
1.13817596436	-0.12	-0.376	1.756
1.14227104187	-0.096	-0.384	2.044
1.14637088776	-0.048	-0.028	1.012
1.15046095848	0.06	0.196	-0.86
1.15455007553	0.06	0.196	-0.86
1.15863704681	-0.048	-0.02	-0.076
1.16273188591	0.052	-0.296	2.044
1.16682195663	-0.1	-0.296	2.044
1.17091798782	-0.052	-0.108	0.468
1.17500805855	-0.052	-0.108	0.468
1.17909693718	-0.12	0.216	-0.94
1.18319296837	-0.516	-0.036	0.384
1.18728208542	-0.032	-0.192	2.044
1.19137597084	-0.212	-0.452	2.044
1.19546604156	-0.212	-0.452	2.044
1.19955801964	0.116	0.016	0.0
1.20364689827	0.184	0.048	-0.836
1.20773410797	0.096	-0.38	0.904
1.21182799339	-0.084	-0.38	2.044
1.21591806412	0.02	-0.188	1.904
1.22000598907	0.02	-0.188	1.904
1.22409892082	-0.068	0.004	-0.412
1.2281870842	0.044	-0.048	-0.688
1.2322769165	0.088	-0.12	1.416
1.23636388779	-0.088	-0.3	2.044
1.24045991898	-0.088	-0.3	2.044
1.24454903603	0.108	-0.168	1.396
1.24863696098	0.02	0.024	-0.7
1.2527320385	0.168	0.104	-0.372
1.25681996346	-0.136	-0.168	1.848
1.26093387604	-0.136	-0.168	1.848
1.26502490044	-0.068	-0.336	2.044
1.26912593842	-0.192	-0.08	0.848
1.27321696281	-0.08	0.008	-0.872
1.27730607986	-0.228	-0.148	0.04
1.28139400482	-0.228	-0.148	0.04
1.28548288345	-0.1	-0.472	2.044
1.28957104683	-0.084	-0.3	2.044
1.29366588593	0.076	-0.008	0.372
1.2977540493	-0.108	0.012	-0.928
1.30185008049	-0.108	0.012	-0.928
1.30593204498	-0.176	-0.036	0.528
1.3100130558	-0.116	-0.38	2.044
1.31410694122	-0.232	-0.264	2.044
1.31819701195	-0.104	0.076	-0.108
1.32229304314	-0.104	0.076	-0.108
1.32638788223	0.036	0.004	-0.812
1.33048200607	-0.584	-0.296	1.0
1.33456897736	-0.236	-0.264	2.044
1.33865809441	-0.116	0.08	1.748
1.34274792671	-0.116	0.08	1.748
1.34683609009	-0.14	0.136	-0.496
1.35092592239	-0.012	-0.064	-0.596
1.35501909256	0.024	-0.472	1.552
1.35911107063	-0.056	-0.364	2.044
1.36320710182	-0.056	-0.364	2.044
1.36729693413	0.068	-0.068	1.296
1.37138795853	0.068	0.18	-0.768
1.37548589706	-0.12	0.072	-0.264
1.37957596779	-0.132	-0.276	2.012
1.38367199898	-0.132	-0.276	2.012
1.3877658844	-0.076	-0.248	2.044
1.3918569088	0.032	-0.04	0.732
1.39594602585	-0.04	0.12	-0.916
1.40003395081	-0.324	-0.024	0.104
1.40412807465	-0.324	-0.024	0.104
1.40821909904	0.16	-0.224	2.044
1.41231298447	-0.22	-0.26	2.044
1.41640305519	-0.076	0.064	0.192
1.42049694061	-0.192	0.048	-0.9
1.42458605766	-0.192	0.048	-0.9
1.42867493629	0.456	-0.184	0.68
1.43276405334	-0.124	-0.264	2.044
1.4368519783	-0.052	-0.296	2.044
1.44094800949	-0.076	-0.084	-0.216
1.44503808022	-0.136	0.108	-0.808
1.44912791252	-0.136	0.108	-0.808
1.45325088501	-0.104	-0.152	1.176
1.45734190941	-0.128	-0.292	2.044
1.4614379406	-0.132	-0.18	1.64
1.46552801132	-0.024	0.112	-0.56
1.46961688995	-0.024	0.112	-0.56
1.47371101379	-0.508	0.036	-0.544
1.47780108452	0.42	-0.388	1.66
1.48189496994	-0.08	-0.392	2.044
1.48598408699	-0.024	0.06	1.108
1.49008107185	-0.024	0.06	1.108
1.49417591095	-0.068	0.196	-0.82
1.498265028	0.04	0.048	-0.168
1.50235795975	-0.032	-0.352	2.044
1.5064470768	-0.08	-0.308	2.044
1.51054191589	-0.08	-0.308	2.044
1.51463508606	0.048	-0.088	0.632
1.51872301102	0.144	0.184	-0.904
1.52281808853	-0.044	0.0	0.292
1.52737998962	-0.048	-0.4	2.044
1.53148508072	-0.048	-0.4	2.044
1.53557610512	-0.1	-0.22	2.044
1.53966498375	-0.228	0.132	0.088
1.54375910759	-0.264	0.376	-0.916
1.5478489399	0.132	-0.284	0.804
1.55193805695	0.132	-0.284	0.804
1.55602502823	-0.036	-0.388	2.044
1.56011509895	0.328	-0.2	2.012
1.56420898438	-0.036	-0.008	-0.32
1.56829810143	0.16	0.188	-0.708
1.57239294052	-0.264	0.092	1.272
1.5764811039	-0.264	0.092	1.272
1.58057999611	-0.06	-0.384	2.044
1.58467006683	0.1	-0.16	1.532
1.58875799179	0.228	0.116	-0.644
1.59284710884	0.168	0.1	-0.444
1.59693598747	0.168	0.1	-0.444
1.60103011131	0.052	-0.268	1.804
1.60513091087	0.012	-0.304	2.044
1.60922002792	0.088	-0.1	0.984
1.61331295967	0.04	0.092	-0.86
1.61740207672	0.04	0.092	-0.86
1.62149095535	0.24	-0.216	-0.04
1.6255800724	0.048	-0.368	2.044
1.62966895103	-0.104	-0.36	2.044
1.63376307487	-0.216	-0.116	0.46
1.63785409927	-0.216	-0.116	0.46
1.64195299149	0.056	0.2	-0.904
1.64604210854	-0.348	0.188	0.38
1.65013098717	-0.056	-0.404	2.044
1.65422701836	-0.032	-0.292	2.044
1.65831494331	-0.032	-0.292	2.044
1.66242909431	0.02	-0.048	-0.004
1.66651892662	0.224	0.088	-0.844
1.67061305046	0.028	-0.136	0.884
1.67470097542	-0.064	-0.388	2.044
1.67879009247	-0.064	-0.388	2.044
1.68288493156	0.048	-0.24	1.876
1.68697500229	0.024	0.164	-0.4
1.69106888771	0.348	-0.084	-0.672
1.69515895844	-0.152	-0.236	1.408
1.69924688339	-0.152	-0.236	1.408
1.70334410667	-0.184	-0.308	2.044
1.7074379921	0.188	-0.104	1.408
1.71153187752	0.004	0.156	-0.704
1.71562004089	-0.064	0.088	-0.364
1.71972990036	-0.064	0.088	-0.364
1.72382497787	0.064	-0.284	1.88
1.72791409492	-0.088	-0.34	2.044
1.7320098877	0.168	-0.068	0.876
1.73609995842	-0.124	0.172	-0.892
1.74018907547	-0.124	0.172	-0.892
1.74428391457	-0.116	-0.18	0.052
1.74837207794	-0.072	-0.28	2.044
1.75246095657	-0.128	-0.312	2.044
1.75655198097	0.112	-0.252	0.352
1.76064610481	0.112	-0.252	0.352
1.7647330761	-0.084	0.008	-0.944
1.76882600784	-0.416	0.072	0.488
1.77291989326	-0.116	-0.148	2.044
1.77700996399	-0.152	-0.016	2.044
1.78110599518	-0.152	-0.016	2.044
1.78519511223	-0.024	0.076	-0.132
1.78928399086	0.06	0.076	-0.808
1.79337191582	0.16	-0.308	1.028
1.79746103287	-0.16	-0.4	2.044
1.80155611038	-0.096	-0.304	1.752
1.80564594269	-0.096	-0.304	1.752
1.80973505974	0.06	0.112	-0.5
1.8138229847	0.096	0.124	-0.6
1.81791210175	0.064	-0.284	1.572
1.82200694084	-0.048	-0.296	2.044
1.82609701157	-0.048	-0.296	2.044
1.83018803596	-0.024	-0.068	1.26
1.83429503441	0.032	0.128	-0.768
1.83838391304	0.204	0.192	-0.252
1.84247899055	0.048	-0.192	2.044
1.84656691551	0.048	-0.192	2.044
1.85066199303	-0.116	-0.276	2.044
1.85475111008	-0.048	-0.096	0.72
1.85883998871	0.112	-0.008	-0.888
1.86293411255	0.212	0.048	0.128
1.86702108383	0.212	0.048	0.128
1.87110710144	0.112	-0.316	2.044
1.87519407272	-0.064	-0.348	2.044
1.87928295135	0.1	0.02	0.232
1.88337397575	-0.084	0.148	-0.92
1.88746404648	-0.084	0.148	-0.92
1.89155888557	0.168	-0.36	0.676
1.89566206932	0.016	-0.332	2.044
1.89975094795	0.112	-0.1	2.044
1.90384507179	-0.06	0.092	-0.228
1.90793395042	-0.06	0.092	-0.228
1.91202497482	0.152	0.128	-0.728
1.91611194611	0.392	-0.124	1.192
1.92020010948	0.036	-0.424	2.044
1.9242939949	-0.3	-0.14	1.604
1.92838191986	-0.3	-0.14	1.604
1.93247795105	0.104	0.104	-0.58
1.93656587601	0.048	-0.18	-0.504
1.9406619072	-0.044	-0.488	1.696
1.94475102425	-0.072	-0.356	2.044
1.94884991646	-0.072	-0.356	2.044
1.95294094086	0.056	0.112	1.108
1.95702695847	0.06	0.188	-0.816
1.96112108231	0.1	0.004	-0.144
1.96520900726	0.096	-0.312	2.044
1.96929693222	0.096	-0.312	2.044
1.97338604927	-0.064	-0.372	2.044
1.97747588158	-0.032	-0.048	0.564
1.9815659523	0.044	0.092	-0.924
1.98565387726	0.252	-0.272	0.304
1.98974204063	0.252	-0.272	0.304
1.99383497238	-0.164	-0.56	2.044
1.99792289734	0.16	-0.344	2.044
2.00201201439	0.236	-0.12	0.104
2.00609898567	-0.14	0.072	-0.888
2.01018691063	-0.14	0.072	-0.888
2.01427698135	0.028	-0.096	0.78
2.01836395264	-0.044	-0.336	2.044
2.02245903015	-0.016	-0.24	1.996
2.02654910088	-0.112	0.124	-0.34
2.03064489365	-0.112	0.124	-0.34
2.03473496437	-0.104	0.092	-0.72
2.03882288933	0.028	-0.148	1.316
2.04291796684	-0.044	-0.356	2.044
2.04700803757	0.008	-0.124	1.504
2.05110192299	0.132	0.124	-0.652
2.05519104004	0.132	0.124	-0.652
2.059278965	-0.456	0.04	-0.46
2.06338596344	-0.18	-0.372	1.832
2.06747603416	0.0	-0.252	2.044
2.07156300545	-0.052	-0.18	0.96
2.07565188408	-0.052	-0.18	0.96
2.07974100113	0.08	0.12	-0.844
2.08383393288	0.544	-0.052	-0.012
2.08793592453	0.124	-0.464	2.044
2.09203290939	-0.128	-0.332	2.044
2.09612298012	-0.128	-0.332	2.044
2.10021209717	0.156	0.032	0.464
2.10430407524	-0.144	0.148	-0.952
2.10839295387	-0.14	-0.204	0.392
2.1124830246	-0.02	-0.384	2.044
2.11657309532	-0.02	-0.384	2.044
2.12066197395	-0.148	-0.316	2.044
2.12475204468	-0.02	-0.156	-0.02
2.12884092331	0.48	0.056	-0.852
2.13293504715	-0.148	-0.184	0.912
2.13702487946	-0.148	-0.184	0.912
2.14111995697	-0.104	-0.328	2.044
2.14520907402	-0.548	-0.104	1.816
2.14930009842	-0.1	0.032	-0.428
2.15338993073	0.16	0.128	-0.628
2.15749001503	0.16	0.128	-0.628
2.16158390045	-0.148	-0.38	1.436
2.16567492485	-0.152	-0.404	2.044
2.1697640419	0.048	-0.2	1.38
2.17385792732	-0.068	0.148	-0.748
2.17795801163	-0.068	0.148	-0.748
2.18205308914	-0.052	0.112	-0.352
2.18614196777	0.028	-0.136	1.94
2.19022989273	-0.044	-0.304	2.044
2.19432497025	0.056	-0.124	0.824
2.1984128952	0.056	-0.124	0.824
2.20250701904	0.056	0.184	-0.876
2.20659589767	0.06	0.016	0.068
2.21068692207	-0.052	-0.352	2.044
2.21478104591	-0.176	-0.216	2.044
2.21887087822	-0.176	-0.216	2.044
2.22296690941	0.472	-0.256	0.344
2.22705507278	0.16	0.232	-0.892
2.23114895821	-0.352	-0.28	0.5
2.23523497581	-0.12	-0.352	2.044
2.23932409286	-0.12	-0.352	2.044
2.24350190163	-0.04	-0.228	2.044
2.24759507179	-0.132	0.0	-0.152
2.25168395042	-0.276	-0.088	-0.856
2.25577402115	0.148	-0.216	1.068
2.25986194611	0.148	-0.216	1.068
2.26395606995	-0.076	-0.348	2.044
2.26804709435	0.04	-0.212	1.724
2.27213597298	0.056	0.184	-0.5
2.27622294426	-0.02	0.052	-0.58
2.28031897545	-0.144	0.144	1.532
2.2844080925	-0.144	0.144	1.532
2.28849506378	-0.124	-0.284	2.044
2.29259991646	0.268	-0.16	1.232
2.29668903351	0.116	0.172	-0.772
2.30078291893	-0.052	-0.032	-0.236
2.30486702919	-0.052	-0.032	-0.236
2.30894899368	0.128	-0.42	2.044
2.31303405762	-0.064	-0.324	2.044
2.31712698936	0.02	0.032	0.72
2.3212211132	0.128	0.22	-0.908
2.32530999184	0.128	0.22	-0.908
2.32939791679	-0.092	-0.036	0.184
2.33349394798	0.036	-0.352	2.044
2.33758211136	-0.12	-0.248	2.044
2.34168505669	-0.004	-0.184	0.208
2.34577488899	-0.004	-0.184	0.208
2.34986400604	0.104	0.388	-0.932
2.35395407677	-0.164	-0.036	0.664
2.35804700851	0.072	-0.384	2.044
2.36214208603	-0.264	-0.468	2.044
2.36623191833	-0.264	-0.468	2.044
2.37032198906	0.148	0.112	-0.248
2.37441110611	-0.052	0.232	-0.76
2.37849998474	-0.16	-0.3	1.18
2.38259506226	-0.14	-0.392	2.044
2.38668489456	-0.14	-0.392	2.044
2.39077997208	-0.264	-0.18	1.608
2.39486908913	0.104	0.084	-0.58
2.39895701408	-0.044	0.076	-0.532
2.40305495262	-0.02	-0.136	1.692
2.40715408325	-0.02	-0.136	1.692
2.41124987602	-0.052	-0.336	2.044
2.41533994675	0.044	-0.156	1.092
2.41942811012	0.156	0.06	-0.796
2.42352104187	0.18	-0.1	-0.132
2.42761111259	0.18	-0.1	-0.132
2.43170499802	-0.116	-0.172	2.044
2.43579506874	-0.168	-0.356	2.044
2.4398829937	-0.084	-0.152	0.576
2.44397807121	-0.032	0.08	-0.908
2.44806694984	-0.032	0.08	-0.908
2.45218205452	0.616	0.128	0.34
2.45627093315	-0.116	-0.364	2.044
2.46036696434	-0.128	-0.288	2.044
2.46445608139	0.012	-0.044	0.08
2.46854805946	0.012	-0.044	0.08
2.47263598442	0.128	0.048	-0.872
2.47672510147	-0.032	-0.164	0.796
2.48082089424	-0.024	-0.252	2.044
2.48491096497	-0.056	-0.256	1.952
2.48900008202	-0.056	-0.256	1.952
2.4930961132	0.088	0.152	-0.332
2.49718499184	-0.16	0.216	-0.756
2.50127601624	0.192	-0.376	1.328
2.50536489487	-0.064	-0.46	2.044
2.50945496559	0.064	-0.216	1.484
2.51354908943	0.064	-0.216	1.484
2.51763701439	0.096	0.12	-0.664
2.52174091339	-0.04	0.128	-0.412
2.52583098412	0.088	-0.264	1.804
2.52992296219	0.044	-0.396	2.044
2.53401589394	0.044	-0.396	2.044
2.53810501099	-0.108	-0.028	0.948
2.54220104218	0.028	0.144	-0.868
2.54628896713	-0.128	0.032	-0.028
2.55037903786	0.136	-0.392	2.044
2.55446910858	0.136	-0.392	2.044
2.55855703354	-0.096	-0.368	2.044
2.56265211105	0.084	-0.104	0.44
2.56674098969	-0.088	0.256	-0.928
2.57083702087	0.292	-0.144	0.456
2.57492494583	0.292	-0.144	0.456
2.57901310921	-0.084	-0.3	2.044
2.58310890198	-0.396	-0.14	2.044
2.58719801903	-0.128	-0.032	-0.052
2.59129500389	0.176	0.208	-0.84
2.59538602829	0.176	0.208	-0.84
2.59947395325	0.924	-0.284	1.0
2.6035630703	-0.128	-0.34	2.044
2.6076529026	-0.028	-0.252	1.864
2.61174702644	-0.004	-0.04	-0.44
2.61583709717	-0.004	-0.04	-0.44
2.61992692947	0.208	0.088	-0.648
2.62401604652	-0.084	-0.148	1.464
2.62810492516	-0.152	-0.264	2.044
2.63219499588	0.124	-0.152	1.352
2.6363298893	0.124	-0.152	1.352
2.64042711258	-0.04	0.044	-0.724
2.64451694489	0.132	0.2	-0.348
2.64860510826	0.028	-0.124	1.932
2.65269899368	-0.052	-0.292	2.044
2.6567928791	-0.052	-0.292	2.044
2.66088891029	-0.188	-0.1	0.824
2.66497802734	-0.164	0.092	-0.892
2.66906809807	0.064	-0.112	0.068
2.67315602303	-0.112	-0.408	2.044
2.67724609375	-0.112	-0.408	2.044
2.68134093285	-0.036	-0.336	2.044
2.68543100357	-0.124	-0.192	0.332
2.6895198822	-0.004	-0.156	-0.916
2.69361495972	0.06	-0.288	0.564
2.69770288467	0.06	-0.288	0.564
2.70179605484	-0.112	-0.424	2.044
2.70588588715	-0.072	-0.168	2.044
2.7099750042	0.108	-0.044	-0.136
2.71407008171	0.216	0.112	-0.772
2.71815896034	0.216	0.112	-0.772
2.72225594521	-0.176	-0.024	1.052
2.72634506226	0.068	-0.396	2.044
2.73044109344	0.108	-0.376	1.716
2.7345290184	-0.124	0.076	-0.52
2.73861789703	-0.012	0.012	-0.58
2.74271202087	-0.012	0.012	-0.58
2.7468020916	-0.088	-0.332	1.576
2.75090289116	-0.064	-0.324	2.044
2.75499391556	0.004	-0.172	1.232
2.75908303261	-0.008	0.184	-0.784
2.76317691803	-0.008	0.184	-0.784
2.76726508141	-0.032	0.008	-0.24
2.7713599205	-0.076	-0.188	2.044
2.77544903755	-0.032	-0.28	2.044
2.77953910828	0.24	-0.296	0.712
2.78369307518	0.24	-0.296	0.712
2.78778409958	-0.1	0.112	-0.904
2.79187989235	-0.068	0.072	0.172
2.7959690094	-0.128	-0.268	2.044
2.80005788803	0.0	-0.256	2.044
2.80414390564	0.0	-0.256	2.044
2.80822491646	0.384	0.06	0.216
2.81231689453	-0.124	0.196	-0.9
2.81640696526	-0.22	-0.14	0.668
2.82050299644	0.032	-0.392	2.044
2.8245909214	0.032	-0.392	2.044
2.82867908478	-0.136	-0.252	2.044
2.83276891708	0.148	0.084	-0.24
2.83685588837	-0.048	0.044	-0.768
2.84095096588	-0.148	-0.128	1.168
2.84504103661	-0.148	-0.128	1.168
2.849132061	-0.096	-0.284	2.044
2.85322809219	0.02	-0.24	1.588
2.85731601715	-0.132	0.124	-0.6
2.86141109467	-0.012	0.064	-0.492
2.86551904678	-0.012	0.064	-0.492
2.86960792542	0.012	-0.128	1.704
2.87369799614	-0.064	-0.296	2.044
2.87778711319	-0.256	-0.244	1.068
2.88188290596	-0.06	0.216	-0.82
2.88597202301	-0.06	0.216	-0.82
2.89006090164	-0.024	-0.092	-0.12
2.89415502548	-0.2	-0.16	2.044
2.89824390411	-0.16	-0.256	2.044
2.9023399353	-0.204	0.008	0.556
2.90642690659	-0.204	0.008	0.556
2.91052389145	-0.136	0.368	-0.952
2.91461396217	-0.048	-0.044	0.264
2.91870307922	-0.176	-0.276	2.044
2.92279911041	-0.148	-0.284	2.044
2.92688798904	-0.148	-0.284	2.044
2.93098402023	-0.112	0.108	0.06
2.93507099152	-0.02	0.096	-0.86
2.93916106224	0.02	-0.124	0.84
2.94325399399	0.076	-0.376	2.044
2.94734191895	0.076	-0.376	2.044
2.951431036	-0.044	-0.416	1.964
2.95552110672	-0.204	0.024	-0.356
2.95961093903	0.2	0.108	-0.68
2.96370410919	0.0	-0.212	1.316
2.96778488159	-0.144	-0.38	2.044
2.97188210487	-0.144	-0.38	2.044
2.97597503662	-0.028	-0.196	1.476
2.98007488251	-0.008	0.104	-0.672
2.9841709137	0.284	-0.128	-0.388
2.98826003075	-0.02	-0.32	1.82
2.99235010147	-0.02	-0.32	1.82
2.99643993378	-0.02	-0.368	2.044
3.00053501129	0.1	-0.108	0.94
3.00462293625	-0.088	0.076	-0.872
3.0087120533	0.272	0.064	-0.016
3.01280808449	0.272	0.064	-0.016
3.01689600945	-0.072	-0.512	2.044
3.02098608017	-0.252	-0.28	2.044
3.0250749588	-0.12	-0.104	0.432
3.02916407585	-0.132	0.132	-0.936
3.03325295448	-0.132	0.132	-0.936
3.03734588623	0.092	-0.12	0.44
3.04144001007	0.052	-0.404	2.044
3.0455288887	-0.024	-0.356	2.044
3.04961705208	0.068	-0.012	-0.04
3.0537109375	0.068	-0.012	-0.04
3.05780100822	0.364	-0.032	-0.824
3.06188988686	-0.14	-0.004	0.932
3.06597995758	-0.064	-0.3	2.044
3.07006788254	0.028	-0.152	1.836
3.07416200638	0.028	-0.152	1.836
3.07824993134	-0.096	0.228	-0.432
3.08234596252	0.408	-0.064	-0.624
3.08643507957	-0.112	-0.4	1.444
3.09053301811	-0.128	-0.36	2.044
3.09463191032	-0.128	-0.36	2.044
3.09872198105	-0.072	-0.188	1.356
3.10282206535	-0.044	0.168	-0.748
3.10691189766	-0.032	-0.096	-0.324
3.11100792885	-0.192	-0.136	1.908
3.1150970459	-0.192	-0.136	1.908
3.11918592453	-0.088	-0.388	2.044
3.12327599525	0.024	-0.016	0.828
3.12736296654	0.104	0.22	-0.888
3.13145804405	-0.136	-0.104	0.088
3.13554692268	-0.136	-0.104	0.088
3.13963603973	-0.12	-0.408	2.044
3.14372992516	-0.072	-0.364	2.044
3.14781999588	-0.04	-0.18	0.292
3.15190911293	0.136	0.16	-0.916
3.15599703789	0.136	0.16	-0.916
3.16011404991	0.18	-0.224	0.572
3.16421508789	-0.004	-0.256	2.044
3.1683049202	0.192	-0.348	2.044
3.17240095139	0.06	-0.08	-0.168
3.17649102211	0.06	-0.08	-0.168
3.18058609962	0.36	-0.056	-0.76
3.18467497826	0.104	-0.224	1.06
3.18876290321	-0.044	-0.388	2.044
3.19285297394	0.032	-0.256	1.72
3.1969408989	0.032	-0.256	1.72
3.20103597641	-0.084	0.096	-0.548
3.20512509346	-0.02	0.208	-0.596
3.20922207832	-0.12	-0.124	1.58
3.21331810951	-0.068	-0.288	2.044
3.21740698814	0.12	-0.192	1.212
3.22149991989	0.12	-0.192	1.212
3.22558903694	0.048	0.02	-0.76
3.22968006134	-0.004	-0.2	-0.224
3.23377490044	-0.144	-0.328	2.04
3.23786497116	-0.112	-0.416	2.044
3.24196100235	-0.112	-0.416	2.044
3.24605107307	-0.112	0.268	0.64
3.25013804436	-0.476	0.324	-0.92
3.25423502922	-0.016	0.04	0.204
3.2583220005	-0.008	-0.292	2.044
3.26241707802	-0.008	-0.292	2.044
3.26650595665	-0.188	-0.308	2.044
3.27060198784	-0.044	-0.076	0.192
3.27469110489	0.144	-0.26	-0.888
3.27877902985	0.024	-0.16	0.704
3.28287291527	0.024	-0.16	0.704
3.28696107864	-0.1	-0.412	2.044
3.29105401039	0.04	-0.296	2.044
3.29514288902	-0.108	0.204	-0.272
3.29923295975	-0.02	0.004	-0.756
3.30332708359	-0.02	0.004	-0.756
3.30741000175	-0.036	0.04	1.216
3.31149506569	-0.04	-0.464	2.044
3.31558895111	-0.26	-0.128	1.576
3.31967902184	-0.284	0.064	-0.628
3.32378292084	-0.284	0.064	-0.628
3.32787299156	-0.072	0.064	-0.488
3.33196902275	-0.06	-0.228	1.7
3.33605790138	-0.132	-0.3	2.044
3.34014797211	-0.032	-0.136	1.084
3.34424304962	-0.032	-0.136	1.084
3.34833192825	0.032	0.052	-0.832
3.3524210453	-0.252	0.112	-0.14
3.35651493073	-0.06	-0.328	2.044
3.36061000824	-0.056	-0.256	2.044
3.36470007896	-0.056	-0.256	2.044
3.3687889576	0.04	-0.072	0.536
3.37287807465	0.016	0.148	-0.92
3.3769659996	0.068	0.048	0.344
3.38105893135	0.024	-0.476	2.044
3.3851480484	0.024	-0.476	2.044
3.38923597336	-0.224	0.036	2.044
3.39332604408	0.372	0.02	0.068
3.39741110802	-0.028	0.044	-0.864
3.40150499344	-0.1	-0.088	0.796
3.40559506416	-0.1	-0.088	0.796
3.40968394279	-0.088	-0.412	2.044
3.41377902031	0.072	-0.232	1.972
3.41787099838	0.088	0.084	-0.372
3.4219648838	-0.112	-0.24	-0.684
3.42605495453	-0.112	-0.24	-0.684
3.43014597893	0.092	-0.212	1.364
3.43424105644	-0.036	-0.352	2.044
3.43833899498	0.032	-0.056	1.444
3.4424328804	-0.028	0.116	-0.676
3.4465239048	0.092	-0.188	-0.384
3.45061302185	0.092	-0.188	-0.384
3.45470190048	-0.004	-0.16	1.832
3.45879101753	-0.136	-0.448	2.044
3.46288609505	-0.124	-0.336	0.912
3.46697497368	-0.12	0.328	-0.868
3.47107100487	-0.12	0.328	-0.868
3.47516107559	0.196	0.012	0.02
3.47924494743	-0.04	-0.356	2.044
3.48334407806	-0.092	-0.408	2.044
3.48743391037	-0.096	0.02	0.404
3.49152898788	-0.096	0.02	0.404
3.49561691284	0.072	0.136	-0.944
3.49970388412	0.088	-0.096	0.448
3.50379705429	0.048	-0.416	2.044
3.50788593292	-0.008	-0.276	2.044
3.51198101044	-0.008	-0.276	2.044
3.51606988907	-0.12	0.096	-0.064
3.52015900612	-0.14	0.408	-0.888
3.52425408363	-0.132	-0.092	0.968
3.52834200859	0.156	-0.372	2.044
3.53243589401	0.156	-0.372	2.044
3.53652405739	0.488	-0.348	1.856
3.54061889648	0.144	0.028	-0.444
3.54471111298	0.02	-0.012	-0.604
3.54880094528	-0.108	-0.22	1.452
3.55290102959	-0.108	-0.22	1.452
3.55699300766	-0.076	-0.352	2.044
3.56108808517	0.008	-0.116	1.328
3.56517601013	0.02	0.132	-0.752
3.56926488876	0.096	0.04	-0.296
3.57335996628	0.096	0.04	-0.296
3.57744789124	0.048	-0.316	1.952
3.58157300949	0.008	-0.328	2.044
3.58566308022	-0.168	-0.144	0.784
3.58975195885	0.044	0.08	-0.9
3.59384489059	0.044	0.08	-0.9
3.59793305397	-0.092	-0.2	0.092
3.60202789307	-0.136	-0.58	2.044
3.60611701012	0.02	-0.368	2.044
3.61020898819	-0.272	0.036	0.268
3.6143040657	-0.272	0.036	0.268
3.61839103699	-0.02	0.196	-0.904
3.62248206139	0.108	-0.04	0.584
3.62656903267	-0.02	-0.348	2.044
3.63066506386	-0.056	-0.272	2.044
3.63475394249	-0.056	-0.272	2.044
3.63884401321	0.04	0.108	-0.164
3.64293789864	0.216	-0.016	-0.808
3.64702701569	-0.032	0.056	1.068
3.65112090111	-0.112	-0.364	2.044
3.65521097183	-0.112	-0.364	2.044
3.65930104256	-0.072	-0.092	1.7
3.66339492798	0.036	0.148	-0.528
3.66749310493	0.504	-0.136	-0.544
3.67159199715	-0.136	-0.272	1.58
3.67568206787	-0.108	-0.408	2.044
3.67977190018	-0.108	-0.408	2.044
3.68386697769	-0.008	-0.38	1.204
3.68795800209	-0.084	0.052	-0.788
3.69204998016	-0.18	0.048	-0.208
3.69613909721	-0.048	-0.188	2.044
3.70022797585	-0.048	-0.188	2.044
3.70431900024	-0.004	-0.256	2.044
3.7084069252	-0.016	0.02	0.676
3.71249508858	-0.1	0.308	-0.924
3.71658492088	0.184	-0.184	0.228
3.72067904472	0.184	-0.184	0.228
3.72476696968	-0.048	-0.36	2.044
3.72885608673	-0.092	-0.332	2.044
3.7329518795	-0.004	0.02	0.152
3.73704195023	0.208	0.064	-0.876
3.74113702774	0.208	0.064	-0.876
3.7452249527	0.096	0.024	0.728
3.74931001663	-0.08	-0.24	2.044
3.75340104103	-0.236	-0.268	2.044
3.7574930191	0.024	0.04	-0.284
3.76158690453	0.024	0.04	-0.284
3.7656750679	-0.12	0.288	-0.76
3.76976394653	-0.076	-0.196	1.22
3.77385997772	-0.1	-0.388	2.044
3.77795004845	0.028	-0.208	1.584
3.78205394745	0.028	-0.208	1.584
3.7861430645	0.1	0.076	-0.616
3.79023098946	0.088	0.168	-0.484
3.7943239212	0.076	-0.244	1.744
3.79841589928	-0.024	-0.348	2.044
3.80251193047	-0.024	-0.348	2.044
3.80660104752	0.06	-0.136	1.06
3.81069493294	0.052	0.016	-0.828
3.81478190422	0.096	0.192	-0.108
3.81886911392	-0.252	-0.468	2.044
3.82296490669	-0.252	-0.468	2.044
3.82705497742	-0.064	-0.38	2.044
3.83115005493	0.0	0.004	0.524
3.83522891998	0.224	0.172	-0.896
3.83931708336	0.116	-0.044	0.328
3.84340596199	0.116	-0.044	0.328
3.84749698639	-0.088	-0.352	2.044
3.85159301758	-0.092	-0.28	2.044
3.8556830883	-0.14	-0.02	0.056
3.85977196693	0.052	-0.12	-0.88
3.8638689518	0.052	-0.12	-0.88
3.86795902252	-0.096	-0.256	0.852
3.87204909325	-0.104	-0.328	2.044
3.87613797188	-0.064	-0.324	1.932
3.88022708893	0.004	0.196	-0.364
3.88432192802	0.004	0.196	-0.364
3.88840889931	-0.124	0.344	-0.74
3.89250397682	-0.352	-0.132	1.312
3.89660310745	-0.172	-0.44	2.044
3.90070009232	0.08	-0.08	1.448
3.9047870636	0.08	-0.08	1.448
3.90887498856	0.032	0.064	-0.684
3.91296410561	0.116	-0.084	-0.38
3.91705393791	-0.044	-0.236	1.828
3.92115092278	-0.076	-0.304	2.044
3.92524504662	0.088	-0.164	0.948
3.92933297157	0.088	-0.164	0.948
3.93349790573	0.036	0.204	-0.864
3.93758893013	-0.112	-0.032	-0.024
3.94168591499	-0.06	-0.276	2.044
3.94577503204	0.0	-0.312	2.044
3.94985604286	0.0	-0.312	2.044
3.95393896103	-0.136	-0.096	0.388
3.95803189278	0.12	-0.004	-0.9
3.96212601662	0.132	0.004	0.48
3.9662129879	0.156	-0.428	2.044
3.97030806541	0.156	-0.428	2.044
3.97439694405	-0.58	0.072	2.044
3.97848510742	-0.096	0.032	-0.08
3.98257994652	-0.1	-0.056	-0.836
3.98667097092	0.016	-0.308	0.976
3.99076890945	0.016	-0.308	0.976
3.9948580265	-0.048	-0.344	2.044
3.9989490509	0.08	-0.192	1.828
4.00304389	-0.044	0.192	-0.456
4.00713396072	0.128	-0.172	-0.624
4.01124691963	0.128	-0.172	-0.624
4.01533699036	0.084	-0.076	1.476
4.01942396164	-0.04	-0.316	2.044
4.02351498604	0.024	-0.112	1.316
4.02760601044	-0.064	0.132	-0.716
4.0317029953	-0.064	0.132	-0.716
4.03579306602	0.236	-0.092	-0.28
4.03988099098	0.104	-0.344	1.948
4.04397106171	-0.02	-0.388	2.044
4.04806089401	0.044	-0.096	0.772
4.05216789246	0.044	-0.096	0.772
4.05628705025	-0.068	0.164	-0.884
4.06038498878	0.108	-0.264	0.124
4.06447291374	0.032	-0.384	2.044
4.06856203079	-0.1	-0.26	2.044
4.07265210152	-0.1	-0.26	2.044
4.07674193382	-0.132	0.04	0.284
4.08083605766	-0.332	0.06	-0.94
4.08492493629	0.0	-0.072	0.596
4.08900499344	-0.064	-0.344	2.044
4.09310293198	-0.064	-0.344	2.044
4.09719204903	0.044	-0.248	2.044
4.10128593445	-0.052	-0.016	-0.168
4.10537695885	0.06	0.344	-0.812
4.1094648838	-0.084	-0.084	1.116
4.11355805397	-0.084	-0.084	1.116
4.11765193939	-0.044	-0.412	2.044
4.12174201012	0.468	-0.288	1.724
4.12583994865	0.048	-0.016	-0.544
4.1299290657	0.068	-0.12	-0.54
4.1340239048	0.068	-0.12	-0.54
4.13811206818	-0.064	-0.236	1.612
4.14220690727	-0.124	-0.384	2.044
4.146296978	0.148	-0.188	1.2
4.15038704872	-0.076	0.132	-0.8
4.15447592735	-0.164	-0.24	-0.212
4.15856695175	-0.164	-0.24	-0.212
4.16266298294	0.008	-0.288	2.044
4.1667509079	-0.06	-0.3	2.044
4.17084693909	-0.12	-0.08	0.64
4.17493700981	-0.024	0.004	-0.916
4.17902994156	-0.024	0.004	-0.916
4.18312001228	-0.224	-0.224	0.224
4.18721008301	0.112	-0.36	2.044
4.19129896164	0.096	-0.304	2.044
4.19538807869	0.016	0.036	0.148
4.19947290421	0.016	0.036	0.148
4.20356011391	-0.076	0.06	-0.872
4.20764899254	0.148	-0.108	0.736
4.21174287796	-0.076	-0.336	2.044
4.21583199501	-0.004	-0.284	2.044
4.21992111206	-0.004	-0.284	2.044
4.22401499748	0.028	0.016	-0.28
4.22810292244	0.224	-0.08	-0.744
4.23219299316	-0.052	-0.208	1.24
4.23628306389	-0.076	-0.392	2.044
4.24038791656	-0.076	-0.392	2.044
4.24448204041	-0.06	-0.24	1.56
4.24857091904	0.148	0.172	-0.6
4.25266504288	0.232	-0.02	-0.46
4.25675392151	0.0	-0.036	1.716
4.260835886	0.0	-0.036	1.716
4.26491498947	-0.152	-0.28	2.044
4.26900410652	0.008	-0.292	1.052
4.27309298515	-0.004	0.088	-0.812
4.27718305588	0.0	0.004	-0.104
4.28126311302	0.0	0.004	-0.104
4.28534293175	-0.068	-0.232	2.044
4.2894320488	-0.112	-0.428	2.044
4.29352593422	-0.044	-0.032	0.528
4.29761695862	-0.06	0.168	-0.948
4.30170607567	-0.06	0.168	-0.948
4.30578994751	0.3	-0.24	0.384
4.30987095833	-0.068	-0.308	2.044
4.3139629364	-0.104	-0.236	2.044
4.3180539608	-0.044	-0.04	0.04
4.32214903831	-0.044	-0.04	0.04
4.32623791695	-0.128	-0.044	-0.86
4.33033490181	-0.224	-0.164	0.876
4.33442592621	0.004	-0.24	2.044
4.33851408958	-0.124	-0.312	1.916
4.34260988235	-0.124	-0.312	1.916
4.34669995308	0.004	0.04	-0.38
4.35078907013	-0.044	0.248	-0.7
4.35489010811	-0.128	-0.224	1.344
4.35898089409	-0.112	-0.396	2.044
4.36307096481	-0.112	-0.396	2.044
4.36716103554	0.024	-0.172	1.452
4.37125396729	0.108	0.084	-0.68
4.37534189224	-0.012	0.088	-0.4
4.37943196297	0.004	-0.336	1.876
4.38352489471	0.004	-0.336	1.876
4.38761496544	-0.08	-0.388	2.044
4.39170503616	0.084	-0.164	0.924
4.39580607414	0.028	0.032	-0.868
4.3998939991	-0.064	0.032	0.0
4.40397500992	-0.176	-0.36	2.044
4.40806508064	-0.176	-0.36	2.044
4.41216111183	-0.084	-0.388	2.044
4.41625094414	-0.044	0.024	0.392
4.42034387589	0.2	0.176	-0.888
4.42443203926	0.18	-0.148	0.464
4.42851996422	0.18	-0.148	0.464
4.43261194229	-0.044	-0.288	2.044
4.43670201302	-0.02	-0.276	2.044
4.44079208374	-0.128	0.036	-0.076
4.44488096237	0.092	0.088	-0.852
4.44896888733	0.092	0.088	-0.852
4.45306301117	-0.028	-0.156	0.992
4.4571518898	-0.072	-0.308	2.044
4.46124792099	-0.112	-0.176	1.792
4.46533799171	0.108	0.22	-0.456
4.46943688393	0.108	0.22	-0.456
4.47353100777	-0.008	0.192	-0.628
4.47762107849	0.084	-0.1	1.488
4.48171496391	-0.232	-0.356	2.044
4.48580503464	0.068	-0.048	1.296
4.48989391327	0.068	-0.048	1.296
4.49398708344	-0.052	0.184	-0.748
4.49808096886	-0.096	0.132	-0.324
4.50217199326	-0.008	-0.188	1.96
4.50626111031	-0.076	-0.332	2.044
4.51035094261	-0.076	-0.332	2.044
4.51444005966	0.016	-0.056	0.788
4.51852798462	0.028	0.236	-0.908
4.52261590958	0.04	-0.012	0.124
4.52670502663	-0.036	-0.444	2.044
4.53080010414	-0.036	-0.444	2.044
4.53488993645	0.012	-0.324	2.044
4.5389790535	-0.08	0.012	0.256
4.54307198524	0.148	-0.252	-0.868
4.54716205597	0.052	-0.032	0.616
4.55124998093	0.052	-0.032	0.616
4.55533695221	0.096	-0.424	2.044
4.55942893028	-0.496	-0.044	2.044
4.56352496147	-0.072	0.076	-0.192
4.56761288643	0.076	0.06	-0.82
4.57170796394	0.076	0.06	-0.82
4.57579398155	0.032	-0.288	1.124
4.5798830986	-0.108	-0.352	2.044
4.58398795128	0.008	-0.196	1.696
4.58811497688	-0.048	0.228	-0.568
4.59220790863	-0.048	0.228	-0.568
4.59629797935	0.248	-0.096	-0.536
4.60039401054	0.016	-0.168	1.62
4.60448288918	-0.016	-0.288	2.044
4.60857200623	0.052	-0.136	1.176
4.61266708374	0.052	-0.136	1.176
4.6167550087	-0.04	0.204	-0.78
4.62084698677	0.048	-0.204	-0.172
4.62493896484	0.036	-0.316	2.044
4.6290268898	-0.088	-0.288	2.044
4.63311696053	-0.088	-0.288	2.044
4.63720703125	0.232	-0.048	0.652
4.64130091667	0.012	0.068	-0.896
4.64539003372	0.044	-0.148	0.236
4.64947795868	-0.028	-0.36	2.044
4.65357208252	-0.064	-0.3	2.044
4.65766191483	-0.064	-0.3	2.044
4.66175603867	-0.088	0.032	0.14
4.6658449173	-0.272	0.092	-0.932
4.66993403435	-0.052	-0.196	0.74
4.67402696609	-0.08	-0.384	2.044
4.67811703682	-0.08	-0.384	2.044
4.68220710754	0.008	-0.352	2.036
4.68630003929	-0.156	-0.032	-0.28
4.69039607048	0.112	0.2	-0.756
4.69448494911	-0.056	-0.12	1.236
4.69858407974	-0.056	-0.12	1.236
4.70268011093	-0.012	-0.376	2.044
4.70676994324	0.588	-0.196	1.596
4.71086406708	0.076	0.044	-0.632
4.71495199203	0.144	-0.184	-0.452
4.71904110909	0.144	-0.184	-0.452
4.72313690186	0.108	-0.384	1.744
4.72722697258	-0.1	-0.432	2.044
4.73132205009	0.132	-0.144	1.048
4.73541092873	0.024	0.176	-0.84
4.73949790001	0.024	0.176	-0.84
4.74359107018	-0.116	-0.084	-0.12
4.74768304825	-0.036	-0.328	2.044
4.75177598	-0.048	-0.276	2.044
4.75586509705	-0.052	-0.04	0.504
4.75995397568	-0.052	-0.04	0.504
4.7640440464	0.14	0.056	-0.904
4.76813101768	-0.152	-0.204	0.376
4.77222490311	-0.032	-0.36	2.044
4.77631497383	0.24	-0.276	2.044
4.78041100502	0.24	-0.276	2.044
4.7844979763	0.072	0.076	0.008
4.78858399391	0.128	-0.036	-0.832
4.79267311096	0.036	-0.224	0.88
4.79676008224	-0.112	-0.324	2.044
4.80085492134	-0.112	-0.324	2.044
4.80494594574	0.008	-0.236	1.924
4.80903410912	0.04	0.104	-0.38
4.81314110756	-0.036	0.072	-0.684
4.81723093987	-0.048	-0.212	1.396
4.82132697105	-0.048	-0.212	1.396
4.82541704178	0.032	-0.324	2.044
4.82950496674	-0.02	-0.252	1.412
4.83360099792	0.14	0.124	-0.672
4.83768892288	-0.02	0.052	-0.388
4.84177994728	-0.02	0.052	-0.388
4.84586906433	-0.028	0.04	1.848
4.84995698929	-0.072	-0.3	2.044
4.85404992104	0.08	-0.464	0.92
4.85813903809	0.072	0.224	-0.844
4.86223292351	0.072	0.224	-0.844
4.86632108688	-0.06	0.048	0.008
4.87040901184	-0.096	-0.176	2.044
4.87449789047	0.016	-0.2	2.044
4.87858891487	0.1	0.044	0.412
4.88268208504	-0.044	0.272	-0.956
4.88677191734	-0.044	0.272	-0.956
4.89086699486	0.14	-0.216	0.492
4.89495611191	-0.124	-0.372	2.044
4.89904499054	0.016	-0.328	2.044
4.90314006805	-0.128	0.048	-0.108
4.90722990036	-0.128	0.048	-0.108
4.91132688522	-0.036	-0.152	-0.804
4.91541695595	-0.188	-0.076	1.004
4.919506073	0.004	-0.28	2.044
4.92359995842	0.092	-0.256	1.784
4.92770695686	0.092	-0.256	1.784
4.93180203438	-0.016	0.04	-0.496
4.9358921051	-0.028	0.2	-0.604
4.93998599052	-0.152	-0.152	1.484
4.94408202171	-0.108	-0.416	2.044
4.94817304611	-0.108	-0.416	2.044
4.95226287842	-0.024	-0.1	1.308
4.95635294914	-0.004	0.16	-0.756
4.96044301987	0.268	-0.108	-0.28
4.9645318985	0.048	-0.32	2.016
4.9686191082	0.048	-0.32	2.016
4.9727139473	-0.028	-0.34	2.044
4.97680306435	-0.024	-0.08	0.748
4.98089909554	0.048	0.14	-0.904
4.98498702049	0.204	-0.132	0.136
4.98907494545	0.204	-0.132	0.136
4.9931640625	-0.16	-0.424	2.044
4.99725294113	-0.24	-0.348	2.044
