Timestamp 	 X-Axis 	 Y-Axis 	 Z-Axis
0.000312089920044	0.044	-0.34	2.044
0.00403308868408	0.052	-0.3	2.044
0.00752401351929	-0.044	0.096	-0.192
0.0110120773315	-0.044	0.096	-0.192
0.014496088028	-0.088	0.088	-0.808
0.0179979801178	0.096	-0.364	1.132
0.0214819908142	0.096	-0.364	1.132
0.0249631404877	0.052	-0.352	2.044
0.0284440517426	-0.084	-0.16	1.668
0.0319399833679	-0.052	0.12	-0.56
0.03542304039	-0.052	0.12	-0.56
0.0389039516449	0.1	0.268	-0.568
0.042387008667	-0.236	-0.248	1.608
0.0458691120148	-0.236	-0.248	1.608
0.0493700504303	-0.028	-0.384	2.044
0.0528540611267	-0.212	-0.044	1.128
0.0563361644745	-0.212	-0.044	1.128
0.059828042984	0.056	0.156	-0.804
0.0633211135864	-0.136	-0.092	-0.2
0.0668051242828	-0.136	-0.092	-0.2
0.0702860355377	-0.108	-0.316	2.044
0.0738370418549	-0.044	-0.424	2.044
0.0773210525513	-0.044	-0.424	2.044
0.080803155899	-0.304	0.024	0.616
0.0842850208282	-0.296	0.3	-0.972
0.0877680778503	-0.296	0.3	-0.972
0.0912599563599	0.052	-0.004	0.22
0.0947740077972	-0.084	-0.536	2.044
0.0982739925385	-0.032	-0.192	2.044
0.101761102676	-0.032	-0.192	2.044
0.105247974396	0.12	0.036	0.132
0.108726978302	-0.008	0.376	-0.904
0.11220908165	-0.008	0.376	-0.904
0.115690946579	-0.256	-0.284	0.736
0.119172096252	-0.024	-0.388	2.044
0.122679948807	-0.024	-0.388	2.044
0.126160144806	0.068	-0.048	2.02
0.129632949829	-0.172	0.016	-0.32
0.133111953735	-0.172	0.016	-0.32
0.136597156525	0.0	-0.024	-0.74
0.140072107315	0.028	-0.264	1.268
0.14355301857	0.028	-0.264	1.268
0.147034168243	-0.144	-0.412	2.044
0.150514125824	-0.088	-0.224	1.556
0.154011964798	-0.088	-0.224	1.556
0.157508134842	-0.028	0.216	-0.668
0.160989999771	0.02	-0.096	-0.452
0.164491176605	-0.108	-0.308	1.776
0.167973995209	-0.108	-0.308	1.776
0.171462059021	0.032	-0.34	2.044
0.174942970276	-0.024	-0.196	1.0
0.178421974182	-0.024	-0.196	1.0
0.181907176971	0.08	0.132	-0.836
0.185387134552	0.028	-0.048	-0.06
0.188868999481	0.028	-0.048	-0.06
0.192351102829	0.152	-0.452	2.044
0.195842027664	-0.124	-0.348	2.044
0.199337005615	-0.124	-0.348	2.044
0.202826976776	-0.352	0.056	0.456
0.206319093704	0.04	0.16	-0.92
0.209817171097	0.04	0.16	-0.92
0.213307142258	0.156	-0.148	0.396
0.216787099838	0.016	-0.264	2.044
0.220268011093	0.016	-0.264	2.044
0.223749160767	-0.244	-0.168	2.044
0.227231025696	0.236	-0.08	0.04
0.230710983276	0.232	0.332	-0.888
0.234194040298	0.232	0.332	-0.888
0.237674951553	0.22	-0.084	0.908
0.241155147552	0.036	-0.272	2.044
0.244642019272	0.036	-0.272	2.044
0.248121976852	-0.036	-0.352	1.9
0.251610994339	-0.016	0.072	-0.404
0.25510597229	-0.016	0.072	-0.404
0.258588075638	0.088	0.184	-0.68
0.262073993683	0.212	-0.268	1.368
0.265557050705	0.212	-0.268	1.368
0.26903796196	-0.064	-0.468	2.044
0.272521018982	0.1	-0.364	1.404
0.276002168655	0.1	-0.364	1.404
0.279497146606	0.0	0.112	-0.712
0.282977104187	0.172	0.052	-0.352
0.286456108093	0.172	0.052	-0.352
0.289944171906	-0.004	-0.256	1.864
0.293444156647	-0.252	-0.06	2.044
0.296926021576	0.048	-0.412	0.92
0.300405979156	0.048	-0.412	0.92
0.303893089294	0.14	-0.172	-0.868
0.307374954224	0.084	-0.044	0.008
0.310867071152	0.084	-0.044	0.008
0.314350128174	0.004	-0.332	2.044
0.317841053009	-0.056	-0.332	2.044
0.321329116821	-0.056	-0.332	2.044
0.324804067612	0.12	0.032	0.388
0.328274011612	-0.028	0.164	-0.92
0.331753969193	-0.028	0.164	-0.92
0.335253953934	0.196	-0.324	0.504
0.338735103607	-0.18	-0.416	2.044
0.342223167419	-0.18	-0.416	2.044
0.345697164536	-0.104	-0.452	2.044
0.349171161652	0.328	-0.06	-0.08
0.352648019791	0.328	-0.06	-0.08
0.356132030487	0.016	0.08	-0.828
0.359611988068	-0.156	-0.136	1.016
0.36310005188	-0.116	-0.304	2.044
0.366582155228	-0.116	-0.304	2.044
0.370064973831	-0.132	-0.228	1.772
0.373561143875	-0.228	0.04	-0.508
0.377043008804	-0.228	0.04	-0.508
0.380525112152	-0.24	0.084	-0.616
0.384014129639	0.008	-0.18	1.516
0.387494087219	0.008	-0.18	1.516
0.39098405838	-0.164	-0.416	2.044
0.394469976425	0.136	-0.14	1.276
0.397950172424	0.136	-0.14	1.276
0.401436090469	-0.02	0.124	-0.74
0.404917955399	-0.224	0.056	-0.292
0.408399105072	-0.224	0.056	-0.292
0.411888122559	0.004	-0.336	2.016
0.415380001068	-0.104	-0.36	2.044
0.418861150742	-0.104	-0.36	2.044
0.422348022461	0.108	-0.208	0.748
0.425848007202	-0.208	0.152	-0.924
0.42933011055	0.18	0.084	0.16
0.43281006813	0.18	0.084	0.16
0.436288118362	0.084	-0.456	2.044
0.439768075943	-0.06	-0.256	2.044
0.443259000778	-0.06	-0.256	2.044
0.446741104126	-0.008	0.056	0.26
0.450222015381	0.244	0.036	-0.904
0.453706979752	0.244	0.036	-0.904
0.457187175751	-0.448	0.084	0.604
0.460668087006	-0.256	-0.428	2.044
0.464156150818	-0.256	-0.428	2.044
0.467638015747	-0.04	-0.364	2.044
0.471119165421	-0.112	-0.048	-0.208
0.474607944489	-0.112	-0.048	-0.208
0.478090047836	-0.164	0.288	-0.8
0.481582164764	-0.032	0.0	1.156
0.485054969788	-0.032	0.0	1.156
0.48853802681	0.032	-0.252	2.044
0.492025136948	0.12	-0.124	1.656
0.495507955551	-0.092	0.064	-0.576
0.498989105225	-0.092	0.064	-0.576
0.502477169037	-0.012	0.156	-0.532
0.505969047546	0.084	-0.276	1.652
0.509448051453	0.084	-0.276	1.652
0.5129301548	0.072	-0.484	2.044
0.516410112381	0.292	-0.084	1.164
0.519894123077	0.292	-0.084	1.164
0.523380994797	0.092	0.164	-0.788
0.526854038239	0.212	0.168	-0.18
0.530326128006	0.212	0.168	-0.18
0.533900022507	0.104	-0.32	2.044
0.537382125854	-0.072	-0.36	2.044
0.540863037109	-0.072	-0.36	2.044
0.544351100922	-0.108	0.02	0.612
0.547830104828	0.116	0.14	-0.916
0.551314115524	0.116	0.14	-0.916
0.554794073105	0.108	-0.104	0.272
0.558272123337	0.008	-0.12	2.044
0.561757087708	-0.184	-0.212	2.044
0.565237998962	-0.184	-0.212	2.044
0.568717956543	-0.252	0.092	0.104
0.572201967239	0.212	0.084	-0.868
0.575680971146	0.212	0.084	-0.868
0.579159021378	0.08	-0.128	0.764
0.5826420784	0.004	-0.34	2.044
0.586132049561	0.004	-0.34	2.044
0.589614152908	0.116	-0.296	2.0
0.593091011047	-0.024	0.156	-0.316
0.596570968628	-0.024	0.156	-0.316
0.600049972534	-0.168	0.02	-0.756
0.603533029556	0.068	-0.344	1.28
0.60701417923	0.068	-0.344	1.28
0.61049413681	-0.112	-0.396	2.044
0.613979101181	-0.112	-0.128	1.504
0.617458105087	-0.112	-0.128	1.504
0.620947122574	0.0	0.112	-0.644
0.624442100525	0.092	0.132	-0.452
0.627917051315	-0.188	-0.236	1.756
0.631404161453	-0.188	-0.236	1.756
0.634881019592	-0.084	-0.236	2.044
0.638355016708	-0.112	0.02	0.972
0.641847133636	-0.112	0.02	0.972
0.645320177078	0.02	0.116	-0.848
0.648794174194	-0.116	-0.064	-0.072
0.652274131775	-0.116	-0.064	-0.072
0.65576004982	-0.128	-0.328	2.044
0.659242153168	0.04	-0.408	2.044
0.662724971771	0.04	-0.408	2.044
0.666208028793	-0.264	0.056	0.48
0.669689178467	-0.24	0.076	-0.948
0.67317199707	-0.24	0.076	-0.948
0.676654100418	0.112	0.04	0.344
0.680133104324	-0.036	-0.348	2.044
0.68363404274	-0.036	-0.348	2.044
0.687117099762	-0.028	-0.132	2.044
0.690598964691	0.02	0.024	-0.012
0.694085121155	-0.072	0.28	-0.888
0.697571992874	-0.072	0.28	-0.888
0.701054096222	-0.204	-0.38	0.9
0.704552173615	-0.024	-0.376	2.044
0.708034992218	-0.024	-0.376	2.044
0.711531162262	-0.12	0.024	1.88
0.715013980865	-0.052	0.096	-0.436
0.718495130539	-0.052	0.096	-0.436
0.72199511528	-0.04	-0.092	-0.676
0.725470066071	-0.064	-0.248	1.404
0.728945016861	-0.064	-0.248	1.404
0.732424020767	-0.116	-0.412	2.044
0.735908031464	-0.144	-0.22	1.412
0.73939204216	-0.144	-0.22	1.412
0.742879152298	-0.016	0.232	-0.716
0.746361970901	0.164	-0.216	-0.336
0.749858140945	0.164	-0.216	-0.336
0.753340959549	-0.148	-0.336	1.908
0.756824016571	0.016	-0.28	2.044
0.760305166245	-0.192	-0.108	0.84
0.763859987259	-0.192	-0.108	0.84
0.76734495163	0.052	0.128	-0.888
0.770827054977	0.04	-0.176	0.064
0.774314165115	0.04	-0.176	0.064
0.777812957764	0.136	-0.564	2.044
0.781310081482	0.092	-0.364	2.044
0.784790039062	0.092	-0.364	2.044
0.78827214241	-0.204	0.064	0.304
0.791754007339	0.108	0.1	-0.888
0.795235157013	0.108	0.1	-0.888
0.798715114594	0.148	-0.172	0.54
0.802203178406	0.064	-0.328	2.044
0.805688142776	0.064	-0.328	2.044
0.809169054031	-0.288	-0.188	2.044
0.812657117844	0.232	-0.12	-0.1
0.816143035889	0.232	-0.12	-0.1
0.819625139236	0.316	0.12	-0.812
0.823112010956	0.364	-0.136	1.072
0.826595067978	-0.048	-0.24	2.044
0.830075979233	-0.048	-0.24	2.044
0.833559036255	-0.128	-0.256	1.752
0.837041139603	0.004	0.076	-0.504
0.840522050858	0.004	0.076	-0.504
0.844009160995	0.084	-0.068	-0.58
0.84749007225	0.184	-0.4	1.536
0.850970983505	0.184	-0.4	1.536
0.854453086853	-0.036	-0.504	2.044
0.857958078384	0.272	-0.356	1.248
0.861446142197	0.272	-0.356	1.248
0.864926099777	0.004	0.068	-0.772
0.868406057358	0.224	0.052	-0.252
0.87189912796	0.224	0.052	-0.252
0.875380039215	0.016	-0.284	1.988
0.878870010376	-0.276	-0.056	2.044
0.882359981537	-0.276	-0.056	2.044
0.885842084885	-0.084	-0.316	0.748
0.889323949814	0.14	-0.24	-0.9
0.892812013626	0.028	-0.012	0.148
0.8962931633	0.028	-0.012	0.148
0.89977312088	-0.016	-0.368	2.044
0.903260946274	0.008	-0.276	2.044
0.906742095947	0.008	-0.276	2.044
0.910223007202	0.212	-0.088	0.232
0.913707017899	0.012	-0.004	-0.896
0.917189121246	0.012	-0.004	-0.896
0.920669078827	-0.308	-0.288	0.644
0.924154996872	-0.188	-0.44	2.044
0.927628993988	-0.188	-0.44	2.044
0.931102991104	-0.016	-0.516	2.044
0.934592962265	0.344	-0.008	-0.228
0.938088178635	0.344	-0.008	-0.228
0.941591978073	-0.048	0.112	-0.78
0.945075035095	-0.148	-0.196	1.156
0.948557138443	-0.148	-0.196	1.156
0.952039957047	-0.112	-0.32	2.044
0.955523014069	-0.128	-0.132	1.632
0.959004163742	-0.256	0.072	-0.6
0.962491035461	-0.256	0.072	-0.6
0.965975046158	-0.136	0.12	-0.532
0.969455957413	-0.08	-0.192	1.672
0.972944974899	-0.08	-0.192	1.672
0.976436138153	-0.028	-0.404	2.044
0.979918003082	0.104	-0.196	1.112
0.983402013779	0.104	-0.196	1.112
0.986884117126	0.0	0.124	-0.796
0.990355968475	0.008	0.244	-0.168
0.993921041489	0.008	0.244	-0.168
0.997403144836	-0.012	-0.34	2.044
1.00088500977	-0.044	-0.324	2.044
1.00436902046	-0.044	-0.324	2.044
1.00785017014	0.236	-0.12	0.604
1.01133704185	-0.216	0.056	-0.912
1.01481795311	-0.216	0.056	-0.912
1.01830101013	0.016	-0.024	0.304
1.02179002762	-0.076	-0.456	2.044
1.02527308464	0.068	-0.288	2.044
1.02875304222	0.068	-0.288	2.044
1.0322329998	0.036	0.1	0.112
1.03571200371	0.348	0.04	-0.872
1.03919100761	0.348	0.04	-0.872
1.04267716408	-0.216	0.084	0.776
1.04615712166	-0.204	-0.476	2.044
1.04963803291	-0.204	-0.476	2.044
1.05312609673	-0.192	-0.404	1.98
1.05660700798	-0.16	0.092	-0.352
1.06008815765	-0.16	0.092	-0.352
1.06358098984	-0.176	0.3	-0.724
1.06706404686	0.224	0.08	1.288
1.07054209709	0.224	0.08	1.288
1.07405400276	0.032	-0.332	2.044
1.07753515244	-0.016	-0.148	1.496
1.08102798462	-0.016	-0.148	1.496
1.08451914787	-0.06	0.068	-0.656
1.08800411224	0.02	0.076	-0.416
1.0914940834	0.076	-0.312	1.816
1.09497499466	0.076	-0.312	1.816
1.09845709801	-0.056	-0.576	2.044
1.10193896294	0.228	-0.08	1.008
1.10541915894	0.228	-0.08	1.008
1.10889911652	0.2	0.184	-0.852
1.11238002777	0.168	0.016	-0.036
1.11586117744	0.168	0.016	-0.036
1.1193549633	0.124	-0.256	2.044
1.12284207344	-0.096	-0.32	2.044
1.12631607056	-0.096	-0.32	2.044
1.12979316711	-0.008	0.048	0.452
1.13327097893	0.012	0.2	-0.928
1.13675498962	0.012	0.2	-0.928
1.1402361393	0.088	-0.132	0.396
1.14371705055	-0.032	-0.188	2.044
1.14720010757	-0.032	-0.188	2.044
1.15068006516	-0.164	-0.308	2.044
1.15416312218	-0.192	0.124	-0.032
1.15764403343	0.176	0.064	-0.84
1.16112399101	0.176	0.064	-0.84
1.16461110115	0.06	-0.168	0.936
1.16809105873	-0.036	-0.408	2.044
1.17160105705	-0.036	-0.408	2.044
1.17508196831	0.176	-0.336	1.88
1.17856502533	-0.116	0.136	-0.444
1.18205714226	-0.116	0.136	-0.444
1.18553900719	-0.408	-0.092	-0.684
1.18902111053	0.0	-0.308	1.436
1.19249510765	0.0	-0.308	1.436
1.19596910477	-0.064	-0.424	2.044
1.19945311546	0.112	-0.104	1.352
1.20295214653	0.112	-0.104	1.352
1.20643210411	0.052	0.124	-0.708
1.20993113518	0.128	0.048	-0.364
1.2134180069	0.128	0.048	-0.364
1.21689915657	-0.308	-0.264	1.896
1.22038006783	-0.148	-0.204	2.044
1.22386908531	0.08	0.136	0.836
1.22734808922	0.08	0.136	0.836
1.23082494736	-0.076	0.052	-0.896
1.23430800438	-0.14	0.016	0.076
1.2378180027	-0.14	0.016	0.076
1.24130511284	-0.12	-0.272	2.044
1.24478816986	0.02	-0.452	2.044
1.24826812744	0.02	-0.452	2.044
1.25175499916	-0.188	0.136	0.316
1.25523495674	-0.556	0.136	-0.976
1.25871801376	-0.556	0.136	-0.976
1.26220011711	-0.16	-0.16	0.532
1.26568102837	-0.008	-0.284	2.044
1.2691719532	-0.008	-0.284	2.044
1.27265405655	0.048	-0.168	2.044
1.2761349678	-0.12	0.048	-0.144
1.27961611748	-0.12	0.048	-0.144
1.2831029892	-0.124	-0.18	-0.82
1.28658413887	0.28	-0.32	1.108
1.29007911682	-0.036	-0.472	2.044
1.29356598854	-0.036	-0.472	2.044
1.29704594612	0.464	-0.204	1.776
1.30105614662	-0.18	0.08	-0.536
1.3045539856	-0.18	0.08	-0.536
1.30804014206	0.1	-0.072	-0.556
1.31152200699	0.064	-0.252	1.572
1.31500315666	0.064	-0.252	1.572
1.31848216057	-0.232	-0.384	2.044
1.32196712494	-0.064	-0.228	1.248
1.32544517517	-0.064	-0.228	1.248
1.32891917229	0.108	0.24	-0.764
1.3323969841	0.232	-0.172	-0.22
1.3358809948	-0.036	-0.2	2.04
1.33936309814	-0.036	-0.2	2.04
1.34284996986	-0.064	-0.328	2.044
1.34632897377	-0.268	0.056	0.66
1.34980106354	-0.268	0.056	0.66
1.35327911377	0.008	0.136	-0.9
1.3567609787	0.02	-0.208	0.196
1.3602411747	0.02	-0.208	0.196
1.36372804642	0.12	-0.552	2.044
1.36722111702	0.124	-0.4	2.044
1.37070298195	0.124	-0.4	2.044
1.37418913841	-0.212	0.168	0.148
1.37766814232	0.212	0.12	-0.868
1.3811480999	0.212	0.12	-0.868
1.38463711739	0.164	-0.188	0.692
1.38811707497	0.072	-0.324	2.044
1.39159917831	0.072	-0.324	2.044
1.39508008957	-0.14	-0.22	2.044
1.39856600761	0.076	-0.132	-0.228
1.40206813812	0.408	-0.144	-0.76
1.40555000305	0.408	-0.144	-0.76
1.40903115273	0.336	-0.108	1.204
1.41251802444	-0.064	-0.316	2.044
1.41601896286	-0.064	-0.316	2.044
1.41950106621	-0.088	-0.132	1.6
1.42298913002	0.004	0.076	-0.596
1.42647099495	0.004	0.076	-0.596
1.42994904518	0.168	-0.068	-0.492
1.43342995644	-0.364	-0.292	1.692
1.43691301346	-0.364	-0.292	1.692
1.44039297104	-0.152	-0.332	2.044
1.44388103485	-0.132	-0.1	1.072
1.44736194611	-0.132	-0.1	1.072
1.45086312294	0.016	0.124	-0.836
1.4543530941	0.112	-0.072	-0.132
1.45783305168	0.112	-0.072	-0.132
1.46132111549	-0.008	-0.328	2.044
1.464812994	-0.164	-0.052	2.044
1.46829509735	-0.18	-0.124	0.556
1.47177815437	-0.18	-0.124	0.556
1.47525906563	-0.236	-0.216	-0.932
1.47874116898	-0.316	-0.072	0.248
1.48224115372	-0.316	-0.072	0.248
1.48572206497	-0.172	-0.368	2.044
1.48920297623	0.064	-0.2	2.044
1.49268913269	0.064	-0.2	2.044
1.49616909027	0.092	-0.204	0.08
1.49964904785	0.028	-0.084	-0.86
1.50313615799	0.028	-0.084	-0.86
1.50662112236	-0.556	-0.088	0.804
1.51010107994	-0.34	-0.368	2.044
1.51358294487	-0.34	-0.368	2.044
1.51706504822	-0.1	-0.232	1.964
1.52054595947	0.176	-0.076	-0.352
1.52402997017	0.176	-0.076	-0.352
1.52751612663	-0.14	0.16	-0.712
1.53099012375	-0.128	-0.28	1.32
1.53447794914	-0.14	-0.388	2.044
1.5379781723	-0.14	-0.388	2.044
1.54146504402	-0.072	-0.02	1.472
1.54494714737	-0.128	0.168	-0.676
1.5484290123	-0.128	0.168	-0.676
1.55191111565	0.048	0.396	-0.416
1.5553920269	-0.136	-0.18	1.828
1.55887198448	-0.136	-0.18	1.828
1.56237506866	-0.188	-0.404	2.044
1.56585597992	-0.028	-0.168	0.932
1.56933712959	-0.028	-0.168	0.932
1.57282400131	0.04	0.148	-0.848
1.57630515099	-0.016	0.344	-0.032
1.57978701591	-0.016	0.344	-0.032
1.58327412605	0.024	-0.02	2.044
1.58675503731	0.048	-0.292	2.044
1.59023594856	0.048	-0.292	2.044
1.59371709824	0.172	-0.232	0.428
1.59719800949	-0.2	0.152	-0.92
1.60067915916	0.036	-0.052	0.452
1.60415911674	0.036	-0.052	0.452
1.60763812065	0.016	-0.396	2.044
1.61113095284	0.02	-0.256	2.044
1.61463212967	0.02	-0.256	2.044
1.6181230545	-0.052	0.132	-0.04
1.62161016464	0.492	0.188	-0.828
1.62508916855	0.492	0.188	-0.828
1.6285700798	0.14	-0.196	0.972
1.63205099106	-0.084	-0.276	2.044
1.63553404808	-0.084	-0.276	2.044
1.63901615143	-0.236	-0.26	1.804
1.64250516891	-0.072	0.12	-0.448
1.64598703384	-0.072	0.12	-0.448
1.64946699142	0.048	0.464	-0.652
1.65295314789	-0.06	-0.108	1.4
1.65643501282	-0.06	-0.108	1.4
1.65992617607	0.092	-0.372	2.044
1.66342711449	-0.348	-0.096	1.292
1.66691017151	0.008	0.12	-0.752
1.67039299011	0.008	0.12	-0.752
1.67387914658	0.076	0.068	-0.316
1.67736005783	0.048	-0.292	1.936
1.68084001541	0.048	-0.292	1.936
1.68432712555	-0.024	-0.572	2.044
1.68781495094	0.132	-0.132	0.828
1.69130301476	0.132	-0.132	0.828
1.69478201866	0.188	0.208	-0.884
1.69826316833	0.388	-0.088	0.084
1.70175004005	0.388	-0.088	0.084
1.70522999763	0.128	-0.26	2.044
1.70871114731	-0.008	-0.252	2.044
1.71219396591	-0.008	-0.252	2.044
1.71567606926	0.1	0.028	0.304
1.71915316582	0.032	0.292	-0.92
1.72264409065	0.032	0.292	-0.92
1.72611713409	-0.156	-0.18	0.528
1.72959017754	-0.056	-0.404	2.044
1.73306894302	-0.684	-0.14	2.044
1.73655295372	-0.684	-0.14	2.044
1.74003601074	-0.016	0.024	-0.16
1.74351811409	0.068	0.032	-0.808
1.7470099926	0.068	0.032	-0.808
1.75048899651	0.016	-0.192	1.08
1.75399398804	-0.12	-0.408	2.044
1.75748515129	-0.12	-0.408	2.044
1.76096701622	0.2	-0.34	1.72
1.76445508003	-0.056	0.108	-0.548
1.76793599129	-0.056	0.108	-0.548
1.77142500877	-0.56	-0.14	-0.6
1.77490711212	-0.252	-0.264	1.58
1.77839994431	-0.252	-0.264	1.58
1.78188800812	-0.092	-0.368	2.044
1.78536915779	0.104	-0.144	1.192
1.78885006905	0.104	-0.144	1.192
1.7923309803	0.064	0.096	-0.768
1.79581308365	-0.116	-0.188	-0.22
1.7992939949	0.272	-0.292	2.044
1.80278301239	0.272	-0.292	2.044
1.80626296997	-0.28	-0.276	2.044
1.80974411964	0.356	-0.064	0.708
1.81323099136	0.356	-0.064	0.708
1.81671094894	-0.08	0.048	-0.904
1.82019305229	-0.156	0.004	0.204
1.82367396355	-0.156	0.004	0.204
1.82715296745	-0.06	-0.244	2.044
1.83063697815	-0.076	-0.476	2.044
1.83413314819	-0.076	-0.476	2.044
1.83762717247	0.012	0.064	0.18
1.84110498428	-0.516	0.416	-0.964
1.8445930481	-0.516	0.416	-0.964
1.84807395935	-0.088	-0.14	0.712
1.85155701637	0.016	-0.308	2.044
1.85504603386	0.016	-0.308	2.044
1.85852694511	0.036	-0.244	2.044
1.86201310158	-0.06	0.104	-0.276
1.86549401283	-0.196	-0.34	-0.768
1.86897706985	-0.196	-0.34	-0.768
1.87246108055	0.592	-0.264	1.264
1.87594199181	-0.06	-0.496	2.044
1.8794400692	-0.06	-0.496	2.044
1.88293004036	0.652	-0.356	1.648
1.88641405106	-0.112	0.068	-0.624
1.88989496231	-0.112	0.068	-0.624
1.89338207245	0.152	-0.052	-0.448
1.89686512947	-0.04	-0.216	1.716
1.90034794807	-0.04	-0.216	1.716
1.90387010574	-0.244	-0.432	2.044
1.90735316277	-0.004	-0.276	1.088
1.91083407402	-0.004	-0.276	1.088
1.91431808472	0.112	0.232	-0.828
1.91779899597	0.264	-0.2	-0.096
1.92131114006	0.264	-0.2	-0.096
1.92478609085	0.108	-0.132	2.044
1.9282579422	-0.004	-0.332	2.044
1.93173694611	0.032	0.06	0.54
1.93521714211	0.032	0.06	0.54
1.9387049675	-0.06	0.216	-0.936
1.94219303131	0.32	-0.18	0.352
1.94567298889	0.32	-0.18	0.352
1.94915413857	0.124	-0.512	2.044
1.95264601707	0.02	-0.56	2.044
1.95612716675	0.02	-0.56	2.044
1.95960712433	-0.196	0.196	0.008
1.96309494972	0.068	0.156	-0.86
1.96657514572	0.068	0.156	-0.86
1.97005605698	0.128	-0.14	0.868
1.97354197502	0.012	-0.28	2.044
1.97702217102	0.012	-0.28	2.044
1.9805021286	-0.108	-0.24	1.932
1.98398995399	-0.032	-0.032	-0.372
1.98747301102	-0.032	-0.032	-0.372
1.9909529686	0.204	-0.24	-0.704
1.99445104599	0.244	-0.16	1.356
1.99793100357	-0.076	-0.524	2.044
2.00141310692	-0.076	-0.524	2.044
2.0048930645	0.072	-0.06	1.448
2.00837302208	-0.032	0.124	-0.688
2.01186299324	-0.032	0.124	-0.688
2.01534509659	0.124	-0.164	-0.392
2.01882696152	-0.232	-0.236	1.84
2.02231311798	-0.232	-0.236	1.84
2.02579498291	-0.28	-0.312	2.044
2.02927708626	-0.112	0.0	0.908
2.0327501297	-0.112	0.0	0.908
2.03622198105	-0.02	0.224	-0.868
2.03971505165	0.184	-0.14	0.0
2.04319405556	0.184	-0.14	0.0
2.04666805267	0.064	-0.332	2.044
2.05017113686	-0.076	-0.14	2.044
2.05365896225	-0.076	-0.14	2.044
2.05714011192	-0.164	-0.068	0.428
2.06062197685	-0.34	-0.14	-0.944
2.06411004066	-0.564	-0.036	0.396
2.06759214401	-0.564	-0.036	0.396
2.07107305527	-0.324	-0.544	2.044
2.07456707954	0.016	-0.232	2.044
2.07804703712	0.016	-0.232	2.044
2.08153295517	-0.012	-0.16	-0.048
2.08501505852	-0.124	-0.084	-0.844
2.0885181427	-0.124	-0.084	-0.844
2.09200906754	-0.64	-0.088	0.96
2.09549713135	-0.292	-0.196	2.044
2.09897899628	-0.292	-0.196	2.044
2.10246396065	-0.132	-0.124	1.828
2.105946064	0.132	-0.04	-0.46
2.10942816734	0.132	-0.04	-0.46
2.11291003227	-0.124	0.116	-0.624
2.11639094353	-0.072	-0.28	1.452
2.1198720932	-0.072	-0.28	1.452
2.12336111069	-0.144	-0.364	2.044
2.12683415413	-0.1	0.024	1.312
2.13030815125	-0.104	0.2	-0.752
2.13385009766	-0.104	0.2	-0.752
2.13733410835	-0.028	0.364	-0.316
2.14081597328	-0.072	-0.28	1.96
2.14430308342	-0.072	-0.28	1.96
2.14779400826	-0.14	-0.376	2.044
2.15132498741	-0.04	-0.08	0.78
2.15481495857	-0.04	-0.08	0.78
2.15829706192	0.068	0.156	-0.888
2.16178297997	0.02	0.292	0.096
2.1652610302	0.02	0.292	0.096
2.16873908043	0.052	-0.004	2.044
2.17222499847	0.048	-0.332	2.044
2.17570614815	0.048	-0.332	2.044
2.1791870594	0.064	-0.288	0.28
2.18267202377	-0.148	0.14	-0.904
2.18616700172	-0.148	0.14	-0.904
2.1896481514	-0.012	-0.112	0.592
2.19313001633	-0.02	-0.372	2.044
2.19661211967	0.008	-0.196	2.044
2.20009112358	0.008	-0.196	2.044
2.20357704163	0.028	0.168	-0.168
2.20705699921	0.404	0.256	-0.768
2.21054196358	0.404	0.256	-0.768
2.21402812004	0.2	-0.212	1.148
2.21750807762	-0.028	-0.264	2.044
2.22098994255	-0.028	-0.264	2.044
2.22447705269	-0.18	-0.244	1.684
2.22795796394	-0.052	0.116	-0.556
2.23144507408	-0.052	0.116	-0.556
2.2349281311	-0.016	0.396	-0.56
2.23840808868	-0.092	0.016	1.548
2.24189400673	-0.092	0.016	1.548
2.24541306496	0.092	-0.328	2.044
2.2488951683	-0.1	-0.168	1.156
2.25238394737	-0.1	-0.168	1.156
2.25586509705	-0.044	0.12	-0.796
2.25934696198	0.048	0.076	-0.2
2.26283597946	0.084	-0.368	2.044
2.26632809639	0.084	-0.368	2.044
2.26980805397	-0.144	-0.536	2.044
2.27329015732	0.224	-0.056	0.672
2.2767701149	0.224	-0.056	0.672
2.2802491188	0.116	0.156	-0.94
2.28373599052	0.532	-0.06	0.228
2.28721499443	0.532	-0.06	0.228
2.2906961441	0.024	-0.26	2.044
2.29417610168	-0.008	-0.176	2.044
2.29765701294	-0.008	-0.176	2.044
2.30114006996	0.068	0.02	0.14
2.30462217331	0.06	0.304	-0.888
2.30810308456	0.06	0.304	-0.888
2.31158304214	0.072	-0.048	0.688
2.3150639534	-0.068	-0.272	2.044
2.31854701042	-0.068	-0.272	2.044
2.32204294205	-0.408	-0.28	2.024
2.32551813126	-0.088	0.096	-0.3
2.3289899826	0.0	0.084	-0.748
2.33246016502	0.0	0.084	-0.748
2.33593511581	-0.012	-0.228	1.224
2.33941698074	-0.136	-0.46	2.044
2.34292411804	-0.136	-0.46	2.044
2.34639906883	0.18	-0.256	1.58
2.3498711586	0.124	0.056	-0.64
2.35334706306	0.124	0.056	-0.64
2.35683012009	-0.372	-0.132	-0.496
2.36031198502	-0.3	-0.356	1.732
2.36382913589	-0.3	-0.356	1.732
2.36731100082	-0.132	-0.296	2.044
2.37084197998	-0.016	-0.144	1.024
2.37433314323	-0.016	-0.144	1.024
2.37781405449	0.052	0.132	-0.824
2.38130116463	-0.124	-0.184	-0.104
2.38478302956	-0.124	-0.184	-0.104
2.38826608658	0.244	-0.468	2.044
2.39176011086	-0.244	-0.352	2.044
2.39524316788	0.252	-0.044	0.54
2.39872217178	0.252	-0.044	0.54
2.40221905708	0.02	0.088	-0.916
2.40569901466	-0.152	-0.056	0.36
2.40918111801	-0.152	-0.056	0.36
2.4126701355	-0.044	-0.324	2.044
2.41615200043	-0.084	-0.432	2.044
2.41963195801	-0.084	-0.432	2.044
2.42311906815	-0.052	0.044	0.024
2.42660403252	-0.396	0.296	-0.924
2.43008494377	-0.396	0.296	-0.924
2.43356609344	-0.256	-0.22	0.86
2.43704795837	0.012	-0.288	2.044
2.44053697586	0.012	-0.288	2.044
2.444024086	0.04	-0.26	1.892
2.4475171566	-0.04	0.112	-0.384
2.45099902153	-0.04	0.112	-0.384
2.45448613167	0.036	-0.22	-0.692
2.45796704292	0.168	-0.42	1.4
2.46145415306	-0.032	-0.512	2.044
2.46493506432	-0.032	-0.512	2.044
2.46841597557	0.548	-0.32	1.484
2.47189712524	-0.096	0.044	-0.7
2.47537899017	-0.096	0.044	-0.7
2.4788620472	0.048	-0.02	-0.356
2.48235106468	-0.068	-0.188	1.86
2.48583197594	-0.068	-0.188	1.86
2.48931407928	-0.208	-0.424	2.044
2.4928021431	0.052	-0.288	0.944
2.49628210068	0.052	-0.288	0.944
2.4997651577	0.044	0.18	-0.892
2.50325012207	0.2	-0.176	0.044
2.506731987	0.2	-0.176	0.044
2.51021194458	0.192	-0.208	2.044
2.51369404793	0.088	-0.368	2.044
2.51717400551	0.088	-0.368	2.044
2.52065396309	0.088	0.096	0.404
2.52413511276	0.024	0.124	-0.916
2.52760696411	0.492	-0.312	0.496
2.53107905388	0.492	-0.312	0.496
2.53456711769	0.148	-0.552	2.044
2.53808307648	-0.016	-0.64	2.044
2.54157304764	-0.016	-0.64	2.044
2.54505515099	-0.252	0.212	-0.12
2.54853701591	0.088	0.132	-0.816
2.55201816559	0.088	0.132	-0.816
2.55550003052	0.112	-0.14	1.008
2.55897808075	0.004	-0.244	2.044
2.56246614456	0.004	-0.244	2.044
2.56594610214	-0.052	-0.236	1.804
2.5694270134	-0.052	-0.024	-0.48
2.57291603088	-0.052	-0.024	-0.48
2.57639813423	0.216	-0.176	-0.644
2.57987999916	0.232	-0.184	1.5
2.58336210251	0.232	-0.184	1.5
2.58684515953	-0.06	-0.504	2.044
2.59032607079	0.16	-0.128	1.304
2.59387898445	0.004	0.136	-0.736
2.5973610878	0.004	0.136	-0.736
2.60084104538	0.224	-0.08	-0.28
2.6043241024	0.004	-0.356	1.976
2.60780501366	0.004	-0.356	1.976
2.61129212379	-0.172	-0.404	2.044
2.61477303505	-0.356	0.056	0.752
2.61825895309	-0.356	0.056	0.752
2.62174606323	0.088	0.34	-0.908
2.62522602081	0.144	-0.1	0.144
2.62870502472	0.144	-0.1	0.144
2.6321849823	0.04	-0.256	2.044
2.63567495346	-0.088	-0.136	2.044
2.63915610313	-0.088	-0.136	2.044
2.64264917374	-0.208	-0.14	0.288
2.64612913132	0.016	-0.176	-0.928
2.64961004257	0.016	-0.176	-0.928
2.65309810638	-0.44	0.052	0.548
2.65657806396	-0.26	-0.552	2.044
2.66005897522	-0.036	-0.276	2.044
2.66356015205	-0.036	-0.276	2.044
2.66704297066	-0.048	-0.088	-0.188
2.67052602768	0.004	0.012	-0.788
2.67400598526	0.004	0.012	-0.788
2.67748498917	-0.516	-0.072	1.116
2.68096613884	-0.216	-0.104	2.044
2.68445515633	-0.216	-0.104	2.044
2.68793702126	-0.264	-0.044	1.68
2.69145607948	0.096	0.016	-0.552
2.69494009018	0.096	0.016	-0.552
2.69842195511	-0.132	0.04	-0.54
2.70190906525	-0.028	-0.244	1.62
2.7053899765	-0.028	-0.244	1.62
2.70887112617	-0.108	-0.344	2.044
2.71235394478	-0.108	0.08	1.152
2.7158370018	-0.108	0.08	1.152
2.71931695938	-0.076	0.204	-0.8
2.72280597687	-0.112	0.028	-0.196
2.72627902031	-0.084	-0.36	2.044
2.72975206375	-0.084	-0.36	2.044
2.73324012756	-0.196	-0.4	2.044
2.73672413826	-0.112	-0.108	0.612
2.74020695686	-0.112	-0.108	0.612
2.74370098114	0.1	0.084	-0.904
2.74718213081	-0.136	-0.016	0.248
2.75066614151	-0.136	-0.016	0.248
2.75415802002	-0.152	-0.004	2.044
2.75764012337	-0.076	-0.148	2.044
2.7611219883	-0.076	-0.148	2.044
2.76461195946	0.256	-0.3	0.168
2.76809096336	-0.1	0.12	-0.892
2.7715780735	-0.1	0.12	-0.892
2.77505898476	0.008	-0.12	0.76
2.77854013443	-0.084	-0.38	2.044
2.78202700615	-0.084	-0.38	2.044
2.78550815582	-0.024	-0.236	1.988
2.78898906708	0.124	0.184	-0.276
2.79246902466	0.32	0.368	-0.74
2.79594898224	0.32	0.368	-0.74
2.79942798615	0.22	-0.216	1.28
2.80291795731	-0.152	-0.32	2.044
2.80640006065	-0.152	-0.32	2.044
2.80988097191	-0.196	-0.224	1.532
2.8133699894	-0.024	0.164	-0.636
2.81685113907	-0.024	0.164	-0.636
2.820333004	-0.016	0.328	-0.448
2.82388496399	-0.044	-0.004	1.716
2.82737016678	-0.044	-0.004	1.716
2.83086013794	0.032	-0.272	2.044
2.83434295654	0.032	-0.18	1.012
2.83782315254	0.032	-0.18	1.012
2.84130907059	0.024	0.148	-0.844
2.84479117393	0.096	0.108	-0.076
2.84827017784	0.096	0.108	-0.076
2.85175204277	0.132	-0.416	2.044
2.85523104668	-0.092	-0.472	2.044
2.85871696472	0.048	0.028	0.508
2.86220097542	0.048	0.028	0.508
2.86567902565	0.308	0.048	-0.924
2.86915802956	0.512	-0.024	0.356
2.87263917923	0.512	-0.024	0.356
2.87612104416	-0.164	-0.364	2.044
2.87960600853	-0.096	-0.12	2.044
2.88309407234	-0.096	-0.12	2.044
2.88657402992	-0.008	0.04	0.008
2.89005208015	0.016	0.312	-0.9
2.89353895187	0.016	0.312	-0.9
2.89701795578	-0.088	-0.116	0.824
2.90049910545	-0.044	-0.34	2.044
2.90398716927	-0.044	-0.34	2.044
2.90746903419	-0.348	-0.164	1.872
2.91095304489	-0.04	0.108	-0.404
2.91443705559	-0.04	0.108	-0.404
2.91791701317	0.032	0.008	-0.684
2.92140197754	-0.116	-0.192	1.364
2.92487716675	-0.112	-0.42	2.044
2.92835998535	-0.112	-0.42	2.044
2.93183994293	0.036	-0.22	1.42
2.93532204628	-0.048	0.14	-0.716
2.9388051033	-0.048	0.14	-0.716
2.94229102135	-0.236	-0.16	-0.368
2.94577312469	-0.34	-0.452	1.888
2.94925308228	-0.34	-0.452	1.888
2.9527349472	-0.104	-0.22	2.044
2.95621800423	-0.156	-0.176	0.86
2.95970916748	-0.156	-0.176	0.86
2.9631960392	0.028	0.128	-0.868
2.96667695045	0.072	-0.184	0.024
2.97017598152	0.072	-0.184	0.024
2.97365999222	-0.044	-0.452	2.044
2.97714114189	-0.184	-0.336	2.044
2.98062205315	-0.184	-0.336	2.044
2.98410797119	0.076	-0.028	0.368
2.98758816719	0.2	0.06	-0.884
2.991065979	-0.124	-0.076	0.488
2.99455308914	-0.124	-0.076	0.488
2.99803113937	-0.048	-0.408	2.044
3.00151205063	-0.212	-0.36	2.044
3.00499296188	-0.212	-0.36	2.044
3.00847196579	0.036	0.008	-0.092
3.01195716858	-0.252	0.34	-0.876
3.01543617249	-0.252	0.34	-0.876
3.01892209053	-0.052	-0.096	1.052
3.02240896225	0.06	-0.26	2.044
3.02589702606	0.06	-0.26	2.044
3.02937602997	0.036	-0.284	1.784
3.03285598755	-0.016	0.096	-0.496
3.03633594513	-0.016	0.096	-0.496
3.03981494904	0.056	-0.284	-0.584
3.0433011055	0.264	-0.5	1.552
3.04677510262	0.264	-0.5	1.552
3.05029296875	0.0	-0.544	2.044
3.05377101898	0.472	-0.332	1.296
3.05729317665	-0.048	0.084	-0.764
3.0607790947	-0.048	0.084	-0.764
3.06426811218	0.072	0.032	-0.252
3.06774806976	-0.004	-0.216	1.988
3.07123017311	-0.004	-0.216	1.988
3.07472610474	-0.348	-0.276	2.044
3.07820701599	0.028	-0.364	0.792
3.08169412613	0.028	-0.364	0.792
3.08517408371	0.164	-0.004	-0.876
3.08865499496	0.164	-0.144	0.196
3.0921421051	0.164	-0.144	0.196
3.09563803673	0.104	-0.284	2.044
3.09912014008	0.092	-0.324	2.044
3.10260105133	0.092	-0.324	2.044
3.10608100891	0.14	0.032	0.232
3.10956001282	-0.048	0.096	-0.892
3.11304211617	-0.048	0.096	-0.892
3.11652398109	0.428	-0.18	0.656
3.12000513077	0.212	-0.608	2.044
3.12351107597	0.1	-0.336	2.044
3.12698817253	0.1	-0.336	2.044
3.13046312332	-0.328	0.12	-0.252
3.13394808769	0.064	0.108	-0.784
3.13743305206	0.064	0.108	-0.784
3.14091396332	-0.04	-0.188	1.148
3.14440202713	0.028	-0.224	2.044
3.1478831768	0.028	-0.224	2.044
3.15137195587	0.012	-0.256	1.66
3.15485405922	-0.024	-0.016	-0.568
3.15833497047	-0.024	-0.016	-0.568
3.16182208061	0.284	-0.092	-0.528
3.16530394554	0.224	-0.228	1.656
3.16878414154	0.224	-0.228	1.656
3.17227101326	-0.12	-0.372	2.044
3.17576503754	0.172	-0.2	1.148
3.17924594879	0.172	-0.2	1.148
3.18273496628	-0.012	0.156	-0.792
3.1862180233	0.252	-0.036	-0.144
3.18970012665	-0.048	-0.5	2.044
3.19317698479	-0.048	-0.5	2.044
3.19665503502	-0.132	-0.388	2.044
3.20013594627	-0.52	0.008	0.58
3.20362401009	-0.52	0.008	0.58
3.20710206032	0.128	0.212	-0.896
3.21058511734	0.012	-0.088	0.268
3.21407103539	0.012	-0.088	0.268
3.21754908562	-0.096	-0.324	2.044
3.22104001045	-0.016	-0.148	2.044
3.22452807426	-0.016	-0.148	2.044
3.22801017761	-0.088	-0.032	0.152
3.23149800301	0.12	-0.196	-0.896
3.23498296738	0.12	-0.196	-0.896
3.23846411705	-0.424	0.052	0.7
3.24194908142	-0.216	-0.392	2.044
3.24543094635	-0.216	-0.392	2.044
3.24891209602	-0.04	-0.308	1.996
3.25239896774	-0.076	-0.056	-0.284
3.25589203835	0.044	0.324	-0.744
3.25937414169	0.044	0.324	-0.744
3.26286005974	-0.372	0.012	1.264
3.26634716988	-0.22	-0.208	2.044
3.26983213425	-0.22	-0.208	2.044
3.27331399918	-0.368	-0.04	1.516
3.27679514885	0.084	0.104	-0.64
3.28027510643	0.084	0.104	-0.64
3.2837600708	-0.08	-0.016	-0.44
3.28724098206	-0.048	-0.26	1.756
3.29072713852	-0.048	-0.26	1.756
3.29421496391	-0.172	-0.24	2.044
3.29769611359	-0.004	0.112	1.008
3.30117511749	-0.004	0.112	1.008
3.30466103554	0.052	0.148	-0.844
3.30814099312	-0.216	-0.108	-0.076
3.31164097786	-0.216	-0.108	-0.076
3.31512498856	-0.004	-0.44	2.044
3.31861495972	-0.152	-0.432	2.044
3.32210206985	-0.076	-0.024	0.5
3.32557296753	-0.076	-0.024	0.5
3.32904195786	0.08	0.068	-0.912
3.33251905441	-0.26	-0.02	0.364
3.33600497246	-0.26	-0.02	0.364
3.33948707581	-0.148	-0.1	2.044
3.34297800064	0.096	0.012	2.044
3.34645009041	0.096	0.012	2.044
3.34992003441	0.232	-0.268	0.024
3.35339808464	-0.116	0.052	-0.856
3.35688209534	-0.116	0.052	-0.856
3.36036300659	0.028	-0.14	0.924
3.36387515068	-0.1	-0.436	2.044
3.36735606194	-0.1	-0.436	2.044
3.37084007263	0.044	-0.24	1.884
3.37432694435	0.244	0.04	-0.38
3.37780594826	0.244	0.04	-0.38
3.38129210472	0.248	0.348	-0.672
3.38477110863	0.248	-0.168	1.432
3.38825297356	-0.12	-0.4	2.044
3.3917350769	-0.12	-0.4	2.044
3.39521694183	-0.088	-0.172	1.38
3.39870095253	0.008	0.184	-0.716
3.4022090435	0.008	0.184	-0.716
3.40568900108	-0.076	0.268	-0.372
3.40917110443	0.168	-0.12	1.892
3.41265702248	0.168	-0.12	1.892
3.41614699364	0.084	-0.268	2.044
3.41962814331	0.0	-0.156	0.856
3.42310714722	0.0	-0.156	0.856
3.42658114433	-0.192	0.144	-0.892
3.43006205559	0.028	0.072	0.072
3.43354010582	0.028	0.072	0.072
3.43701815605	0.12	-0.404	2.044
3.44049715996	-0.028	-0.464	2.044
3.44398498535	-0.028	-0.464	2.044
3.44746613503	-0.076	0.06	0.348
3.45095896721	0.436	-0.064	-0.884
3.45447611809	0.464	-0.236	0.524
3.45795702934	0.464	-0.236	0.524
3.46144413948	-0.224	-0.516	2.044
3.46492600441	-0.144	-0.14	2.044
3.46840810776	-0.144	-0.14	2.044
3.47188901901	-0.164	0.06	-0.136
3.47537112236	-0.024	0.228	-0.852
3.47885107994	-0.024	0.228	-0.852
3.48235106468	0.056	-0.04	1.0
3.48582816124	-0.064	-0.372	2.044
3.48930907249	-0.064	-0.372	2.044
3.49279713631	-0.316	-0.092	1.716
3.49627900124	-0.168	0.128	-0.504
3.49976110458	-0.168	0.128	-0.504
3.50324702263	0.06	0.016	-0.604
3.50673103333	-0.036	-0.252	1.516
3.51021313667	-0.036	-0.252	1.516
3.51370501518	-0.048	-0.444	2.044
3.51718711853	-0.04	-0.112	1.264
3.52066898346	-0.112	0.14	-0.776
3.52415394783	-0.112	0.14	-0.776
3.52762699127	-0.208	0.036	-0.284
3.53110194206	-0.272	-0.512	2.016
3.53459215164	-0.272	-0.512	2.016
3.53807401657	-0.088	-0.212	2.044
3.54156208038	-0.244	-0.108	0.708
3.54504394531	-0.244	-0.108	0.708
3.54852604866	0.028	0.144	-0.892
3.55200695992	0.12	-0.164	0.176
3.55548715591	0.12	-0.164	0.176
3.55896997452	-0.136	-0.52	2.044
3.5624730587	-0.196	-0.188	2.044
3.56595516205	-0.196	-0.188	2.044
3.5694360733	-0.124	0.1	0.212
3.57292294502	0.248	0.048	-0.88
3.57640314102	0.248	0.048	-0.88
3.57988214493	0.056	-0.12	0.628
3.5833671093	-0.048	-0.428	2.044
3.58684897423	-0.032	-0.308	2.044
3.5903301239	-0.032	-0.308	2.044
3.59388494492	0.084	0.032	-0.192
3.59736800194	-0.088	0.252	-0.8
3.60084915161	-0.088	0.252	-0.8
3.60433006287	-0.08	-0.064	1.172
3.60782313347	0.092	-0.288	2.044
3.61132001877	0.092	-0.288	2.044
3.61480402946	-0.104	-0.224	1.628
3.61828708649	-0.004	0.136	-0.576
3.62177395821	-0.004	0.136	-0.576
3.62525510788	0.184	-0.264	-0.5
3.62873196602	0.244	-0.468	1.688
3.63221216202	0.244	-0.468	1.688
3.6356921196	-0.008	-0.372	2.044
3.63917517662	0.076	-0.184	1.128
3.64266395569	0.076	-0.184	1.128
3.64614295959	0.1	0.108	-0.82
3.6496219635	-0.12	-0.068	-0.156
3.65311002731	-0.128	-0.224	2.044
3.65659117699	-0.128	-0.224	2.044
3.66007208824	-0.144	-0.292	2.044
3.66356015205	0.088	-0.172	0.612
3.66704511642	0.088	-0.172	0.612
3.67052507401	0.32	0.22	-0.896
3.67401313782	0.388	-0.136	0.332
3.67749714851	0.388	-0.136	0.332
3.68097615242	0.076	-0.272	2.044
3.68446397781	0.0	-0.24	2.044
3.68795204163	0.0	-0.24	2.044
3.69143295288	0.172	-0.024	0.108
3.69491696358	0.084	0.008	-0.88
3.69840407372	0.084	0.008	-0.88
3.7018930912	0.312	-0.348	0.824
3.70537304878	0.24	-0.456	2.044
3.70886397362	0.24	-0.456	2.044
3.71234607697	0.416	-0.316	2.02
3.71582603455	-0.192	0.108	-0.352
3.7193069458	0.132	-0.016	-0.692
3.7228000164	0.132	-0.016	-0.692
3.72627305984	0.128	-0.26	1.292
3.72974514961	0.028	-0.204	2.044
3.73322296143	0.028	-0.204	2.044
3.73670697212	-0.088	-0.204	1.508
3.74018907547	-0.164	0.06	-0.664
3.74370098114	-0.164	0.06	-0.664
3.74718499184	0.156	-0.136	-0.432
3.75066494942	0.108	-0.232	1.8
3.75415205956	0.108	-0.232	1.8
3.75763297081	-0.072	-0.316	2.044
3.76111316681	0.244	-0.224	0.992
3.7646009922	0.244	-0.224	0.992
3.76808094978	0.056	0.112	-0.836
3.7715690136	0.152	-0.028	-0.024
3.77505302429	0.152	-0.028	-0.024
3.77853608131	-0.236	-0.604	2.044
3.78202295303	-0.076	-0.328	2.044
3.78550505638	-0.504	0.04	0.42
3.78898596764	-0.504	0.04	0.42
3.79246616364	0.112	0.124	-0.892
3.79594612122	0.188	-0.184	0.428
3.79942512512	0.188	-0.184	0.428
3.80291295052	-0.1	-0.344	2.044
3.8064031601	-0.132	-0.148	2.044
3.80988502502	-0.132	-0.148	2.044
3.81337308884	-0.08	0.056	0.0
3.8168451786	0.08	-0.096	-0.856
3.82032608986	0.08	-0.096	-0.856
3.82388114929	-0.288	-0.064	0.884
3.82736515999	-0.096	-0.236	2.044
3.83085012436	-0.096	-0.236	2.044
3.83434605598	-0.096	-0.3	1.864
3.83782815933	-0.076	-0.024	-0.424
3.84131503105	-0.076	-0.024	-0.424
3.8447971344	-0.008	0.216	-0.64
3.84827899933	-0.052	0.112	1.424
3.85176110268	-0.184	-0.256	2.044
3.85524511337	-0.184	-0.256	2.044
3.85872817039	-0.268	-0.1	1.364
3.86221504211	0.04	0.064	-0.708
3.86569499969	0.04	0.064	-0.708
3.8691740036	-0.004	0.004	-0.34
3.87265610695	-0.064	-0.32	1.896
3.8761370182	-0.064	-0.32	1.896
3.87961697578	-0.28	-0.184	2.044
3.88311195374	0.12	0.136	0.86
3.88659095764	0.12	0.136	0.86
3.8900680542	0.1	0.18	-0.88
3.89355397224	-0.316	-0.08	0.048
3.89703512192	-0.316	-0.08	0.048
3.90051603317	-0.04	-0.368	2.044
3.90401315689	-0.164	-0.404	2.044
3.90754294395	-0.164	-0.404	2.044
3.91102600098	-0.092	0.012	0.316
3.91452217102	0.016	0.128	-0.908
3.9180021286	-0.152	-0.064	0.544
3.92148804665	-0.152	-0.064	0.544
3.92496109009	-0.112	-0.256	2.044
3.92843413353	0.208	-0.056	2.044
3.93191313744	0.208	-0.056	2.044
3.93539595604	0.32	-0.208	-0.116
3.9388821125	-0.156	0.028	-0.824
3.94236397743	-0.156	0.028	-0.824
3.94584703445	-0.108	-0.152	1.048
3.94933009148	-0.148	-0.464	2.044
3.95281195641	-0.148	-0.464	2.044
3.95629405975	0.048	-0.192	1.74
3.95977401733	0.264	-0.012	-0.488
3.96326398849	0.264	-0.012	-0.488
3.96674513817	0.22	0.26	-0.6
3.97023701668	0.204	-0.2	1.584
3.97372317314	0.204	-0.2	1.584
3.97720313072	-0.192	-0.448	2.044
3.98068594933	0.044	-0.144	1.224
3.98417210579	0.016	0.144	-0.772
3.98765301704	0.016	0.144	-0.772
3.99113607407	-0.264	0.184	-0.292
3.99462509155	-0.128	-0.316	2.012
3.99810695648	-0.128	-0.316	2.012
4.00159907341	0.088	-0.352	2.044
4.00507998466	-0.06	-0.128	0.692
4.00856113434	-0.06	-0.128	0.692
4.01204895973	-0.304	0.256	-0.928
4.01553010941	0.092	0.096	0.2
4.01900815964	0.092	0.096	0.2
4.02249097824	0.12	-0.34	2.044
4.02597117424	-0.052	-0.392	2.044
4.02945303917	-0.052	-0.392	2.044
4.03293514252	-0.196	0.004	0.204
4.0364151001	-0.06	-0.02	-0.908
4.03989815712	-0.06	-0.02	-0.908
4.04338812828	0.148	-0.352	0.644
4.04687094688	-0.176	-0.544	2.044
4.05035209656	0.068	-0.168	2.044
4.05388903618	0.068	-0.168	2.044
4.05737113953	-0.068	0.076	-0.244
4.06085395813	-0.216	0.004	-0.792
4.06434202194	-0.216	0.004	-0.792
4.06782412529	-0.032	-0.152	1.16
4.07131314278	-0.136	-0.448	2.044
4.07479715347	-0.136	-0.448	2.044
4.07827806473	-0.452	-0.048	1.544
4.08176612854	-0.172	0.18	-0.608
4.08524894714	-0.172	0.18	-0.608
4.08873009682	0.012	0.08	-0.5
4.09221196175	0.024	-0.248	1.684
4.09569311142	0.024	-0.248	1.684
4.0991871357	-0.04	-0.388	2.044
4.1026699543	-0.232	-0.02	1.064
4.10615110397	-0.232	-0.02	1.064
4.1096329689	-0.104	0.224	-0.832
4.11311507225	-0.3	0.036	-0.16
4.11659598351	0.008	-0.424	2.044
4.12007594109	0.008	-0.424	2.044
4.12356114388	0.0	-0.276	2.044
4.12702608109	-0.344	0.06	0.532
4.13049912453	-0.344	0.06	0.532
4.13398194313	-0.056	0.156	-0.888
4.13746905327	0.008	-0.296	0.312
4.14094901085	0.008	-0.296	0.312
4.14443612099	0.088	-0.476	2.044
4.14791607857	-0.184	-0.16	2.044
4.15140414238	-0.184	-0.16	2.044
4.15489006042	-0.076	0.212	0.072
4.15837001801	0.212	0.032	-0.868
4.16185617447	0.212	0.032	-0.868
4.16533613205	0.008	-0.136	0.804
4.16881513596	-0.064	-0.408	2.044
4.17230296135	-0.064	-0.408	2.044
4.17578411102	0.044	-0.276	1.976
4.1792640686	0.128	0.012	-0.316
4.18274998665	0.068	0.064	-0.712
4.18623113632	0.068	0.064	-0.712
4.1897110939	0.216	-0.088	1.36
4.19319200516	0.028	-0.384	2.044
4.19668197632	0.028	-0.384	2.044
4.20016217232	-0.052	-0.132	1.48
4.20364999771	-0.036	0.16	-0.684
4.20713496208	-0.036	0.16	-0.684
4.21061706543	0.212	-0.356	-0.392
4.21410512924	0.172	-0.472	1.82
4.2175860405	0.172	-0.472	1.82
4.22106695175	-0.032	-0.336	2.044
4.22455501556	0.132	-0.136	0.96
4.22803401947	0.132	-0.136	0.96
4.23152017593	-0.012	0.064	-0.852
4.23500394821	-0.152	-0.056	-0.036
4.23848509789	-0.152	-0.056	-0.036
4.2419731617	-0.076	-0.152	2.044
4.24545502663	-0.124	-0.312	2.044
4.2489361763	0.044	-0.224	0.46
4.25242304802	0.044	-0.224	0.46
4.25591397285	0.132	0.084	-0.932
4.25939416885	0.44	-0.132	0.468
4.26288294792	0.44	-0.132	0.468
4.26636600494	-0.012	-0.232	2.044
4.26985096931	0.044	-0.148	2.044
4.27333211899	0.044	-0.148	2.044
4.27681207657	0.164	-0.092	-0.024
4.28029298782	0.216	-0.164	-0.828
4.28377604485	0.216	-0.164	-0.828
4.28725910187	0.052	-0.268	0.936
4.29073905945	0.028	-0.292	2.044
4.2942340374	0.028	-0.292	2.044
4.29771494865	0.5	-0.396	1.892
4.30119204521	-0.096	0.104	-0.464
4.30468010902	-0.096	0.104	-0.464
4.30816102028	0.124	-0.012	-0.632
4.31164813042	0.1	-0.204	1.444
4.31513309479	0.1	-0.204	1.444
4.31861400604	0.104	-0.224	2.044
4.32210016251	-0.084	-0.216	1.36
4.32557415962	-0.124	0.08	-0.736
4.32904696465	-0.124	0.08	-0.736
4.33252596855	-0.112	-0.14	-0.324
4.33601117134	-0.128	-0.148	1.92
4.33949398994	-0.128	-0.148	1.92
4.34298300743	-0.088	-0.344	2.044
4.34647107124	0.092	-0.196	0.812
4.34994316101	0.092	-0.196	0.812
4.35341906548	0.084	0.136	-0.876
4.3569021225	0.232	0.108	0.112
4.36038017273	0.232	0.108	0.112
4.36386609077	-0.28	-0.272	2.044
4.36734700203	-0.084	-0.248	2.044
4.37083315849	-0.084	-0.248	2.044
4.37432098389	-0.008	0.08	0.284
4.37780213356	-0.016	0.18	-0.896
4.38128995895	-0.016	0.18	-0.896
4.38477110863	-0.12	-0.224	0.556
4.38825201988	-0.244	-0.364	2.044
4.39174699783	-0.02	-0.176	2.044
4.39525008202	-0.02	-0.176	2.044
4.39873099327	-0.028	0.244	-0.14
4.40221714973	0.028	0.008	-0.784
4.40569710732	0.028	0.008	-0.784
4.40917611122	-0.316	-0.16	1.056
4.41266417503	-0.008	-0.284	2.044
4.41614603996	-0.008	-0.284	2.044
4.41966795921	-0.156	-0.272	1.704
4.42316317558	-0.072	0.004	-0.524
4.42664694786	-0.072	0.004	-0.524
4.43012714386	-0.016	0.304	-0.56
4.43360805511	0.032	-0.012	1.596
4.43708896637	0.032	-0.012	1.596
4.44056916237	-0.104	-0.364	2.044
4.44405698776	-0.144	-0.028	1.196
4.44753813744	-0.144	-0.028	1.196
4.45102214813	-0.008	0.004	-0.796
4.45450997353	0.128	-0.012	-0.216
4.4579911232	-0.048	-0.4	2.028
4.46148014069	-0.048	-0.4	2.028
4.46496009827	-0.124	-0.188	2.044
4.4684419632	0.248	0.064	0.716
4.47193312645	0.248	0.064	0.716
4.47541213036	0.212	0.228	-0.9
4.47889399529	-0.24	-0.136	0.204
4.482391119	-0.24	-0.136	0.204
4.48587298393	-0.02	-0.376	2.044
4.48936414719	-0.156	-0.36	2.044
4.49285316467	-0.156	-0.36	2.044
4.49633407593	0.02	0.044	0.18
4.49981212616	0.036	0.096	-0.872
4.50329613686	0.036	0.096	-0.872
4.50677800179	0.0	0.064	0.696
4.51024699211	0.004	-0.32	2.044
4.51372599602	0.004	-0.32	2.044
4.5172059536	0.292	-0.148	2.044
4.5206861496	0.096	-0.196	-0.26
4.52417111397	-0.192	0.088	-0.76
4.52764415741	-0.192	0.088	-0.76
4.53112101555	-0.084	-0.188	1.196
4.5346121788	-0.144	-0.488	2.044
4.53809499741	-0.144	-0.488	2.044
4.54158401489	0.076	-0.132	1.596
4.54506397247	0.312	-0.032	-0.584
4.54854512215	0.312	-0.032	-0.584
4.55202698708	0.268	0.304	-0.504
4.55552101135	0.032	-0.292	1.72
4.55900406837	0.032	-0.292	1.72
4.56250309944	-0.136	-0.416	2.044
4.5659840107	0.084	-0.096	1.084
4.56946396828	0.084	-0.096	1.084
4.57295203209	0.016	0.16	-0.816
4.576431036	-0.312	0.22	-0.152
4.57991313934	-0.312	0.22	-0.152
4.58340001106	-0.136	-0.116	2.044
4.58689498901	0.016	-0.452	2.044
4.59037494659	0.044	-0.108	0.54
4.59386110306	0.044	-0.108	0.54
4.59734010696	-0.284	0.26	-0.936
4.60082101822	0.164	-0.016	0.344
4.60430312157	0.164	-0.016	0.344
4.60778212547	0.092	-0.304	2.044
4.61130809784	0.016	-0.344	2.044
4.61478900909	0.016	-0.344	2.044
4.61827111244	-0.236	-0.044	0.06
4.62175917625	-0.08	0.024	-0.884
4.62524008751	-0.08	0.024	-0.884
4.62872195244	-0.052	-0.408	0.812
4.63220405579	-0.156	-0.496	2.044
4.63568711281	-0.156	-0.496	2.044
4.63917207718	0.12	-0.108	1.92
4.64266014099	-0.044	0.104	-0.364
4.64614200592	-0.044	0.104	-0.364
4.6496219635	-0.128	0.1	-0.732
4.65311002731	-0.056	-0.396	1.332
4.65659117699	-0.124	-0.544	2.044
4.66007208824	-0.124	-0.544	2.044
4.66355800629	-0.536	-0.052	1.404
4.66704416275	-0.076	0.144	-0.7
4.67052507401	-0.076	0.144	-0.7
4.67401313782	0.008	0.04	-0.368
4.67749714851	-0.072	-0.236	1.828
4.68097901344	-0.072	-0.236	1.828
4.68447709084	0.072	-0.384	2.044
4.68797206879	-0.148	-0.012	0.916
4.6914601326	-0.148	-0.012	0.916
4.6949441433	-0.064	0.336	-0.888
4.6984269619	-0.436	0.016	-0.052
4.70191502571	-0.436	0.016	-0.052
4.70539617538	0.136	-0.292	2.044
4.70887613297	0.076	-0.276	2.044
4.71237111092	0.076	-0.276	2.044
4.71585297585	-0.264	0.076	0.384
4.71933197975	0.008	0.184	-0.912
4.72281908989	0.144	-0.216	0.464
4.72629094124	0.144	-0.216	0.464
4.72976303101	0.196	-0.516	2.044
4.73324203491	-0.404	-0.056	2.044
4.73672604561	-0.404	-0.056	2.044
4.74020814896	-0.092	0.116	-0.064
4.743694067	0.136	0.06	-0.824
4.74717998505	0.136	0.06	-0.824
4.75065898895	-0.068	-0.152	0.964
4.75414609909	-0.104	-0.324	2.044
4.75762796402	-0.104	-0.324	2.044
4.76111006737	0.052	-0.316	1.832
4.76459717751	0.108	0.056	-0.416
4.76807713509	0.108	0.056	-0.416
4.77156305313	0.244	0.016	-0.628
4.77504205704	0.344	-0.124	1.516
4.77853512764	0.344	-0.124	1.516
4.78203105927	0.08	-0.4	2.044
4.78551197052	-0.056	-0.148	1.32
4.78899502754	-0.04	0.16	-0.728
4.79247713089	-0.04	0.16	-0.728
4.79595994949	0.136	-0.3	-0.304
4.79944109917	0.116	-0.316	1.928
4.80293107033	0.116	-0.316	1.928
4.80641198158	-0.036	-0.372	2.044
4.80989217758	0.172	-0.18	0.812
4.8133790493	0.172	-0.18	0.812
4.81685805321	0.0	0.076	-0.892
4.82033014297	-0.124	-0.016	0.096
4.82388496399	-0.124	-0.016	0.096
4.82737016678	-0.012	-0.124	2.044
4.83085203171	-0.208	-0.312	2.044
4.83435416222	-0.208	-0.312	2.044
4.83783507347	-0.008	-0.232	0.312
4.84132313728	0.024	0.256	-0.928
4.84480500221	0.024	0.256	-0.928
4.84828400612	0.416	-0.076	0.612
4.85176515579	0.0	-0.256	2.044
4.85524106026	-0.012	-0.192	2.044
4.85872507095	-0.012	-0.192	2.044
4.86221194267	0.076	-0.08	-0.156
4.86569404602	0.156	-0.176	-0.78
4.86917495728	0.156	-0.176	-0.78
4.87265706062	-0.128	-0.192	1.064
4.87613916397	-0.104	-0.256	2.044
4.87962913513	-0.104	-0.256	2.044
4.88311815262	0.404	-0.468	1.732
4.8865981102	-0.068	0.088	-0.548
4.89007997513	-0.068	0.088	-0.548
4.89356803894	0.1	-0.004	-0.524
4.8970489502	0.06	-0.2	1.596
4.9005279541	0.06	-0.2	1.596
4.90401506424	0.004	-0.248	2.044
4.90749597549	-0.112	-0.212	1.208
4.91098117828	-0.112	-0.212	1.208
4.91446495056	-0.104	0.088	-0.796
4.91794705391	-0.252	-0.192	-0.228
4.92143416405	-0.108	-0.168	2.036
4.92491006851	-0.108	-0.168	2.036
4.92838215828	-0.132	-0.376	2.044
4.93186116219	0.052	-0.184	0.652
4.93534517288	0.052	-0.184	0.652
4.93882799149	0.068	0.116	-0.9
4.94231295586	-0.1	-0.124	0.228
4.94579315186	-0.1	-0.124	0.228
4.94927310944	-0.104	-0.22	2.044
4.95275616646	0.16	-0.396	2.044
4.95623612404	0.16	-0.396	2.044
4.95971608162	-0.02	0.116	0.136
4.96320796013	0.068	0.064	-0.872
4.96668815613	0.068	0.064	-0.872
4.97016811371	0.236	-0.248	0.724
4.97365498543	-0.132	-0.324	2.044
4.97715401649	-0.132	-0.324	2.044
4.98063707352	-0.136	-0.2	2.044
4.98413801193	-0.132	0.192	-0.272
4.98762011528	-0.224	0.076	-0.748
4.99111413956	-0.224	0.076	-0.748
4.99466514587	-0.248	-0.152	1.204
4.99815011024	-0.012	-0.364	2.044
