Timestamp 	 X-Axis 	 Y-Axis 	 Z-Axis
0.000312089920044	0.0	-0.4	2.044
0.00342011451721	-0.008	-0.096	0.708
0.00635099411011	-0.06	0.176	-1.304
0.00928115844727	-0.06	0.176	-1.304
0.0122039318085	-0.004	-0.208	1.716
0.0151431560516	-0.004	-0.208	1.716
0.0180680751801	-0.008	-0.324	2.044
0.0209901332855	-0.008	-0.324	2.044
0.0239100456238	-0.124	0.112	-0.364
0.0268440246582	0.08	0.068	-0.784
0.0297660827637	0.08	0.068	-0.784
0.0326850414276	0.04	-0.236	2.044
0.0356040000916	0.04	-0.236	2.044
0.038526058197	-0.008	-0.252	2.044
0.0414659976959	-0.008	-0.252	2.044
0.0443880558014	-0.1	0.0	-1.104
0.0473020076752	-0.048	-0.04	0.152
0.0502319335938	-0.048	-0.04	0.152
0.0531511306763	-0.112	-0.38	2.044
0.0560729503632	-0.112	-0.38	2.044
0.0589950084686	-0.036	-0.156	1.148
0.0619151592255	-0.036	-0.156	1.148
0.064836025238	0.08	0.108	-1.36
0.0677671432495	-0.024	-0.16	1.284
0.0706970691681	-0.024	-0.16	1.284
0.0736260414124	0.044	-0.376	2.044
0.0765659809113	0.044	-0.376	2.044
0.0794939994812	-0.06	-0.144	0.032
0.0824389457703	-0.06	-0.144	0.032
0.085401058197	0.048	0.084	-1.032
0.0883369445801	-0.032	-0.288	2.044
0.0912661552429	-0.032	-0.288	2.044
0.0941939353943	-0.092	-0.296	2.044
0.0971240997314	-0.092	-0.296	2.044
0.100053071976	0.1	0.144	-0.856
0.102981090546	0.1	0.144	-0.856
0.105916023254	0.004	0.0	-0.244
0.108837127686	-0.028	-0.332	2.044
0.11176609993	-0.028	-0.332	2.044
0.114695072174	-0.024	-0.196	1.612
0.117624998093	-0.024	-0.196	1.612
0.120553970337	-0.104	0.068	-1.344
0.123482942581	-0.012	-0.108	0.844
0.126420974731	-0.012	-0.108	0.844
0.129349946976	-0.088	-0.38	2.044
0.132295131683	-0.088	-0.38	2.044
0.135224103928	0.032	-0.084	0.452
0.138170957565	0.032	-0.084	0.452
0.141098022461	0.024	0.148	-1.232
0.144025087357	0.068	-0.196	1.972
0.146959066391	0.068	-0.196	1.972
0.149887084961	0.068	-0.32	2.044
0.152814149857	0.068	-0.32	2.044
0.155742168427	-0.076	0.052	-0.584
0.158671140671	-0.076	0.052	-0.584
0.161600112915	0.044	0.02	-0.604
0.164536952972	0.068	-0.304	2.044
0.167470932007	0.068	-0.304	2.044
0.170397996902	-0.064	-0.252	2.012
0.173339128494	-0.064	-0.252	2.012
0.176279067993	-0.036	0.024	-1.208
0.179209947586	-0.036	0.024	-1.208
0.182137012482	-0.012	-0.052	0.384
0.185065984726	-0.096	-0.332	2.044
0.187999010086	-0.096	-0.332	2.044
0.19093298912	-0.032	-0.144	0.904
0.19386100769	-0.032	-0.144	0.904
0.196794986725	0.076	0.092	-1.332
0.19972205162	0.076	0.092	-1.332
0.202649116516	-0.012	-0.184	1.524
0.205584049225	-0.008	-0.348	2.044
0.208512067795	-0.008	-0.348	2.044
0.211441040039	-0.032	-0.06	-0.192
0.214383125305	-0.032	-0.06	-0.192
0.217313051224	0.06	0.072	-0.868
0.220240116119	-0.064	-0.332	2.044
0.223170995712	-0.064	-0.332	2.044
0.226107120514	-0.068	-0.268	2.044
0.229035139084	-0.068	-0.268	2.044
0.231963157654	0.168	0.112	-1.02
0.234889984131	0.168	0.112	-1.02
0.237823009491	0.02	-0.02	-0.016
0.240750074387	0.016	-0.344	2.044
0.243678092957	0.016	-0.344	2.044
0.246619939804	-0.032	-0.184	1.348
0.249547958374	-0.032	-0.184	1.348
0.252475976944	-0.056	0.104	-1.364
0.255411148071	-0.056	0.104	-1.364
0.258339166641	-0.028	-0.116	1.1
0.261280059814	-0.096	-0.376	2.044
0.264209032059	-0.096	-0.376	2.044
0.267153024673	0.024	-0.052	0.196
0.270081043243	0.024	-0.052	0.196
0.273008108139	0.032	0.132	-1.128
0.275939941406	0.032	0.132	-1.128
0.278867006302	0.084	-0.276	2.044
0.281795024872	0.052	-0.332	2.044
0.284722089767	0.052	-0.332	2.044
0.28765296936	-0.092	0.072	-0.752
0.290581941605	-0.092	0.072	-0.752
0.293509960175	0.024	0.0	-0.4
0.296429157257	0.024	0.0	-0.4
0.299349069595	0.064	-0.36	2.044
0.302276134491	-0.064	-0.264	1.788
0.305204153061	-0.064	-0.264	1.788
0.308138132095	0.008	0.048	-1.272
0.311064004898	0.008	0.048	-1.272
0.313998937607	0.0	-0.064	0.664
0.316924095154	0.0	-0.064	0.664
0.319843053818	-0.052	-0.312	2.044
0.322771072388	-0.016	-0.096	0.628
0.325705051422	-0.016	-0.096	0.628
0.328642129898	0.024	0.088	-1.288
0.331570148468	0.024	0.088	-1.288
0.334496974945	0.044	-0.188	1.796
0.337429046631	-0.052	-0.324	2.044
0.340358018875	-0.052	-0.324	2.044
0.343286037445	0.032	-0.076	-0.424
0.346220970154	0.032	-0.076	-0.424
0.349149942398	0.028	0.048	-0.724
0.352077960968	0.028	0.048	-0.724
0.355004072189	-0.048	-0.304	2.044
0.357941150665	-0.052	-0.252	2.044
0.36087012291	-0.052	-0.252	2.044
0.363798141479	0.076	0.1	-1.144
0.36673116684	0.076	0.1	-1.144
0.369657993317	0.016	-0.056	0.224
0.372588157654	0.016	-0.056	0.224
0.375519990921	-0.02	-0.352	2.044
0.378450155258	-0.04	-0.16	1.092
0.38137793541	-0.04	-0.16	1.092
0.384305953979	0.028	0.116	-1.352
0.387233972549	0.028	0.116	-1.352
0.390161037445	-0.008	-0.164	1.36
0.393089056015	-0.008	-0.164	1.36
0.396023035049	-0.08	-0.336	2.044
0.398950099945	0.052	-0.02	-0.048
0.401878118515	0.052	-0.02	-0.048
0.404808044434	0.036	0.132	-1.004
0.407736063004	0.036	0.132	-1.004
0.410676956177	0.092	-0.3	2.044
0.413604974747	0.092	-0.3	2.044
0.416532039642	0.012	-0.324	2.044
0.419461011887	-0.064	0.124	-0.932
0.422388076782	-0.064	0.124	-0.932
0.425316095352	0.02	-0.028	-0.188
0.428249120712	0.02	-0.028	-0.188
0.431174993515	0.004	-0.348	2.044
0.434102058411	0.004	-0.348	2.044
0.437036991119	-0.08	-0.268	1.544
0.439964056015	0.08	0.04	-1.332
0.442890167236	0.08	0.04	-1.332
0.445822000504	0.016	-0.1	0.916
0.448759078979	0.016	-0.1	0.916
0.451687097549	-0.024	-0.316	2.044
0.454615116119	0.028	-0.076	0.388
0.457545995712	0.028	-0.076	0.388
0.460472106934	-0.044	0.088	-1.212
0.463400125504	-0.044	0.088	-1.212
0.466334104538	0.036	-0.236	2.028
0.469259977341	0.036	-0.236	2.028
0.472186088562	-0.088	-0.316	2.044
0.475114107132	0.04	-0.048	-0.624
0.478047132492	0.04	-0.048	-0.624
0.480975151062	0.016	0.02	-0.544
0.48390007019	0.016	0.02	-0.544
0.486832141876	-0.02	-0.312	2.044
0.489760160446	-0.02	-0.312	2.044
0.492697000504	0.028	-0.252	1.96
0.495629072189	-0.036	0.124	-1.252
0.498558044434	-0.036	0.124	-1.252
0.501486063004	0.008	-0.088	0.468
0.504411935806	0.008	-0.088	0.468
0.50741815567	-0.044	-0.368	2.044
0.510353088379	-0.044	-0.368	2.044
0.513282060623	-0.052	-0.148	0.82
0.516216993332	0.036	0.112	-1.324
0.519144058228	0.036	0.112	-1.324
0.522071123123	-0.036	-0.124	1.64
0.5249979496	-0.036	-0.124	1.64
0.527930021286	-0.052	-0.268	2.044
0.53085899353	-0.052	-0.268	2.044
0.533786058426	0.072	-0.104	-0.252
0.53671503067	0.024	0.124	-0.856
0.539646148682	0.024	0.124	-0.856
0.542572021484	0.104	-0.308	2.044
0.545505046844	0.104	-0.308	2.044
0.54843211174	-0.012	-0.276	2.044
0.55136013031	-0.072	0.132	-1.064
0.554286956787	-0.072	0.132	-1.064
0.557219982147	0.032	-0.056	0.048
0.560147047043	0.032	-0.056	0.048
0.563071966171	-0.008	-0.368	2.044
0.566004991531	-0.008	-0.368	2.044
0.568933963776	-0.092	-0.22	1.268
0.571861028671	0.08	0.084	-1.352
0.574797153473	0.08	0.084	-1.352
0.57772397995	0.004	-0.112	1.172
0.58065199852	0.004	-0.112	1.172
0.583578109741	0.0	-0.336	2.044
0.586502075195	0.0	-0.336	2.044
0.589421033859	-0.004	-0.032	0.148
0.592355012894	-0.052	0.124	-1.12
0.595283031464	-0.052	0.124	-1.12
0.598217010498	-0.028	-0.224	2.044
0.601144075394	-0.028	-0.224	2.044
0.604072093964	-0.092	-0.304	2.044
0.607006072998	-0.092	-0.304	2.044
0.609934091568	0.076	-0.056	-0.796
0.612861156464	0.012	0.004	-0.344
0.615788936615	0.012	0.004	-0.344
0.618715047836	-0.008	-0.316	2.044
0.621642112732	-0.008	-0.316	2.044
0.624568939209	0.036	-0.228	1.704
0.627501010895	0.036	-0.228	1.704
0.630438089371	-0.08	0.124	-1.332
0.633367061615	-0.02	-0.1	0.716
0.636300086975	-0.02	-0.1	0.716
0.639227151871	-0.056	-0.372	2.044
0.642153978348	-0.056	-0.372	2.044
0.645081996918	-0.048	-0.128	0.56
0.648015975952	0.016	0.1	-1.252
0.650943040848	0.016	0.1	-1.252
0.653870105743	-0.076	-0.136	1.852
0.656806945801	-0.076	-0.136	1.852
0.659736156464	-0.044	-0.288	2.044
0.662662982941	-0.044	-0.288	2.044
0.665596961975	-0.004	-0.056	-0.46
0.668525934219	-0.016	0.096	-0.684
0.671452999115	-0.016	0.096	-0.684
0.674380064011	0.024	-0.348	2.044
0.677317142487	0.024	-0.348	2.044
0.680243968964	-0.032	-0.272	2.044
0.683171033859	-0.032	-0.272	2.044
0.686108112335	-0.044	0.144	-1.168
0.689036130905	0.02	-0.052	0.284
0.691961050034	0.02	-0.052	0.284
0.694885969162	0.02	-0.388	2.044
0.697813987732	0.02	-0.388	2.044
0.700742006302	-0.096	-0.18	1.012
0.703669071198	-0.096	-0.18	1.012
0.706603050232	0.04	0.12	-1.34
0.709530115128	-0.016	-0.124	1.42
0.712456941605	-0.016	-0.124	1.42
0.715391159058	-0.048	-0.364	2.044
0.718318939209	-0.048	-0.364	2.044
0.721255064011	-0.072	0.02	-0.088
0.724183082581	-0.072	0.02	-0.088
0.727117061615	-0.028	0.132	-0.964
0.730045080185	-0.052	-0.22	2.044
0.732973098755	-0.052	-0.22	2.044
0.735901117325	-0.048	-0.26	2.044
0.738837957382	-0.048	-0.26	2.044
0.741765975952	0.064	-0.068	-0.948
0.744693040848	0.064	-0.068	-0.948
0.747625112534	0.016	-0.024	-0.124
0.750553131104	0.056	-0.364	2.044
0.753479957581	0.056	-0.364	2.044
0.756412982941	-0.008	-0.168	1.448
0.759341001511	-0.008	-0.168	1.448
0.762269020081	-0.084	0.152	-1.372
0.765196084976	-0.04	-0.12	0.98
0.768133163452	-0.04	-0.12	0.98
0.771062135696	-0.064	-0.364	2.044
0.773988962173	-0.064	-0.364	2.044
0.776917934418	-0.128	-0.06	0.3
0.779844999313	-0.128	-0.06	0.3
0.782772064209	0.036	0.112	-1.172
0.785699129105	-0.12	-0.136	2.044
0.788627147675	-0.12	-0.136	2.044
0.791568994522	-0.02	-0.28	2.044
0.794497966766	-0.02	-0.28	2.044
0.797431945801	0.016	-0.044	-0.656
0.800359964371	0.016	-0.044	-0.656
0.803287982941	-0.06	0.068	-0.488
0.806216001511	-0.036	-0.356	2.044
0.809143066406	-0.036	-0.356	2.044
0.812075138092	-0.076	-0.26	1.896
0.815001964569	-0.076	-0.26	1.896
0.817932128906	0.012	0.108	-1.26
0.820868015289	0.012	0.108	-1.26
0.823794126511	0.008	-0.1	0.536
0.826725959778	0.052	-0.38	2.044
0.829653024673	0.052	-0.38	2.044
0.832580089569	-0.072	-0.116	0.748
0.835513114929	-0.072	-0.116	0.748
0.838441133499	-0.024	0.124	-1.312
0.841367959976	-0.024	0.124	-1.312
0.844295024872	0.0	-0.152	1.672
0.847219944	-0.052	-0.372	2.044
0.85014796257	-0.052	-0.372	2.044
0.85307598114	-0.18	0.132	-0.336
0.85600399971	-0.18	0.132	-0.336
0.858934164047	-0.004	0.136	-0.812
0.861860990524	-0.004	0.136	-0.812
0.86478805542	-0.108	-0.248	2.044
0.867718935013	-0.036	-0.252	2.044
0.870646953583	-0.036	-0.252	2.044
0.873574018478	-0.024	-0.044	-1.096
0.876507997513	-0.024	-0.044	-1.096
0.879436969757	0.0	-0.036	0.108
0.882354974747	0.076	-0.404	2.044
0.885280132294	0.076	-0.404	2.044
0.888213157654	0.036	-0.156	1.208
0.891139030457	0.036	-0.156	1.208
0.894065141678	-0.04	0.16	-1.364
0.896993160248	-0.04	0.16	-1.364
0.899920940399	-0.02	-0.132	1.24
0.902867078781	-0.056	-0.328	2.044
0.905797958374	-0.056	-0.328	2.044
0.908736944199	-0.104	-0.032	0.06
0.911664009094	-0.104	-0.032	0.06
0.91459107399	0.068	0.084	-1.068
0.917523145676	0.068	0.084	-1.068
0.920449972153	0.016	-0.14	2.044
0.923376083374	-0.016	-0.268	2.044
0.926310062408	-0.016	-0.268	2.044
0.929237127304	-0.052	0.0	-0.852
0.932156085968	-0.052	0.0	-0.852
0.935076951981	-0.048	0.032	-0.304
0.938004970551	-0.048	0.032	-0.304
0.94093298912	-0.1	-0.36	2.044
0.94386100769	-0.084	-0.248	1.64
0.946794033051	-0.084	-0.248	1.64
0.949725151062	0.06	0.08	-1.312
0.952651023865	0.06	0.08	-1.312
0.955583095551	-0.028	-0.108	0.812
0.95851111412	-0.028	-0.108	0.812
0.961437940598	0.028	-0.388	2.044
0.964365005493	-0.06	-0.092	0.492
0.967298030853	-0.06	-0.092	0.492
0.970225095749	-0.024	0.148	-1.24
0.973153114319	-0.024	0.148	-1.24
0.976079940796	-0.036	-0.22	1.936
0.979007959366	-0.036	-0.22	1.936
0.981935024261	-0.064	-0.348	2.044
0.984871149063	-0.028	0.208	-0.544
0.987802028656	-0.028	0.208	-0.544
0.990731954575	0.044	0.108	-0.636
0.993663072586	0.044	0.108	-0.636
0.996593952179	0.02	-0.268	2.044
0.9995200634	-0.012	-0.264	2.044
1.0024471283	-0.012	-0.264	2.044
1.00544810295	-0.156	0.0	-1.204
1.00837206841	-0.156	0.0	-1.204
1.01129293442	-0.036	-0.052	0.356
1.01421999931	-0.036	-0.052	0.356
1.01714897156	-0.032	-0.388	2.044
1.02007699013	-0.024	-0.112	0.944
1.02300310135	-0.024	-0.112	0.944
1.02593803406	-0.036	0.192	-1.332
1.02886605263	-0.036	0.192	-1.332
1.03179311752	0.036	-0.18	1.512
1.034719944	0.036	-0.18	1.512
1.03765106201	0.052	-0.316	2.044
1.04060506821	-0.152	-0.064	-0.168
1.0435359478	-0.152	-0.064	-0.168
1.04647111893	0.076	0.06	-0.916
1.04939603806	0.076	0.06	-0.916
1.05232310295	0.036	-0.224	2.044
1.05524897575	0.036	-0.224	2.044
1.05818200111	-0.056	-0.264	2.044
1.06110906601	0.04	0.036	-0.98
1.06403398514	0.04	0.036	-0.98
1.06697511673	-0.04	-0.02	-0.06
1.06990408897	-0.04	-0.02	-0.06
1.07283115387	-0.112	-0.352	2.044
1.07576394081	-0.112	-0.352	2.044
1.07869100571	-0.068	-0.196	1.392
1.08161902428	0.076	0.068	-1.352
1.08454799652	0.076	0.068	-1.352
1.08748006821	-0.028	-0.132	1.056
1.09040808678	-0.028	-0.132	1.056
1.09381699562	0.016	-0.388	2.044
1.0967540741	0.024	-0.104	0.232
1.09968209267	0.024	-0.104	0.232
1.10260915756	-0.008	0.112	-1.144
1.1055431366	-0.008	0.112	-1.144
1.10847115517	-0.02	-0.268	2.044
1.11139893532	-0.02	-0.268	2.044
1.11433601379	-0.068	-0.312	2.044
1.11726903915	0.004	0.18	-0.736
1.12019610405	0.004	0.18	-0.736
1.12312197685	0.028	0.068	-0.436
1.12605714798	0.028	0.068	-0.436
1.12898397446	0.032	-0.296	2.044
1.13191509247	-0.004	-0.256	1.832
1.13484215736	-0.004	-0.256	1.832
1.13776993752	-0.172	0.028	-1.28
1.14069914818	-0.172	0.028	-1.28
1.14362597466	-0.024	-0.068	0.604
1.14655900002	-0.024	-0.068	0.604
1.14949703217	-0.072	-0.376	2.044
1.15242505074	0.008	-0.112	0.692
1.15535116196	0.008	-0.112	0.692
1.15828204155	0.028	0.144	-1.296
1.16121006012	0.028	0.144	-1.296
1.16413807869	0.032	-0.18	1.76
1.16707110405	0.032	-0.18	1.76
1.16999697685	0.072	-0.308	2.044
1.17292308807	-0.096	-0.028	-0.392
1.17585706711	-0.096	-0.028	-0.392
1.17878699303	0.076	0.028	-0.756
1.18171215057	0.076	0.028	-0.756
1.18463802338	0.036	-0.26	2.044
1.18756699562	0.036	-0.26	2.044
1.19051599503	-0.06	-0.256	2.044
1.1934440136	0.08	0.048	-1.108
1.19637799263	0.08	0.048	-1.108
1.19930505753	-0.012	-0.048	0.172
1.20223212242	-0.012	-0.048	0.172
1.20516109467	-0.112	-0.328	2.044
1.2080950737	-0.112	-0.328	2.044
1.21102309227	-0.052	-0.164	1.136
1.21395015717	0.04	0.08	-1.36
1.21687698364	0.04	0.08	-1.36
1.21980309486	-0.028	-0.16	1.312
1.22273302078	-0.028	-0.16	1.312
1.22566699982	-0.044	-0.376	2.044
1.22859716415	0.036	-0.064	0.004
1.23154306412	0.036	-0.064	0.004
1.23447394371	0.044	0.108	-1.02
1.23740816116	0.044	0.108	-1.02
1.24033498764	-0.04	-0.332	2.044
1.24326205254	-0.04	-0.332	2.044
1.24619603157	-0.036	-0.3	2.044
1.24912405014	0.056	0.136	-0.904
1.25205206871	0.056	0.136	-0.904
1.25497794151	0.02	-0.004	-0.22
1.25790715218	0.02	-0.004	-0.22
1.26083302498	0.068	-0.34	2.044
1.2637591362	0.068	-0.34	2.044
1.26669502258	-0.04	-0.196	1.58
1.26962399483	-0.084	0.056	-1.332
1.27255010605	-0.084	0.056	-1.332
1.27548503876	-0.008	-0.088	0.86
1.27841210365	-0.008	-0.088	0.86
1.28133916855	-0.072	-0.328	2.044
1.28426599503	-0.072	-0.328	2.044
1.28719902039	0.036	-0.096	0.428
1.29012608528	0.044	0.1	-1.22
1.29305195808	0.044	0.1	-1.22
1.29597997665	0.124	-0.188	2.012
1.29890704155	0.124	-0.188	2.012
1.30183315277	0.048	-0.336	2.044
1.30475997925	0.048	-0.336	2.044
1.30769205093	-0.124	-0.036	-0.608
1.31062102318	0.02	0.0	-0.584
1.3135509491	0.02	0.0	-0.584
1.31647205353	-0.032	-0.32	2.044
1.3194000721	-0.032	-0.32	2.044
1.32232809067	-0.056	-0.24	2.0
1.32525110245	-0.056	-0.24	2.0
1.32818102837	0.092	0.044	-1.212
1.33110809326	0.012	-0.092	0.416
1.33403515816	0.012	-0.092	0.416
1.33696103096	-0.064	-0.32	2.044
1.3398809433	-0.064	-0.32	2.044
1.34280109406	-0.024	-0.132	0.86
1.34572601318	-0.024	-0.132	0.86
1.3486571312	0.008	0.1	-1.328
1.35158205032	-0.056	-0.196	1.572
1.35451102257	-0.056	-0.196	1.572
1.35745811462	-0.116	-0.316	2.044
1.36038804054	-0.116	-0.316	2.044
1.36331605911	0.124	-0.004	-0.224
1.36625003815	0.056	0.108	-0.872
1.36917710304	0.056	0.108	-0.872
1.37210297585	0.012	-0.332	2.044
1.37503099442	0.012	-0.332	2.044
1.37795901299	0.008	-0.264	2.044
1.38088512421	0.008	-0.264	2.044
1.38381195068	-0.032	0.14	-1.036
1.38674116135	0.02	-0.044	0.012
1.38966798782	0.02	-0.044	0.012
1.39259409904	0.024	-0.368	2.044
1.39553809166	0.024	-0.368	2.044
1.39846611023	-0.032	-0.204	1.312
1.4013941288	-0.032	-0.204	1.312
1.40432500839	0.024	0.068	-1.352
1.40725398064	0.0	-0.112	1.136
1.4101729393	0.0	-0.112	1.136
1.41309213638	-0.036	-0.316	2.044
1.41602110863	-0.036	-0.316	2.044
1.4189479351	-0.052	-0.052	0.168
1.421875	-0.052	-0.052	0.168
1.4248020649	0.024	0.1	-1.12
1.42773199081	0.124	-0.248	2.044
1.43066000938	0.124	-0.248	2.044
1.43358612061	0.0	-0.34	2.044
1.43651103973	0.0	-0.34	2.044
1.43942904472	-0.056	0.052	-0.78
1.44235706329	-0.056	0.052	-0.78
1.4452829361	0.016	-0.012	-0.368
1.44822001457	-0.028	-0.352	2.044
1.45114898682	-0.028	-0.352	2.044
1.45407700539	-0.048	-0.252	1.756
1.45700502396	-0.048	-0.252	1.756
1.45993304253	0.068	0.056	-1.3
1.46285915375	0.068	0.056	-1.3
1.46579098701	-0.02	-0.08	0.68
1.46871805191	-0.012	-0.348	2.044
1.47164702415	-0.012	-0.348	2.044
1.47457504272	0.004	-0.12	0.62
1.47751498222	0.004	-0.12	0.62
1.48044300079	-0.016	0.104	-1.292
1.48337006569	-0.028	-0.204	1.812
1.4863049984	-0.028	-0.204	1.812
1.48923206329	-0.104	-0.292	2.044
1.49216103554	-0.104	-0.292	2.044
1.49509906769	0.068	-0.084	-0.448
1.49802803993	0.068	-0.084	-0.448
1.50095415115	0.048	0.084	-0.7
1.50388002396	0.044	-0.332	2.044
1.50681304932	0.044	-0.332	2.044
1.50973916054	0.02	-0.26	2.044
1.51266598701	0.02	-0.26	2.044
1.5155980587	-0.116	0.156	-1.18
1.51852703094	-0.116	0.156	-1.18
1.52145409584	0.0	-0.06	0.252
1.52437210083	-0.052	-0.384	2.044
1.52730107307	-0.052	-0.384	2.044
1.53022909164	-0.044	-0.188	1.036
1.53315496445	-0.044	-0.188	1.036
1.53608512878	0.08	0.136	-1.36
1.53901696205	0.08	0.136	-1.36
1.54194402695	-0.008	-0.132	1.38
1.54488396645	-0.012	-0.34	2.044
1.54781794548	-0.012	-0.34	2.044
1.55074596405	-0.016	-0.08	-0.044
1.55367398262	-0.016	-0.08	-0.044
1.55660796165	-0.012	0.136	-0.996
1.55954694748	-0.012	0.136	-0.996
1.56247496605	0.048	-0.268	2.044
1.56540799141	-0.06	-0.308	2.044
1.5683350563	-0.06	-0.308	2.044
1.5712621212	0.004	0.04	-0.936
1.57418704033	0.004	0.04	-0.936
1.57711410522	0.024	-0.016	-0.148
1.58004212379	0.028	-0.364	2.044
1.5829679966	0.028	-0.364	2.044
1.58589816093	-0.032	-0.248	1.504
1.58882713318	-0.032	-0.248	1.504
1.59175395966	0.016	0.076	-1.36
1.59468007088	0.016	0.076	-1.36
1.59761214256	-0.012	-0.116	0.948
1.60053896904	-0.032	-0.384	2.044
1.60346698761	-0.032	-0.384	2.044
1.60640001297	-0.016	-0.06	0.34
1.60932707787	-0.016	-0.06	0.34
1.61225414276	-0.028	0.124	-1.2
1.61518096924	-0.028	0.124	-1.2
1.6181139946	-0.108	-0.2	2.044
1.62104010582	-0.076	-0.276	2.044
1.62396812439	-0.076	-0.276	2.044
1.62689995766	0.076	-0.092	-0.632
1.62983202934	0.076	-0.092	-0.632
1.63275909424	-0.008	0.056	-0.52
1.6356921196	-0.008	0.056	-0.52
1.63861894608	0.016	-0.332	2.044
1.64155602455	0.008	-0.268	1.924
1.64448308945	0.008	-0.268	1.924
1.64741516113	-0.096	0.176	-1.264
1.65034198761	-0.096	0.176	-1.264
1.65326905251	-0.028	-0.08	0.504
1.65619707108	-0.028	-0.08	0.504
1.65912294388	-0.024	-0.384	2.044
1.66205096245	-0.088	-0.164	0.776
1.66497707367	-0.088	-0.164	0.776
1.66791009903	0.052	0.1	-1.312
1.67083716393	0.052	0.1	-1.312
1.67376303673	0.02	-0.132	1.636
1.67670798302	0.02	-0.132	1.636
1.67963504791	0.004	-0.348	2.044
1.68256115913	-0.108	-0.016	-0.304
1.68549513817	-0.108	-0.016	-0.304
1.68842315674	-0.016	0.136	-0.828
1.69134998322	-0.016	0.136	-0.828
1.69427704811	0.016	-0.308	2.044
1.69720506668	-0.06	-0.256	2.044
1.70013308525	-0.06	-0.256	2.044
1.70306110382	0.028	0.032	-1.072
1.70599293709	0.028	0.032	-1.072
1.70891904831	0.024	-0.052	0.076
1.71184396744	0.024	-0.052	0.076
1.71476912498	0.072	-0.404	2.044
1.71770000458	-0.04	-0.176	1.228
1.72063207626	-0.04	-0.176	1.228
1.72356915474	-0.044	0.132	-1.368
1.72650408745	-0.044	0.132	-1.368
1.72943210602	-0.012	-0.12	1.22
1.73236012459	-0.012	-0.12	1.22
1.73528695107	-0.068	-0.364	2.044
1.73822116852	-0.012	0.032	0.084
1.74114704132	-0.012	0.032	0.084
1.74407196045	0.012	0.116	-1.088
1.74700403214	0.012	0.116	-1.088
1.74993109703	-0.112	-0.16	2.044
1.7528591156	-0.112	-0.16	2.044
1.7558131218	-0.04	-0.26	2.044
1.75874114037	0.0	-0.108	-0.808
1.7616610527	0.0	-0.108	-0.808
1.76458001137	-0.04	0.008	-0.324
1.76751708984	-0.04	0.008	-0.324
1.77044510841	0.008	-0.364	2.044
1.77337098122	0.008	-0.364	2.044
1.77629804611	-0.028	-0.236	1.656
1.77922606468	-0.012	0.144	-1.312
1.78215312958	-0.012	0.144	-1.312
1.78508114815	-0.032	-0.108	0.752
1.78801107407	-0.032	-0.108	0.752
1.79094195366	0.036	-0.38	2.044
1.79386901855	0.036	-0.38	2.044
1.79680299759	-0.088	-0.128	0.52
1.79973101616	0.02	0.124	-1.26
1.80265808105	0.02	0.124	-1.26
1.80560016632	-0.02	-0.152	1.896
1.80852913857	-0.02	-0.152	1.896
1.81146001816	-0.052	-0.324	2.044
1.81438803673	-0.128	0.08	-0.52
1.8173160553	-0.128	0.08	-0.52
1.82024407387	-0.012	0.124	-0.652
1.82317113876	-0.012	0.124	-0.652
1.82610416412	-0.104	-0.304	2.044
1.82903194427	-0.104	-0.304	2.044
1.83195996284	-0.056	-0.264	2.044
1.83488702774	0.024	0.004	-1.184
1.83781814575	0.024	0.004	-1.184
1.84074497223	0.016	-0.068	0.32
1.84367012978	0.016	-0.068	0.32
1.84660196304	0.08	-0.404	2.044
1.84952902794	0.08	-0.404	2.044
1.85245513916	-0.008	-0.144	0.976
1.85538911819	-0.072	0.156	-1.348
1.85832214355	-0.072	0.156	-1.348
1.86125206947	-0.004	-0.144	1.464
1.86418008804	-0.004	-0.144	1.464
1.8671131134	-0.024	-0.352	2.044
1.87004113197	-0.024	-0.352	2.044
1.87296795845	-0.084	0.108	-0.168
1.87590003014	0.048	0.104	-0.94
1.87882709503	0.048	0.104	-0.94
1.88175296783	-0.016	-0.18	2.044
1.88468003273	-0.016	-0.18	2.044
1.88765907288	0.012	-0.244	2.044
1.89058899879	0.012	-0.244	2.044
1.89351511002	-0.084	-0.052	-0.98
1.89644408226	-0.052	-0.012	-0.092
1.89937210083	-0.052	-0.012	-0.092
1.90230298042	-0.056	-0.392	2.044
1.90523099899	-0.056	-0.392	2.044
1.90815997124	-0.044	-0.188	1.44
1.91108703613	0.052	0.124	-1.352
1.91401410103	0.052	0.124	-1.352
1.9169459343	-0.04	-0.14	1.016
1.91987395287	-0.04	-0.14	1.016
1.92280101776	0.032	-0.356	2.044
1.92573308945	0.032	-0.356	2.044
1.92865896225	-0.084	-0.104	0.288
1.93158698082	0.04	0.08	-1.16
1.93451213837	0.04	0.08	-1.16
1.93744301796	-0.008	-0.176	2.044
1.9403719902	-0.008	-0.176	2.044
1.9432990551	-0.052	-0.292	2.044
1.94623208046	-0.052	-0.292	2.044
1.94916296005	-0.02	0.132	-0.704
1.95209002495	-0.036	0.084	-0.464
1.95501708984	-0.036	0.084	-0.464
1.95794916153	-0.128	-0.304	2.044
1.96087694168	-0.128	-0.304	2.044
1.96380496025	-0.076	-0.252	1.852
1.96673893929	-0.076	-0.252	1.852
1.96967697144	-0.084	0.016	-1.276
1.97260499001	-0.012	-0.076	0.58
1.97553896904	-0.012	-0.076	0.58
1.97846698761	0.0	-0.396	2.044
1.9813849926	0.0	-0.396	2.044
1.98430299759	0.032	-0.1	0.712
1.98722910881	0.032	-0.1	0.712
1.99015498161	-0.06	0.18	-1.312
1.99313116074	-0.008	-0.204	1.712
1.996062994	-0.008	-0.204	1.712
1.99899101257	0.008	-0.344	2.044
2.00191807747	0.008	-0.344	2.044
2.00484395027	-0.092	0.12	-0.368
2.00777697563	-0.092	0.12	-0.368
2.0107049942	0.084	0.068	-0.78
2.01363110542	0.028	-0.248	2.044
2.0165579319	0.028	-0.248	2.044
2.01948404312	-0.02	-0.256	2.044
2.02241110802	-0.02	-0.256	2.044
2.02533698082	-0.144	-0.004	-1.108
2.02827215195	-0.06	-0.032	0.132
2.03119802475	-0.06	-0.032	0.132
2.03412508965	-0.072	-0.384	2.044
2.03705811501	-0.072	-0.384	2.044
2.03998804092	-0.028	-0.156	1.16
2.04291605949	-0.028	-0.156	1.16
2.04585003853	0.084	0.112	-1.348
2.04877710342	-0.012	-0.156	1.284
2.05172514915	-0.012	-0.156	1.284
2.0546541214	0.056	-0.332	2.044
2.05758595467	0.056	-0.332	2.044
2.06051301956	-0.096	-0.136	0.04
2.06344103813	-0.096	-0.136	0.04
2.06637310982	0.036	0.056	-1.04
2.06929898262	-0.012	-0.26	2.044
2.07222604752	-0.012	-0.26	2.044
2.07515311241	-0.088	-0.296	2.044
2.07808709145	-0.088	-0.296	2.044
2.08101415634	0.108	0.128	-0.876
2.08394312859	0.108	0.128	-0.876
2.08687114716	-0.008	0.02	-0.264
2.08979916573	-0.076	-0.328	2.044
2.0927259922	-0.076	-0.328	2.044
2.09566116333	-0.056	-0.196	1.604
2.09858798981	-0.056	-0.196	1.604
2.10151600838	-0.076	0.052	-1.324
2.10444307327	-0.076	0.052	-1.324
2.10746216774	-0.02	-0.096	0.828
2.11039209366	-0.06	-0.392	2.044
2.1133210659	-0.06	-0.392	2.044
2.11625504494	0.016	-0.072	0.46
2.11918210983	0.016	-0.072	0.46
2.12210798264	-0.004	0.16	-1.22
2.12503504753	0.0	-0.22	1.96
2.12796211243	0.0	-0.22	1.96
2.13088703156	0.052	-0.324	2.044
2.13382411003	0.052	-0.324	2.044
2.1367521286	-0.048	0.08	-0.572
2.13968110085	-0.048	0.08	-0.572
2.14260816574	0.064	0.048	-0.588
2.14553999901	0.1	-0.304	2.044
2.1484670639	0.1	-0.304	2.044
2.1513941288	-0.052	-0.256	2.016
2.15432310104	-0.052	-0.256	2.016
2.15725111961	-0.1	0.028	-1.204
2.16017913818	-0.1	0.028	-1.204
2.16310715675	-0.028	-0.048	0.392
2.1660399437	-0.116	-0.348	2.044
2.16896796227	-0.116	-0.348	2.044
2.17189598083	-0.008	-0.124	0.928
2.17482614517	-0.008	-0.124	0.928
2.17776012421	0.084	0.08	-1.336
2.18068695068	0.084	0.08	-1.336
2.1836130619	0.008	-0.188	1.532
2.18654108047	0.028	-0.348	2.044
2.18946814537	0.028	-0.348	2.044
2.19239497185	-0.052	-0.088	-0.2
2.19532299042	-0.052	-0.088	-0.2
2.19825696945	0.068	0.064	-0.876
2.20118308067	0.068	0.064	-0.876
2.20411014557	-0.076	-0.316	2.044
2.2070441246	-0.096	-0.276	2.044
2.20997214317	-0.096	-0.276	2.044
2.21289896965	0.152	0.128	-1.032
2.21583604813	0.152	0.128	-1.032
2.21876311302	0.012	-0.032	-0.028
2.22169303894	0.012	-0.032	-0.028
2.22462010384	0.0	-0.352	2.044
2.22754406929	-0.032	-0.188	1.352
2.23047208786	-0.032	-0.188	1.352
2.23340010643	-0.068	0.088	-1.368
2.23633408546	-0.068	0.088	-1.368
2.23926115036	-0.028	-0.136	1.096
2.24218916893	-0.072	-0.38	2.044
2.24511599541	-0.072	-0.38	2.044
2.24804806709	0.06	-0.06	0.208
2.25097513199	0.06	-0.06	0.208
2.25390005112	0.04	0.136	-1.116
2.25682711601	0.04	0.136	-1.116
2.25975394249	0.072	-0.276	2.044
2.26272010803	0.044	-0.32	2.044
2.26565694809	0.044	-0.32	2.044
2.26858496666	-0.104	0.068	-0.744
2.2715139389	-0.104	0.068	-0.744
2.2744410038	0.028	0.0	-0.4
2.27743005753	0.028	0.0	-0.4
2.28035211563	0.068	-0.352	2.044
2.28327894211	-0.044	-0.232	1.776
2.28621411324	-0.044	-0.232	1.776
2.28914308548	0.032	0.036	-1.28
2.29206895828	0.032	0.036	-1.28
2.29499602318	0.0	-0.076	0.648
2.29792714119	0.0	-0.076	0.648
2.30084705353	-0.056	-0.312	2.044
2.3037750721	0.012	-0.1	0.64
2.30670714378	0.012	-0.1	0.64
2.30963301659	0.028	0.088	-1.28
2.3125629425	0.028	0.088	-1.28
2.31549501419	0.048	-0.184	1.788
2.31842207909	0.048	-0.184	1.788
2.32134795189	-0.024	-0.324	2.044
2.32427597046	0.048	-0.092	-0.416
2.32720899582	0.048	-0.092	-0.416
2.33013701439	0.04	0.044	-0.724
2.33306312561	0.04	0.044	-0.724
2.33598995209	-0.048	-0.3	2.044
2.33891105652	-0.044	-0.268	2.044
2.34183001518	-0.044	-0.268	2.044
2.34475016594	0.096	0.096	-1.14
2.34768104553	0.096	0.096	-1.14
2.3506090641	0.024	-0.048	0.212
2.3535349369	0.024	-0.048	0.212
2.35647296906	-0.032	-0.348	2.044
2.3594019413	-0.064	-0.156	1.096
2.36232995987	-0.064	-0.156	1.096
2.36525702477	-0.02	0.112	-1.352
2.36819005013	-0.02	0.112	-1.352
2.37111711502	-0.024	-0.164	1.356
2.3740439415	-0.024	-0.164	1.356
2.37697315216	-0.088	-0.332	2.044
2.37990999222	0.088	-0.004	-0.024
2.38283610344	0.088	-0.004	-0.024
2.38576316833	0.052	0.124	-1.008
2.38868999481	0.052	0.124	-1.008
2.39161610603	0.064	-0.312	2.044
2.39454293251	0.064	-0.312	2.044
2.39747405052	0.036	-0.308	2.044
2.40039896965	-0.076	0.12	-0.936
2.40333008766	-0.076	0.12	-0.936
2.40625905991	0.008	-0.028	-0.188
2.4091861248	0.008	-0.028	-0.188
2.4121119976	0.008	-0.356	2.044
2.41503810883	0.008	-0.356	2.044
2.4179661274	-0.072	-0.26	1.54
2.42089104652	0.072	0.04	-1.32
2.42381811142	0.072	0.04	-1.32
2.42675495148	0.008	-0.1	0.904
2.4296810627	0.008	-0.1	0.904
2.4326069355	-0.028	-0.328	2.044
2.43554115295	-0.028	-0.328	2.044
2.43846797943	0.044	-0.084	0.392
2.44139504433	-0.02	0.096	-1.208
2.44432210922	-0.02	0.096	-1.208
2.44726014137	0.096	-0.212	2.016
2.45018815994	0.096	-0.212	2.016
2.45311403275	-0.064	-0.332	2.044
2.45604300499	0.0	-0.048	-0.616
2.45896315575	0.0	-0.048	-0.616
2.46189212799	0.016	0.016	-0.552
2.46481800079	0.016	0.016	-0.552
2.4677491188	-0.032	-0.316	2.044
2.47067713737	-0.032	-0.316	2.044
2.47360396385	0.016	-0.232	1.972
2.47653698921	0.004	0.104	-1.244
2.47946405411	0.004	0.104	-1.244
2.482391119	0.0	-0.084	0.464
2.48531007767	0.0	-0.084	0.464
2.48823404312	-0.044	-0.348	2.044
2.49116015434	-0.044	-0.348	2.044
2.49409103394	-0.028	-0.128	0.84
2.49701905251	0.028	0.136	-1.324
2.4999461174	0.028	0.136	-1.324
2.50287294388	-0.048	-0.148	1.612
2.50580716133	-0.048	-0.148	1.612
2.50873613358	-0.084	-0.268	2.044
2.51166296005	-0.084	-0.268	2.044
2.51459097862	0.104	-0.072	-0.236
2.51752400398	0.036	0.112	-0.856
2.52045106888	0.036	0.112	-0.856
2.52337813377	0.096	-0.32	2.044
2.52631115913	0.096	-0.32	2.044
2.52923703194	0.004	-0.276	2.044
2.53216409683	0.004	-0.276	2.044
2.53509116173	-0.104	0.144	-1.06
2.53802514076	0.036	-0.044	0.032
2.54095101357	0.036	-0.044	0.032
2.5438849926	-0.028	-0.376	2.044
2.54682016373	-0.028	-0.376	2.044
2.5497469902	-0.076	-0.232	1.276
2.55267500877	-0.076	-0.232	1.276
2.55560803413	0.096	0.08	-1.344
2.55853414536	0.008	-0.12	1.164
2.56146001816	0.008	-0.12	1.164
2.56441807747	0.0	-0.352	2.044
2.5674071312	0.0	-0.352	2.044
2.57033109665	-0.032	-0.028	0.152
2.57325911522	-0.064	0.112	-1.1
2.57618904114	-0.064	0.112	-1.1
2.57911705971	-0.012	-0.228	2.044
2.58204507828	-0.012	-0.228	2.044
2.5849750042	-0.08	-0.32	2.044
2.58790612221	-0.08	-0.32	2.044
2.59083795547	0.076	-0.024	-0.784
2.59376502037	0.012	-0.02	-0.352
2.59669804573	0.012	-0.02	-0.352
2.59962511063	-0.012	-0.324	2.044
2.60255408287	-0.012	-0.324	2.044
2.60548710823	0.004	-0.216	1.724
2.60841393471	0.004	-0.216	1.724
2.6113409996	-0.048	0.12	-1.32
2.6142680645	-0.012	-0.104	0.708
2.61719703674	-0.012	-0.104	0.708
2.62012410164	-0.06	-0.36	2.044
2.62305212021	-0.06	-0.36	2.044
2.62599396706	-0.02	-0.14	0.568
2.62892794609	-0.02	-0.14	0.568
2.63185405731	-0.004	0.104	-1.264
2.63478207588	-0.076	-0.156	1.844
2.63771605492	-0.076	-0.156	1.844
2.64064407349	-0.06	-0.276	2.044
2.64357113838	-0.06	-0.276	2.044
2.64650297165	0.004	-0.08	-0.448
2.64943099022	0.004	-0.08	-0.448
2.65235805511	0.02	0.092	-0.692
2.65528512001	0.052	-0.336	2.044
2.65821313858	0.052	-0.336	2.044
2.66113901138	0.004	-0.268	2.044
2.6640651226	0.004	-0.268	2.044
2.66699814796	-0.104	0.168	-1.168
2.66992712021	0.008	-0.06	0.276
2.67285203934	0.008	-0.06	0.276
2.67578697205	-0.02	-0.396	2.044
2.67871499062	-0.02	-0.396	2.044
2.68164205551	-0.072	-0.22	1.024
2.68456912041	-0.072	-0.22	1.024
2.68750095367	0.088	0.124	-1.34
2.69042801857	-0.004	-0.116	1.42
2.69335508347	-0.004	-0.116	1.42
2.69628310204	-0.012	-0.36	2.044
2.69921112061	-0.012	-0.36	2.044
2.70213794708	-0.044	0.0	-0.096
2.70505809784	-0.044	0.0	-0.096
2.70799207687	-0.036	0.132	-0.968
2.71091914177	-0.032	-0.24	2.044
2.71384716034	-0.032	-0.24	2.044
2.71677899361	-0.068	-0.264	2.044
2.71971106529	-0.068	-0.264	2.044
2.72263813019	0.052	-0.068	-0.94
2.72557115555	0.052	-0.068	-0.94
2.72849798203	0.004	-0.016	-0.132
2.73142504692	0.036	-0.364	2.044
2.73435115814	0.036	-0.364	2.044
2.73727893829	-0.02	-0.192	1.468
2.74020600319	-0.02	-0.192	1.468
2.74313306808	-0.056	0.128	-1.372
2.74606704712	-0.056	0.128	-1.372
2.74899411201	-0.036	-0.128	0.968
2.75192093849	-0.06	-0.38	2.044
2.75484800339	-0.06	-0.38	2.044
2.75778102875	-0.072	-0.056	0.308
2.76070713997	-0.072	-0.056	0.308
2.76363396645	0.016	0.124	-1.18
2.76657009125	0.016	0.124	-1.18
2.76949715614	-0.128	-0.14	2.044
2.77242493629	-0.04	-0.272	2.044
2.77535200119	-0.04	-0.272	2.044
2.77832913399	0.008	-0.08	-0.66
2.78125715256	0.008	-0.08	-0.66
2.78418493271	-0.036	0.064	-0.492
2.78711414337	-0.02	-0.352	2.044
2.7900519371	-0.02	-0.352	2.044
2.79298114777	-0.032	-0.264	1.908
2.7959151268	-0.032	-0.264	1.908
2.79884409904	0.0	0.136	-1.248
2.80176305771	0.0	0.136	-1.248
2.80468201637	-0.008	-0.092	0.524
2.80761504173	0.016	-0.388	2.044
2.81055116653	0.016	-0.388	2.044
2.81347799301	-0.1	-0.136	0.744
2.81640601158	-0.1	-0.136	0.744
2.81933307648	0.016	0.128	-1.3
2.82226014137	0.016	0.128	-1.3
2.8251850605	0.012	-0.136	1.672
2.82811808586	-0.024	-0.356	2.044
2.83104610443	-0.024	-0.356	2.044
2.833974123	-0.152	0.084	-0.328
2.83690714836	-0.152	0.084	-0.328
2.83983612061	-0.016	0.132	-0.824
2.84276413918	-0.016	0.132	-0.824
2.84569597244	-0.048	-0.28	2.044
2.84862303734	-0.044	-0.26	2.044
2.85155200958	-0.044	-0.26	2.044
2.85448002815	0.008	-0.044	-1.084
2.85741901398	0.008	-0.044	-1.084
2.86034703255	0.0	-0.032	0.104
2.86326503754	0.0	-0.032	0.104
2.86618995667	0.076	-0.408	2.044
2.86911702156	0.016	-0.144	1.216
2.87206196785	0.016	-0.144	1.216
2.87498903275	-0.048	0.148	-1.364
2.87792205811	-0.048	0.148	-1.364
2.88085103035	-0.028	-0.12	1.236
2.88377904892	-0.076	-0.344	2.044
2.88671302795	-0.076	-0.344	2.044
2.88964104652	-0.08	-0.008	0.068
2.89256715775	-0.08	-0.008	0.068
2.89549994469	0.044	0.096	-1.072
2.89842605591	0.044	0.096	-1.072
2.90136313438	-0.056	-0.12	2.044
2.90432214737	-0.008	-0.252	2.044
2.90725302696	-0.008	-0.252	2.044
2.91018104553	-0.064	-0.052	-0.832
2.91310811043	-0.064	-0.052	-0.832
2.91604304314	-0.048	0.008	-0.28
2.91897010803	-0.048	0.008	-0.28
2.9219019413	-0.048	-0.364	2.044
2.92482995987	-0.064	-0.264	1.656
2.92776203156	-0.064	-0.264	1.656
2.93069005013	0.048	0.096	-1.316
2.93361616135	0.048	0.096	-1.316
2.9365439415	-0.032	-0.112	0.796
2.93947196007	-0.032	-0.112	0.796
2.94239902496	0.028	-0.38	2.044
2.94532608986	-0.08	-0.088	0.504
2.94826316833	-0.08	-0.088	0.504
2.95118999481	0.012	0.152	-1.268
2.95412611961	0.012	0.152	-1.268
2.95705914497	0.0	-0.176	1.912
2.95997810364	0.0	-0.176	1.912
2.96289801598	-0.072	-0.344	2.044
2.96583199501	-0.076	0.172	-0.54
2.96876001358	-0.076	0.172	-0.54
2.97168803215	0.0	0.104	-0.648
2.97460603714	0.0	0.104	-0.648
2.97753000259	-0.1	-0.28	2.044
2.98045802116	-0.1	-0.28	2.044
2.98338603973	-0.04	-0.284	2.044
2.9863140583	-0.116	-0.008	-1.184
2.98924303055	-0.116	-0.008	-1.184
2.99217510223	0.0	-0.056	0.344
2.99509596825	0.0	-0.056	0.344
2.998016119	0.04	-0.412	2.044
3.00094294548	0.02	-0.132	0.952
3.0038690567	0.02	-0.132	0.952
3.00679993629	-0.048	0.184	-1.34
3.00972795486	-0.048	0.184	-1.34
3.01265501976	0.024	-0.164	1.492
3.01558709145	0.024	-0.164	1.492
3.01851511002	0.036	-0.336	2.044
3.02144098282	-0.136	-0.004	-0.172
3.02436900139	-0.136	-0.004	-0.172
3.02730298042	0.068	0.076	-0.936
3.03022909164	0.068	0.076	-0.936
3.03315496445	0.048	-0.2	2.044
3.03609800339	0.048	-0.2	2.044
3.03902816772	-0.016	-0.26	2.044
3.04195594788	-0.044	0.032	-1.0
3.04487895966	-0.044	0.032	-1.0
3.0478079319	-0.056	-0.008	-0.08
3.05073714256	-0.056	-0.008	-0.08
3.05366396904	-0.132	-0.372	2.044
3.05659198761	-0.132	-0.372	2.044
3.05952000618	-0.064	-0.2	1.412
3.06244802475	0.076	0.084	-1.364
3.06544303894	0.076	0.084	-1.364
3.06837511063	-0.036	-0.136	1.044
3.0713031292	-0.036	-0.136	1.044
3.07423114777	0.024	-0.38	2.044
3.0771651268	0.024	-0.38	2.044
3.08008408546	0.0	-0.112	0.268
3.08299899101	0.0	0.096	-1.156
3.08591413498	0.0	0.096	-1.156
3.08883595467	-0.008	-0.244	2.044
3.09176301956	-0.008	-0.244	2.044
3.09469103813	-0.06	-0.316	2.044
3.09762406349	-0.06	-0.316	2.044
3.10055208206	0.024	0.18	-0.72
3.10347795486	0.016	0.06	-0.444
3.1064119339	0.016	0.06	-0.444
3.10933709145	-0.032	-0.296	2.044
3.11226511002	-0.032	-0.296	2.044
3.11519312859	-0.016	-0.212	1.816
3.1181371212	-0.184	0.024	-1.288
3.12106513977	-0.184	0.024	-1.288
3.12399411201	-0.032	-0.064	0.588
3.12693095207	-0.032	-0.064	0.588
3.12986302376	-0.06	-0.384	2.044
3.13279104233	-0.06	-0.384	2.044
3.13572406769	0.004	-0.096	0.676
3.13865113258	0.004	0.156	-1.296
3.14157605171	0.004	0.156	-1.296
3.14450311661	0.028	-0.188	1.74
3.14744615555	0.028	-0.188	1.74
3.1503739357	0.048	-0.308	2.044
3.15330004692	0.048	-0.308	2.044
3.15622711182	-0.1	0.0	-0.38
3.15914607048	0.08	0.04	-0.772
3.16207313538	0.08	0.04	-0.772
3.16499900818	0.044	-0.26	2.044
3.16793107986	0.044	-0.26	2.044
3.17085814476	-0.06	-0.252	2.044
3.17378807068	-0.06	-0.252	2.044
3.17671704292	-0.012	0.02	-1.1
3.17964410782	-0.044	-0.048	0.168
3.1825709343	-0.044	-0.048	0.168
3.18549799919	-0.112	-0.364	2.044
3.18842601776	-0.112	-0.364	2.044
3.19135403633	-0.076	-0.176	1.148
3.1942820549	-0.076	-0.176	1.148
3.19721508026	0.076	0.072	-1.36
3.20015096664	-0.012	-0.156	1.312
3.20307898521	-0.012	-0.156	1.312
3.20601296425	0.02	-0.376	2.044
3.20894002914	0.02	-0.376	2.044
3.21186614037	0.028	-0.1	0.028
3.21479201317	0.028	-0.1	0.028
3.21772313118	0.032	0.08	-1.028
3.2206530571	-0.044	-0.288	2.044
3.22358012199	-0.044	-0.288	2.044
3.22651314735	-0.084	-0.304	2.044
3.22943997383	-0.084	-0.304	2.044
3.2323679924	0.104	0.128	-0.888
3.23529410362	0.008	0.008	-0.236
3.23822498322	0.008	0.008	-0.236
3.24115014076	0.016	-0.34	2.044
3.24407696724	0.016	-0.34	2.044
3.24700903893	-0.02	-0.188	1.58
3.24993801117	-0.02	-0.188	1.58
3.25286912918	-0.108	0.06	-1.332
3.25580310822	0.0	-0.1	0.856
3.25872206688	0.0	-0.1	0.856
3.26163911819	-0.088	-0.36	2.044
3.26457095146	-0.088	-0.36	2.044
3.26750397682	0.04	-0.092	0.432
3.27043104172	0.04	-0.092	0.432
3.27335810661	0.024	0.124	-1.224
3.27629113197	0.104	-0.196	1.98
3.27921915054	0.104	-0.196	1.98
3.28215503693	0.072	-0.332	2.044
3.28512096405	0.072	-0.332	2.044
3.28805494308	-0.116	-0.016	-0.596
3.29098415375	-0.116	-0.016	-0.596
3.29391312599	0.04	0.024	-0.588
3.29683995247	0.008	-0.32	2.044
3.29976701736	0.008	-0.32	2.044
3.30269312859	-0.072	-0.244	2.004
3.30562710762	-0.072	-0.244	2.004
3.30855607986	0.084	0.044	-1.212
3.31148600578	0.084	0.044	-1.212
3.31441116333	-0.004	-0.056	0.4
3.31740903854	-0.072	-0.324	2.044
3.32037210464	-0.072	-0.324	2.044
3.3233089447	-0.008	-0.132	0.884
3.32624697685	-0.008	-0.132	0.884
3.32917714119	0.024	0.104	-1.324
3.33210611343	-0.032	-0.196	1.556
3.33503699303	-0.032	-0.196	1.556
3.33796906471	-0.068	-0.34	2.044
3.34089899063	-0.068	-0.34	2.044
3.3438270092	0.092	-0.016	-0.212
3.34675812721	0.092	-0.016	-0.212
3.34968709946	0.068	0.084	-0.868
3.35261416435	-0.032	-0.34	2.044
3.35555410385	-0.032	-0.34	2.044
3.3584830761	-0.024	-0.272	2.044
3.36141204834	-0.024	-0.272	2.044
3.36435413361	0.024	0.144	-1.04
3.36728215218	0.024	0.144	-1.04
3.37021112442	0.016	-0.032	-0.008
3.3731379509	0.024	-0.364	2.044
3.37606906891	0.024	-0.364	2.044
3.37898993492	-0.044	-0.188	1.324
3.38191103935	-0.044	-0.188	1.324
3.38483095169	-0.004	0.092	-1.376
3.38776516914	-0.004	0.092	-1.376
3.39069914818	-0.004	-0.124	1.112
3.39362716675	-0.072	-0.34	2.044
3.39656114578	-0.072	-0.34	2.044
3.39948105812	-0.02	-0.056	0.192
3.40240716934	-0.02	-0.056	0.192
3.40532708168	0.024	0.12	-1.104
3.40824913979	0.024	0.12	-1.104
3.4111700058	0.124	-0.252	2.044
3.41408896446	0.036	-0.34	2.044
3.41701316833	0.036	-0.34	2.044
3.41994309425	-0.084	0.048	-0.756
3.42287111282	-0.084	0.048	-0.756
3.42580604553	0.024	-0.032	-0.38
3.4287340641	-0.008	-0.364	2.044
3.431661129	-0.008	-0.364	2.044
3.43459105492	-0.056	-0.248	1.76
3.43752598763	-0.056	-0.248	1.76
3.44045495987	0.1	0.044	-1.288
3.44338297844	0.1	0.044	-1.288
3.44632816315	0.012	-0.076	0.668
3.44925713539	-0.008	-0.32	2.044
3.45218610764	-0.008	-0.32	2.044
3.45511507988	0.02	-0.096	0.612
3.45805907249	0.02	-0.096	0.612
3.4609849453	-0.016	0.092	-1.28
3.46393108368	-0.016	0.092	-1.28
3.46686697006	0.012	-0.208	1.816
3.46979403496	-0.104	-0.328	2.044
3.47272205353	-0.104	-0.328	2.044
3.47565698624	0.084	-0.08	-0.436
3.47858405113	0.084	-0.08	-0.436
3.48151302338	0.036	0.056	-0.712
3.48444008827	0.036	0.056	-0.712
3.48740005493	-0.004	-0.316	2.044
3.49032998085	-0.004	-0.252	2.044
3.49326205254	-0.004	-0.252	2.044
3.49620294571	-0.036	0.128	-1.16
3.49913311005	-0.036	0.128	-1.16
3.50206112862	0.048	-0.064	0.244
3.50498795509	0.048	-0.064	0.244
3.50792193413	-0.02	-0.364	2.044
3.5108499527	-0.044	-0.164	1.072
3.51377797127	-0.044	-0.164	1.072
3.51671409607	0.056	0.132	-1.344
3.51964116096	0.056	0.132	-1.344
3.52256894112	-0.016	-0.136	1.38
3.52550196648	-0.056	-0.328	2.044
3.5284409523	-0.056	-0.328	2.044
3.53137111664	0.02	-0.072	-0.052
3.53429794312	0.02	-0.072	-0.052
3.5372300148	0.02	0.128	-0.996
3.54015803337	0.02	0.128	-0.996
3.54308414459	0.108	-0.288	2.044
3.54603099823	0.004	-0.32	2.044
3.54895806313	0.004	-0.32	2.044
3.55188393593	-0.028	0.092	-0.932
3.55481410027	-0.028	0.092	-0.932
3.5577480793	0.02	-0.02	-0.18
3.5606751442	0.02	-0.02	-0.18
3.56360316277	-0.012	-0.352	2.044
3.5665371418	-0.048	-0.264	1.528
3.56946516037	-0.048	-0.264	1.528
3.57239413261	0.068	0.064	-1.34
3.57532000542	0.068	0.064	-1.34
3.57825112343	-0.008	-0.104	0.924
3.58117103577	-0.008	-0.104	0.924
3.58409309387	-0.024	-0.34	2.044
3.58702015877	0.02	-0.048	0.364
3.58995199203	0.02	-0.048	0.364
3.59287905693	-0.06	0.112	-1.204
3.59581494331	-0.06	0.112	-1.204
3.59874296188	-0.048	-0.224	2.044
3.60167098045	-0.048	-0.224	2.044
3.60459899902	-0.108	-0.296	2.044
3.60753393173	0.08	-0.072	-0.628
3.61047410965	0.08	-0.072	-0.628
3.61340212822	0.012	0.028	-0.536
3.6163289547	0.012	0.028	-0.536
3.61925697327	0.0	-0.344	2.044
3.62217497826	0.0	-0.344	2.044
3.62509512901	0.04	-0.252	1.944
3.62803316116	-0.12	0.164	-1.264
3.63096213341	-0.12	0.164	-1.264
3.63389015198	-0.02	-0.092	0.484
3.63682508469	-0.02	-0.092	0.484
3.63975310326	-0.036	-0.388	2.044
3.64268302917	-0.072	-0.168	0.804
3.64561700821	-0.072	-0.168	0.804
3.64854598045	0.076	0.112	-1.304
3.65147399902	0.076	0.112	-1.304
3.65440106392	0.008	-0.112	1.624
3.65732908249	0.008	-0.112	1.624
3.66025900841	-0.016	-0.3	2.044
3.66318798065	-0.016	-0.096	-0.268
3.6661260128	-0.016	-0.096	-0.268
3.66905903816	-0.016	0.132	-0.844
3.67198705673	-0.016	0.132	-0.844
3.67492008209	0.06	-0.312	2.044
3.67785310745	0.06	-0.312	2.044
3.68078112602	-0.048	-0.28	2.044
3.68370914459	-0.004	0.088	-1.068
3.68664312363	-0.004	0.088	-1.068
3.68957209587	0.044	-0.06	0.088
3.69250893593	0.044	-0.06	0.088
3.69544315338	0.028	-0.376	2.044
3.69837093353	0.028	-0.376	2.044
3.70129799843	-0.044	-0.2	1.256
3.70423412323	0.02	0.108	-1.364
3.70716905594	0.02	0.108	-1.364
3.71009707451	0.0	-0.128	1.188
3.71301603317	0.0	-0.128	1.188
3.71598410606	-0.052	-0.352	2.044
3.7189180851	-0.052	-0.352	2.044
3.72184801102	0.004	0.036	0.112
3.72477507591	-0.04	0.128	-1.116
3.72770905495	-0.04	0.128	-1.116
3.73063898087	-0.12	-0.18	2.044
3.73356604576	-0.12	-0.18	2.044
3.73649716377	-0.068	-0.264	2.044
3.73942613602	0.056	-0.124	-0.812
3.74235415459	0.056	-0.124	-0.812
3.74528503418	-0.004	0.0	-0.336
3.74821209908	-0.004	0.0	-0.336
3.75113201141	0.036	-0.328	2.044
3.75407409668	0.036	-0.328	2.044
3.75700807571	0.032	-0.208	1.696
3.75993394852	-0.084	0.152	-1.312
3.76287508011	-0.084	0.152	-1.312
3.76581215858	-0.044	-0.112	0.748
3.76874113083	-0.044	-0.112	0.748
3.77167010307	-0.052	-0.368	2.044
3.77460813522	-0.052	-0.368	2.044
3.77753996849	-0.108	-0.132	0.544
3.78045916557	0.028	0.112	-1.24
3.78337693214	0.028	0.112	-1.24
3.78630399704	-0.032	-0.128	1.88
3.78923606873	-0.032	-0.128	1.88
3.79216504097	-0.024	-0.316	2.044
3.79509401321	-0.024	-0.316	2.044
3.79802799225	-0.084	-0.012	-0.5
3.80095505714	-0.024	0.112	-0.668
3.80388498306	-0.024	0.112	-0.668
3.80682015419	-0.048	-0.336	2.044
3.80975294113	-0.048	-0.336	2.044
3.8126809597	-0.064	-0.276	2.044
3.81561613083	-0.064	-0.276	2.044
3.81854605675	0.044	0.072	-1.18
3.82147312164	0.012	-0.056	0.312
3.82439994812	0.012	-0.056	0.312
3.82732701302	0.064	-0.392	2.044
3.83025598526	0.064	-0.392	2.044
3.8331849575	-0.052	-0.168	0.992
3.83612012863	-0.052	-0.168	0.992
3.8390481472	-0.048	0.14	-1.348
3.84198904037	-0.004	-0.136	1.452
3.84491801262	-0.004	-0.136	1.452
3.84785199165	-0.04	-0.372	2.044
3.85078310966	-0.04	-0.372	2.044
3.85370993614	-0.084	0.12	-0.124
3.85665202141	0.016	0.124	-0.94
3.85958003998	0.016	0.124	-0.94
3.86250710487	-0.06	-0.176	2.044
3.86544108391	-0.06	-0.176	2.044
3.86837005615	-0.008	-0.24	2.044
3.87129807472	-0.008	-0.24	2.044
3.87422704697	-0.088	-0.076	-0.98
3.877161026	-0.048	-0.02	-0.104
3.88011693954	-0.048	-0.02	-0.104
3.88304710388	-0.012	-0.404	2.044
3.88598108292	-0.012	-0.404	2.044
3.88890910149	0.004	-0.192	1.44
3.89183712006	0.004	-0.192	1.44
3.89476299286	0.016	0.136	-1.36
3.89769601822	-0.032	-0.136	1.012
3.90062904358	-0.032	-0.136	1.012
3.90355706215	0.004	-0.348	2.044
3.90648698807	0.004	-0.348	2.044
3.90941309929	-0.104	-0.104	0.284
3.91234016418	-0.104	-0.104	0.284
3.91526913643	0.044	0.084	-1.16
3.91820216179	-0.028	-0.16	2.044
3.92112898827	-0.028	-0.16	2.044
3.92405605316	-0.052	-0.3	2.044
3.92698907852	-0.052	-0.3	2.044
3.92991614342	-0.048	0.12	-0.7
3.93284511566	-0.048	0.12	-0.7
3.93577814102	-0.052	0.076	-0.464
3.93871712685	-0.116	-0.316	2.044
3.94164800644	-0.116	-0.316	2.044
3.94457697868	-0.072	-0.264	1.86
3.94751095772	-0.072	-0.264	1.86
3.95044398308	-0.004	0.02	-1.268
3.95337104797	0.004	-0.08	0.568
3.95630002022	0.004	-0.08	0.568
3.95922803879	0.048	-0.408	2.044
3.96216011047	0.048	-0.408	2.044
3.96509408951	-0.02	-0.096	0.716
3.96802306175	-0.02	-0.096	0.716
3.97095704079	-0.068	0.176	-1.312
3.97388505936	-0.024	-0.208	1.704
3.97681093216	-0.024	-0.208	1.704
3.97973513603	-0.024	-0.352	2.044
3.98265504837	-0.024	-0.352	2.044
3.98557901382	-0.108	0.156	-0.376
3.98851108551	-0.108	0.156	-0.376
3.9914431572	0.072	0.096	-0.788
3.99437308311	0.016	-0.236	2.044
3.99730205536	0.016	-0.236	2.044
4.00022912025	0.004	-0.232	2.044
4.00315594673	0.004	-0.232	2.044
4.00609016418	-0.152	-0.024	-1.108
4.0090200901	-0.152	-0.024	-1.108
4.0119509697	-0.052	-0.036	0.136
4.01487803459	-0.056	-0.396	2.044
4.0178129673	-0.056	-0.396	2.044
4.02075409889	-0.028	-0.176	1.176
4.02368211746	-0.028	-0.176	1.176
4.02661895752	0.072	0.104	-1.36
4.02954602242	0.072	0.104	-1.36
4.03247308731	-0.02	-0.14	1.296
4.03540706635	0.04	-0.328	2.044
4.03833699226	0.04	-0.328	2.044
4.04126501083	-0.1	-0.116	0.044
4.04419398308	-0.1	-0.116	0.044
4.04712700844	0.08	0.064	-1.044
4.05005407333	0.052	-0.212	2.044
4.05298304558	0.052	-0.212	2.044
4.05591201782	-0.06	-0.28	2.044
4.05884194374	-0.06	-0.28	2.044
4.06176996231	0.076	0.132	-0.856
4.06469702721	0.076	0.132	-0.856
4.06763100624	-0.024	0.032	-0.264
4.07055902481	-0.108	-0.324	2.044
4.07348704338	-0.108	-0.324	2.044
4.07642197609	-0.072	-0.224	1.616
4.07934999466	-0.072	-0.224	1.616
4.08228206635	-0.056	0.052	-1.344
4.08521008492	-0.056	0.052	-1.344
4.08815598488	-0.012	-0.1	0.816
4.09108614922	-0.032	-0.396	2.044
4.09401297569	-0.032	-0.396	2.044
4.09694194794	0.016	-0.072	0.46
4.09986901283	0.016	-0.072	0.46
4.10280513763	-0.02	0.152	-1.228
4.10574007034	-0.02	0.152	-1.228
4.10866999626	-0.028	-0.24	1.948
4.11159801483	-0.008	-0.316	2.044
4.1145260334	-0.008	-0.316	2.044
4.11746096611	-0.02	0.124	-0.564
4.12038898468	-0.02	0.124	-0.564
4.12331700325	0.06	0.064	-0.604
4.12625193596	0.06	0.064	-0.604
4.12918305397	0.092	-0.276	2.044
4.13211202621	-0.02	-0.264	2.028
4.13503909111	-0.02	-0.264	2.028
4.13799405098	-0.136	0.02	-1.208
4.14092206955	-0.136	0.02	-1.208
4.14384913445	-0.036	-0.04	0.376
4.14678502083	-0.036	-0.04	0.376
4.1497130394	-0.092	-0.364	2.044
4.15264415741	-0.028	-0.152	0.908
4.155575037	-0.028	-0.152	0.908
4.15850305557	0.088	0.132	-1.348
4.16142916679	0.088	0.132	-1.348
4.16435599327	0.02	-0.192	1.528
4.16728901863	0.052	-0.34	2.044
4.17022895813	0.052	-0.34	2.044
4.17316102982	-0.088	-0.096	-0.196
4.17609095573	-0.088	-0.096	-0.196
4.17901301384	0.056	0.06	-0.904
4.1819319725	0.056	0.06	-0.904
4.18486213684	-0.064	-0.312	2.044
4.18779611588	-0.088	-0.28	2.044
4.19073009491	-0.088	-0.28	2.044
4.19365811348	0.168	0.12	-1.024
4.19659209251	0.168	0.12	-1.024
4.19957995415	0.008	-0.028	-0.036
4.20251202583	0.008	-0.028	-0.036
4.20544600487	-0.004	-0.348	2.044
4.20837497711	-0.04	-0.176	1.352
4.21130394936	-0.04	-0.176	1.352
4.21423196793	-0.056	0.084	-1.364
4.21716094017	-0.056	0.084	-1.364
4.22009396553	-0.012	-0.124	1.084
4.22302293777	-0.012	-0.124	1.084
4.22595715523	-0.084	-0.388	2.044
4.22888708115	0.076	-0.072	0.212
4.23181295395	0.076	-0.072	0.212
4.23474311829	0.02	0.144	-1.132
4.23767614365	0.02	0.144	-1.132
4.24060297012	0.044	-0.284	2.044
4.24353098869	0.044	-0.284	2.044
4.24646306038	0.028	-0.32	2.044
4.24939107895	-0.092	0.104	-0.748
4.25232005119	-0.092	0.104	-0.748
4.25524806976	0.04	0.016	-0.4
4.2581911087	0.04	0.016	-0.4
4.26111698151	0.096	-0.336	2.044
4.26406216621	-0.04	-0.24	1.788
4.26700901985	-0.04	-0.24	1.788
4.2699379921	-0.012	0.044	-1.276
4.27286505699	-0.012	0.044	-1.276
4.27579903603	-0.016	-0.06	0.652
4.2787270546	-0.016	-0.06	0.652
4.28165411949	-0.076	-0.316	2.044
4.28458309174	-0.04	-0.112	0.656
4.28751802444	-0.04	-0.112	0.656
4.29044699669	0.052	0.088	-1.284
4.29337406158	0.052	0.088	-1.284
4.29630899429	0.064	-0.176	1.788
4.29923796654	0.064	-0.176	1.788
4.30216503143	0.02	-0.316	2.044
4.30509114265	0.02	-0.096	-0.4
4.30802607536	0.02	-0.096	-0.4
4.31095600128	0.024	0.036	-0.732
4.3138821125	0.024	0.036	-0.732
4.31681609154	-0.068	-0.296	2.044
4.31974506378	-0.068	-0.296	2.044
4.32267403603	-0.1	-0.268	2.044
4.32560801506	0.108	0.092	-1.14
4.32853507996	0.108	0.092	-1.14
4.33146309853	0.004	-0.052	0.208
4.33438897133	0.004	-0.052	0.208
4.33731603622	-0.036	-0.308	2.044
4.34024405479	-0.036	-0.308	2.044
4.34317207336	-0.032	-0.152	1.096
4.34610295296	0.012	0.1	-1.356
4.34903907776	0.012	0.1	-1.356
4.35196709633	-0.016	-0.168	1.352
4.35490012169	-0.016	-0.168	1.352
4.35783600807	-0.06	-0.356	2.044
4.36076498032	0.084	0.0	-0.036
4.36368513107	0.084	0.0	-0.036
4.3666100502	0.048	0.128	-1.004
4.3695371151	0.048	0.128	-1.004
4.37246394157	0.004	-0.332	2.044
4.37539601326	0.004	-0.332	2.044
4.37832403183	0.02	-0.3	2.044
4.38124608994	-0.044	0.144	-0.916
4.38417696953	-0.044	0.144	-0.916
4.38710212708	0.016	-0.02	-0.2
4.39004611969	0.016	-0.02	-0.2
4.39297699928	0.06	-0.368	2.044
4.39590907097	0.06	-0.368	2.044
4.39882993698	-0.056	-0.268	1.548
4.40175294876	0.04	0.048	-1.324
4.40467095375	0.04	0.048	-1.324
4.40760302544	0.008	-0.088	0.9
4.41053795815	0.008	-0.088	0.9
4.41346502304	-0.024	-0.304	2.044
4.41639399529	-0.024	-0.304	2.044
4.4193251133	-0.004	-0.072	0.392
4.42225313187	-0.016	0.084	-1.204
4.42518115044	-0.016	0.084	-1.204
4.42811799049	0.1	-0.204	2.016
4.43105697632	0.1	-0.204	2.016
4.43398404121	-0.036	-0.34	2.044
4.43691897392	-0.036	-0.34	2.044
4.43984699249	0.0	-0.052	-0.6
4.44277000427	0.02	0.016	-0.544
4.44570612907	0.02	0.016	-0.544
4.44863295555	-0.04	-0.32	2.044
4.45156216621	-0.04	-0.32	2.044
4.45448899269	0.008	-0.236	1.972
4.45742416382	0.008	-0.236	1.972
4.46035194397	0.036	0.096	-1.244
4.46327805519	0.012	-0.084	0.484
4.46622109413	0.012	-0.084	0.484
4.46914815903	-0.052	-0.344	2.044
4.47208404541	-0.052	-0.344	2.044
4.47501707077	-0.044	-0.144	0.84
4.47795200348	-0.004	0.128	-1.316
4.48088002205	-0.004	0.128	-1.316
4.48380708694	-0.06	-0.168	1.6
4.48674106598	-0.06	-0.168	1.6
4.48967003822	-0.092	-0.276	2.044
4.49260306358	-0.092	-0.276	2.044
4.49553608894	0.096	-0.064	-0.256
4.49846506119	0.06	0.124	-0.876
4.50139212608	0.06	0.124	-0.876
4.50433111191	0.096	-0.324	2.044
4.50726509094	0.096	-0.324	2.044
4.51019215584	0.02	-0.284	2.044
4.51312804222	0.02	-0.284	2.044
4.51606202126	-0.08	0.152	-1.068
4.5189909935	0.028	-0.044	0.036
4.52191710472	0.028	-0.044	0.036
4.5248439312	-0.02	-0.38	2.044
4.527780056	-0.02	-0.38	2.044
4.53070902824	-0.092	-0.22	1.288
4.53363704681	-0.092	-0.22	1.288
4.53657007217	0.056	0.096	-1.332
4.53949999809	0.008	-0.112	1.16
4.54242706299	0.008	-0.112	1.16
4.54535412788	0.0	-0.332	2.044
4.54834914207	0.0	-0.332	2.044
4.55127000809	-0.016	-0.036	0.16
4.55421113968	-0.016	-0.036	0.16
4.55714511871	-0.064	0.12	-1.1
4.56008696556	0.0	-0.244	2.044
4.56300711632	0.0	-0.244	2.044
4.56593298912	-0.088	-0.324	2.044
4.56886196136	-0.088	-0.324	2.044
4.57179093361	0.072	-0.06	-0.788
4.57471895218	0.004	-0.02	-0.348
4.57764911652	0.004	-0.02	-0.348
4.58056998253	-0.028	-0.336	2.044
4.58349299431	-0.028	-0.336	2.044
4.5864200592	-0.012	-0.232	1.724
4.5893509388	-0.012	-0.232	1.724
4.59228110313	-0.016	0.104	-1.316
4.59522008896	0.0	-0.096	0.716
4.59814715385	0.0	-0.096	0.716
4.60106611252	-0.028	-0.356	2.044
4.60399603844	-0.028	-0.356	2.044
4.60693097115	-0.008	-0.128	0.572
4.60985898972	-0.008	-0.128	0.572
4.61278700829	0.0	0.104	-1.26
4.61571216583	-0.072	-0.176	1.848
4.61864495277	-0.072	-0.176	1.848
4.62157416344	-0.096	-0.272	2.044
4.62450098991	-0.096	-0.272	2.044
4.62743997574	-0.004	-0.084	-0.444
4.63037014008	-0.004	-0.084	-0.444
4.63329911232	0.024	0.088	-0.684
4.63623404503	0.056	-0.324	2.044
4.63916015625	0.056	-0.324	2.044
4.64210009575	0.028	-0.268	2.044
4.64502906799	0.028	-0.268	2.044
4.64796209335	-0.068	0.144	-1.184
4.65089297295	-0.068	0.144	-1.184
4.65382099152	0.02	-0.06	0.284
4.65674805641	-0.024	-0.388	2.044
4.65967702866	-0.024	-0.388	2.044
4.66260504723	-0.1	-0.196	1.008
4.66553902626	-0.1	-0.196	1.008
4.66846895218	0.076	0.124	-1.344
4.67139601707	-0.008	-0.116	1.416
4.67432808876	-0.008	-0.116	1.416
4.67727303505	-0.012	-0.34	2.044
4.68021297455	-0.012	-0.34	2.044
4.68314313889	-0.048	-0.036	-0.084
4.68607902527	-0.048	-0.036	-0.084
4.68900704384	-0.04	0.132	-0.972
4.69193696976	0.0	-0.256	2.044
4.69485497475	0.0	-0.256	2.044
4.69778108597	-0.092	-0.268	2.044
4.70071005821	-0.092	-0.268	2.044
4.70363807678	0.036	-0.056	-0.948
4.70657300949	0.036	-0.056	-0.948
4.70950007439	0.024	-0.02	-0.136
4.71242809296	0.044	-0.364	2.044
4.71535611153	0.044	-0.364	2.044
4.71835613251	-0.008	-0.168	1.472
4.72128605843	-0.008	-0.168	1.472
4.72421503067	-0.068	0.132	-1.356
4.7271490097	-0.068	0.132	-1.356
4.73009610176	-0.036	-0.128	0.972
4.73302507401	-0.06	-0.4	2.044
4.73595809937	-0.06	-0.4	2.044
4.73888802528	-0.076	-0.06	0.32
4.74181509018	-0.076	-0.06	0.32
4.74479293823	0.024	0.12	-1.18
4.74772906303	0.024	0.12	-1.18
4.75065612793	-0.132	-0.148	2.044
4.75358605385	-0.024	-0.28	2.044
4.75651407242	-0.024	-0.28	2.044
4.75945711136	0.016	-0.076	-0.66
4.76238703728	0.016	-0.076	-0.66
4.76531815529	-0.036	0.06	-0.5
4.76824402809	-0.036	-0.324	2.044
4.77117395401	-0.036	-0.324	2.044
4.77410411835	-0.06	-0.264	1.896
4.77703404427	-0.06	-0.264	1.896
4.77995610237	-0.008	0.132	-1.244
4.78287696838	-0.008	0.132	-1.244
4.78580212593	-0.012	-0.092	0.54
4.78873300552	0.036	-0.392	2.044
4.79166102409	0.036	-0.392	2.044
4.79458999634	-0.088	-0.132	0.76
4.79752516747	-0.088	-0.132	0.76
4.80046701431	-0.008	0.12	-1.312
4.80339813232	-0.008	0.12	-1.312
4.80632710457	0.016	-0.152	1.692
4.80926012993	-0.036	-0.372	2.044
4.81219100952	-0.036	-0.372	2.044
4.81511902809	-0.164	0.1	-0.324
4.81806397438	-0.164	0.1	-0.324
4.82099795341	-0.008	0.14	-0.812
4.82392597198	-0.008	0.14	-0.812
4.82685804367	-0.084	-0.272	2.044
4.82978510857	-0.044	-0.26	2.044
4.83271408081	-0.044	-0.26	2.044
4.83564901352	-0.016	-0.04	-1.084
4.83857703209	-0.016	-0.04	-1.084
4.84153008461	0.004	-0.036	0.104
4.84445714951	0.004	-0.036	0.104
4.84741902351	0.088	-0.42	2.044
4.85034799576	0.02	-0.144	1.216
4.85327410698	0.02	-0.144	1.216
4.85620594025	-0.04	0.148	-1.372
4.85914802551	-0.04	0.148	-1.372
4.86207604408	-0.012	-0.128	1.22
4.86500406265	-0.064	-0.34	2.044
4.86793804169	-0.064	-0.34	2.044
4.87086701393	-0.08	0.0	0.056
4.87378811836	-0.08	0.0	0.056
4.87670898438	0.04	0.088	-1.06
4.87963604927	0.04	0.088	-1.06
4.88256502151	-0.064	-0.14	2.044
4.88552308083	-0.004	-0.26	2.044
4.88845705986	-0.004	-0.26	2.044
4.89138698578	-0.048	-0.032	-0.844
4.89431595802	-0.048	-0.032	-0.844
4.89724516869	-0.056	0.012	-0.284
4.90017795563	-0.056	0.012	-0.284
4.90310716629	-0.048	-0.36	2.044
4.90603804588	-0.056	-0.264	1.652
4.90896701813	-0.056	-0.264	1.652
4.9118950367	0.084	0.08	-1.312
4.91482305527	0.084	0.08	-1.312
4.91775608063	-0.036	-0.112	0.78
4.9206840992	-0.036	-0.112	0.78
4.9236240387	0.032	-0.376	2.044
4.9265601635	-0.072	-0.084	0.496
4.92948794365	-0.072	-0.084	0.496
4.93241596222	-0.02	0.148	-1.26
4.93534302711	-0.02	0.148	-1.26
4.93827915192	-0.028	-0.192	1.916
4.94121003151	-0.028	-0.192	1.916
4.94413805008	-0.092	-0.348	2.044
4.94707608223	-0.076	0.18	-0.536
4.95000505447	-0.076	0.18	-0.536
4.95293402672	0.008	0.116	-0.636
4.95586800575	0.008	0.116	-0.636
4.95879507065	-0.08	-0.284	2.044
4.96172213554	-0.024	-0.288	2.044
4.96465110779	-0.024	-0.288	2.044
4.9675860405	-0.104	-0.008	-1.192
4.97051715851	-0.104	-0.008	-1.192
4.97344493866	-0.004	-0.06	0.344
4.97637414932	-0.004	-0.06	0.344
4.97929406166	0.024	-0.404	2.044
4.98221302032	0.008	-0.128	0.96
4.98513197899	0.008	-0.128	0.96
4.98806405067	-0.036	0.172	-1.344
4.99100112915	-0.036	0.172	-1.344
4.99393010139	0.032	-0.176	1.504
4.99685907364	0.032	-0.176	1.504
4.99978613853	0.036	-0.324	2.044
