Timestamp 	 X-Axis 	 Y-Axis 	 Z-Axis
0.00029993057251	-0.14	0.052	-1.3
0.00309705734253	0.0	-0.068	0.652
0.00570583343506	0.0	-0.068	0.652
0.00830698013306	-0.016	-0.392	2.044
0.0109159946442	-0.016	-0.392	2.044
0.0135719776154	-0.012	-0.104	0.62
0.0161800384521	-0.012	-0.104	0.62
0.018786907196	0.072	0.108	-1.272
0.0213928222656	0.072	0.108	-1.272
0.0240118503571	0.024	-0.208	1.816
0.0266189575195	0.024	-0.208	1.816
0.0292248725891	0.052	-0.328	2.044
0.0319349765778	0.052	-0.328	2.044
0.0345458984375	-0.02	-0.092	-0.432
0.0371739864349	-0.02	-0.092	-0.432
0.0397808551788	0.032	0.04	-0.692
0.042387008667	0.032	0.04	-0.692
0.044998884201	0.048	-0.248	2.044
0.0476050376892	0.048	-0.248	2.044
0.0502099990845	-0.072	-0.228	2.044
0.0528159141541	-0.072	-0.228	2.044
0.0554230213165	0.088	0.096	-1.152
0.0580289363861	0.088	0.096	-1.152
0.0606319904327	0.0	-0.056	0.244
0.0632350444794	0.0	-0.056	0.244
0.065840959549	-0.076	-0.344	2.044
0.0684640407562	-0.076	-0.344	2.044
0.0710768699646	-0.052	-0.172	1.056
0.0737059116364	-0.052	-0.172	1.056
0.0763230323792	0.012	0.084	-1.352
0.0789408683777	0.012	0.084	-1.352
0.081552028656	-0.004	-0.172	1.38
0.0841670036316	-0.004	-0.34	2.044
0.0867788791656	-0.004	-0.34	2.044
0.0893929004669	0.06	0.004	-0.06
0.0920100212097	0.06	0.004	-0.06
0.0946278572083	0.06	0.1	-0.988
0.0972399711609	0.06	0.1	-0.988
0.0998518466949	-0.04	-0.312	2.044
0.102473020554	-0.04	-0.312	2.044
0.105085849762	-0.04	-0.316	2.044
0.107699871063	-0.04	-0.316	2.044
0.11031293869	-0.008	0.136	-0.956
0.112931966782	-0.008	0.136	-0.956
0.115545034409	0.028	-0.008	-0.16
0.118173837662	0.028	-0.008	-0.16
0.120786905289	0.036	-0.328	2.044
0.123417854309	0.036	-0.328	2.044
0.126030921936	-0.068	-0.18	1.5
0.128640890121	-0.068	-0.18	1.5
0.131250858307	-0.08	0.104	-1.348
0.133869886398	-0.08	0.104	-1.348
0.136482954025	-0.02	-0.104	0.944
0.139096975327	-0.02	-0.104	0.944
0.141710042953	-0.028	-0.36	2.044
0.144328832626	-0.028	-0.36	2.044
0.146950960159	-0.004	-0.12	0.36
0.149564027786	-0.004	-0.12	0.36
0.152183055878	0.044	0.088	-1.196
0.154806852341	0.044	0.088	-1.196
0.157428026199	0.06	-0.208	2.044
0.160042047501	0.06	-0.208	2.044
0.162662029266	0.008	-0.32	2.044
0.1652739048	0.008	-0.32	2.044
0.16788482666	-0.032	-0.112	-0.628
0.170500040054	-0.032	-0.112	-0.628
0.173120975494	0.016	0.024	-0.516
0.175734043121	0.016	0.024	-0.516
0.178345918655	0.02	-0.276	2.044
0.180956840515	-0.008	-0.232	1.92
0.183574914932	-0.008	-0.232	1.92
0.186188936234	0.076	0.096	-1.244
0.188801050186	0.076	0.096	-1.244
0.191426038742	-0.028	-0.064	0.496
0.194044828415	-0.028	-0.064	0.496
0.196658849716	-0.092	-0.32	2.044
0.199275016785	-0.092	-0.32	2.044
0.20189499855	-0.1	-0.148	0.768
0.204507827759	-0.1	-0.148	0.768
0.207120895386	-0.036	0.124	-1.32
0.209733963013	-0.036	0.124	-1.32
0.21234703064	-0.008	-0.192	1.64
0.214961051941	-0.008	-0.192	1.64
0.217573881149	-0.016	-0.32	2.044
0.220196008682	-0.016	-0.32	2.044
0.222815036774	0.144	0.0	-0.288
0.225419998169	0.144	0.0	-0.288
0.228023052216	0.056	0.076	-0.836
0.23063492775	0.056	0.076	-0.836
0.233264923096	-0.024	-0.312	2.044
0.235879898071	-0.024	-0.312	2.044
0.238500833511	-0.048	-0.3	2.044
0.241113901138	-0.048	-0.3	2.044
0.243733882904	-0.092	0.104	-1.084
0.246346950531	-0.092	0.104	-1.084
0.248960971832	0.02	-0.048	0.084
0.251571893692	0.02	-0.048	0.084
0.254189014435	-0.016	-0.388	2.044
0.256801843643	-0.016	-0.388	2.044
0.259413957596	-0.024	-0.136	1.236
0.262033939362	-0.024	-0.136	1.236
0.264646053314	0.024	0.116	-1.352
0.267257928848	0.024	0.116	-1.352
0.269868850708	0.0	-0.108	1.208
0.272479057312	0.0	-0.108	1.208
0.275082826614	-0.028	-0.356	2.044
0.277694940567	-0.128	-0.056	0.092
0.280315876007	-0.128	-0.056	0.092
0.282935857773	-0.012	0.132	-1.084
0.2855489254	-0.012	0.132	-1.084
0.288161993027	0.1	-0.264	2.044
0.290772914886	0.1	-0.264	2.044
0.29340004921	-0.016	-0.296	2.044
0.296012878418	-0.016	-0.296	2.044
0.298626899719	0.076	-0.044	-0.82
0.301239013672	0.076	-0.044	-0.82
0.303855895996	0.0	-0.016	-0.3
0.306460857391	0.0	-0.016	-0.3
0.309063911438	-0.052	-0.3	2.044
0.311676025391	-0.052	-0.3	2.044
0.314295053482	0.004	-0.236	1.672
0.316905021667	0.004	-0.236	1.672
0.319519996643	0.0	0.096	-1.34
0.322129964828	0.0	0.096	-1.34
0.324734926224	-0.024	-0.092	0.776
0.327347993851	-0.024	-0.092	0.776
0.329960823059	-0.032	-0.304	2.044
0.332577943802	-0.032	-0.304	2.044
0.335191011429	-0.076	-0.08	0.508
0.337803840637	-0.076	-0.08	0.508
0.34041595459	-0.04	0.124	-1.252
0.343034982681	-0.04	0.124	-1.252
0.345646858215	-0.008	-0.212	1.924
0.348258972168	-0.008	-0.212	1.924
0.350870847702	-0.052	-0.32	2.044
0.353525876999	-0.052	-0.32	2.044
0.356138944626	0.028	-0.04	-0.5
0.358747959137	0.028	-0.04	-0.5
0.361359834671	0.008	0.048	-0.644
0.363976955414	0.008	0.048	-0.644
0.366597890854	0.052	-0.344	2.044
0.369210004807	0.052	-0.344	2.044
0.371820926666	-0.008	-0.26	2.044
0.374465942383	-0.052	0.092	-1.184
0.37707901001	-0.052	0.092	-1.184
0.379691839218	0.012	-0.088	0.344
0.382308959961	0.012	-0.088	0.344
0.384919881821	-0.048	-0.396	2.044
0.387532949448	-0.048	-0.396	2.044
0.390147924423	0.028	-0.136	0.96
0.392766952515	0.028	-0.136	0.96
0.395378828049	0.028	0.124	-1.348
0.397991895676	0.028	0.124	-1.348
0.400611877441	0.0	-0.116	1.472
0.40322303772	0.0	-0.116	1.472
0.405827999115	-0.072	-0.328	2.044
0.408440828323	-0.072	-0.328	2.044
0.411052942276	-0.16	0.0	-0.156
0.413660049438	-0.16	0.0	-0.156
0.416270017624	-0.02	0.144	-0.932
0.418882846832	-0.02	0.144	-0.932
0.421494960785	0.08	-0.312	2.044
0.424111843109	0.08	-0.312	2.044
0.426723003387	0.032	-0.28	2.044
0.429333925247	0.032	-0.28	2.044
0.43195104599	0.06	-0.06	-0.976
0.434563875198	0.06	-0.06	-0.976
0.437175035477	-0.004	-0.02	-0.06
0.439796924591	-0.004	-0.02	-0.06
0.442420005798	0.012	-0.34	2.044
0.445031881332	0.012	-0.34	2.044
0.447643995285	-0.064	-0.24	1.412
0.450256824493	-0.064	-0.24	1.412
0.452877044678	-0.04	0.096	-1.356
0.455492973328	-0.04	0.096	-1.356
0.458106040955	-0.04	-0.116	1.04
0.460718870163	-0.04	-0.116	1.04
0.463337898254	-0.02	-0.34	2.044
0.465950965881	-0.02	-0.34	2.044
0.468562841415	-0.028	-0.024	0.24
0.471174955368	-0.028	-0.024	0.24
0.473793029785	0.012	0.132	-1.152
0.476403951645	-0.092	-0.212	2.044
0.479017972946	-0.092	-0.212	2.044
0.48163485527	-0.072	-0.292	2.044
0.484254837036	-0.072	-0.292	2.044
0.486867904663	-0.024	0.0	-0.708
0.489474058151	-0.024	0.0	-0.708
0.492084980011	-0.024	0.04	-0.444
0.494696855545	-0.024	0.04	-0.444
0.497310876846	0.024	-0.388	2.044
0.499923944473	0.024	-0.388	2.044
0.502542972565	-0.032	-0.228	1.84
0.505154848099	-0.032	-0.228	1.84
0.507767915726	0.068	0.08	-1.268
0.510378837585	0.068	0.08	-1.268
0.513005971909	-0.02	-0.104	0.608
0.515619039536	-0.02	-0.104	0.608
0.51823091507	-0.004	-0.416	2.044
0.520843982697	-0.004	-0.416	2.044
0.523466825485	0.028	-0.12	0.688
0.526078939438	0.028	-0.12	0.688
0.528695821762	-0.032	0.136	-1.3
0.531309843063	-0.032	0.136	-1.3
0.533926963806	0.016	-0.12	1.744
0.53653883934	0.016	-0.12	1.744
0.539150953293	-0.028	-0.328	2.044
0.541762828827	-0.028	-0.328	2.044
0.544381856918	-0.212	0.16	-0.376
0.546994924545	-0.212	0.16	-0.376
0.549607992172	0.016	0.124	-0.752
0.552228927612	0.016	0.124	-0.752
0.554841041565	-0.044	-0.3	2.044
0.557453870773	-0.044	-0.3	2.044
0.560065984726	-0.004	-0.264	2.044
0.562695980072	-0.004	-0.264	2.044
0.565310955048	-0.084	-0.02	-1.128
0.567924022675	-0.084	-0.02	-1.128
0.570538043976	-0.008	-0.052	0.168
0.573155879974	0.076	-0.38	2.044
0.575767993927	0.076	-0.38	2.044
0.578378915787	-0.056	-0.188	1.136
0.580991029739	-0.056	-0.188	1.136
0.583605051041	0.044	0.12	-1.356
0.586225032806	0.044	0.12	-1.356
0.58883690834	-0.028	-0.16	1.316
0.591449022293	-0.028	-0.16	1.316
0.594066858292	-0.048	-0.356	2.044
0.596681833267	-0.048	-0.356	2.044
0.599294900894	-0.016	-0.072	0.012
0.601913928986	-0.016	-0.072	0.012
0.604529857635	0.028	0.092	-1.024
0.607141017914	0.028	0.092	-1.024
0.609752893448	-0.06	-0.156	2.044
0.612368822098	-0.06	-0.156	2.044
0.61498093605	-0.084	-0.244	2.044
0.617594957352	-0.084	-0.244	2.044
0.620206832886	-0.076	0.088	-0.896
0.622824907303	-0.076	0.088	-0.896
0.62543797493	-0.012	0.016	-0.216
0.628049850464	-0.012	0.016	-0.216
0.630661010742	-0.044	-0.404	2.044
0.633280038834	-0.044	-0.404	2.044
0.635893821716	-0.032	-0.224	1.568
0.638505935669	-0.032	-0.224	1.568
0.641118049622	0.072	0.068	-1.344
0.643743991852	0.072	0.068	-1.344
0.646354913712	-0.016	-0.132	0.876
0.648967981339	-0.016	-0.132	0.876
0.651581048965	0.008	-0.408	2.044
0.65419793129	0.008	-0.408	2.044
0.656810045242	-0.028	-0.068	0.408
0.659430980682	-0.028	-0.068	0.408
0.662050008774	0.0	0.14	-1.22
0.664654016495	0.0	0.14	-1.22
0.667258024216	-0.02	-0.2	1.988
0.66986989975	-0.012	-0.328	2.044
0.672488927841	-0.012	-0.328	2.044
0.675101041794	0.012	0.2	-0.604
0.677711963654	0.012	0.2	-0.604
0.680322885513	0.016	0.08	-0.572
0.682940006256	0.016	0.08	-0.572
0.685554027557	-0.044	-0.312	2.044
0.688165903091	-0.044	-0.312	2.044
0.690778017044	-0.056	-0.276	1.996
0.693397045135	-0.056	-0.276	1.996
0.69600892067	-0.196	0.02	-1.228
0.698621988297	-0.196	0.02	-1.228
0.701233863831	-0.012	-0.076	0.428
0.703851938248	-0.012	-0.076	0.428
0.706482887268	0.036	-0.384	2.044
0.709095001221	0.036	-0.384	2.044
0.71170592308	-0.052	-0.152	0.86
0.714325904846	-0.052	-0.152	0.86
0.716938018799	0.08	0.108	-1.32
0.719548940659	0.08	0.108	-1.32
0.722167015076	0.04	-0.196	1.58
0.724781990051	0.04	-0.196	1.58
0.727393865585	0.016	-0.332	2.044
0.730005979538	0.016	-0.332	2.044
0.732632875443	-0.096	-0.128	-0.236
0.735247850418	-0.096	-0.128	-0.236
0.737865924835	0.056	0.072	-0.86
0.740476846695	0.056	0.072	-0.86
0.743093967438	0.04	-0.192	2.044
0.745704889297	0.04	-0.192	2.044
0.748316049576	-0.088	-0.24	2.044
0.750928878784	-0.088	-0.24	2.044
0.753618001938	0.08	0.136	-1.016
0.756232023239	0.08	0.136	-1.016
0.758842945099	-0.016	-0.02	0.02
0.761458873749	-0.016	-0.02	0.02
0.764075994492	-0.088	-0.384	2.044
0.76669383049	-0.048	-0.216	1.304
0.769307851791	-0.048	-0.216	1.304
0.771926879883	-0.016	0.096	-1.364
0.77453994751	-0.016	0.096	-1.364
0.777153015137	0.016	-0.16	1.12
0.779764890671	0.016	-0.16	1.12
0.782382965088	-0.016	-0.38	2.044
0.784994840622	-0.016	-0.38	2.044
0.787608861923	0.036	-0.06	0.168
0.790220022202	0.036	-0.06	0.168
0.7928378582	0.06	0.112	-1.108
0.795449972153	0.06	0.112	-1.108
0.798061847687	-0.02	-0.284	2.044
0.800673961639	-0.02	-0.284	2.044
0.803293943405	-0.024	-0.336	2.044
0.805924892426	-0.024	-0.336	2.044
0.808538913727	-0.032	0.076	-0.792
0.811163902283	-0.032	0.076	-0.792
0.813779830933	-0.012	0.04	-0.356
0.816395998001	-0.012	0.04	-0.356
0.819010019302	0.068	-0.304	2.044
0.821619987488	0.068	-0.304	2.044
0.824236869812	-0.08	-0.236	1.732
0.826849937439	-0.08	-0.236	1.732
0.829463005066	-0.068	0.088	-1.296
0.832075834274	-0.068	0.088	-1.296
0.834688901901	-0.012	-0.064	0.696
0.837301015854	-0.012	-0.064	0.696
0.839912891388	-0.04	-0.38	2.044
0.842530965805	-0.04	-0.38	2.044
0.845144033432	-0.008	-0.124	0.604
0.847759962082	-0.008	-0.124	0.604
0.850373029709	0.06	0.068	-1.264
0.852989912033	0.06	0.068	-1.264
0.855600833893	0.032	-0.192	1.84
0.858211994171	0.032	-0.192	1.84
0.860822916031	0.0	-0.312	2.044
0.863432884216	0.052	-0.1	-0.448
0.866044044495	0.052	-0.1	-0.448
0.868655920029	0.028	0.032	-0.692
0.871266841888	0.028	0.032	-0.692
0.873889923096	-0.044	-0.268	2.044
0.876500844955	-0.044	-0.268	2.044
0.879122972488	-0.048	-0.248	2.044
0.88173699379	-0.048	-0.248	2.044
0.884356021881	0.104	0.136	-1.176
0.886970043182	0.104	0.136	-1.176
0.889581918716	0.004	-0.048	0.272
0.892197847366	0.004	-0.048	0.272
0.894809007645	-0.072	-0.332	2.044
0.897420883179	-0.072	-0.332	2.044
0.900032997131	-0.1	-0.168	1.032
0.902652025223	-0.1	-0.168	1.032
0.905262947083	-0.048	0.12	-1.364
0.907874822617	-0.048	0.12	-1.364
0.910486936569	-0.012	-0.16	1.412
0.913105010986	-0.012	-0.16	1.412
0.91571688652	-0.004	-0.34	2.044
0.918329000473	-0.004	-0.34	2.044
0.920939922333	0.056	0.012	-0.08
0.923557043076	0.056	0.012	-0.08
0.926167011261	0.048	0.104	-0.972
0.92880487442	0.048	0.104	-0.972
0.931416988373	-0.004	-0.328	2.044
0.934034824371	-0.004	-0.328	2.044
0.936647891998	-0.016	-0.312	2.044
0.939260005951	-0.016	-0.312	2.044
0.941877841949	-0.064	0.076	-0.944
0.944489955902	-0.064	0.076	-0.944
0.947103023529	0.032	-0.02	-0.132
0.949714899063	0.032	-0.02	-0.132
0.952340841293	0.012	-0.36	2.044
0.95495390892	0.012	-0.36	2.044
0.95756483078	-0.064	-0.18	1.456
0.960176944733	0.04	0.092	-1.34
0.962793827057	0.04	0.092	-1.34
0.96540594101	-0.008	-0.096	0.972
0.968020915985	-0.008	-0.096	0.972
0.970633029938	-0.02	-0.336	2.044
0.973252058029	-0.02	-0.336	2.044
0.976362943649	-0.012	-0.096	0.332
0.978983879089	-0.012	-0.096	0.332
0.981597900391	-0.024	0.096	-1.176
0.984215974808	-0.024	0.096	-1.176
0.986829996109	0.116	-0.204	2.044
0.989440917969	0.116	-0.204	2.044
0.992058992386	-0.032	-0.3	2.044
0.99467086792	-0.032	-0.3	2.044
0.997282981873	0.044	-0.064	-0.66
0.999894857407	0.044	-0.064	-0.66
1.00251293182	-0.012	0.012	-0.5
1.00512194633	-0.012	0.012	-0.5
1.0077278614	-0.076	-0.272	2.044
1.01034498215	-0.076	-0.272	2.044
1.01295804977	-0.008	-0.24	1.924
1.01557087898	-0.008	-0.24	1.924
1.01818394661	-0.004	0.112	-1.272
1.02079486847	-0.004	0.112	-1.272
1.02341389656	-0.008	-0.076	0.528
1.02603888512	-0.008	-0.076	0.528
1.02865195274	-0.056	-0.332	2.044
1.03126382828	-0.056	-0.332	2.044
1.03388094902	-0.088	-0.112	0.756
1.03649282455	-0.088	-0.112	0.756
1.03910493851	-0.024	0.132	-1.312
1.04171705246	-0.04	-0.172	1.668
1.04433488846	-0.04	-0.172	1.668
1.04694700241	-0.04	-0.336	2.044
1.04956388474	-0.04	-0.336	2.044
1.05218291283	0.088	-0.048	-0.308
1.05479598045	0.088	-0.048	-0.308
1.05740785599	0.024	0.092	-0.812
1.06001901627	0.024	0.092	-0.812
1.06265497208	0.06	-0.332	2.044
1.06526684761	0.06	-0.332	2.044
1.06787800789	-0.02	-0.292	2.044
1.07048988342	-0.02	-0.292	2.044
1.07310795784	-0.06	0.072	-1.088
1.07572102547	-0.06	0.072	-1.088
1.07833194733	0.044	-0.04	0.104
1.08094191551	0.044	-0.04	0.104
1.08355903625	-0.048	-0.376	2.044
1.08617091179	-0.048	-0.376	2.044
1.08878302574	-0.008	-0.16	1.224
1.09139704704	-0.008	-0.16	1.224
1.09401392937	0.048	0.124	-1.352
1.09662604332	0.048	0.124	-1.352
1.09925794601	-0.016	-0.108	1.236
1.10187697411	-0.016	-0.108	1.236
1.10449004173	-0.012	-0.312	2.044
1.10710287094	-0.012	-0.312	2.044
1.10971498489	-0.092	-0.028	0.068
1.11233186722	-0.092	-0.028	0.068
1.11494398117	-0.032	0.148	-1.068
1.1175570488	-0.032	0.148	-1.068
1.12016987801	0.02	-0.268	2.044
1.12278699875	0.02	-0.268	2.044
1.12539887428	-0.024	-0.276	2.044
1.12801003456	-0.024	-0.276	2.044
1.13062500954	0.108	-0.044	-0.824
1.13324403763	0.108	-0.044	-0.824
1.13585495949	-0.004	-0.016	-0.276
1.13846802711	-0.024	-0.316	2.044
1.14107990265	-0.024	-0.316	2.044
1.14369702339	-0.008	-0.244	1.656
1.14630889893	-0.008	-0.244	1.656
1.14892101288	-0.064	0.112	-1.336
1.15153193474	-0.064	0.112	-1.336
1.15414905548	-0.024	-0.124	0.78
1.15676188469	-0.024	-0.124	0.78
1.15937304497	-0.064	-0.352	2.044
1.16199088097	-0.064	-0.352	2.044
1.16460394859	-0.052	-0.076	0.508
1.16721487045	-0.052	-0.076	0.508
1.16982603073	-0.004	0.112	-1.236
1.17245697975	-0.004	0.112	-1.236
1.17507004738	-0.06	-0.168	1.928
1.17768287659	-0.06	-0.168	1.928
1.18029499054	-0.068	-0.312	2.044
1.18291401863	-0.068	-0.312	2.044
1.18552589417	-0.02	-0.02	-0.516
1.18813800812	-0.02	-0.02	-0.516
1.19074988365	-0.004	0.096	-0.64
1.19336891174	-0.004	0.096	-0.64
1.1959798336	0.072	-0.372	2.044
1.19859194756	0.072	-0.372	2.044
1.20120191574	-0.004	-0.26	2.044
1.20381999016	-0.004	-0.26	2.044
1.20643186569	0.012	0.068	-1.196
1.20904302597	0.012	0.068	-1.196
1.2116689682	0.004	-0.072	0.368
1.2142829895	0.004	-0.072	0.368
1.2168970108	-0.004	-0.4	2.044
1.21950888634	-0.004	-0.4	2.044
1.22212696075	0.044	-0.144	0.956
1.22473692894	0.044	-0.144	0.956
1.2273478508	-0.008	0.104	-1.344
1.22995996475	-0.008	0.104	-1.344
1.23257684708	-0.012	-0.124	1.5
1.23518586159	-0.032	-0.32	2.044
1.23779797554	-0.032	-0.32	2.044
1.2404088974	-0.164	0.08	-0.18
1.24302697182	-0.164	0.08	-0.18
1.24564790726	0.012	0.128	-0.932
1.24825882912	0.012	0.128	-0.932
1.2508699894	-0.012	-0.284	2.044
1.25356197357	-0.012	-0.284	2.044
1.25617599487	-0.004	-0.268	2.044
1.25879001617	-0.004	-0.268	2.044
1.26140189171	0.02	-0.064	-1.004
1.26401996613	0.02	-0.064	-1.004
1.26663184166	0.0	-0.036	-0.056
1.26923584938	0.0	-0.036	-0.056
1.27186894417	0.056	-0.352	2.044
1.27448296547	0.056	-0.352	2.044
1.27709388733	-0.056	-0.232	1.388
1.27970695496	-0.056	-0.232	1.388
1.28232502937	-0.012	0.12	-1.348
1.28493690491	-0.012	0.12	-1.348
1.28754901886	-0.02	-0.136	1.06
1.29016089439	-0.02	-0.136	1.06
1.29278182983	-0.048	-0.348	2.044
1.29539585114	-0.048	-0.348	2.044
1.29800891876	-0.024	-0.044	0.248
1.30062103271	-0.024	-0.044	0.248
1.30323886871	0.024	0.116	-1.132
1.30585002899	0.024	0.116	-1.132
1.30846095085	-0.128	-0.164	2.044
1.31107282639	-0.128	-0.164	2.044
1.3136909008	-0.068	-0.288	2.044
1.31630396843	-0.068	-0.288	2.044
1.31892490387	-0.06	0.032	-0.72
1.3215379715	-0.06	0.032	-0.72
1.32415390015	-0.004	0.032	-0.432
1.32676696777	-0.004	0.032	-0.432
1.32937693596	0.004	-0.412	2.044
1.33198785782	-0.044	-0.232	1.816
1.3346118927	-0.044	-0.232	1.816
1.33722496033	0.064	0.044	-1.272
1.33983802795	0.064	0.044	-1.272
1.34245491028	-0.02	-0.108	0.616
1.34506797791	-0.02	-0.108	0.616
1.34767889977	0.0	-0.404	2.044
1.35028195381	0.0	-0.404	2.044
1.352891922	0.036	-0.104	0.656
1.35550284386	0.036	-0.104	0.656
1.35811305046	-0.06	0.152	-1.288
1.36072587967	-0.06	0.152	-1.288
1.36334395409	-0.008	-0.172	1.748
1.36595582962	-0.008	-0.172	1.748
1.36856794357	-0.024	-0.34	2.044
1.37118005753	-0.024	-0.34	2.044
1.37380003929	-0.148	0.16	-0.416
1.3764128685	-0.148	0.16	-0.416
1.37903785706	0.048	0.116	-0.764
1.38164997101	0.048	0.116	-0.764
1.38426804543	-0.044	-0.248	2.044
1.38687992096	-0.044	-0.248	2.044
1.38949203491	-0.044	-0.248	2.044
1.39211988449	-0.044	-0.248	2.044
1.39473199844	-0.136	-0.028	-1.12
1.39734387398	-0.136	-0.028	-1.12
1.3999569416	-0.016	-0.052	0.188
1.40257501602	-0.016	-0.052	0.188
1.40518784523	0.032	-0.396	2.044
1.40779900551	0.032	-0.396	2.044
1.41040992737	-0.076	-0.18	1.144
1.41302394867	-0.076	-0.18	1.144
1.41564083099	0.084	0.116	-1.34
1.41825199127	0.084	0.116	-1.34
1.42086291313	-0.012	-0.168	1.324
1.42347598076	-0.012	-0.168	1.324
1.42609000206	-0.004	-0.388	2.044
1.42870187759	-0.004	-0.388	2.044
1.43131399155	-0.016	-0.116	-0.004
1.43393301964	0.06	0.072	-1.016
1.43654298782	0.06	0.072	-1.016
1.43915200233	0.032	-0.156	2.044
1.44176292419	0.032	-0.156	2.044
1.44438004494	-0.076	-0.264	2.044
1.44699192047	-0.076	-0.264	2.044
1.44960403442	-0.028	0.144	-0.9
1.45222187042	-0.028	0.144	-0.9
1.4548368454	-0.024	0.016	-0.224
1.45744991302	-0.024	0.016	-0.224
1.46006202698	-0.108	-0.376	2.044
1.46268105507	-0.108	-0.376	2.044
1.46530890465	-0.06	-0.224	1.576
1.46792602539	-0.06	-0.224	1.576
1.47053694725	0.0	0.048	-1.336
1.47314691544	0.0	0.048	-1.336
1.47574996948	-0.008	-0.124	0.888
1.47836184502	-0.008	-0.124	0.888
1.48097395897	-0.008	-0.384	2.044
1.48359084129	-0.008	-0.384	2.044
1.48620295525	0.008	-0.092	0.404
1.48881292343	0.008	-0.092	0.404
1.49142384529	0.02	0.152	-1.204
1.49404001236	0.02	0.152	-1.204
1.49666500092	-0.044	-0.236	2.012
1.49927783012	-0.044	-0.236	2.012
1.50189685822	0.008	-0.316	2.044
1.50450897217	0.008	-0.316	2.044
1.50711894035	-0.02	0.128	-0.612
1.50973105431	-0.02	0.128	-0.612
1.51234793663	0.032	0.052	-0.572
1.51495885849	0.032	0.052	-0.572
1.51757001877	0.084	-0.276	2.044
1.52018094063	0.084	-0.276	2.044
1.52279782295	-0.052	-0.264	1.976
1.52541184425	-0.052	-0.264	1.976
1.52802395821	-0.14	0.024	-1.236
1.53063583374	-0.016	-0.072	0.432
1.53325390816	-0.016	-0.072	0.432
1.53586697578	-0.044	-0.384	2.044
1.53849005699	-0.044	-0.384	2.044
1.54110193253	-0.052	-0.14	0.844
1.54371905327	-0.052	-0.14	0.844
1.54633188248	0.08	0.092	-1.32
1.54894185066	0.08	0.092	-1.32
1.55155205727	0.024	-0.188	1.588
1.55417203903	0.024	-0.188	1.588
1.55678582191	0.012	-0.34	2.044
1.55939698219	0.012	-0.34	2.044
1.56201386452	-0.048	-0.116	-0.24
1.56462788582	-0.048	-0.116	-0.24
1.56726193428	0.064	0.064	-0.864
1.56987404823	0.064	0.064	-0.864
1.57249093056	0.036	-0.228	2.044
1.57510185242	0.036	-0.228	2.044
1.57771587372	-0.076	-0.248	2.044
1.58032894135	-0.076	-0.248	2.044
1.5829410553	0.128	0.152	-1.04
1.58555197716	0.128	0.152	-1.04
1.58816289902	0.004	-0.032	0.04
1.59077191353	0.004	-0.032	0.04
1.59338903427	-0.072	-0.336	2.044
1.59600186348	-0.072	-0.336	2.044
1.59861397743	-0.056	-0.208	1.308
1.60122704506	-0.056	-0.208	1.308
1.60384488106	-0.036	0.088	-1.364
1.60645794868	-0.036	0.088	-1.364
1.60906887054	-0.016	-0.14	1.156
1.61169099808	-0.016	-0.14	1.156
1.61430501938	-0.04	-0.368	2.044
1.61692094803	-0.04	-0.368	2.044
1.61953401566	0.028	-0.06	0.164
1.62215185165	0.028	-0.06	0.164
1.62476301193	0.052	0.14	-1.12
1.62737298012	-0.008	-0.284	2.044
1.62998485565	-0.008	-0.284	2.044
1.63260388374	0.0	-0.32	2.044
1.63520693779	0.0	-0.32	2.044
1.63780999184	-0.076	0.052	-0.796
1.64042186737	-0.076	0.052	-0.796
1.64303994179	0.036	0.032	-0.364
1.64565086365	0.036	0.032	-0.364
1.64826083183	0.06	-0.32	2.044
1.65087103844	0.06	-0.32	2.044
1.6535589695	-0.068	-0.276	1.728
1.65617489815	-0.068	-0.276	1.728
1.65879201889	0.008	0.084	-1.288
1.66140389442	0.008	0.084	-1.288
1.66402101517	-0.036	-0.072	0.692
1.66663384438	-0.036	-0.072	0.692
1.66924500465	-0.056	-0.352	2.044
1.67186403275	-0.056	-0.352	2.044
1.67447805405	0.004	-0.104	0.588
1.67708897591	0.004	-0.104	0.588
1.67969894409	0.028	0.1	-1.264
1.68231582642	0.028	0.1	-1.264
1.68496394157	0.064	-0.176	1.836
1.68757796288	0.064	-0.176	1.836
1.69018983841	-0.012	-0.296	2.044
1.6928088665	-0.012	-0.296	2.044
1.69542098045	0.06	-0.108	-0.428
1.6980369091	0.06	-0.108	-0.428
1.70064902306	0.016	0.04	-0.7
1.70326590538	0.016	0.04	-0.7
1.70587682724	-0.076	-0.264	2.044
1.70848894119	-0.076	-0.264	2.044
1.71110105515	-0.044	-0.252	2.044
1.71371889114	-0.044	-0.252	2.044
1.71633195877	0.064	0.132	-1.172
1.71894192696	0.064	0.132	-1.172
1.72155284882	0.016	-0.056	0.264
1.72416901588	-0.044	-0.344	2.044
1.72678184509	-0.044	-0.344	2.044
1.72939491272	-0.064	-0.168	1.02
1.73201394081	-0.064	-0.168	1.02
1.73461890221	-0.028	0.128	-1.356
1.73722600937	-0.028	0.128	-1.356
1.73983383179	-0.008	-0.156	1.404
1.74244403839	-0.008	-0.156	1.404
1.74506092072	-0.032	-0.344	2.044
1.74767494202	-0.032	-0.344	2.044
1.75028800964	0.02	0.0	-0.092
1.75289297104	0.02	0.0	-0.092
1.75549602509	0.04	0.112	-0.976
1.75811600685	0.04	0.112	-0.976
1.76072788239	0.012	-0.328	2.044
1.76334691048	0.012	-0.328	2.044
1.76595783234	-0.016	-0.316	2.044
1.76857089996	-0.016	-0.316	2.044
1.77118396759	-0.056	0.076	-0.952
1.77379703522	-0.056	0.076	-0.952
1.77640891075	0.028	-0.012	-0.144
1.77906894684	0.028	-0.012	-0.144
1.78168392181	0.004	-0.356	2.044
1.78430104256	0.004	-0.356	2.044
1.78691291809	-0.06	-0.192	1.48
1.78952503204	-0.06	-0.192	1.48
1.79214286804	0.044	0.092	-1.332
1.79475402832	0.044	0.092	-1.332
1.79736590385	-0.016	-0.088	0.96
1.79997801781	-0.016	-0.088	0.96
1.80259084702	-0.028	-0.332	2.044
1.80520296097	-0.028	-0.332	2.044
1.8078148365	-0.032	-0.096	0.336
1.81042695045	-0.032	-0.096	0.336
1.81303882599	-0.016	0.096	-1.192
1.81565189362	-0.016	0.096	-1.192
1.81826400757	0.132	-0.2	2.044
1.82087802887	0.132	-0.2	2.044
1.82352399826	-0.028	-0.284	2.044
1.82613682747	0.032	-0.072	-0.652
1.82874894142	0.032	-0.072	-0.652
1.83138084412	0.0	0.0	-0.508
1.83397889137	0.0	0.0	-0.508
1.8365778923	-0.068	-0.272	2.044
1.83918905258	-0.068	-0.272	2.044
1.84180188179	0.016	-0.232	1.904
1.84441399574	0.016	-0.232	1.904
1.84702396393	0.012	0.104	-1.256
1.84963488579	0.012	0.104	-1.256
1.85225200653	-0.012	-0.072	0.528
1.85486388206	-0.012	-0.072	0.528
1.85747599602	-0.06	-0.332	2.044
1.86009097099	-0.06	-0.332	2.044
1.86270999908	-0.096	-0.144	0.764
1.86532187462	-0.096	-0.144	0.764
1.86793398857	-0.02	0.128	-1.308
1.8705470562	-0.02	0.128	-1.308
1.87316584587	-0.048	-0.168	1.66
1.87577795982	-0.048	-0.168	1.66
1.87839102745	-0.04	-0.324	2.044
1.88100290298	-0.04	-0.324	2.044
1.88362193108	0.088	-0.04	-0.296
1.88623404503	0.088	-0.04	-0.296
1.88884592056	0.032	0.096	-0.808
1.89145588875	0.032	0.096	-0.808
1.89407086372	0.052	-0.324	2.044
1.89668393135	0.052	-0.324	2.044
1.89929485321	-0.028	-0.288	2.044
1.90191602707	-0.028	-0.288	2.044
1.90453886986	-0.084	0.084	-1.088
1.90715193748	-0.084	0.084	-1.088
1.90976405144	0.032	-0.044	0.096
1.9123749733	0.032	-0.044	0.096
1.91498494148	-0.052	-0.396	2.044
1.91759800911	-0.052	-0.396	2.044
1.92020988464	-0.036	-0.16	1.212
1.92282795906	0.052	0.112	-1.36
1.92543983459	0.052	0.112	-1.36
1.92805194855	-0.02	-0.116	1.24
1.93066382408	-0.02	-0.116	1.24
1.9332818985	-0.02	-0.312	2.044
1.93589496613	-0.02	-0.312	2.044
1.93850684166	-0.076	-0.044	0.08
1.94112300873	-0.076	-0.044	0.08
1.94374084473	-0.028	0.14	-1.068
1.94635391235	-0.028	0.14	-1.068
1.94896602631	0.024	-0.256	2.044
1.95157694817	0.024	-0.256	2.044
1.95419287682	-0.028	-0.288	2.044
1.95680689812	-0.028	-0.288	2.044
1.95941781998	0.072	-0.06	-0.836
1.96203684807	0.072	-0.06	-0.836
1.96464896202	-0.02	-0.024	-0.296
1.96726298332	-0.02	-0.024	-0.296
1.96987485886	0.0	-0.324	2.044
1.97248482704	0.0	-0.324	2.044
1.97508883476	0.02	-0.216	1.668
1.9777109623	0.02	-0.216	1.668
1.98032188416	-0.052	0.104	-1.332
1.98294496536	-0.052	0.104	-1.332
1.9855568409	-0.012	-0.104	0.78
1.98816990852	-0.012	-0.104	0.78
1.99078202248	-0.064	-0.348	2.044
1.99339389801	-0.064	-0.348	2.044
1.99600601196	-0.088	-0.092	0.512
1.9986178875	-0.088	-0.092	0.512
2.00122904778	0.008	0.112	-1.236
2.00384497643	0.008	0.112	-1.236
2.00645685196	-0.076	-0.152	1.916
2.00906801224	-0.076	-0.152	1.916
2.01167988777	-0.068	-0.324	2.044
2.01429796219	-0.068	-0.324	2.044
2.01690888405	-0.024	-0.016	-0.524
2.01955294609	-0.004	0.084	-0.628
2.02217483521	-0.004	0.084	-0.628
2.02478790283	0.06	-0.376	2.044
2.02740001678	0.06	-0.376	2.044
2.03000998497	-0.02	-0.268	2.044
2.03262901306	-0.02	-0.268	2.044
2.0352408886	0.008	0.072	-1.192
2.03785085678	0.008	0.072	-1.192
2.04046201706	0.012	-0.076	0.344
2.04307389259	0.012	-0.076	0.344
2.04568386078	0.0	-0.404	2.044
2.04828691483	0.0	-0.404	2.044
2.05089902878	0.008	-0.128	0.948
2.0535800457	0.008	-0.128	0.948
2.05619382858	0.016	0.128	-1.34
2.05880498886	0.016	0.128	-1.34
2.06141591072	-0.012	-0.116	1.48
2.06403803825	-0.012	-0.116	1.48
2.06665086746	-0.04	-0.328	2.044
2.06926202774	-0.04	-0.328	2.044
2.07187986374	-0.148	0.08	-0.18
2.07449293137	-0.148	0.08	-0.18
2.07710504532	0.012	0.128	-0.932
2.0797150135	0.012	0.128	-0.932
2.08232688904	-0.048	-0.26	2.044
2.08493900299	-0.048	-0.26	2.044
2.0875518322	0.004	-0.256	2.044
2.0901620388	0.004	-0.256	2.044
2.09277892113	-0.012	-0.068	-0.996
2.09539294243	-0.012	-0.068	-0.996
2.09800505638	-0.02	-0.028	-0.06
2.10061788559	-0.02	-0.028	-0.06
2.10324001312	0.06	-0.368	2.044
2.10585284233	0.06	-0.368	2.044
2.10846495628	0.0	-0.2	1.408
2.11106801033	0.0	-0.2	1.408
2.11367583275	-0.016	0.12	-1.356
2.11628890038	-0.016	0.12	-1.356
2.11890101433	-0.024	-0.136	1.044
2.12151384354	-0.04	-0.352	2.044
2.12414097786	-0.04	-0.352	2.044
2.12675499916	-0.068	-0.044	0.252
2.12936687469	-0.068	-0.044	0.252
2.13198399544	0.04	0.112	-1.148
2.1345949173	0.04	0.112	-1.148
2.13720583916	-0.124	-0.16	2.044
2.13981795311	-0.124	-0.16	2.044
2.14243602753	-0.052	-0.28	2.044
2.1450510025	-0.052	-0.28	2.044
2.14766287804	-0.052	0.044	-0.716
2.15027499199	-0.052	0.044	-0.716
2.15288686752	-0.016	0.04	-0.46
2.15549898148	-0.016	0.04	-0.46
2.15810990334	-0.02	-0.4	2.044
2.16072201729	-0.02	-0.4	2.044
2.16333985329	-0.052	-0.22	1.824
2.16595196724	-0.052	-0.22	1.824
2.16856384277	0.056	0.056	-1.264
2.17117595673	0.056	0.056	-1.264
2.1737909317	-0.028	-0.104	0.616
2.17640304565	-0.028	-0.104	0.616
2.17901587486	0.032	-0.412	2.044
2.18162703514	0.032	-0.412	2.044
2.18424701691	0.04	-0.1	0.696
2.18685793877	0.04	-0.1	0.696
2.18946886063	-0.048	0.152	-1.296
2.19208788872	-0.048	0.152	-1.296
2.194699049	0.024	-0.156	1.748
2.19731903076	0.024	-0.156	1.748
2.19992995262	-0.068	-0.336	2.044
2.20254802704	-0.068	-0.336	2.044
2.20516085625	-0.184	0.152	-0.404
2.20777392387	-0.184	0.152	-0.404
2.21038603783	0.036	0.116	-0.772
2.21299695969	0.036	0.116	-0.772
2.21560692787	-0.08	-0.256	2.044
2.21821904182	-0.016	-0.256	2.044
2.22083091736	-0.016	-0.256	2.044
2.2234480381	-0.12	-0.036	-1.132
2.22606396675	-0.12	-0.036	-1.132
2.22867703438	-0.004	-0.052	0.176
2.23128890991	-0.004	-0.052	0.176
2.23390197754	0.028	-0.404	2.044
2.2365128994	0.028	-0.404	2.044
2.23912286758	-0.024	-0.188	1.128
2.24173498154	-0.024	-0.188	1.128
2.24435305595	0.052	0.136	-1.356
2.24696397781	0.052	0.136	-1.356
2.249573946	-0.02	-0.164	1.304
2.25219297409	-0.02	-0.164	1.304
2.25480484962	-0.008	-0.364	2.044
2.25741791725	-0.008	-0.364	2.044
2.2600300312	-0.072	-0.084	0.0
2.26264095306	-0.072	-0.084	0.0
2.26524782181	0.048	0.076	-1.036
2.26785993576	0.048	0.076	-1.036
2.27047991753	0.028	-0.152	2.044
2.27309703827	0.028	-0.152	2.044
2.27570796013	-0.072	-0.268	2.044
2.27831983566	-0.072	-0.268	2.044
2.28093194962	0.008	0.108	-0.884
2.28361296654	0.008	0.108	-0.884
2.28622484207	0.0	0.004	-0.232
2.28885984421	0.0	0.004	-0.232
2.29146385193	-0.12	-0.364	2.044
2.29408192635	-0.12	-0.364	2.044
2.29669594765	-0.064	-0.212	1.572
2.29930782318	-0.064	-0.212	1.572
2.3019258976	0.012	0.06	-1.324
2.30453705788	0.012	0.06	-1.324
2.30715084076	-0.02	-0.124	0.864
2.30976295471	-0.02	-0.124	0.864
2.31237483025	0.02	-0.408	2.044
2.31498503685	0.032	-0.088	0.42
2.31759595871	0.032	-0.088	0.42
2.32020688057	-0.004	0.144	-1.216
2.32282590866	-0.004	0.144	-1.216
2.32543802261	-0.02	-0.244	1.996
2.32804989815	-0.02	-0.244	1.996
2.3306620121	-0.008	-0.32	2.044
2.33327484131	-0.008	-0.32	2.044
2.33588695526	-0.024	0.168	-0.6
2.33850002289	-0.024	0.168	-0.6
2.34111094475	0.036	0.076	-0.576
2.3437359333	0.036	0.076	-0.576
2.34635090828	0.024	-0.284	2.044
2.34896302223	0.024	-0.284	2.044
2.35157299042	-0.028	-0.26	1.996
2.35418987274	-0.028	-0.26	1.996
2.35680294037	-0.16	0.024	-1.22
2.35941505432	-0.16	0.024	-1.22
2.36203384399	-0.024	-0.048	0.436
2.36464500427	-0.024	-0.048	0.436
2.36725783348	-0.064	-0.384	2.044
2.36986994743	-0.064	-0.384	2.044
2.3724899292	-0.036	-0.14	0.88
2.37510085106	-0.036	-0.14	0.88
2.37771201134	0.064	0.116	-1.328
2.3803229332	0.064	0.116	-1.328
2.38294100761	0.036	-0.196	1.568
2.38555192947	0.036	-0.196	1.568
2.38816690445	0.048	-0.34	2.044
2.39077782631	0.048	-0.34	2.044
2.39338994026	-0.08	-0.092	-0.22
2.39600300789	-0.08	-0.092	-0.22
2.3986158371	0.06	0.04	-0.856
2.4012260437	0.06	0.04	-0.856
2.40384101868	0.032	-0.228	2.044
2.40645289421	0.032	-0.228	2.044
2.4090628624	-0.1	-0.256	2.044
2.41167497635	-0.1	-0.256	2.044
2.41428899765	0.088	0.12	-1.036
2.41690993309	0.0	-0.024	0.004
2.41951298714	0.0	-0.024	0.004
2.42212104797	-0.084	-0.36	2.044
2.42473387718	-0.084	-0.36	2.044
2.42735099792	-0.044	-0.196	1.308
2.42996287346	-0.044	-0.196	1.308
2.43258190155	-0.004	0.1	-1.372
2.4351940155	-0.004	0.1	-1.372
2.43780493736	-0.008	-0.144	1.132
2.44041705132	-0.008	-0.144	1.132
2.44303488731	-0.036	-0.38	2.044
2.44564700127	-0.036	-0.38	2.044
2.44825792313	0.068	-0.076	0.184
2.45086884499	0.068	-0.076	0.184
2.45354485512	0.028	0.128	-1.112
2.45615887642	0.028	0.128	-1.112
2.45877099037	-0.02	-0.276	2.044
2.46138286591	-0.02	-0.276	2.044
2.46400094032	0.004	-0.332	2.044
2.46661305428	0.004	-0.332	2.044
2.46922683716	-0.072	0.112	-0.78
2.47186899185	-0.072	0.112	-0.78
2.47448396683	0.012	0.044	-0.38
2.47709393501	0.012	0.044	-0.38
2.47970485687	0.076	-0.316	2.044
2.48232197762	0.076	-0.316	2.044
2.48493504524	-0.052	-0.264	1.748
2.48754692078	-0.052	-0.264	1.748
2.49017095566	-0.052	0.072	-1.292
2.49278903008	-0.052	0.072	-1.292
2.49540090561	-0.012	-0.076	0.692
2.49801397324	-0.012	-0.076	0.692
2.50062584877	-0.048	-0.356	2.044
2.50324392319	-0.048	-0.356	2.044
2.50585699081	-0.012	-0.124	0.604
2.50847196579	0.032	0.096	-1.276
2.51108288765	0.032	0.096	-1.276
2.51370000839	0.044	-0.184	1.824
2.51631188393	0.044	-0.184	1.824
2.5189230442	0.016	-0.316	2.044
2.52153396606	0.016	-0.316	2.044
2.52414989471	0.064	-0.092	-0.436
2.52676296234	0.064	-0.092	-0.436
2.52937483788	0.024	0.036	-0.704
2.53199291229	0.024	0.036	-0.704
2.53460288048	-0.064	-0.272	2.044
2.5372159481	-0.064	-0.272	2.044
2.53982782364	-0.06	-0.252	2.044
2.54244589806	-0.06	-0.252	2.044
2.54505801201	0.076	0.132	-1.164
2.54766893387	0.076	0.132	-1.164
2.55028390884	0.0	-0.044	0.256
2.55288791656	0.0	-0.044	0.256
2.55549287796	-0.052	-0.344	2.044
2.55810499191	-0.052	-0.344	2.044
2.56071686745	-0.088	-0.152	1.056
2.56335401535	-0.088	-0.152	1.056
2.56596803665	-0.04	0.124	-1.356
2.56858086586	-0.04	0.124	-1.356
2.57119393349	-0.008	-0.172	1.408
2.57381105423	-0.008	-0.172	1.408
2.57642292976	-0.056	-0.328	2.044
2.57903504372	-0.056	-0.328	2.044
2.58164691925	0.06	0.008	-0.064
2.58425784111	0.06	0.008	-0.064
2.58686804771	0.056	0.12	-0.992
2.58948993683	0.056	0.12	-0.992
2.59213590622	0.048	-0.324	2.044
2.59474897385	0.048	-0.324	2.044
2.59736084938	0.028	-0.336	2.044
2.59997200966	0.028	-0.336	2.044
2.60258889198	-0.06	0.104	-0.952
2.60520195961	-0.06	0.104	-0.952
2.60781383514	0.024	-0.012	-0.152
2.61042499542	0.0	-0.368	2.044
2.61302995682	0.0	-0.368	2.044
2.61563396454	-0.084	-0.232	1.484
2.61824584007	-0.084	-0.232	1.484
2.62085795403	0.04	0.08	-1.332
2.62347483635	0.04	0.08	-1.332
2.62608599663	-0.02	-0.096	0.948
2.62869787216	-0.02	-0.096	0.948
2.63131189346	-0.004	-0.312	2.044
2.63392496109	-0.004	-0.312	2.044
2.63654589653	0.02	-0.072	0.352
2.63915705681	0.02	-0.072	0.352
2.64176702499	-0.02	0.1	-1.196
2.64438605309	-0.02	0.1	-1.196
2.64699697495	0.112	-0.196	2.044
2.6496078968	0.112	-0.196	2.044
2.65222597122	-0.048	-0.296	2.044
2.65483784676	-0.048	-0.296	2.044
2.65745091438	0.036	-0.064	-0.648
2.66006302834	0.036	-0.064	-0.648
2.66268086433	-0.016	0.008	-0.516
2.66529393196	-0.016	0.008	-0.516
2.66790485382	-0.068	-0.296	2.044
2.67052102089	-0.068	-0.296	2.044
2.6731338501	-0.012	-0.244	1.924
2.67574691772	-0.012	-0.244	1.924
2.67835783958	0.016	0.116	-1.264
2.68096804619	0.016	0.116	-1.264
2.68358397484	0.008	-0.068	0.512
2.6861948967	0.008	-0.068	0.512
2.68880486488	-0.056	-0.324	2.044
2.69141697884	-0.056	-0.324	2.044
2.69403290749	-0.044	-0.136	0.792
2.69664692879	-0.044	-0.136	0.792
2.69925904274	-0.02	0.124	-1.316
2.70187783241	-0.02	0.124	-1.316
2.70448994637	-0.04	-0.152	1.628
2.7071018219	-0.052	-0.3	2.044
2.70973205566	-0.052	-0.3	2.044
2.71234798431	0.068	-0.032	-0.296
2.71496105194	0.068	-0.032	-0.296
2.7175719738	0.016	0.092	-0.824
2.72018289566	0.016	0.092	-0.824
2.72279882431	0.076	-0.328	2.044
2.72540998459	0.076	-0.328	2.044
2.72802090645	-0.004	-0.292	2.044
2.73063492775	-0.004	-0.292	2.044
2.73325300217	-0.076	0.104	-1.084
2.73585796356	-0.076	0.104	-1.084
2.73846387863	0.024	-0.044	0.088
2.74106693268	0.024	-0.044	0.088
2.74368190765	-0.052	-0.388	2.044
2.74629592896	-0.052	-0.388	2.044
2.74890899658	-0.064	-0.204	1.232
2.75152492523	-0.064	-0.204	1.232
2.75413894653	0.068	0.104	-1.348
2.75674986839	0.068	0.104	-1.348
2.75936102867	-0.016	-0.108	1.224
2.76198005676	-0.016	-0.108	1.224
2.7645919323	-0.028	-0.328	2.044
2.76720404625	-0.028	-0.328	2.044
2.76981592178	-0.068	-0.048	0.1
2.7724339962	-0.068	-0.048	0.1
2.77504587173	-0.032	0.108	-1.08
2.77765893936	-0.032	0.108	-1.08
2.78027200699	0.032	-0.248	2.044
2.78289890289	0.032	-0.248	2.044
2.78551101685	-0.04	-0.296	2.044
2.78812289238	-0.04	-0.296	2.044
2.79073500633	0.092	-0.056	-0.82
2.79335093498	0.092	-0.056	-0.82
2.79596304893	0.004	-0.004	-0.312
2.79857397079	0.004	-0.004	-0.312
2.80118393898	0.016	-0.312	2.044
2.80379986763	0.016	-0.312	2.044
2.80641198158	-0.008	-0.204	1.676
2.8090338707	-0.064	0.112	-1.34
2.81164693832	-0.064	0.112	-1.34
2.8142619133	-0.02	-0.104	0.764
2.81687784195	-0.02	-0.104	0.764
2.81948900223	-0.076	-0.352	2.044
2.82210683823	-0.076	-0.352	2.044
2.82471990585	-0.056	-0.1	0.516
2.82733201981	-0.056	-0.1	0.516
2.82994389534	0.008	0.104	-1.236
2.83255982399	0.008	0.104	-1.236
2.83517193794	-0.064	-0.164	1.9
2.8377840519	-0.064	-0.164	1.9
2.84039592743	-0.048	-0.308	2.044
2.84301495552	-0.048	-0.308	2.044
2.84562683105	0.004	-0.052	-0.492
2.84823894501	0.004	-0.052	-0.492
2.85085082054	0.008	0.088	-0.644
2.85346794128	0.008	0.088	-0.644
2.85608696938	0.056	-0.356	2.044
2.85869884491	0.056	-0.356	2.044
2.86131000519	-0.036	-0.28	2.044
2.86392784119	-0.036	-0.28	2.044
2.86654090881	-0.016	0.1	-1.188
2.86915302277	-0.016	0.1	-1.188
2.87176585197	0.016	-0.076	0.32
2.87438082695	0.016	-0.076	0.32
2.87699103355	0.008	-0.392	2.044
2.87960100174	0.008	-0.392	2.044
2.88221883774	-0.064	-0.172	0.972
2.88483095169	-0.064	-0.172	0.972
2.88744282722	0.052	0.108	-1.336
2.8900539875	0.052	0.108	-1.336
2.8926718235	-0.008	-0.112	1.476
2.89528393745	-0.008	-0.112	1.476
2.89789605141	-0.032	-0.34	2.044
2.90050697327	-0.032	-0.34	2.044
2.90312504768	-0.12	0.028	-0.148
2.90573787689	-0.012	0.136	-0.944
2.90834999084	-0.012	0.136	-0.944
2.9109609127	-0.012	-0.288	2.044
2.91358184814	-0.012	-0.288	2.044
2.91619586945	-0.016	-0.264	2.044
2.9188079834	-0.016	-0.264	2.044
2.92141985893	0.016	-0.056	-0.98
2.924036026	0.016	-0.056	-0.98
2.92664885521	-0.024	-0.028	-0.092
2.92927002907	-0.024	-0.028	-0.092
2.93192791939	0.076	-0.356	2.044
2.93454194069	0.076	-0.356	2.044
2.93715405464	0.032	-0.208	1.428
2.9397649765	0.032	-0.208	1.428
2.94238185883	-0.052	0.12	-1.364
2.94499492645	-0.052	0.12	-1.364
2.94760704041	-0.024	-0.132	1.028
2.95021891594	-0.024	-0.132	1.028
2.95283198357	-0.076	-0.344	2.044
2.95544791222	-0.076	-0.344	2.044
2.95806002617	-0.12	-0.048	0.264
2.96067094803	-0.12	-0.048	0.264
2.96328997612	0.024	0.116	-1.152
2.96589994431	0.024	0.116	-1.152
2.96850991249	-0.128	-0.164	2.044
2.97112202644	-0.128	-0.164	2.044
2.97373890877	-0.028	-0.248	2.044
2.97635197639	-0.028	-0.248	2.044
2.97896385193	0.0	-0.012	-0.688
2.98156785965	0.0	-0.012	-0.688
2.98417592049	-0.016	0.04	-0.456
2.98678898811	-0.016	0.04	-0.456
2.98940086365	0.012	-0.388	2.044
2.99201202393	0.012	-0.388	2.044
2.99462795258	-0.044	-0.256	1.836
2.9972410202	-0.044	-0.256	1.836
2.99985194206	0.04	0.088	-1.272
3.00247883797	0.04	0.088	-1.272
3.00508999825	-0.02	-0.104	0.588
3.00769996643	0.008	-0.396	2.044
3.01031088829	0.008	-0.396	2.044
3.01292204857	-0.052	-0.108	0.7
3.01553487778	-0.052	-0.108	0.7
3.01815700531	-0.036	0.128	-1.3
3.02076888084	-0.036	0.128	-1.3
3.02338695526	0.012	-0.144	1.732
3.0259988308	0.012	-0.144	1.732
3.0286090374	-0.072	-0.356	2.044
3.03122091293	-0.072	-0.356	2.044
3.03383493423	-0.184	0.108	-0.38
3.03644990921	-0.184	0.108	-0.38
3.03906083107	0.028	0.12	-0.78
3.04167199135	0.028	0.12	-0.78
3.04428887367	-0.056	-0.3	2.044
3.04690003395	-0.056	-0.3	2.044
3.04951190948	0.004	-0.264	2.044
3.05212903023	0.004	-0.264	2.044
3.05473995209	-0.048	-0.04	-1.12
3.05735301971	-0.048	-0.04	-1.12
3.05996584892	-0.012	-0.04	0.164
3.06257796288	-0.012	-0.04	0.164
3.0651910305	0.096	-0.388	2.044
3.06780195236	0.096	-0.388	2.044
3.07041287422	0.012	-0.176	1.156
3.0730240345	0.012	-0.176	1.156
3.07564783096	0.012	0.148	-1.348
3.07826089859	0.012	0.148	-1.348
3.08087301254	-0.008	-0.152	1.292
3.08355593681	-0.008	-0.152	1.292
3.08617091179	-0.032	-0.356	2.044
3.08878397942	-0.032	-0.356	2.044
3.09139704704	-0.084	-0.032	0.012
3.09401583672	-0.084	-0.032	0.012
3.09662699699	0.06	0.088	-1.04
3.09923791885	0.06	0.088	-1.04
3.1018538475	-0.016	-0.148	2.044
3.10446691513	-0.06	-0.26	2.044
3.10707902908	-0.06	-0.26	2.044
3.10969185829	-0.056	0.044	-0.876
3.11230492592	-0.056	0.044	-0.876
3.11491799355	-0.032	0.004	-0.244
3.11753201485	-0.032	0.004	-0.244
3.12014484406	-0.112	-0.4	2.044
3.12276291847	-0.112	-0.4	2.044
3.1253759861	-0.06	-0.224	1.596
3.12798690796	-0.06	-0.224	1.596
3.13059902191	0.08	0.076	-1.336
3.13321495056	0.08	0.076	-1.336
3.1358268261	0.008	-0.12	0.82
3.13843894005	0.008	-0.12	0.82
3.14104795456	0.068	-0.412	2.044
3.14366388321	0.068	-0.412	2.044
3.14627599716	0.0	-0.072	0.456
3.1488969326	0.0	-0.072	0.456
3.15149998665	-0.004	0.14	-1.24
3.15411400795	-0.004	0.14	-1.24
3.15672898293	-0.024	-0.224	1.984
3.15934205055	-0.024	-0.224	1.984
3.16196084023	-0.064	-0.328	2.044
3.16457295418	-0.064	-0.328	2.044
3.1671860218	-0.044	0.196	-0.584
3.16979885101	-0.044	0.196	-0.584
3.1724178791	0.008	0.104	-0.592
3.17502903938	0.008	0.104	-0.592
3.17763900757	-0.008	-0.292	2.044
3.18024992943	-0.008	-0.292	2.044
3.18286800385	-0.012	-0.24	2.016
3.18547987938	-0.012	-0.24	2.016
3.18809103966	-0.152	-0.008	-1.224
3.19070386887	-0.152	-0.008	-1.224
3.19331693649	0.004	-0.068	0.404
3.19592690468	0.004	-0.068	0.404
3.19854092598	0.004	-0.408	2.044
3.20115089417	0.012	-0.144	0.9
3.20376586914	0.012	-0.144	0.9
3.20637702942	0.044	0.14	-1.336
3.20898604393	0.044	0.14	-1.336
3.21159696579	0.02	-0.196	1.552
3.21421098709	0.02	-0.196	1.552
3.21682500839	0.04	-0.344	2.044
3.21943688393	0.04	-0.344	2.044
3.22206282616	-0.152	-0.068	-0.216
3.22467684746	-0.152	-0.068	-0.216
3.22728991508	0.064	0.056	-0.88
3.22989988327	0.064	0.056	-0.88
3.23251104355	0.056	-0.204	2.044
3.23512101173	0.056	-0.204	2.044
3.23773503304	-0.072	-0.248	2.044
3.24034690857	-0.072	-0.248	2.044
3.24296593666	0.028	0.088	-1.024
3.24557685852	0.028	0.088	-1.024
3.24818897247	-0.012	-0.024	-0.012
3.2508020401	-0.012	-0.024	-0.012
3.2534198761	-0.104	-0.38	2.044
3.25603294373	-0.104	-0.38	2.044
3.25864505768	-0.076	-0.196	1.348
3.26125788689	-0.076	-0.196	1.348
3.2638759613	0.052	0.088	-1.368
3.26648688316	0.052	0.088	-1.368
3.26909804344	-0.032	-0.16	1.108
3.2717089653	-0.032	-0.16	1.108
3.27432203293	-0.004	-0.388	2.044
3.27693390846	-0.004	-0.388	2.044
3.27954983711	0.108	-0.116	0.216
3.28216791153	0.108	-0.116	0.216
3.28477883339	0.036	0.108	-1.128
3.28738999367	0.036	0.108	-1.128
3.29000091553	-0.004	-0.236	2.044
3.29261398315	-0.004	-0.236	2.044
3.29523682594	-0.032	-0.312	2.044
3.29784989357	-0.032	-0.312	2.044
3.3004629612	-0.004	0.16	-0.768
3.30307602882	0.02	0.052	-0.388
3.30568695068	0.02	0.052	-0.388
3.30829882622	0.016	-0.312	2.044
3.3109099865	0.016	-0.312	2.044
3.31356191635	-0.056	-0.232	1.76
3.31621789932	-0.056	-0.232	1.76
3.31883692741	-0.156	0.036	-1.3
3.32144999504	-0.156	0.036	-1.3
3.32406401634	-0.02	-0.072	0.66
3.3266749382	-0.02	-0.072	0.66
3.32928586006	-0.04	-0.392	2.044
3.33189988136	-0.04	-0.392	2.044
3.33451199532	0.004	-0.128	0.62
3.3371219635	0.004	-0.128	0.62
3.33973383904	0.052	0.128	-1.28
3.34235095978	0.052	0.128	-1.28
3.34496188164	0.028	-0.2	1.808
3.34757304192	0.028	-0.2	1.808
3.35018396378	0.072	-0.316	2.044
3.3527970314	0.072	-0.316	2.044
3.35540890694	-0.052	-0.052	-0.428
3.35802102089	-0.052	-0.052	-0.428
3.36063599586	0.044	0.032	-0.708
3.36325287819	0.044	0.032	-0.708
3.36586403847	0.012	-0.252	2.044
3.36848402023	0.012	-0.252	2.044
3.37109494209	-0.096	-0.26	2.044
3.37371301651	-0.096	-0.26	2.044
3.37632489204	0.064	0.092	-1.14
3.37893605232	0.064	0.092	-1.14
3.38154602051	-0.016	-0.052	0.22
3.38416194916	-0.016	-0.052	0.22
3.38677597046	-0.068	-0.34	2.044
3.38938689232	-0.068	-0.34	2.044
3.39199995995	-0.068	-0.156	1.076
3.39461183548	-0.068	-0.156	1.076
3.39722299576	0.012	0.072	-1.356
3.39983701706	-0.008	-0.164	1.368
3.40245485306	-0.008	-0.164	1.368
3.40506792068	-0.04	-0.34	2.044
3.40767884254	-0.04	-0.34	2.044
3.41029191017	0.068	-0.032	-0.048
3.4129049778	0.068	-0.032	-0.048
3.41551494598	0.028	0.104	-0.992
3.41812586784	0.028	0.104	-0.992
3.4207379818	-0.06	-0.316	2.044
3.42335700989	-0.06	-0.316	2.044
3.42596888542	-0.02	-0.32	2.044
3.4285800457	-0.02	-0.32	2.044
3.43119192123	-0.032	0.12	-0.932
3.43380498886	-0.032	0.12	-0.932
3.4364168644	0.032	0.008	-0.184
3.43902683258	0.032	0.008	-0.184
3.44164991379	0.048	-0.352	2.044
3.4442679882	0.048	-0.352	2.044
3.44687891006	-0.06	-0.24	1.516
3.44948983192	-0.06	-0.24	1.516
3.45210790634	-0.032	0.088	-1.344
3.45472097397	-0.032	0.088	-1.344
3.45733189583	-0.012	-0.1	0.928
3.45994305611	-0.012	-0.1	0.928
3.46256089211	-0.068	-0.348	2.044
3.46517395973	-0.068	-0.348	2.044
3.46778702736	-0.008	-0.084	0.384
3.47039890289	-0.008	-0.084	0.384
3.47301197052	0.02	0.1	-1.192
3.47562289238	0.02	0.1	-1.192
3.47823405266	0.128	-0.2	2.044
3.48084783554	0.128	-0.2	2.044
3.48346495628	0.016	-0.312	2.044
3.48607683182	0.016	-0.312	2.044
3.4886879921	-0.02	-0.06	-0.632
3.4913008213	-0.02	-0.06	-0.632
3.49391889572	0.004	0.004	-0.532
3.49652886391	-0.048	-0.296	2.044
3.49914097786	-0.048	-0.296	2.044
3.50175285339	-0.048	-0.248	1.94
3.50437092781	-0.048	-0.248	1.94
3.50698399544	0.08	0.092	-1.248
3.5095949173	0.08	0.092	-1.248
3.51220583916	-0.02	-0.056	0.472
3.51482701302	-0.02	-0.056	0.472
3.51743888855	-0.052	-0.312	2.044
3.5200510025	-0.052	-0.312	2.044
3.52267193794	-0.036	-0.128	0.804
3.52528500557	-0.036	-0.128	0.804
3.52789592743	-0.016	0.1	-1.328
3.53050684929	-0.016	0.1	-1.328
3.53312492371	-0.016	-0.18	1.62
3.53573703766	-0.016	-0.18	1.62
3.53834891319	-0.04	-0.292	2.044
3.54096198082	-0.04	-0.292	2.044
3.54358005524	0.152	0.0	-0.28
3.54618501663	0.152	0.0	-0.28
3.54878783226	0.048	0.08	-0.836
3.55139803886	0.048	0.08	-0.836
3.5540099144	-0.036	-0.316	2.044
3.55662202835	-0.036	-0.316	2.044
3.55923485756	-0.008	-0.28	2.044
3.56185698509	-0.008	-0.28	2.044
3.56446886063	-0.064	0.152	-1.072
3.56708097458	-0.064	0.152	-1.072
3.56969285011	0.032	-0.056	0.064
3.57230997086	0.032	-0.056	0.064
3.57492089272	-0.02	-0.368	2.044
3.57753300667	-0.02	-0.368	2.044
3.58014583588	-0.088	-0.204	1.244
3.58275985718	-0.088	-0.204	1.244
3.58537101746	0.024	0.1	-1.36
3.58799290657	0.024	0.1	-1.36
3.59060382843	-0.012	-0.112	1.188
3.59321689606	-0.012	-0.112	1.188
3.59583091736	-0.008	-0.332	2.044
3.59844183922	-0.04	-0.064	0.124
3.60105395317	-0.04	-0.064	0.124
3.60367488861	0.012	0.128	-1.084
3.60628700256	0.012	0.128	-1.084
3.60889697075	0.128	-0.252	2.044
3.61150789261	0.128	-0.252	2.044
3.61412096024	-0.024	-0.316	2.044
3.61673784256	-0.024	-0.316	2.044
3.61935091019	0.016	-0.028	-0.82
3.6219689846	0.016	-0.028	-0.82
3.62458086014	-0.008	-0.008	-0.324
3.62719297409	-0.008	-0.008	-0.324
3.62980484962	-0.068	-0.308	2.044
3.63241791725	-0.068	-0.308	2.044
3.6350300312	-0.024	-0.224	1.696
3.63764190674	-0.024	-0.224	1.696
3.64025497437	0.048	0.088	-1.312
3.64287590981	0.048	0.088	-1.312
3.64548802376	-0.004	-0.076	0.748
3.64809989929	-0.004	-0.076	0.748
3.65071201324	-0.044	-0.32	2.044
3.65332984924	-0.044	-0.32	2.044
3.65594291687	-0.024	-0.1	0.544
3.65855383873	-0.024	-0.1	0.544
3.66117501259	-0.06	0.108	-1.252
3.66379284859	-0.06	0.108	-1.252
3.66640591621	-0.044	-0.196	1.88
3.66901683807	-0.044	-0.196	1.88
3.67162895203	-0.084	-0.296	2.044
3.67424201965	-0.084	-0.296	2.044
3.67685389519	0.064	-0.036	-0.492
3.67946600914	0.064	-0.036	-0.492
3.68208289146	0.012	0.064	-0.672
3.68469691277	0.012	0.064	-0.672
3.68730783463	0.068	-0.324	2.044
3.68991804123	0.068	-0.324	2.044
3.69253587723	0.016	-0.28	2.044
3.69514703751	-0.072	0.128	-1.192
3.69775795937	-0.072	0.128	-1.192
3.70037102699	0.032	-0.06	0.304
3.70298695564	0.032	-0.06	0.304
3.7055978775	-0.088	-0.388	2.044
3.70821094513	-0.088	-0.388	2.044
3.71082282066	-0.096	-0.192	1.008
3.71343803406	-0.096	-0.192	1.008
3.71604990959	0.064	0.128	-1.336
3.71866083145	0.064	0.128	-1.336
3.72127199173	-0.016	-0.116	1.444
3.72389292717	-0.016	-0.116	1.444
3.72650694847	0.004	-0.328	2.044
3.72911691666	0.004	-0.328	2.044
3.73172688484	-0.044	-0.072	-0.1
3.73435401917	-0.044	-0.072	-0.1
3.73695993423	0.004	0.132	-0.948
3.73956489563	0.004	0.132	-0.948
3.74217295647	0.072	-0.308	2.044
3.74478793144	0.072	-0.308	2.044
3.7474489212	-0.028	-0.26	2.044
3.75006484985	-0.028	-0.26	2.044
3.75267887115	0.052	0.004	-0.96
3.75529003143	0.052	0.004	-0.96
3.75790095329	0.004	-0.028	-0.104
3.76051187515	0.004	-0.028	-0.104
3.76312994957	0.008	-0.34	2.044
3.76574492455	0.008	-0.34	2.044
3.76835584641	-0.012	-0.192	1.44
3.77096796036	-0.012	-0.192	1.44
3.77358603477	-0.04	0.092	-1.368
3.77619886398	-0.04	0.092	-1.368
3.77881097794	-0.008	-0.108	1.008
3.7814218998	-0.008	-0.108	1.008
3.78403902054	-0.052	-0.324	2.044
3.78665304184	-0.052	-0.324	2.044
3.78926587105	-0.056	-0.044	0.292
3.79187893867	-0.056	-0.044	0.292
3.7944920063	-0.004	0.12	-1.164
3.79710483551	-0.12	-0.192	2.044
3.79971599579	-0.12	-0.192	2.044
3.80233502388	-0.064	-0.268	2.044
3.80495095253	-0.064	-0.268	2.044
3.80757403374	0.048	-0.06	-0.684
3.81018686295	0.048	-0.06	-0.684
3.8127989769	-0.024	0.032	-0.484
3.81541204453	-0.024	0.032	-0.484
3.81802392006	0.044	-0.372	2.044
3.82063388824	0.044	-0.372	2.044
3.8232460022	-0.008	-0.252	1.868
3.82585883141	-0.008	-0.252	1.868
3.82846999168	-0.04	0.108	-1.272
3.83108186722	-0.04	0.108	-1.272
3.83369684219	0.0	-0.104	0.556
3.83630394936	0.0	-0.104	0.556
3.83890604973	-0.064	-0.4	2.044
3.84151887894	-0.064	-0.4	2.044
3.84413695335	-0.052	-0.092	0.728
3.84675383568	-0.052	-0.092	0.728
3.84936785698	0.04	0.116	-1.3
3.85198497772	0.04	0.116	-1.3
3.85459589958	-0.008	-0.104	1.692
3.85720801353	-0.008	-0.104	1.692
3.85982084274	-0.044	-0.344	2.044
3.86243891716	-0.044	-0.344	2.044
3.86505198479	-0.124	-0.004	-0.336
3.86766600609	-0.124	-0.004	-0.336
3.87027788162	0.016	0.112	-0.8
3.87288999557	0.016	0.112	-0.8
3.87549996376	0.012	-0.332	2.044
3.87811088562	0.012	-0.332	2.044
3.88073086739	-0.024	-0.272	2.044
3.88335084915	-0.024	-0.272	2.044
3.88596701622	0.036	0.004	-1.088
3.88857793808	0.036	0.004	-1.088
3.89118695259	-0.008	-0.036	0.128
3.89380383492	0.072	-0.372	2.044
3.89641499519	0.072	-0.372	2.044
3.89902591705	0.016	-0.164	1.188
3.90163683891	0.016	-0.164	1.188
3.90425395966	-0.028	0.128	-1.368
3.90686583519	-0.028	0.128	-1.368
3.90947699547	0.012	-0.132	1.256
3.91208791733	0.012	-0.132	1.256
3.91470003128	-0.068	-0.316	2.044
3.91731286049	-0.068	-0.316	2.044
3.91992497444	-0.052	0.004	0.036
3.92254090309	-0.052	0.004	0.036
3.92515087128	0.024	0.104	-1.052
3.92776489258	0.024	0.104	-1.052
3.93037605286	-0.1	-0.164	2.044
3.93299484253	-0.1	-0.164	2.044
3.93560695648	-0.004	-0.256	2.044
3.93821883202	-0.004	-0.256	2.044
3.94083094597	-0.012	-0.036	-0.848
3.94344997406	-0.012	-0.036	-0.848
3.94606304169	-0.036	0.02	-0.26
3.94867491722	-0.036	0.02	-0.26
3.95128583908	0.0	-0.384	2.044
3.95390105247	0.0	-0.384	2.044
3.9565038681	-0.04	-0.228	1.624
3.95911598206	-0.04	-0.228	1.624
3.96173286438	0.024	0.104	-1.324
3.96434998512	0.024	0.104	-1.324
3.96696400642	-0.036	-0.12	0.812
3.96957588196	-0.036	-0.12	0.812
3.97219395638	-0.028	-0.4	2.044
3.97480583191	-0.028	-0.4	2.044
3.97741699219	-0.052	-0.076	0.464
3.98002886772	-0.052	-0.076	0.464
3.98264694214	0.024	0.096	-1.224
3.985257864	0.024	0.096	-1.224
3.98786902428	-0.012	-0.148	1.94
3.99048185349	-0.012	-0.148	1.94
3.99309396744	-0.048	-0.32	2.044
3.99570584297	-0.084	0.12	-0.556
3.99831795692	-0.084	0.12	-0.556
4.00092792511	0.008	0.104	-0.616
4.00361895561	0.008	0.104	-0.616
4.00625991821	-0.096	-0.328	2.044
4.00887703896	-0.096	-0.328	2.044
4.01148796082	-0.028	-0.252	2.044
4.01410794258	-0.028	-0.252	2.044
4.0167298317	-0.012	0.0	-1.224
4.01933789253	-0.012	0.0	-1.224
4.02195096016	-0.012	-0.076	0.38
4.02456688881	-0.012	-0.076	0.38
4.02719283104	0.076	-0.416	2.044
4.02980589867	0.076	-0.416	2.044
4.03242087364	0.0	-0.14	0.924
4.03502583504	0.0	-0.14	0.924
4.03762984276	-0.024	0.176	-1.344
4.04024505615	-0.024	0.176	-1.344
4.04286694527	0.012	-0.172	1.524
4.04548192024	0.012	-0.172	1.524
4.04809784889	-0.016	-0.344	2.044
4.05071496964	-0.016	-0.344	2.044
4.05333590508	-0.136	0.044	-0.172
4.05594992638	-0.136	0.044	-0.172
4.05856704712	0.064	0.088	-0.924
4.06117892265	0.064	0.088	-0.924
4.06379890442	-0.012	-0.168	2.044
4.06641793251	-0.012	-0.168	2.044
4.06903290749	-0.02	-0.248	2.044
4.07164692879	-0.02	-0.248	2.044
4.07426905632	-0.084	0.004	-0.992
4.0768828392	-0.084	0.004	-0.992
4.0794968605	-0.02	-0.032	-0.04
4.08211398125	-0.02	-0.032	-0.04
4.08472800255	-0.076	-0.396	2.044
4.08734297752	-0.072	-0.216	1.356
4.08996200562	-0.072	-0.216	1.356
4.09258294106	0.1	0.1	-1.364
4.09519600868	0.1	0.1	-1.364
4.09781002998	-0.028	-0.16	1.08
4.10043382645	-0.028	-0.16	1.08
4.10305500031	0.016	-0.396	2.044
4.10568284988	0.016	-0.396	2.044
4.10829687119	0.016	-0.064	0.216
4.11090898514	0.016	-0.064	0.216
4.11356902122	0.024	0.104	-1.132
4.1161839962	0.024	0.104	-1.132
4.11879587173	-0.016	-0.172	2.044
4.12141084671	-0.016	-0.172	2.044
4.12403202057	-0.096	-0.296	2.044
4.12664699554	-0.096	-0.296	2.044
4.12926483154	0.004	0.176	-0.744
4.13188505173	0.004	0.176	-0.744
4.13449692726	0.0	0.056	-0.416
4.13710188866	0.0	0.056	-0.416
4.13970685005	-0.064	-0.336	2.044
4.14232802391	-0.064	-0.336	2.044
4.14494395256	-0.028	-0.236	1.808
4.14755892754	-0.028	-0.236	1.808
4.15017294884	-0.132	0.024	-1.292
4.15278887749	-0.132	0.024	-1.292
4.15540385246	0.0	-0.092	0.636
4.15800905228	0.0	-0.092	0.636
4.16061401367	-0.008	-0.384	2.044
4.16323494911	-0.008	-0.384	2.044
4.16584992409	0.024	-0.132	0.656
4.16846299171	0.024	-0.132	0.656
4.17107987404	0.008	0.152	-1.288
4.17370891571	0.008	0.152	-1.288
4.17632293701	-0.008	-0.22	1.78
4.17893695831	-0.008	-0.22	1.78
4.18155097961	0.036	-0.316	2.044
4.18418097496	-0.096	0.056	-0.416
4.18679594994	-0.096	0.056	-0.416
4.18940997124	0.052	0.068	-0.748
4.19203495979	0.052	0.068	-0.748
4.19464802742	0.064	-0.22	2.044
4.19726085663	0.064	-0.22	2.044
4.19987297058	-0.036	-0.252	2.044
4.20249605179	-0.036	-0.252	2.044
4.20510292053	-0.064	0.032	-1.132
4.2077088356	-0.064	0.032	-1.132
4.21031999588	-0.02	-0.052	0.196
4.21293187141	-0.02	-0.052	0.196
4.21554899216	-0.124	-0.368	2.044
4.21816682816	-0.124	-0.368	2.044
4.22078204155	-0.056	-0.172	1.104
4.22340297699	-0.056	-0.172	1.104
4.22601890564	0.06	0.08	-1.356
4.22863197327	0.06	0.08	-1.356
4.2312438488	-0.02	-0.168	1.34
4.2339220047	-0.02	-0.168	1.34
4.23654294014	0.012	-0.356	2.044
4.23915696144	0.012	-0.356	2.044
4.24177098274	0.0	-0.08	-0.016
4.24438405037	0.0	-0.08	-0.016
4.24699902534	0.056	0.084	-1.0
4.24962592125	0.056	0.084	-1.0
4.25224494934	-0.012	-0.296	2.044
4.25485992432	-0.012	-0.296	2.044
4.25747489929	-0.076	-0.292	2.044
4.26009082794	-0.076	-0.292	2.044
4.26271104813	0.06	0.152	-0.912
4.26532387733	0.06	0.152	-0.912
4.26793694496	0.0	0.024	-0.204
4.27054190636	0.0	0.024	-0.204
4.27314782143	0.0	-0.332	2.044
4.27575302124	-0.068	-0.232	1.556
4.27836704254	-0.068	-0.232	1.556
4.28098297119	-0.116	0.084	-1.344
4.28360486031	-0.116	0.084	-1.344
4.28621888161	0.004	-0.092	0.86
4.28883194923	0.004	-0.092	0.86
4.29144883156	-0.096	-0.38	2.044
4.29407095909	-0.096	-0.38	2.044
4.29668593407	0.0	-0.104	0.396
4.29929184914	0.0	-0.104	0.396
4.30190300941	0.056	0.124	-1.208
4.30451703072	0.056	0.124	-1.208
4.30713105202	0.056	-0.196	2.02
4.30974388123	0.056	-0.196	2.02
4.31235790253	0.068	-0.34	2.044
4.31497192383	0.068	-0.34	2.044
4.31758403778	-0.064	-0.004	-0.612
4.32020783424	-0.064	-0.004	-0.612
4.32282996178	-0.004	0.028	-0.528
4.32544398308	-0.004	0.028	-0.528
4.32806992531	0.044	-0.3	2.044
4.33068585396	0.044	-0.3	2.044
4.3333029747	-0.06	-0.268	1.964
4.33593082428	-0.06	-0.268	1.964
4.33854603767	0.056	0.076	-1.22
4.34115886688	0.056	0.076	-1.22
4.34378385544	-0.024	-0.068	0.444
4.34640002251	-0.024	-0.068	0.444
4.34901404381	-0.06	-0.328	2.044
4.35162687302	-0.06	-0.328	2.044
4.35424995422	-0.04	-0.124	0.832
4.35686397552	-0.04	-0.124	0.832
4.35947704315	0.004	0.084	-1.336
4.36209797859	0.004	0.084	-1.336
4.36470985413	-0.012	-0.184	1.588
4.36732387543	-0.012	-0.184	1.588
4.3699388504	-0.056	-0.308	2.044
4.37256383896	0.092	-0.008	-0.248
4.37517690659	0.092	-0.008	-0.248
4.37779283524	0.036	0.064	-0.88
4.38041090965	0.036	0.064	-0.88
4.3830280304	-0.06	-0.308	2.044
4.38565301895	-0.06	-0.308	2.044
4.38826704025	-0.024	-0.292	2.044
4.39087986946	-0.024	-0.292	2.044
4.39354085922	0.004	0.128	-1.072
4.39615488052	0.004	0.128	-1.072
4.39876794815	0.036	-0.028	0.032
4.40137887001	0.036	-0.028	0.032
4.40399503708	0.016	-0.356	2.044
4.4065990448	0.016	-0.356	2.044
4.40920495987	-0.064	-0.196	1.276
4.41181182861	-0.064	-0.196	1.276
4.41443395615	-0.056	0.124	-1.344
4.4170498848	-0.056	0.124	-1.344
4.41966485977	-0.02	-0.128	1.168
4.42228603363	-0.02	-0.128	1.168
4.42489886284	-0.048	-0.348	2.044
4.42751502991	-0.048	-0.348	2.044
4.43012905121	-0.068	-0.06	0.144
4.43274283409	-0.068	-0.06	0.144
4.43535804749	0.016	0.136	-1.088
4.43796992302	0.016	0.136	-1.088
4.44058299065	0.116	-0.248	2.044
4.44320392609	0.116	-0.248	2.044
4.44581699371	0.024	-0.32	2.044
4.44843101501	0.024	-0.32	2.044
4.45104503632	-0.016	0.032	-0.8
4.4536678791	-0.016	0.032	-0.8
4.45628404617	0.02	0.004	-0.34
4.45889687538	0.02	0.004	-0.34
4.46150994301	-0.036	-0.328	2.044
4.46413087845	-0.036	-0.328	2.044
4.466755867	-0.064	-0.244	1.708
4.46936988831	0.088	0.076	-1.308
4.47198796272	0.088	0.076	-1.308
4.4746029377	-0.028	-0.072	0.712
4.477216959	-0.028	-0.072	0.712
4.47983002663	-0.036	-0.32	2.044
4.48245191574	-0.036	-0.32	2.044
4.48506689072	-0.016	-0.076	0.572
4.48768091202	-0.016	-0.076	0.572
4.49029588699	-0.044	0.08	-1.268
4.49291586876	-0.044	0.08	-1.268
4.49553489685	0.02	-0.2	1.864
4.49814987183	0.02	-0.2	1.864
4.50076389313	-0.076	-0.296	2.044
4.50338482857	-0.076	-0.296	2.044
4.50600194931	0.108	-0.052	-0.48
4.50861787796	0.108	-0.052	-0.48
4.51123189926	0.012	0.056	-0.676
4.51384782791	0.012	0.056	-0.676
4.51646089554	0.004	-0.3	2.044
4.51907396317	0.004	-0.3	2.044
4.52168989182	-0.004	-0.292	2.044
4.52431488037	-0.004	-0.292	2.044
4.52692985535	-0.108	0.128	-1.184
4.52954387665	-0.108	0.128	-1.184
4.53216695786	0.02	-0.052	0.296
4.53478384018	0.02	-0.052	0.296
4.53739786148	-0.068	-0.372	2.044
4.54003882408	-0.068	-0.372	2.044
4.54266095161	-0.084	-0.184	1.02
4.54527592659	-0.084	-0.184	1.02
4.54789090157	0.044	0.14	-1.336
4.55050492287	0.044	0.14	-1.336
4.55311894417	-0.004	-0.132	1.428
4.55573487282	-0.004	-0.132	1.428
4.55834889412	-0.02	-0.308	2.044
4.56096386909	-0.04	-0.076	-0.1
4.56358599663	-0.04	-0.076	-0.1
4.56620001793	0.016	0.132	-0.96
4.56881284714	0.016	0.132	-0.96
4.57142591476	0.084	-0.292	2.044
4.57404589653	0.084	-0.292	2.044
4.57666087151	-0.032	-0.3	2.044
4.57927584648	-0.032	-0.3	2.044
4.58188891411	0.02	0.028	-0.952
4.58450293541	0.02	0.028	-0.952
4.58711600304	0.0	-0.028	-0.124
4.58972287178	0.0	-0.028	-0.124
4.59233093262	-0.016	-0.348	2.044
4.59494590759	-0.016	-0.348	2.044
4.59755992889	-0.032	-0.22	1.46
4.60017490387	-0.032	-0.22	1.46
4.60279798508	0.028	0.08	-1.356
4.60540294647	0.028	0.08	-1.356
4.60800790787	-0.008	-0.092	0.98
4.61061501503	-0.008	-0.092	0.98
4.6132349968	-0.06	-0.324	2.044
4.61585593224	-0.06	-0.324	2.044
4.61847400665	-0.032	-0.016	0.312
4.62108802795	-0.032	-0.016	0.312
4.62370800972	-0.052	0.12	-1.184
4.62632489204	-0.052	0.12	-1.184
4.62893986702	-0.096	-0.212	2.044
4.63155388832	-0.096	-0.212	2.044
4.63417291641	-0.08	-0.268	2.044
4.63678789139	-0.08	-0.268	2.044
4.63940095901	0.068	-0.06	-0.652
4.64917802811	0.06	-0.324	2.044
4.65187883377	0.06	-0.324	2.044
4.65449690819	0.016	-0.24	1.9
4.65711283684	0.016	-0.24	1.9
4.65972805023	-0.064	0.12	-1.268
4.66234993935	-0.064	0.12	-1.268
4.66497588158	-0.004	-0.096	0.54
4.66759204865	-0.004	-0.096	0.54
4.67020583153	-0.088	-0.392	2.044
4.6728219986	-0.088	-0.392	2.044
4.67543792725	-0.096	-0.136	0.74
4.67805886269	-0.096	-0.136	0.74
4.68067502975	0.044	0.112	-1.308
4.68329501152	-0.008	-0.12	1.696
4.68591094017	-0.008	-0.12	1.696
4.68852496147	-0.036	-0.34	2.044
4.69113993645	-0.036	-0.34	2.044
4.69378900528	-0.076	-0.044	-0.324
4.69640493393	-0.076	-0.044	-0.324
4.69902205467	0.024	0.12	-0.808
4.70163583755	0.024	0.12	-0.808
4.70425987244	0.048	-0.34	2.044
4.70687389374	0.048	-0.34	2.044
4.70948791504	-0.032	-0.268	2.044
4.71211504936	-0.032	-0.268	2.044
4.71473097801	0.036	0.024	-1.084
4.71734499931	0.036	0.024	-1.084
4.71995687485	0.016	-0.036	0.108
4.72258996964	0.016	-0.036	0.108
4.72520399094	0.064	-0.368	2.044
4.72781801224	0.064	-0.368	2.044
4.73043298721	-0.032	-0.2	1.2
4.73305296898	-0.032	-0.2	1.2
4.73566699028	-0.02	0.132	-1.364
4.73828291893	-0.02	0.132	-1.364
4.74089694023	0.004	-0.132	1.256
4.74361991882	0.004	-0.132	1.256
4.74624300003	-0.072	-0.32	2.044
4.74885892868	-0.072	-0.32	2.044
4.75147294998	-0.004	0.02	0.048
4.75408697128	-0.004	0.02	0.048
4.75669884682	0.004	0.128	-1.048
4.75931191444	0.004	0.128	-1.048
4.76194405556	-0.112	-0.196	2.044
4.76455903053	-0.112	-0.196	2.044
4.76718401909	-0.02	-0.252	2.044
4.76981186867	0.0	-0.068	-0.852
4.77242493629	0.0	-0.068	-0.852
4.77502989769	-0.02	0.004	-0.276
4.77766489983	-0.02	0.004	-0.276
4.78028202057	0.036	-0.376	2.044
4.78289699554	0.036	-0.376	2.044
4.78551387787	-0.008	-0.208	1.64
4.78818202019	-0.008	-0.208	1.64
4.79079794884	0.016	0.1	-1.308
4.79341292381	0.016	0.1	-1.308
4.79602694511	-0.024	-0.12	0.8
4.79864096642	-0.024	-0.12	0.8
4.80125403404	-0.02	-0.384	2.044
4.80387187004	-0.02	-0.384	2.044
4.80647683144	-0.076	-0.104	0.476
4.80908298492	-0.076	-0.104	0.476
4.81168985367	0.048	0.132	-1.24
4.81430697441	0.048	0.132	-1.24
4.81692004204	-0.02	-0.136	1.928
4.81953501701	-0.02	-0.136	1.928
4.82215499878	-0.068	-0.328	2.044
4.82476186752	-0.068	-0.328	2.044
4.8273730278	-0.1	0.072	-0.564
4.82997989655	-0.1	0.072	-0.564
4.83258605003	-0.004	0.112	-0.628
4.83519601822	-0.004	0.112	-0.628
4.83780097961	-0.08	-0.356	2.044
4.84041905403	-0.08	-0.356	2.044
4.84303092957	-0.028	-0.28	2.044
4.84564685822	-0.028	-0.28	2.044
4.84826087952	0.028	0.024	-1.2
4.85087490082	0.028	0.024	-1.2
4.85351896286	0.02	-0.072	0.372
4.85614585876	0.02	-0.072	0.372
4.85875988007	0.104	-0.408	2.044
4.86137294769	0.104	-0.408	2.044
4.86400699615	-0.024	-0.148	0.944
4.86662483215	-0.048	0.168	-1.344
4.86924004555	-0.048	0.168	-1.344
4.87186002731	-0.012	-0.156	1.508
4.87447690964	-0.012	-0.156	1.508
4.87709093094	-0.056	-0.352	2.044
4.87970399857	-0.056	-0.352	2.044
4.88232588768	-0.092	0.044	-0.184
4.88493895531	-0.092	0.044	-0.184
4.88755202293	0.044	0.104	-0.916
4.89016699791	0.044	0.104	-0.916
4.89278483391	-0.02	-0.184	2.044
4.89539790154	-0.02	-0.184	2.044
4.89801287651	-0.008	-0.244	2.044
4.90062689781	-0.008	-0.244	2.044
4.90324687958	-0.096	-0.016	-1.004
4.90586495399	-0.096	-0.016	-1.004
4.90848398209	-0.012	-0.028	-0.048
4.91109800339	-0.012	-0.028	-0.048
4.91373896599	-0.052	-0.404	2.044
4.91635394096	-0.052	-0.404	2.044
4.91896796227	-0.032	-0.188	1.372
4.92158293724	-0.032	-0.188	1.372
4.92420387268	0.084	0.1	-1.348
4.92681694031	0.084	0.1	-1.348
4.92942905426	-0.028	-0.156	1.068
4.93204903603	-0.028	-0.156	1.068
4.934664011	0.036	-0.396	2.044
4.93727684021	0.036	-0.396	2.044
4.9398920536	-0.044	-0.076	0.24
4.94251203537	-0.044	-0.076	0.24
4.94512486458	0.044	0.092	-1.144
4.94774103165	0.044	0.092	-1.144
4.95035505295	0.004	-0.18	2.044
4.95296883583	0.004	-0.18	2.044
4.95558404922	-0.08	-0.3	2.044
4.95819687843	-0.08	-0.3	2.044
4.96080899239	0.008	0.16	-0.732
4.96342301369	-0.012	0.056	-0.436
4.96603798866	-0.012	0.056	-0.436
4.96865487099	-0.088	-0.344	2.044
4.97127103806	-0.088	-0.344	2.044
4.97388696671	-0.048	-0.224	1.816
4.97650003433	-0.048	-0.224	1.816
4.97911500931	-0.092	0.028	-1.288
4.98172783852	-0.092	0.028	-1.288
4.98434495926	-0.004	-0.092	0.616
4.98696994781	-0.004	-0.092	0.616
4.98958897591	0.052	-0.4	2.044
4.99220490456	0.052	-0.4	2.044
4.99481892586	0.036	-0.12	0.676
4.99743199348	0.036	-0.12	0.676
