Timestamp 	 X-Axis 	 Y-Axis 	 Z-Axis
0.000309944152832	-0.056	-0.284	2.044
0.00392985343933	0.032	-0.044	-0.54
0.00734400749207	0.012	0.068	-0.6
0.0107479095459	0.012	0.068	-0.6
0.0141489505768	0.04	-0.352	2.044
0.0175609588623	-0.024	-0.272	2.032
0.0209558010101	-0.024	-0.272	2.032
0.0243539810181	-0.084	0.08	-1.216
0.0277569293976	0.012	-0.076	0.38
0.0311667919159	0.012	-0.076	0.38
0.034569978714	-0.036	-0.364	2.044
0.0379748344421	-0.028	-0.136	0.92
0.041375875473	-0.028	-0.136	0.92
0.0448617935181	0.052	0.144	-1.34
0.0482819080353	-0.028	-0.128	1.52
0.0516839027405	-0.028	-0.128	1.52
0.0550858974457	-0.016	-0.34	2.044
0.0584959983826	-0.088	-0.02	-0.188
0.0618979930878	-0.088	-0.02	-0.188
0.065299987793	0.02	0.112	-0.9
0.0686979293823	-0.016	-0.284	2.044
0.0720989704132	-0.016	-0.284	2.044
0.0755019187927	-0.036	-0.264	2.044
0.0789020061493	0.032	-0.036	-1.0
0.0822989940643	0.032	-0.036	-1.0
0.0857009887695	0.02	-0.028	-0.04
0.0891118049622	0.052	-0.34	2.044
0.0925178527832	0.052	-0.34	2.044
0.0959339141846	0.024	-0.176	1.372
0.0993378162384	-0.04	0.116	-1.376
0.102752923965	-0.04	0.116	-1.376
0.106155872345	-0.016	-0.128	1.084
0.109555959702	-0.088	-0.364	2.044
0.112962961197	-0.088	-0.364	2.044
0.116364002228	-0.092	-0.032	0.204
0.119763851166	0.008	0.108	-1.144
0.123176813126	0.008	0.108	-1.144
0.126576900482	-0.132	-0.152	2.044
0.129977941513	-0.028	-0.264	2.044
0.133383989334	-0.028	-0.264	2.044
0.136784791946	0.084	-0.02	-0.728
0.140186786652	-0.004	0.032	-0.412
0.143591880798	-0.004	0.032	-0.412
0.146991968155	-0.012	-0.384	2.044
0.150393009186	-0.048	-0.24	1.824
0.153823852539	-0.048	-0.24	1.824
0.157228946686	-0.008	0.096	-1.28
0.160640954971	0.0	-0.108	0.632
0.164041996002	0.0	-0.108	0.632
0.16743683815	0.044	-0.388	2.044
0.170838832855	0.012	-0.1	0.66
0.174244880676	0.012	-0.1	0.66
0.177642822266	-0.008	0.148	-1.288
0.181044816971	-0.008	-0.168	1.768
0.184445858002	-0.008	-0.168	1.768
0.187846899033	-0.028	-0.372	2.044
0.191256999969	-0.18	0.08	-0.424
0.194672822952	-0.18	0.08	-0.424
0.198073863983	0.004	0.104	-0.752
0.201484918594	-0.068	-0.3	2.044
0.20490193367	-0.068	-0.3	2.044
0.208303928375	-0.008	-0.244	2.044
0.211704015732	0.02	-0.016	-1.128
0.215106010437	0.02	-0.016	-1.128
0.218499898911	0.024	-0.044	0.212
0.221890926361	0.064	-0.392	2.044
0.225294828415	0.064	-0.392	2.044
0.228699922562	0.016	-0.176	1.116
0.232100009918	-0.024	0.164	-1.364
0.235507011414	-0.024	0.164	-1.364
0.238906860352	-0.02	-0.144	1.344
0.242308855057	-0.1	-0.348	2.044
0.245714902878	-0.1	-0.348	2.044
0.249128818512	-0.068	0.012	-0.032
0.2525370121	0.016	0.1	-1.012
0.255936861038	0.016	0.1	-1.012
0.259339809418	-0.016	-0.156	2.044
0.262746810913	-0.008	-0.26	2.044
0.266148805618	-0.008	-0.26	2.044
0.269547939301	-0.012	0.012	-0.904
0.272953987122	-0.024	0.0	-0.208
0.276347875595	-0.024	0.0	-0.208
0.27973985672	-0.084	-0.412	2.044
0.28314781189	-0.088	-0.224	1.56
0.286558866501	-0.088	-0.224	1.56
0.289959907532	0.056	0.104	-1.34
0.293365001678	-0.02	-0.128	0.88
0.296764850616	-0.02	-0.128	0.88
0.300165891647	0.064	-0.4	2.044
0.303579807281	0.02	-0.08	0.416
0.306979894638	0.02	-0.08	0.416
0.310385942459	-0.02	0.156	-1.212
0.313812017441	-0.048	-0.2	2.008
0.317212820053	-0.048	-0.2	2.008
0.32061290741	-0.076	-0.332	2.044
0.324020862579	-0.136	0.188	-0.616
0.327432870865	-0.136	0.188	-0.616
0.33083486557	-0.008	0.084	-0.56
0.334240913391	-0.056	-0.308	2.044
0.337641000748	-0.056	-0.308	2.044
0.34104180336	-0.028	-0.224	1.988
0.344443798065	-0.024	0.008	-1.236
0.34784579277	-0.024	0.008	-1.236
0.351244926453	0.012	-0.072	0.444
0.354651927948	0.068	-0.412	2.044
0.358050823212	0.068	-0.412	2.044
0.361449956894	0.016	-0.176	0.848
0.364862918854	-0.028	0.168	-1.328
0.368263959885	-0.028	0.168	-1.328
0.371663808823	0.024	-0.184	1.588
0.375069856644	-0.016	-0.328	2.044
0.378471851349	-0.016	-0.328	2.044
0.381881952286	-0.12	0.036	-0.252
0.385288000107	0.016	0.108	-0.852
0.38868689537	0.016	0.108	-0.852
0.39208483696	0.036	-0.208	2.044
0.395491838455	-0.02	-0.24	2.044
0.398891925812	-0.02	-0.24	2.044
0.402292966843	-0.072	0.02	-1.036
0.405699968338	-0.02	-0.024	0.016
0.409099817276	-0.02	-0.024	0.016
0.412505865097	-0.092	-0.4	2.044
0.415902853012	-0.096	-0.204	1.3
0.419296979904	-0.096	-0.204	1.3
0.422693967819	0.1	0.088	-1.344
0.426097869873	-0.02	-0.156	1.14
0.429498910904	-0.02	-0.156	1.14
0.432909011841	0.032	-0.392	2.044
0.43630194664	0.064	-0.108	0.172
0.439693927765	0.064	-0.108	0.172
0.44308590889	0.012	0.116	-1.104
0.446479797363	-0.016	-0.248	2.044
0.449886798859	-0.016	-0.248	2.044
0.453282833099	-0.092	-0.328	2.044
0.456684827805	-0.04	0.196	-0.792
0.46008682251	-0.04	0.196	-0.792
0.463490962982	-0.016	0.052	-0.372
0.466892004013	0.024	-0.324	2.044
0.470294952393	0.024	-0.324	2.044
0.473701000214	-0.032	-0.22	1.724
0.477113008499	-0.076	0.028	-1.312
0.480513811111	-0.076	0.028	-1.312
0.4839220047	-0.008	-0.084	0.7
0.48733997345	-0.064	-0.404	2.044
0.490741968155	-0.064	-0.404	2.044
0.494148015976	-0.004	-0.144	0.604
0.497547864914	-0.02	0.14	-1.264
0.500947952271	-0.02	0.14	-1.264
0.504348993301	0.012	-0.208	1.832
0.507751941681	0.06	-0.32	2.044
0.511150836945	0.06	-0.32	2.044
0.514555931091	-0.064	0.028	-0.46
0.517956972122	0.044	0.06	-0.708
0.521364927292	0.044	0.06	-0.708
0.524765968323	0.036	-0.256	2.044
0.528167009354	-0.028	-0.232	2.044
0.531567811966	-0.028	-0.232	2.044
0.534974813461	-0.052	0.064	-1.152
0.538376808167	-0.028	-0.056	0.252
0.541775941849	-0.028	-0.056	0.252
0.54518198967	-0.084	-0.368	2.044
0.548583984375	-0.096	-0.164	1.044
0.551983833313	-0.096	-0.164	1.044
0.555391788483	0.08	0.064	-1.348
0.558790922165	0.0	-0.172	1.396
0.56218290329	0.0	-0.172	1.396
0.565579891205	0.032	-0.36	2.044
0.568979978561	0.02	-0.136	-0.076
0.572396993637	0.02	-0.136	-0.076
0.575800895691	0.044	0.096	-0.976
0.579199790955	-0.036	-0.288	2.044
0.582604885101	-0.036	-0.288	2.044
0.586004972458	-0.096	-0.28	2.044
0.589404821396	0.028	0.144	-0.948
0.592811822891	0.028	0.144	-0.948
0.596211910248	-0.016	0.0	-0.16
0.599615812302	0.036	-0.356	2.044
0.603022813797	0.036	-0.356	2.044
0.606422901154	-0.032	-0.24	1.5
0.60983300209	-0.056	0.068	-1.352
0.613237857819	-0.056	0.068	-1.352
0.616629838943	-0.004	-0.128	0.944
0.620023012161	-0.1	-0.404	2.044
0.623420000076	-0.1	-0.404	2.044
0.62682890892	-0.028	-0.096	0.344
0.630229949951	0.012	0.12	-1.192
0.633636951447	0.012	0.12	-1.192
0.637036800385	0.024	-0.228	2.044
0.640436887741	0.044	-0.328	2.044
0.643842935562	0.044	-0.328	2.044
0.647241830826	-0.012	0.036	-0.648
0.650643825531	0.004	0.04	-0.52
0.654047966003	0.004	0.04	-0.52
0.657446861267	0.1	-0.312	2.044
0.660846948624	-0.044	-0.26	1.928
0.664247989655	-0.044	-0.26	1.928
0.667658805847	-0.076	0.072	-1.244
0.671058893204	-0.008	-0.068	0.492
0.674466848373	-0.092	-0.356	2.044
0.677867889404	-0.092	-0.356	2.044
0.681272983551	-0.072	-0.144	0.796
0.684679985046	0.056	0.056	-1.316
0.688086986542	0.056	0.056	-1.316
0.69148683548	-0.012	-0.176	1.644
0.694888830185	0.028	-0.336	2.044
0.69829082489	0.028	-0.336	2.044
0.701689958572	-0.028	-0.124	-0.284
0.705098867416	0.052	0.068	-0.828
0.708498001099	0.052	0.068	-0.828
0.711896896362	-0.044	-0.292	2.044
0.715304851532	-0.088	-0.276	2.044
0.718705892563	-0.088	-0.276	2.044
0.722108840942	0.096	0.152	-1.068
0.725507974625	-0.004	-0.048	0.064
0.728907823563	-0.004	-0.048	0.064
0.732318878174	0.044	-0.364	2.044
0.735723972321	-0.036	-0.204	1.244
0.739127874374	-0.036	-0.204	1.244
0.742533922195	-0.036	0.088	-1.368
0.745948791504	-0.024	-0.156	1.204
0.749349832535	-0.024	-0.156	1.204
0.75275683403	-0.112	-0.38	2.044
0.756157875061	-0.004	-0.072	0.112
0.759557962418	-0.004	-0.072	0.112
0.762976884842	0.048	0.12	-1.092
0.766376972198	0.076	-0.296	2.044
0.769775867462	0.076	-0.296	2.044
0.773182868958	0.036	-0.336	2.044
0.776582956314	-0.08	0.048	-0.824
0.779982805252	-0.08	0.048	-0.824
0.783393859863	0.012	0.02	-0.32
0.786798000336	0.04	-0.352	2.044
0.790195941925	0.04	-0.352	2.044
0.79360294342	-0.064	-0.28	1.68
0.797006845474	-0.004	0.056	-1.304
0.800406932831	-0.004	0.056	-1.304
0.803813934326	-0.02	-0.076	0.744
0.807214975357	-0.04	-0.336	2.044
0.810616970062	-0.04	-0.336	2.044
0.81402182579	-0.02	-0.096	0.548
0.817414999008	0.036	0.064	-1.252
0.82080578804	0.036	0.064	-1.252
0.824203014374	0.048	-0.2	1.876
0.827605962753	-0.032	-0.32	2.044
0.831005811691	-0.032	-0.32	2.044
0.83441400528	0.048	-0.092	-0.492
0.837824821472	0.036	0.04	-0.66
0.841224908829	0.036	0.04	-0.66
0.84463095665	-0.052	-0.276	2.044
0.848031997681	-0.052	-0.26	2.044
0.851432800293	-0.052	-0.26	2.044
0.85488986969	0.06	0.136	-1.168
0.858303785324	-0.016	-0.076	0.304
0.861704826355	-0.016	-0.076	0.304
0.86511182785	-0.012	-0.352	2.044
0.868512868881	-0.044	-0.156	0.992
0.871913909912	-0.044	-0.156	0.992
0.875321865082	-0.012	0.104	-1.352
0.878722906113	-0.012	-0.168	1.444
0.882124900818	-0.012	-0.168	1.444
0.885532855988	-0.1	-0.328	2.044
0.888933897018	0.012	0.028	-0.136
0.892367839813	0.012	0.028	-0.136
0.895769834518	0.048	0.1	-0.968
0.899168968201	0.056	-0.32	2.044
0.902575016022	0.056	-0.32	2.044
0.905986785889	0.02	-0.32	2.044
0.909385919571	-0.052	0.084	-0.972
0.912792921066	-0.052	0.084	-0.972
0.916193962097	0.016	-0.004	-0.108
0.919608831406	0.0	-0.364	2.044
0.923020839691	0.0	-0.364	2.044
0.926412820816	-0.104	-0.22	1.456
0.929826974869	-0.004	0.072	-1.352
0.933233976364	-0.004	0.072	-1.352
0.936635017395	-0.012	-0.1	0.984
0.940035820007	-0.024	-0.316	2.044
0.943440914154	-0.024	-0.316	2.044
0.946842908859	0.004	-0.06	0.304
0.950240850449	0.004	0.064	-1.168
0.953655958176	0.004	0.064	-1.168
0.957056999207	0.108	-0.232	2.044
0.960456848145	-0.048	-0.328	2.044
0.963864803314	-0.048	-0.328	2.044
0.967264890671	-0.016	-0.072	-0.692
0.970668792725	0.024	0.012	-0.476
0.974073886871	0.024	0.012	-0.476
0.977473020554	-0.064	-0.276	2.044
0.980872869492	-0.012	-0.24	1.88
0.984274864197	-0.012	-0.24	1.88
0.987676858902	0.072	0.092	-1.264
0.991075992584	-0.024	-0.076	0.552
0.994481801987	-0.024	-0.076	0.552
0.997884988785	-0.02	-0.316	2.044
1.00128483772	-0.048	-0.124	0.736
1.00469183922	-0.048	-0.124	0.736
1.00809192657	0.004	0.112	-1.316
1.01149201393	-0.036	-0.18	1.692
1.01489496231	-0.036	-0.18	1.692
1.01828980446	-0.108	-0.296	2.044
1.02168297768	0.092	0.0	-0.332
1.02507781982	0.092	0.0	-0.332
1.02847290039	0.04	0.088	-0.808
1.03187179565	0.1	-0.336	2.044
1.03527879715	0.1	-0.336	2.044
1.03867983818	0.008	-0.296	2.044
1.04208087921	-0.08	0.112	-1.112
1.04548692703	-0.08	0.112	-1.112
1.04890584946	0.032	-0.04	0.132
1.05230689049	-0.076	-0.384	2.044
1.05572080612	-0.076	-0.384	2.044
1.05912399292	-0.088	-0.192	1.2
1.06252980232	0.036	0.096	-1.348
1.06592988968	0.036	0.096	-1.348
1.06932997704	-0.004	-0.132	1.232
1.07273578644	0.036	-0.308	2.044
1.07613587379	0.036	-0.308	2.044
1.07954692841	-0.044	-0.048	0.064
1.0829539299	0.0	0.104	-1.064
1.08634495735	0.0	0.104	-1.064
1.08973479271	0.02	-0.256	2.044
1.09314084053	-0.076	-0.3	2.044
1.09654188156	-0.076	-0.3	2.044
1.09994292259	0.024	-0.004	-0.844
1.1033539772	0.016	-0.016	-0.268
1.10675597191	0.016	-0.016	-0.268
1.11015582085	-0.016	-0.3	2.044
1.11356186867	0.008	-0.188	1.64
1.11696100235	0.008	-0.188	1.64
1.12035989761	0.032	0.096	-1.324
1.12376499176	-0.008	-0.1	0.788
1.1271648407	-0.008	-0.1	0.788
1.13056588173	-0.052	-0.34	2.044
1.13397288322	-0.028	-0.1	0.492
1.13737297058	-0.028	-0.1	0.492
1.14077281952	-0.012	0.1	-1.24
1.1441848278	-0.044	-0.192	1.936
1.14758682251	-0.044	-0.192	1.936
1.15098786354	-0.08	-0.28	2.044
1.15439891815	0.044	-0.036	-0.528
1.15779900551	0.044	-0.036	-0.528
1.16119885445	0.0	0.072	-0.628
1.16459989548	0.056	-0.34	2.044
1.16799879074	0.056	-0.34	2.044
1.1713988781	0.004	-0.284	2.044
1.17487001419	-0.108	0.112	-1.208
1.17827486992	-0.108	0.112	-1.208
1.18167591095	0.008	-0.068	0.36
1.1850810051	-0.1	-0.372	2.044
1.18848085403	-0.1	-0.372	2.044
1.19188189507	-0.08	-0.144	0.94
1.1952829361	0.048	0.128	-1.324
1.19868278503	0.048	0.128	-1.324
1.20208382607	-0.02	-0.132	1.496
1.20549201965	0.02	-0.328	2.044
1.20891785622	0.02	-0.328	2.044
1.21231889725	-0.032	-0.064	-0.164
1.21571493149	0.024	0.096	-0.92
1.21910786629	0.024	0.096	-0.92
1.22250199318	0.036	-0.3	2.044
1.2259209156	-0.04	-0.284	2.044
1.22932195663	-0.04	-0.284	2.044
1.2327299118	0.004	0.02	-0.988
1.23612880707	0.012	-0.028	-0.06
1.23956489563	0.012	-0.028	-0.06
1.2429728508	0.0	-0.324	2.044
1.24636483192	0.012	-0.168	1.392
1.24976396561	0.012	-0.168	1.392
1.25317001343	-0.004	0.088	-1.364
1.25657081604	-0.028	-0.116	1.056
1.25997591019	-0.028	-0.116	1.056
1.26338195801	-0.04	-0.344	2.044
1.26678395271	-0.068	-0.056	0.232
1.27070379257	-0.012	0.104	-1.148
1.27413582802	-0.012	0.104	-1.148
1.27753782272	-0.104	-0.2	2.044
1.28093791008	-0.068	-0.268	2.044
1.28434491158	-0.068	-0.268	2.044
1.28774595261	0.104	-0.032	-0.712
1.29114794731	0.008	0.012	-0.444
1.29455280304	0.008	0.012	-0.444
1.29795193672	0.032	-0.34	2.044
1.30135178566	0.012	-0.244	1.816
1.30475187302	0.012	-0.244	1.816
1.30815196037	-0.072	0.132	-1.284
1.31156492233	-0.004	-0.108	0.6
1.31497502327	-0.004	-0.108	0.6
1.31837391853	-0.068	-0.364	2.044
1.32177400589	-0.068	-0.092	0.68
1.32518100739	-0.068	-0.092	0.68
1.32857990265	0.036	0.144	-1.296
1.33197879791	0.004	-0.136	1.736
1.33539581299	0.004	-0.136	1.736
1.33879590034	-0.004	-0.344	2.044
1.3421959877	-0.064	-0.036	-0.38
1.3456017971	-0.064	-0.036	-0.38
1.34900188446	0.016	0.096	-0.768
1.35240197182	-0.016	-0.336	2.044
1.35580301285	-0.016	-0.336	2.044
1.35920381546	-0.052	-0.284	2.044
1.36261081696	0.004	0.016	-1.116
1.36601400375	0.004	0.016	-1.116
1.36941289902	0.02	-0.048	0.184
1.37281799316	0.072	-0.368	2.044
1.37621688843	0.072	-0.368	2.044
1.37961602211	0.028	-0.148	1.148
1.38303399086	-0.024	0.152	-1.36
1.38643693924	-0.024	0.152	-1.36
1.38983678818	-0.032	-0.128	1.312
1.393242836	-0.1	-0.344	2.044
1.39664292336	-0.1	-0.344	2.044
1.40004301071	-0.064	0.024	0.0
1.4034409523	0.004	0.112	-1.028
1.40683889389	0.004	0.112	-1.028
1.41023993492	-0.096	-0.168	2.044
1.41364192963	-0.004	-0.252	2.044
1.41703391075	-0.004	-0.252	2.044
1.42042994499	0.08	-0.032	-0.88
1.42382693291	-0.012	-0.004	-0.232
1.42723083496	-0.012	-0.004	-0.232
1.4306409359	0.004	-0.372	2.044
1.434060812	-0.024	-0.224	1.584
1.43745398521	-0.024	-0.224	1.584
1.44084596634	-0.024	0.136	-1.332
1.44424390793	-0.032	-0.132	0.856
1.44764900208	-0.032	-0.132	0.856
1.45105290413	-0.024	-0.368	2.044
1.45445489883	-0.044	-0.072	0.436
1.45785498619	-0.044	-0.072	0.436
1.46125388145	0.008	0.136	-1.22
1.46465396881	-0.032	-0.16	1.98
1.46805691719	-0.032	-0.16	1.98
1.47147583961	-0.02	-0.316	2.044
1.47488379478	-0.076	0.056	-0.58
1.47828388214	-0.076	0.056	-0.58
1.48168301582	0.012	0.092	-0.584
1.48508882523	-0.08	-0.34	2.044
1.48848986626	-0.08	-0.34	2.044
1.49188899994	-0.06	-0.232	2.004
1.49529480934	0.028	0.036	-1.216
1.49869585037	0.028	0.036	-1.216
1.50209379196	0.028	-0.084	0.432
1.50549888611	0.112	-0.388	2.044
1.50889897346	0.112	-0.388	2.044
1.51229786873	0.052	-0.152	0.884
1.51570296288	-0.044	0.164	-1.332
1.51910281181	-0.044	0.164	-1.332
1.5225110054	0.004	-0.152	1.556
1.52592396736	-0.092	-0.348	2.044
1.52932500839	-0.092	-0.348	2.044
1.53273200989	-0.148	0.092	-0.228
1.53613185883	0.02	0.132	-0.912
1.53953194618	0.02	0.132	-0.912
1.54293489456	-0.052	-0.184	2.044
1.54633784294	0.0	-0.244	2.044
1.54972887039	0.0	-0.244	2.044
1.55312585831	-0.012	-0.04	-1.028
1.55652689934	0.0	-0.02	-0.012
1.55991888046	0.0	-0.02	-0.012
1.56331682205	-0.02	-0.404	2.044
1.56671595573	-0.064	-0.208	1.336
1.57011580467	-0.064	-0.208	1.336
1.57352185249	0.02	0.132	-1.36
1.57693481445	-0.02	-0.148	1.108
1.58033585548	-0.02	-0.148	1.108
1.58373689651	0.0	-0.384	2.044
1.58712887764	-0.024	-0.052	0.184
1.59052991867	-0.024	-0.052	0.184
1.59395098686	0.016	0.104	-1.108
1.5973508358	-0.024	-0.18	2.044
1.60075092316	-0.024	-0.18	2.044
1.60415387154	-0.048	-0.304	2.044
1.60755586624	-0.028	0.104	-0.776
1.61095786095	-0.028	0.104	-0.776
1.61436390877	-0.016	0.052	-0.4
1.61775588989	-0.084	-0.356	2.044
1.62115979195	-0.084	-0.356	2.044
1.62455892563	-0.064	-0.22	1.764
1.62796401978	0.036	0.044	-1.304
1.63136601448	0.036	0.044	-1.304
1.63476681709	-0.004	-0.088	0.668
1.63816785812	0.04	-0.416	2.044
1.64156579971	0.04	-0.416	2.044
1.64497280121	0.012	-0.128	0.628
1.64837193489	-0.06	0.164	-1.284
1.65177202225	-0.06	0.164	-1.284
1.65517783165	-0.02	-0.22	1.8
1.65857982635	-0.028	-0.344	2.044
1.66197991371	-0.028	-0.344	2.044
1.66538691521	-0.144	0.148	-0.436
1.66878795624	0.032	0.088	-0.728
1.67218494415	0.032	0.088	-0.728
1.67558979988	0.044	-0.244	2.044
1.67898797989	0.004	-0.232	2.044
1.68239688873	0.004	-0.232	2.044
1.68579602242	-0.104	0.004	-1.148
1.68919491768	-0.016	-0.048	0.228
1.69259595871	-0.016	-0.048	0.228
1.6959939003	-0.08	-0.404	2.044
1.69939398766	-0.064	-0.176	1.064
1.70279884338	-0.064	-0.176	1.064
1.70621585846	0.056	0.112	-1.364
1.70961380005	-0.012	-0.168	1.364
1.71302080154	-0.012	-0.168	1.364
1.71643185616	0.032	-0.36	2.044
1.71983098984	-0.016	-0.116	-0.04
1.72323799133	-0.016	-0.116	-0.04
1.72663879395	0.032	0.088	-0.992
1.73005080223	0.016	-0.232	2.044
1.73345088959	0.016	-0.232	2.044
1.7368619442	-0.096	-0.296	2.044
1.7402639389	-0.024	0.124	-0.92
1.74366497993	-0.024	0.124	-0.92
1.74706602097	-0.02	0.008	-0.188
1.75046396255	-0.072	-0.364	2.044
1.75387001038	-0.072	-0.364	2.044
1.75727081299	-0.072	-0.22	1.508
1.76067090034	0.036	0.048	-1.348
1.7640748024	0.036	0.048	-1.348
1.76749181747	-0.008	-0.12	0.912
1.77089285851	0.012	-0.412	2.044
1.77429699898	0.012	-0.412	2.044
1.77769494057	0.008	-0.088	0.368
1.78109383583	-0.016	0.148	-1.204
1.78449487686	-0.016	0.148	-1.204
1.78789997101	-0.036	-0.244	2.036
1.79129886627	-0.02	-0.348	2.044
1.79471683502	-0.02	-0.348	2.044
1.79811787605	-0.028	0.164	-0.64
1.80151891708	0.004	0.06	-0.544
1.8049249649	0.004	0.06	-0.544
1.80832195282	0.092	-0.288	2.044
1.81173086166	0.0	-0.26	1.948
1.81512784958	0.0	-0.26	1.948
1.81851291656	-0.148	0.044	-1.248
1.82190585136	0.0	-0.064	0.472
1.8253018856	0.0	-0.064	0.472
1.82869791985	-0.108	-0.38	2.044
1.8320980072	-0.076	-0.152	0.816
1.8355050087	-0.076	-0.152	0.816
1.83890581131	0.052	0.092	-1.32
1.84230899811	0.032	-0.204	1.616
1.8457159996	0.032	-0.204	1.616
1.84911489487	0.06	-0.332	2.044
1.85252094269	-0.084	-0.128	-0.276
1.85592198372	-0.084	-0.128	-0.276
1.85932397842	0.04	0.064	-0.848
1.86272788048	0.0	-0.264	2.044
1.86612486839	-0.084	-0.256	2.044
1.8695268631	-0.084	-0.256	2.044
1.87293291092	0.048	0.136	-1.06
1.87633180618	-0.028	-0.028	0.06
1.87974381447	-0.028	-0.028	0.06
1.88314986229	-0.004	-0.368	2.044
1.88655090332	-0.064	-0.192	1.272
1.88996481895	-0.064	-0.192	1.272
1.89337396622	0.028	0.08	-1.36
1.89677381516	-0.024	-0.152	1.184
1.90017485619	-0.024	-0.152	1.184
1.90357685089	-0.076	-0.396	2.044
1.90698695183	0.04	-0.096	0.124
1.91038489342	0.04	-0.096	0.124
1.91379094124	0.04	0.132	-1.096
1.91719198227	0.028	-0.292	2.044
1.9205930233	0.028	-0.292	2.044
1.9239988327	-0.004	-0.34	2.044
1.92739796638	-0.032	0.104	-0.816
1.93079996109	-0.032	0.104	-0.816
1.93420481682	-0.008	0.04	-0.368
1.9376039505	0.088	-0.348	2.044
1.94100379944	0.088	-0.348	2.044
1.94440293312	-0.048	-0.268	1.7
1.94781684875	-0.092	0.072	-1.312
1.95121693611	-0.092	0.072	-1.312
1.95462489128	-0.008	-0.072	0.72
1.95802378654	-0.08	-0.344	2.044
1.96142292023	-0.08	-0.344	2.044
1.96485996246	-0.036	-0.104	0.568
1.96825885773	0.024	0.072	-1.244
1.97165799141	0.024	0.072	-1.244
1.97506284714	0.076	-0.192	1.872
1.97846388817	0.016	-0.32	2.044
1.98186182976	0.016	-0.32	2.044
1.9852669239	0.004	-0.108	-0.484
1.98866796494	0.032	0.044	-0.68
1.99206590652	0.032	0.044	-0.68
1.99547100067	-0.064	-0.264	2.044
1.99887394905	-0.068	-0.252	2.044
2.00228285789	-0.068	-0.252	2.044
2.00568985939	0.092	0.124	-1.172
2.00908899307	-0.008	-0.06	0.292
2.01249599457	-0.008	-0.06	0.292
2.01588797569	-0.004	-0.336	2.044
2.01927995682	-0.044	-0.156	1.004
2.02267694473	-0.044	-0.156	1.004
2.02609682083	0.004	0.072	-1.34
2.02949500084	-0.012	-0.168	1.436
2.03290200233	-0.012	-0.168	1.436
2.03630280495	-0.096	-0.344	2.044
2.03972387314	0.0	0.02	-0.104
2.04312396049	0.0	0.02	-0.104
2.04651498795	0.052	0.116	-0.96
2.04991292953	0.016	-0.328	2.044
2.0533208847	0.016	-0.328	2.044
2.05672097206	0.0	-0.312	2.044
2.06011199951	-0.052	0.108	-0.968
2.06352996826	-0.052	0.108	-0.968
2.06693100929	0.004	-0.008	-0.112
2.07032895088	0.028	-0.364	2.044
2.0737349987	0.028	-0.364	2.044
2.07713484764	-0.06	-0.244	1.452
2.080534935	-0.032	0.072	-1.348
2.08394098282	-0.032	0.072	-1.348
2.08734083176	0.0	-0.104	0.988
2.09073400497	-0.052	-0.32	2.044
2.09413981438	-0.052	-0.32	2.044
2.09754800797	-0.008	-0.084	0.312
2.10094881058	0.028	0.056	-1.172
2.10435199738	0.028	0.056	-1.172
2.10775184631	0.136	-0.212	2.044
2.1111497879	-0.004	-0.308	2.044
2.11455798149	-0.004	-0.308	2.044
2.11795783043	-0.028	-0.1	-0.664
2.12135982513	0.02	0.012	-0.492
2.12476491928	0.02	0.012	-0.492
2.12816381454	-0.068	-0.284	2.044
2.13156294823	-0.052	-0.212	1.892
2.13497185707	-0.052	-0.212	1.892
2.13837480545	0.072	0.096	-1.256
2.14177298546	-0.028	-0.08	0.54
2.14517998695	-0.028	-0.08	0.54
2.14858388901	-0.028	-0.332	2.044
2.15198397636	-0.048	-0.128	0.744
2.15538978577	-0.048	-0.128	0.744
2.15879297256	-0.008	0.1	-1.296
2.1621928215	-0.036	-0.184	1.688
2.16560482979	-0.036	-0.184	1.688
2.16900491714	-0.096	-0.312	2.044
2.17241287231	0.096	0.024	-0.328
2.175812006	0.096	0.024	-0.328
2.17921090126	0.064	0.088	-0.8
2.18261480331	0.056	-0.32	2.044
2.18603181839	0.056	-0.32	2.044
2.18943095207	0.012	-0.292	2.044
2.1928768158	-0.044	0.12	-1.108
2.1962788105	-0.044	0.12	-1.108
2.19968700409	0.016	-0.04	0.128
2.20309281349	-0.08	-0.372	2.044
2.20649385452	-0.08	-0.372	2.044
2.2098968029	-0.076	-0.188	1.208
2.21330285072	0.012	0.108	-1.356
2.21669387817	0.012	0.108	-1.356
2.2200858593	-0.016	-0.12	1.244
2.22348189354	0.044	-0.32	2.044
2.22688484192	0.044	-0.32	2.044
2.23028492928	-0.048	-0.052	0.072
2.233689785	0.008	0.1	-1.06
2.23708987236	0.008	0.1	-1.06
2.24053287506	0.056	-0.296	2.044
2.24393987656	-0.072	-0.308	2.044
2.24733996391	-0.072	-0.308	2.044
2.25074195862	0.016	-0.008	-0.852
2.25414800644	0.024	-0.012	-0.28
2.25754785538	0.024	-0.012	-0.28
2.26094698906	-0.02	-0.3	2.044
2.26435184479	0.004	-0.184	1.648
2.26775193214	0.004	-0.184	1.648
2.27114987373	0.036	0.092	-1.328
2.27455592155	-0.024	-0.08	0.78
2.27795600891	-0.024	-0.08	0.78
2.28135585785	-0.048	-0.34	2.044
2.28476190567	-0.04	-0.108	0.492
2.28817200661	-0.04	-0.108	0.492
2.29157185555	-0.012	0.092	-1.248
2.29497885704	-0.056	-0.184	1.908
2.29838585854	-0.056	-0.184	1.908
2.30178689957	-0.104	-0.276	2.044
2.30519294739	0.056	-0.028	-0.532
2.30859279633	0.056	-0.028	-0.532
2.31199288368	0.028	0.036	-0.64
2.31545686722	0.068	-0.336	2.044
2.31885886192	0.068	-0.336	2.044
2.32225990295	0.016	-0.268	2.044
2.32566595078	-0.092	0.104	-1.204
2.32906579971	-0.092	0.104	-1.204
2.33247280121	0.008	-0.064	0.364
2.33587098122	-0.116	-0.372	2.044
2.33927202225	-0.116	-0.372	2.044
2.34267687798	-0.088	-0.136	0.944
2.34607791901	0.036	0.152	-1.348
2.34947681427	0.036	0.152	-1.348
2.35288095474	-0.012	-0.124	1.496
2.35628294945	0.012	-0.324	2.044
2.35969281197	0.012	-0.324	2.044
2.36309885979	-0.012	-0.068	-0.156
2.36649894714	0.02	0.112	-0.92
2.36989998817	0.02	0.112	-0.92
2.3733048439	0.056	-0.3	2.044
2.37670397758	-0.04	-0.292	2.044
2.38010501862	-0.04	-0.292	2.044
2.38351988792	0.012	0.016	-0.988
2.38691997528	0.012	-0.028	-0.052
2.39031887054	0.012	-0.028	-0.052
2.39372396469	0.0	-0.328	2.044
2.39711594582	0.008	-0.168	1.396
2.40051484108	0.008	-0.168	1.396
2.40391993523	0.012	0.076	-1.356
2.40731787682	-0.02	-0.112	1.048
2.41071987152	-0.02	-0.112	1.048
2.41412186623	-0.032	-0.34	2.044
2.41751289368	-0.068	-0.064	0.244
2.42090892792	-0.068	-0.064	0.244
2.42430591583	-0.02	0.1	-1.152
2.42770886421	-0.084	-0.22	2.044
2.43110799789	-0.084	-0.22	2.044
2.43451595306	-0.084	-0.268	2.044
2.43790793419	0.088	-0.004	-0.716
2.44130086899	0.088	-0.004	-0.716
2.44469690323	-0.004	0.008	-0.452
2.44809985161	0.024	-0.328	2.044
2.45149993896	0.024	-0.328	2.044
2.45490598679	0.012	-0.244	1.828
2.45831799507	-0.076	0.124	-1.292
2.46171784401	-0.076	0.124	-1.292
2.46512389183	-0.008	-0.104	0.6
2.46852397919	-0.088	-0.38	2.044
2.47192502022	-0.088	-0.38	2.044
2.47533488274	-0.064	-0.112	0.704
2.47874593735	0.032	0.128	-1.284
2.48215889931	0.032	0.128	-1.284
2.48556399345	0.004	-0.136	1.744
2.48896288872	-0.02	-0.324	2.044
2.49236989021	-0.02	-0.324	2.044
2.49576997757	-0.04	-0.064	-0.368
2.49917197227	0.02	0.104	-0.772
2.50257587433	0.02	0.104	-0.772
2.50597286224	-0.004	-0.34	2.044
2.5093729496	-0.056	-0.256	2.044
2.5127799511	-0.056	-0.256	2.044
2.51617980003	-0.004	0.04	-1.116
2.51959896088	0.032	-0.044	0.168
2.5230050087	0.032	-0.044	0.168
2.52640795708	0.072	-0.372	2.044
2.52980685234	0.028	-0.152	1.136
2.53321290016	0.028	-0.152	1.136
2.53661179543	-0.02	0.148	-1.368
2.54001283646	-0.008	-0.132	1.3
2.54341888428	-0.008	-0.132	1.3
2.54681992531	-0.084	-0.368	2.044
2.55022001266	-0.048	0.032	0.012
2.55362296104	-0.004	0.116	-1.036
2.55702400208	-0.004	0.116	-1.036
2.56042599678	-0.1	-0.176	2.044
2.56383299828	-0.004	-0.252	2.044
2.56723093987	-0.004	-0.252	2.044
2.57063293457	0.092	-0.024	-0.868
2.57404780388	-0.024	-0.012	-0.24
2.57744884491	-0.024	-0.012	-0.24
2.58085179329	-0.004	-0.372	2.044
2.58425498009	-0.028	-0.224	1.58
2.58765482903	-0.028	-0.224	1.58
2.59105491638	-0.036	0.136	-1.344
2.59446287155	-0.032	-0.132	0.852
2.59786295891	-0.032	-0.132	0.852
2.60126185417	-0.02	-0.364	2.044
2.60466885567	-0.016	-0.068	0.436
2.60806894302	-0.016	-0.068	0.436
2.61146783829	0.008	0.128	-1.228
2.61486983299	-0.032	-0.152	1.988
2.61827683449	-0.032	-0.152	1.988
2.62166881561	-0.028	-0.312	2.044
2.62507390976	-0.072	0.048	-0.58
2.62850999832	-0.072	0.048	-0.58
2.63191580772	0.012	0.084	-0.592
2.63531780243	-0.08	-0.364	2.044
2.63871884346	-0.08	-0.364	2.044
2.64211893082	-0.052	-0.24	2.016
2.64551997185	0.016	0.048	-1.216
2.64891982079	0.016	0.048	-1.216
2.65232181549	0.016	-0.076	0.412
2.65573692322	0.104	-0.384	2.044
2.65913796425	0.104	-0.384	2.044
2.66253495216	0.044	-0.152	0.892
2.66593694687	-0.04	0.164	-1.34
2.66934800148	-0.04	0.164	-1.34
2.67275500298	-0.004	-0.136	1.552
2.67615580559	-0.084	-0.356	2.044
2.67955493927	-0.084	-0.356	2.044
2.68296384811	-0.132	0.092	-0.24
2.68636894226	0.008	0.112	-0.896
2.68976688385	0.008	0.112	-0.896
2.69316697121	-0.064	-0.2	2.044
2.69656682014	-0.004	-0.236	2.044
2.6999669075	-0.004	-0.236	2.044
2.70337200165	0.02	-0.052	-1.024
2.70677781105	0.0	-0.036	-0.02
2.7101688385	0.0	-0.036	-0.02
2.71356701851	0.008	-0.384	2.044
2.71696591377	-0.036	-0.22	1.336
2.72036600113	-0.036	-0.22	1.336
2.72377300262	-0.004	0.132	-1.36
2.72717189789	-0.028	-0.14	1.108
2.73057293892	-0.028	-0.14	1.108
2.73397397995	-0.012	-0.376	2.044
2.73737692833	-0.012	-0.036	0.196
2.74077582359	-0.012	-0.036	0.196
2.74417686462	0.012	0.136	-1.132
2.74757599831	-0.056	-0.148	2.044
2.75097680092	-0.056	-0.148	2.044
2.75438380241	-0.044	-0.3	2.044
2.75778388977	-0.04	0.068	-0.768
2.76118397713	-0.04	0.068	-0.768
2.76459980011	-0.008	0.048	-0.404
2.76799893379	-0.104	-0.364	2.044
2.77139902115	-0.104	-0.364	2.044
2.77487182617	-0.072	-0.22	1.784
2.77827596664	0.06	0.032	-1.276
2.78167486191	0.06	0.032	-1.276
2.78508090973	-0.004	-0.096	0.656
2.78848195076	0.068	-0.404	2.044
2.79188680649	0.068	-0.404	2.044
2.79529285431	0.04	-0.124	0.64
2.79869198799	-0.068	0.164	-1.288
2.80210494995	-0.068	0.164	-1.288
2.80551195145	-0.04	-0.204	1.792
2.80891299248	-0.068	-0.364	2.044
2.81231284142	-0.068	-0.364	2.044
2.81570792198	-0.196	0.204	-0.464
2.8191139698	0.032	0.096	-0.732
2.82250881195	0.032	0.096	-0.732
2.82591080666	-0.008	-0.244	2.044
2.82931280136	0.012	-0.228	2.044
2.83271789551	0.012	-0.228	2.044
2.83611798286	-0.056	-0.016	-1.148
2.8395178318	-0.016	-0.036	0.216
2.84292888641	-0.016	-0.036	0.216
2.8463280201	-0.044	-0.412	2.044
2.84972786903	-0.06	-0.196	1.08
2.85313391685	-0.06	-0.196	1.08
2.85653495789	0.02	0.148	-1.364
2.85994791985	-0.012	-0.164	1.352
2.86335587502	-0.012	-0.164	1.352
2.86675691605	0.016	-0.344	2.044
2.87015485764	-0.02	-0.088	-0.024
2.87356185913	-0.02	-0.088	-0.024
2.87696290016	0.032	0.092	-0.996
2.88036084175	0.028	-0.212	2.044
2.8837659359	0.028	-0.212	2.044
2.88716483116	-0.076	-0.264	2.044
2.89056682587	-0.072	0.084	-0.92
2.89397287369	-0.072	0.084	-0.92
2.89737486839	-0.016	0.016	-0.188
2.90077400208	-0.108	-0.376	2.044
2.90418887138	-0.108	-0.376	2.044
2.90758991241	-0.092	-0.212	1.532
2.91098999977	0.064	0.064	-1.336
2.91439700127	0.064	0.064	-1.336
2.91779589653	-0.02	-0.128	0.908
2.92119598389	0.032	-0.424	2.044
2.92460179329	0.032	-0.424	2.044
2.9279999733	0.032	-0.1	0.388
2.93139886856	-0.028	0.16	-1.216
2.934871912	-0.028	0.16	-1.216
2.93827581406	-0.052	-0.236	2.032
2.94167590141	-0.048	-0.364	2.044
2.94507789612	-0.048	-0.364	2.044
2.94848299026	-0.06	0.228	-0.624
2.95189595222	0.0	0.072	-0.552
2.95530390739	0.0	0.072	-0.552
2.95869493484	0.068	-0.284	2.044
2.96210694313	0.004	-0.26	1.956
2.96551179886	0.004	-0.26	1.956
2.96891093254	-0.128	0.028	-1.232
2.97231292725	0.008	-0.064	0.464
2.97571396828	0.008	-0.064	0.464
2.97915792465	-0.068	-0.384	2.044
2.98256587982	-0.068	-0.156	0.828
2.98596692085	-0.068	-0.156	0.828
2.98936700821	0.032	0.136	-1.324
2.99277186394	0.024	-0.188	1.604
2.99617195129	0.024	-0.188	1.604
2.99956989288	0.06	-0.324	2.044
3.00298094749	-0.08	-0.096	-0.26
3.00638198853	-0.08	-0.096	-0.26
3.00978279114	0.02	0.084	-0.852
3.01318192482	0.02	-0.264	2.044
3.01657390594	0.02	-0.264	2.044
3.01996588707	-0.076	-0.248	2.044
3.02336287498	-0.016	0.1	-1.048
3.02676486969	-0.016	0.1	-1.048
3.03016400337	-0.004	-0.012	0.04
3.03356790543	-0.068	-0.372	2.044
3.03696680069	-0.068	-0.372	2.044
3.0403649807	-0.068	-0.196	1.296
3.04376888275	0.072	0.088	-1.364
3.04716587067	0.072	0.088	-1.364
3.05057287216	-0.02	-0.148	1.136
3.0539829731	-0.016	-0.4	2.044
3.05738091469	-0.016	-0.4	2.044
3.06077885628	0.076	-0.116	0.144
3.06417679787	0.02	0.14	-1.104
3.06757593155	0.02	0.14	-1.104
3.07097196579	-0.004	-0.272	2.044
3.07437682152	-0.052	-0.344	2.044
3.0777759552	-0.052	-0.344	2.044
3.08117389679	-0.028	0.18	-0.796
3.08457994461	-0.02	0.032	-0.332
3.08802080154	-0.02	0.032	-0.332
3.09142494202	0.092	-0.34	2.044
3.0948908329	-0.036	-0.28	1.724
3.09829497337	-0.036	-0.28	1.724
3.1016960144	-0.136	0.06	-1.3
3.10510182381	-0.004	-0.076	0.712
3.10850596428	-0.004	-0.076	0.712
3.11191701889	-0.112	-0.38	2.044
3.11532497406	-0.048	-0.12	0.584
3.11872386932	-0.048	-0.12	0.584
3.12213492393	0.028	0.128	-1.28
3.12554097176	0.04	-0.184	1.852
3.12894082069	0.04	-0.184	1.852
3.13236880302	0.068	-0.32	2.044
3.13578081131	-0.028	-0.072	-0.468
3.13918280602	-0.028	-0.072	-0.468
3.14258480072	0.028	0.06	-0.7
3.14600396156	0.0	-0.26	2.044
3.14939594269	0.0	-0.26	2.044
3.15279197693	-0.072	-0.256	2.044
3.15619182587	0.008	0.1	-1.156
3.15959382057	0.008	0.1	-1.156
3.16300296783	-0.008	-0.052	0.272
3.16640281677	-0.032	-0.356	2.044
3.1698038578	-0.032	-0.356	2.044
3.17321181297	-0.06	-0.164	1.024
3.17661190033	0.068	0.036	-1.34
3.18001198769	-0.02	-0.188	1.412
3.18341779709	-0.02	-0.188	1.412
3.18681883812	-0.032	-0.352	2.044
3.19021892548	0.008	-0.068	-0.092
3.19361782074	0.008	-0.068	-0.092
3.1970179081	0.044	0.112	-0.972
3.20041584969	-0.052	-0.32	2.044
3.20382189751	-0.052	-0.32	2.044
3.20722079277	-0.068	-0.3	2.044
3.21062088013	0.036	0.14	-0.952
3.2140288353	0.036	0.14	-0.952
3.21741986275	0.004	-0.008	-0.14
3.22081184387	0.084	-0.356	2.044
3.22420787811	0.084	-0.356	2.044
3.22761082649	-0.052	-0.244	1.472
3.23101186752	-0.08	0.08	-1.352
3.23441982269	-0.08	0.08	-1.352
3.23781991005	-0.008	-0.104	0.964
3.24123001099	-0.104	-0.352	2.044
3.24463891983	-0.104	-0.352	2.044
3.24803996086	-0.048	-0.104	0.328
3.25144195557	0.032	0.088	-1.188
3.25484895706	0.032	0.088	-1.188
3.25826191902	0.096	-0.2	2.044
3.26166081429	0.044	-0.328	2.044
3.26506495476	0.044	-0.328	2.044
3.26846981049	-0.036	-0.08	-0.66
3.27187085152	0.008	0.028	-0.512
3.27527880669	0.008	0.028	-0.512
3.27867698669	0.028	-0.292	2.044
3.28207588196	-0.044	-0.224	1.888
3.28548288345	-0.044	-0.224	1.888
3.28888297081	-0.012	0.084	-1.248
3.29228281975	-0.008	-0.076	0.508
3.29569792747	-0.008	-0.076	0.508
3.29909682274	-0.044	-0.336	2.044
3.30250287056	-0.068	-0.136	0.764
3.30590391159	-0.068	-0.136	0.764
3.30930399895	0.02	0.056	-1.308
3.312707901	-0.024	-0.2	1.656
3.31610894203	-0.024	-0.2	1.656
3.31951189041	-0.064	-0.344	2.044
3.32291984558	0.02	-0.028	-0.304
3.32631897926	0.02	-0.028	-0.304
3.32971787453	0.064	0.084	-0.824
3.33312296867	-0.052	-0.3	2.044
3.33653283119	-0.052	-0.3	2.044
3.33993387222	-0.032	-0.288	2.044
3.3433380127	0.084	0.124	-1.084
3.34673881531	0.084	0.124	-1.084
3.35013699532	-0.004	-0.044	0.084
3.35354089737	0.032	-0.376	2.044
3.35693979263	0.032	-0.376	2.044
3.36033797264	-0.068	-0.168	1.228
3.36374402046	-0.06	0.096	-1.364
3.36714291573	-0.06	0.096	-1.364
3.37055683136	-0.004	-0.136	1.216
3.37399196625	-0.028	-0.328	2.044
3.37739396095	-0.028	-0.328	2.044
3.38079380989	-0.028	-0.04	0.092
3.38419485092	0.052	0.108	-1.08
3.38759589195	0.052	0.108	-1.08
3.39099383354	0.104	-0.272	2.044
3.39439988136	0.008	-0.332	2.044
3.39779686928	0.008	-0.332	2.044
3.40119481087	-0.068	-0.02	-0.832
3.40460300446	0.004	0.012	-0.312
3.40800189972	0.004	0.012	-0.312
3.41139984131	-0.048	-0.34	2.044
3.41486978531	-0.044	-0.192	1.664
3.4182779789	-0.044	-0.192	1.664
3.4216709137	0.048	0.08	-1.308
3.42507791519	-0.02	-0.076	0.764
3.42848396301	-0.02	-0.076	0.764
3.43189382553	0.02	-0.328	2.044
3.43529891968	-0.016	-0.108	0.524
3.43869400024	-0.016	-0.108	0.524
3.44208478928	-0.004	0.064	-1.244
3.44548201561	-0.012	-0.216	1.884
3.44887900352	-0.012	-0.216	1.884
3.45227193832	-0.108	-0.304	2.044
3.4556889534	0.06	-0.032	-0.512
3.45908999443	0.06	-0.032	-0.512
3.46249580383	0.032	0.048	-0.652
3.46589398384	0.016	-0.296	2.044
3.46929383278	0.016	-0.296	2.044
3.47269797325	0.02	-0.256	2.044
3.47610187531	0.016	0.096	-1.196
3.47950100899	0.016	0.096	-1.196
3.48290681839	-0.012	-0.068	0.332
3.48630595207	-0.076	-0.372	2.044
3.48970580101	-0.076	-0.372	2.044
3.49311089516	-0.092	-0.136	0.96
3.49651098251	-0.012	0.128	-1.34
3.49991178513	-0.012	0.128	-1.34
3.50331687927	-0.008	-0.148	1.48
3.50671887398	-0.02	-0.316	2.044
3.51011681557	-0.02	-0.316	2.044
3.51352190971	-0.004	-0.004	-0.148
3.51692390442	0.056	0.092	-0.956
3.52032184601	0.056	0.092	-0.956
3.52372598648	0.1	-0.316	2.044
3.52713394165	-0.004	-0.312	2.044
3.53053879738	-0.004	-0.312	2.044
3.5339448452	-0.048	0.04	-0.992
3.53734493256	0.0	-0.028	-0.088
3.54074001312	0.0	-0.028	-0.088
3.54413199425	-0.064	-0.352	2.044
3.54753279686	-0.004	-0.168	1.412
3.55093288422	-0.004	-0.168	1.412
3.55434584618	0.036	0.064	-1.328
3.55774688721	-0.012	-0.104	1.02
3.56114697456	-0.012	-0.104	1.02
3.56455302238	0.028	-0.316	2.044
3.56795191765	-0.064	-0.088	0.264
3.571352005	-0.064	-0.088	0.264
3.57475781441	-0.016	0.08	-1.156
3.57817697525	0.024	-0.244	2.044
3.58157992363	0.024	-0.244	2.044
3.58498501778	-0.092	-0.272	2.044
3.58838486671	0.056	-0.004	-0.704
3.59178495407	0.056	-0.004	-0.704
3.59519195557	0.016	0.008	-0.46
3.59859085083	0.0	-0.284	2.044
3.60198092461	0.0	-0.284	2.044
3.60537791252	0.024	-0.24	1.856
3.60877680779	0.008	0.084	-1.28
3.61217594147	0.008	0.084	-1.28
3.6155769825	-0.024	-0.088	0.58
3.6189699173	-0.104	-0.364	2.044
3.62243080139	-0.104	-0.364	2.044
3.62583589554	-0.052	-0.088	0.712
3.62923789024	0.0	0.124	-1.296
3.63263583183	0.0	0.124	-1.296
3.6360309124	-0.008	-0.156	1.72
3.63942980766	-0.04	-0.3	2.044
3.64283680916	-0.04	-0.3	2.044
3.64623785019	0.088	-0.028	-0.344
3.64963889122	0.036	0.076	-0.784
3.65304279327	0.036	0.076	-0.784
3.65645289421	0.068	-0.352	2.044
3.65985298157	-0.032	-0.296	2.044
3.66325879097	-0.032	-0.296	2.044
3.666659832	-0.084	0.076	-1.112
3.67005991936	0.02	-0.048	0.14
3.6734650135	0.02	-0.048	0.14
3.67686390877	-0.028	-0.344	2.044
3.6802649498	0.012	-0.152	1.164
3.68367099762	0.012	-0.152	1.164
3.68707299232	0.052	0.12	-1.364
3.69048285484	-0.008	-0.12	1.268
3.69388389587	-0.008	-0.12	1.268
3.69728398323	-0.02	-0.34	2.044
3.70068383217	-0.088	-0.036	0.032
3.70408391953	-0.088	-0.036	0.032
3.70748400688	0.0	0.112	-1.036
3.71087479591	-0.08	-0.248	2.044
3.71429491043	-0.08	-0.248	2.044
3.71770381927	-0.052	-0.272	2.044
3.72110390663	0.096	-0.008	-0.856
3.72450995445	0.096	-0.008	-0.856
3.72791099548	0.004	-0.02	-0.26
3.73130893707	0.04	-0.308	2.044
3.73470878601	0.04	-0.308	2.044
3.73810791969	0.032	-0.216	1.632
3.74151086807	-0.052	0.116	-1.336
3.74491786957	-0.052	0.116	-1.336
3.74831795692	-0.028	-0.112	0.824
3.75173592567	-0.104	-0.348	2.044
3.75514483452	-0.104	-0.348	2.044
3.75854587555	-0.08	-0.08	0.46
3.76194381714	-0.012	0.108	-1.236
3.76535081863	-0.012	0.108	-1.236
3.76875185966	-0.06	-0.144	1.94
3.7721529007	-0.012	-0.296	2.044
3.77555894852	-0.012	-0.296	2.044
3.77895998955	0.052	-0.044	-0.548
3.78236579895	0.016	0.06	-0.612
3.78576493263	0.016	0.06	-0.612
3.7891638279	0.012	-0.372	2.044
3.79257297516	-0.036	-0.26	2.044
3.79597401619	-0.036	-0.26	2.044
3.79937386513	-0.088	0.096	-1.192
3.80278086662	0.012	-0.068	0.38
3.80618000031	0.012	-0.068	0.38
3.80957794189	0.0	-0.372	2.044
3.81298589706	0.024	-0.14	0.924
3.81641387939	0.024	-0.14	0.924
3.81980800629	0.04	0.124	-1.328
3.82324290276	-0.004	-0.108	1.496
3.82664990425	-0.004	-0.108	1.496
3.83005094528	-0.032	-0.348	2.044
3.83345198631	-0.112	-0.02	-0.18
3.83685493469	-0.112	-0.02	-0.18
3.84025597572	-0.008	0.108	-0.9
3.84365487099	-0.04	-0.268	2.044
3.84706091881	-0.04	-0.268	2.044
3.85047698021	-0.036	-0.272	2.044
3.8538839817	0.056	-0.02	-0.996
3.85728287697	0.056	-0.02	-0.996
3.86068296432	0.008	-0.04	-0.036
3.86408281326	0.056	-0.332	2.044
3.86748290062	0.016	-0.208	1.376
3.87088084221	0.016	-0.208	1.376
3.87428593636	-0.032	0.108	-1.364
3.87768578529	-0.032	-0.124	1.076
3.88108682632	-0.032	-0.124	1.076
3.88449382782	-0.088	-0.368	2.044
3.88789486885	-0.084	-0.024	0.216
3.89129495621	-0.084	-0.024	0.216
3.89470100403	0.0	0.124	-1.148
3.89809679985	-0.124	-0.148	2.044
3.90149784088	-0.124	-0.148	2.044
3.90490484238	-0.016	-0.268	2.044
3.90832591057	0.088	-0.024	-0.724
3.91172599792	0.088	-0.024	-0.724
3.91515183449	-0.004	0.036	-0.432
3.91855192184	-0.024	-0.388	2.044
3.9219520092	-0.024	-0.388	2.044
3.9253590107	-0.052	-0.232	1.808
3.9287610054	-0.052	0.108	-1.268
3.93216180801	-0.052	0.108	-1.268
3.93556880951	0.0	-0.104	0.628
3.93895888329	0.032	-0.388	2.044
3.94236087799	0.032	-0.388	2.044
3.94576001167	0.044	-0.096	0.672
3.94915795326	0.0	0.12	-1.272
3.95255899429	0.0	0.12	-1.272
3.95595097542	0.0	-0.168	1.768
3.95934200287	-0.068	-0.368	2.044
3.96274995804	-0.068	-0.368	2.044
3.96615099907	-0.196	0.06	-0.404
3.96954989433	0.016	0.1	-0.752
3.97295498848	0.016	0.1	-0.752
3.97635293007	-0.072	-0.288	2.044
3.97975301743	-0.016	-0.236	2.044
3.98315787315	-0.016	-0.236	2.044
3.98655891418	0.028	0.004	-1.136
3.98995685577	0.008	-0.052	0.188
3.99336099625	0.008	-0.052	0.188
3.99675893784	0.072	-0.396	2.044
4.0001578331	0.016	-0.196	1.112
4.00357580185	0.016	-0.196	1.112
4.00697588921	-0.04	0.172	-1.36
4.01038789749	-0.02	-0.148	1.328
4.01379489899	-0.02	-0.148	1.328
4.01718783379	-0.072	-0.348	2.044
4.02057981491	-0.048	0.02	-0.004
4.02397680283	-0.048	0.02	-0.004
4.02737998962	0.016	0.1	-1.016
4.03077793121	0.004	-0.152	2.044
4.03418183327	0.004	-0.152	2.044
4.03758192062	0.0	-0.264	2.044
4.04097294807	-0.008	0.0	-0.9
4.04437184334	-0.008	0.0	-0.9
4.04777789116	-0.02	0.004	-0.212
4.05117893219	-0.116	-0.4	2.044
4.05458378792	-0.116	-0.4	2.044
4.05798792839	-0.096	-0.208	1.532
4.06139302254	0.044	0.104	-1.332
4.06486201286	0.044	0.104	-1.332
4.06826281548	-0.012	-0.132	0.884
4.07166194916	0.06	-0.392	2.044
4.07507395744	0.06	-0.392	2.044
4.07847189903	0.036	-0.076	0.412
4.0818707943	-0.008	0.14	-1.224
4.08527684212	-0.008	0.14	-1.224
4.08867692947	-0.024	-0.216	1.996
4.0920779705	-0.096	-0.332	2.044
4.09548401833	-0.096	-0.332	2.044
4.09889483452	-0.156	0.18	-0.612
4.10229587555	0.012	0.08	-0.58
4.1057009697	0.012	0.08	-0.58
4.10910391808	-0.056	-0.308	2.044
4.11251091957	-0.016	-0.236	2.0
4.11590790749	-0.016	-0.236	2.0
4.11930394173	0.0	0.008	-1.224
4.12270283699	0.02	-0.076	0.436
4.126101017	0.02	-0.076	0.436
4.12949895859	0.068	-0.396	2.044
4.13290286064	0.0	-0.18	0.856
4.13629388809	0.0	-0.18	0.856
4.13968491554	-0.036	0.18	-1.328
4.14309000969	0.004	-0.176	1.58
4.1464908123	0.004	-0.176	1.58
4.14988899231	-0.024	-0.328	2.044
4.15329480171	-0.092	0.036	-0.248
4.15669584274	-0.092	0.036	-0.248
4.16009497643	0.024	0.104	-0.88
4.16350483894	0.012	-0.192	2.044
4.16690397263	0.012	-0.192	2.044
4.17030501366	-0.016	-0.24	2.044
4.17371201515	-0.072	0.012	-1.044
4.17711186409	-0.072	0.012	-1.044
4.18051195145	0.0	-0.02	0.016
4.18391394615	-0.1	-0.412	2.044
4.18731594086	-0.1	-0.412	2.044
4.19071483612	-0.1	-0.204	1.32
4.19412589073	0.072	0.12	-1.356
4.197524786	0.072	0.12	-1.356
4.20092391968	-0.028	-0.156	1.124
4.2043299675	0.02	-0.396	2.044
4.20772981644	0.02	-0.396	2.044
4.21112990379	0.04	-0.076	0.184
4.21453785896	0.008	0.116	-1.116
4.21792984009	0.008	0.116	-1.116
4.22132301331	0.0	-0.228	2.044
4.22471094131	-0.08	-0.32	2.044
4.22811484337	-0.08	-0.32	2.044
4.23151397705	-0.072	0.18	-0.792
4.23492193222	-0.008	0.056	-0.376
4.23832082748	-0.008	0.056	-0.376
4.24171996117	0.0	-0.32	2.044
4.24511790276	-0.028	-0.256	1.752
4.24851894379	-0.028	-0.256	1.752
4.25191998482	-0.044	0.036	-1.3
4.25532579422	0.0	-0.096	0.704
4.25871801376	0.0	-0.096	0.704
4.2621088028	-0.06	-0.408	2.044
4.26551580429	0.0	-0.132	0.604
4.26891183853	0.0	-0.132	0.604
4.27230191231	-0.016	0.152	-1.26
4.27570796013	0.008	-0.208	1.828
4.27910685539	0.008	-0.208	1.828
4.28252601624	0.04	-0.324	2.044
4.2859249115	-0.08	0.084	-0.452
4.28933501244	-0.08	0.084	-0.452
4.29274201393	0.04	0.08	-0.724
4.29613995552	0.04	-0.26	2.044
4.29953885078	0.04	-0.26	2.044
4.30294299126	-0.044	-0.252	2.044
4.30635499954	-0.1	0.04	-1.152
4.30975484848	-0.1	0.04	-1.152
4.3131608963	-0.008	-0.044	0.244
4.31660079956	-0.1	-0.372	2.044
4.32000780106	-0.1	-0.372	2.044
4.32341480255	-0.08	-0.176	1.06
4.32681488991	0.076	0.072	-1.344
4.33021378517	0.076	0.072	-1.344
4.33361983299	-0.016	-0.176	1.388
4.33702087402	0.04	-0.352	2.044
4.34042096138	0.04	-0.352	2.044
4.3438398838	0.016	-0.156	-0.048
4.34724092484	0.04	0.096	-0.984
4.35063886642	0.04	0.096	-0.984
4.3540418148	-0.036	-0.288	2.044
4.35744285583	-0.108	-0.292	2.044
4.36084389687	-0.108	-0.292	2.044
4.36424994469	0.016	0.16	-0.944
4.36764883995	-0.004	0.012	-0.172
4.37104988098	-0.004	0.012	-0.172
4.37445783615	0.036	-0.36	2.044
4.37785696983	-0.028	-0.236	1.5
4.38125681877	-0.028	-0.236	1.5
4.38466382027	-0.044	0.056	-1.348
4.38806390762	-0.012	-0.116	0.94
4.39146399498	-0.012	-0.116	0.94
4.39487099648	-0.092	-0.404	2.044
4.39827299118	-0.028	-0.1	0.36
4.40167188644	-0.028	-0.1	0.36
4.40507888794	0.02	0.124	-1.196
4.4084789753	0.012	-0.22	2.044
4.41187882423	0.012	-0.22	2.044
4.41528081894	0.04	-0.336	2.044
4.41867280006	-0.012	0.1	-0.64
4.42206597328	-0.012	0.1	-0.64
4.42547488213	0.024	0.048	-0.528
4.42887997627	0.112	-0.304	2.044
4.43227887154	0.112	-0.304	2.044
4.43568181992	-0.028	-0.272	1.928
4.43907499313	-0.12	0.056	-1.244
4.4424738884	-0.12	0.056	-1.244
4.44587779045	0.008	-0.064	0.492
4.44927692413	-0.104	-0.36	2.044
4.45268392563	-0.104	-0.36	2.044
4.4560918808	-0.06	-0.132	0.792
4.45949292183	0.056	0.076	-1.316
4.46289682388	0.056	0.076	-1.316
4.46630883217	0.004	-0.192	1.624
4.46970701218	0.052	-0.34	2.044
4.47311282158	0.052	-0.34	2.044
4.47651195526	-0.04	-0.116	-0.276
4.47993779182	0.044	0.08	-0.84
4.48334383965	0.044	0.08	-0.84
4.48674297333	-0.06	-0.296	2.044
4.49014282227	-0.104	-0.264	2.044
4.49354887009	-0.104	-0.264	2.044
4.49694991112	0.076	0.144	-1.064
4.50034880638	-0.036	-0.036	0.068
4.50375294685	-0.036	-0.036	0.068
4.50715494156	0.04	-0.364	2.044
4.51055598259	-0.064	-0.196	1.276
4.5139567852	-0.064	-0.196	1.276
4.51735687256	-0.032	0.08	-1.372
4.52075695992	-0.016	-0.14	1.192
4.52415895462	-0.016	-0.14	1.192
4.52756094933	-0.104	-0.368	2.044
4.53096580505	0.004	-0.072	0.116
4.53437185287	0.004	-0.072	0.116
4.53776979446	0.064	0.112	-1.088
4.54116988182	0.088	-0.28	2.044
4.5445690155	0.088	-0.28	2.044
4.54796886444	0.024	-0.34	2.044
4.55136680603	-0.076	0.056	-0.82
4.55476880074	-0.076	0.056	-0.82
4.55816984177	0.0	0.02	-0.328
4.56156086922	0.036	-0.356	2.044
4.56496596336	0.036	-0.356	2.044
4.5683658123	-0.052	-0.28	1.7
4.57176589966	-0.024	0.068	-1.296
4.57518291473	-0.024	0.068	-1.296
4.57858896255	0.0	-0.076	0.74
4.58197879791	-0.04	-0.332	2.044
4.58538889885	-0.04	-0.332	2.044
4.58878993988	-0.012	-0.096	0.556
4.59219098091	0.032	0.068	-1.26
4.59559679031	0.032	0.068	-1.26
4.59899497032	0.06	-0.208	1.86
4.60241484642	-0.04	-0.308	2.044
4.60581588745	-0.04	-0.308	2.044
4.60921597481	0.032	-0.088	-0.484
4.61262083054	0.04	0.048	-0.672
4.61601281166	0.04	0.048	-0.672
4.61940479279	-0.056	-0.28	2.044
4.62280082703	-0.048	-0.256	2.044
4.62620401382	-0.048	-0.256	2.044
4.62960481644	0.092	0.124	-1.172
4.63300991058	-0.024	-0.064	0.304
4.63641381264	-0.024	-0.064	0.304
4.63981389999	-0.008	-0.356	2.044
4.64323401451	-0.044	-0.156	0.992
4.64663481712	-0.044	-0.156	0.992
4.65003585815	0.0	0.084	-1.348
4.65343284607	-0.008	-0.16	1.448
4.6568338871	-0.092	-0.324	2.044
4.66023397446	-0.092	-0.324	2.044
4.66363883018	0.004	0.024	-0.112
4.66703987122	0.056	0.112	-0.964
4.67044687271	0.056	0.112	-0.964
4.67385101318	0.056	-0.316	2.044
4.67724990845	0.02	-0.32	2.044
4.68064785004	0.02	-0.32	2.044
4.68405199051	-0.04	0.088	-0.968
4.68745183945	0.016	-0.016	-0.124
4.69085597992	0.016	-0.016	-0.124
4.69425702095	-0.012	-0.364	2.044
4.69765686989	-0.088	-0.232	1.452
4.70105791092	-0.088	-0.232	1.452
4.70445799828	-0.016	0.064	-1.34
4.70785880089	-0.012	-0.108	0.988
4.71125793457	-0.012	-0.108	0.988
4.71466493607	-0.04	-0.316	2.044
4.7180659771	0.008	-0.072	0.312
4.72146296501	0.008	-0.072	0.312
4.72486782074	0.012	0.056	-1.164
4.7282679081	0.12	-0.228	2.044
4.73166584969	0.12	-0.228	2.044
4.73506593704	-0.036	-0.312	2.044
4.73847579956	-0.012	-0.096	-0.672
4.74188184738	-0.012	-0.096	-0.672
4.74528980255	0.016	0.02	-0.488
4.74868988991	-0.068	-0.276	2.044
4.75208997726	-0.068	-0.276	2.044
4.75549697876	-0.044	-0.232	1.896
4.7588968277	0.08	0.088	-1.264
4.76231598854	0.08	0.088	-1.264
4.7657289505	-0.02	-0.076	0.536
4.76912999153	-0.024	-0.324	2.044
4.77253699303	-0.024	-0.324	2.044
4.77593684196	-0.044	-0.128	0.748
4.77933979034	0.012	0.092	-1.312
4.78274488449	0.012	0.092	-1.312
4.78614401817	-0.032	-0.18	1.676
4.78954386711	-0.104	-0.304	2.044
4.79295086861	-0.104	-0.304	2.044
4.79635500908	0.088	-0.004	-0.316
4.79975485802	0.052	0.092	-0.808
4.80315995216	0.052	0.092	-0.808
4.80655884743	0.076	-0.316	2.044
4.80995798111	0.016	-0.308	2.044
4.81336379051	0.016	-0.308	2.044
4.81675481796	-0.056	0.124	-1.1
4.82014679909	0.024	-0.04	0.112
4.82354092598	0.024	-0.04	0.112
4.82694292068	-0.06	-0.372	2.044
4.83034396172	-0.072	-0.184	1.176
4.83375000954	-0.072	-0.184	1.176
4.83714985847	0.036	0.096	-1.344
4.84054899216	-0.012	-0.124	1.236
4.84395694733	-0.012	-0.124	1.236
4.84736180305	0.028	-0.308	2.044
4.85076284409	-0.056	-0.048	0.068
4.85416889191	-0.056	-0.048	0.068
4.85756897926	-0.012	0.096	-1.06
4.86097979546	0.032	-0.276	2.044
4.86437988281	0.032	-0.276	2.044
4.86777901649	-0.068	-0.3	2.044
4.87117886543	0.012	-0.008	-0.844
4.87459897995	0.012	-0.008	-0.844
4.87805080414	0.024	-0.024	-0.284
4.88145184517	-0.008	-0.304	2.044
4.88485884666	-0.008	-0.304	2.044
4.88825893402	-0.004	-0.184	1.656
4.89165997505	0.036	0.092	-1.328
4.89506387711	0.036	0.092	-1.328
4.89847493172	-0.028	-0.088	0.796
4.90187692642	-0.052	-0.336	2.044
4.90528392792	-0.052	-0.336	2.044
4.90868592262	-0.028	-0.096	0.504
4.91208600998	-0.016	0.096	-1.24
4.91549301147	-0.016	0.096	-1.24
4.91889190674	-0.056	-0.18	1.916
4.92231082916	-0.08	-0.288	2.044
4.92571282387	-0.08	-0.288	2.044
4.9291138649	0.052	-0.036	-0.516
4.93251895905	0.028	0.052	-0.636
4.93591785431	0.028	0.052	-0.636
4.93931794167	0.036	-0.336	2.044
4.94271683693	0.008	-0.284	2.044
4.94611501694	0.008	-0.284	2.044
4.94951295853	-0.092	0.124	-1.208
4.95292401314	0.008	-0.068	0.356
4.95633387566	0.008	-0.068	0.356
4.95973396301	-0.092	-0.376	2.044
4.96314096451	-0.088	-0.148	0.948
4.96654200554	-0.088	-0.148	0.948
4.96994185448	0.06	0.148	-1.336
4.9733479023	-0.016	-0.136	1.48
4.97674679756	-0.016	-0.136	1.48
4.98014688492	0.028	-0.324	2.044
4.98355078697	-0.012	-0.064	-0.156
4.98695492744	-0.012	-0.064	-0.156
4.9903550148	0.02	0.108	-0.928
4.99375700951	0.048	-0.292	2.044
4.99715685844	0.048	-0.292	2.044
