Timestamp 	 X-Axis 	 Y-Axis 	 Z-Axis
0.000301122665405	-0.488	-0.3	2.044
0.00316405296326	-0.416	0.276	0.408
0.00584697723389	-0.416	0.276	0.408
0.00852513313293	-0.292	0.208	-1.156
0.0112071037292	-0.292	0.208	-1.156
0.0138990879059	-0.144	-0.396	2.044
0.0165741443634	-0.144	-0.396	2.044
0.0192501544952	-0.24	-0.112	1.516
0.0219249725342	-0.24	-0.112	1.516
0.024610042572	0.268	0.284	-1.508
0.0272829532623	0.268	0.284	-1.508
0.0299570560455	-0.46	-0.52	2.044
0.0326311588287	-0.46	-0.52	2.044
0.035304069519	-0.128	-0.352	2.044
0.03799700737	-0.128	-0.352	2.044
0.0406730175018	-0.1	0.376	-1.456
0.0433480739594	0.04	-0.12	1.196
0.046028137207	0.04	-0.12	1.196
0.0487051010132	-0.248	-0.532	2.044
0.0513789653778	-0.248	-0.532	2.044
0.0540521144867	0.048	0.104	-0.968
0.0567371845245	0.048	0.104	-0.968
0.0594129562378	0.064	-0.22	0.144
0.0620861053467	0.064	-0.22	0.144
0.0647580623627	-0.376	-0.392	2.044
0.0674321651459	-0.376	-0.392	2.044
0.0701169967651	-0.192	0.156	-0.168
0.0727910995483	-0.192	0.156	-0.168
0.0754771232605	-0.284	-0.016	-0.784
0.0781610012054	-0.284	-0.016	-0.784
0.0808510780334	-0.092	-0.448	2.044
0.0835330486298	-0.092	-0.448	2.044
0.0862121582031	-0.104	-0.108	0.908
0.0888941287994	-0.104	-0.108	0.908
0.0915729999542	0.168	0.1	-1.352
0.0942521095276	-0.464	-0.444	2.044
0.0969450473785	-0.464	-0.444	2.044
0.0996270179749	-0.184	-0.196	1.948
0.102308034897	-0.184	-0.196	1.948
0.10498714447	-0.176	0.28	-1.548
0.107675075531	-0.176	0.28	-1.548
0.110356092453	0.172	-0.148	1.804
0.113034963608	0.172	-0.148	1.804
0.115713119507	-0.088	-0.592	2.044
0.118395090103	-0.088	-0.592	2.044
0.121096134186	0.088	0.172	-1.292
0.123777151108	0.088	0.172	-1.292
0.12646818161	0.124	-0.328	0.76
0.129155158997	0.124	-0.328	0.76
0.131834030151	-0.352	-0.42	2.044
0.134513139725	-0.352	-0.42	2.044
0.137200117111	-0.052	0.284	-0.656
0.139878988266	-0.052	0.284	-0.656
0.142559051514	-0.16	-0.024	-0.308
0.145240068436	-0.172	-0.232	2.044
0.147926092148	-0.172	-0.232	2.044
0.150614976883	-0.22	0.06	0.284
0.153294086456	-0.22	0.06	0.284
0.155972003937	0.064	0.044	-1.064
0.158668041229	0.064	0.044	-1.064
0.16135597229	-0.528	-0.324	2.044
0.164036989212	-0.528	-0.324	2.044
0.166723012924	-0.212	0.08	1.356
0.169403076172	-0.212	0.08	1.356
0.172081947327	-0.176	-0.016	-1.508
0.174762964249	-0.176	-0.016	-1.508
0.177450180054	0.152	-0.268	2.044
0.180129051208	0.152	-0.268	2.044
0.182806968689	0.032	-0.236	2.044
0.185489177704	0.032	-0.236	2.044
0.18817615509	0.16	0.192	-1.48
0.190855026245	0.16	0.192	-1.48
0.193535089493	0.012	-0.472	1.336
0.196228027344	-0.388	-0.448	2.044
0.198914051056	-0.388	-0.448	2.044
0.201596021652	-0.184	0.328	-1.044
0.204280138016	-0.184	0.328	-1.044
0.206959962845	-0.02	-0.004	0.26
0.209640979767	-0.02	-0.004	0.26
0.212319135666	-0.204	-0.624	2.044
0.215000152588	-0.204	-0.624	2.044
0.2176861763	-0.084	0.06	-0.28
0.220366001129	-0.084	0.06	-0.28
0.223045110703	0.096	0.064	-0.644
0.225734949112	0.096	0.064	-0.644
0.228491067886	-0.564	-0.352	2.044
0.231173992157	-0.564	-0.352	2.044
0.233855009079	-0.456	0.248	0.712
0.236533164978	-0.456	0.248	0.712
0.239232063293	-0.3	0.152	-1.316
0.241913080215	-0.3	0.152	-1.316
0.244601964951	0.068	-0.352	2.044
0.247289180756	-0.232	-0.128	1.812
0.249969959259	-0.232	-0.128	1.812
0.252649068832	0.372	0.3	-1.544
0.255328178406	0.372	0.3	-1.544
0.258013963699	-0.42	-0.54	1.912
0.260694026947	-0.42	-0.54	1.912
0.263374090195	-0.216	-0.412	2.044
0.266054153442	-0.216	-0.412	2.044
0.268738985062	-0.092	0.312	-1.348
0.271420001984	-0.092	0.312	-1.348
0.274100065231	0.004	-0.032	0.864
0.276785135269	0.004	-0.032	0.864
0.27946305275	-0.216	-0.672	2.044
0.282142162323	-0.216	-0.672	2.044
0.284821987152	0.008	0.008	-0.756
0.287513017654	0.008	0.008	-0.756
0.290189981461	0.08	-0.152	-0.144
0.292869091034	0.08	-0.152	-0.144
0.295549154282	-0.396	-0.388	2.044
0.298235177994	-0.372	0.104	0.144
0.300923109055	-0.372	0.104	0.144
0.303601980209	-0.196	0.088	-0.98
0.306282043457	-0.196	0.088	-0.98
0.308967113495	-0.136	-0.46	2.044
0.311647176743	-0.136	-0.46	2.044
0.314327955246	-0.168	-0.116	1.22
0.317013025284	-0.168	-0.116	1.22
0.319694042206	0.2	0.164	-1.46
0.322371959686	0.2	0.164	-1.46
0.325050115585	-0.344	-0.548	2.044
0.327735185623	-0.344	-0.548	2.044
0.330415964127	-0.164	-0.296	2.044
0.333096027374	-0.164	-0.296	2.044
0.335776090622	-0.004	0.412	-1.512
0.338528156281	-0.004	0.412	-1.512
0.341214179993	0.108	-0.192	1.504
0.343894004822	-0.156	-0.496	2.044
0.346574068069	-0.156	-0.496	2.044
0.349260091782	0.04	0.256	-1.14
0.351938009262	0.04	0.256	-1.14
0.354617118835	0.104	-0.372	0.44
0.357303142548	0.104	-0.372	0.44
0.359982013702	-0.444	-0.412	2.044
0.362663030624	-0.444	-0.412	2.044
0.365343093872	-0.148	0.216	-0.408
0.368024110794	-0.148	0.216	-0.408
0.370707988739	-0.228	-0.068	-0.576
0.373389005661	-0.228	-0.068	-0.576
0.376078128815	-0.128	-0.32	2.044
0.378764152527	-0.128	-0.32	2.044
0.381443977356	-0.104	-0.02	0.608
0.384124040604	-0.104	-0.02	0.608
0.386809110641	0.088	0.044	-1.224
0.389487981796	0.088	0.044	-1.224
0.39216709137	-0.428	-0.388	2.044
0.394847154617	-0.236	-0.084	1.672
0.397533178329	-0.236	-0.084	1.672
0.4002161026	-0.08	0.152	-1.544
0.402897119522	-0.08	0.152	-1.544
0.40557718277	0.136	-0.212	2.044
0.408257007599	0.136	-0.212	2.044
0.410947084427	-0.016	-0.448	2.044
0.413629055023	-0.016	-0.448	2.044
0.416309118271	0.112	0.132	-1.4
0.418992996216	0.112	0.132	-1.4
0.421671152115	0.14	-0.324	1.028
0.424349069595	0.14	-0.324	1.028
0.427034139633	-0.404	-0.424	2.044
0.429713964462	-0.404	-0.424	2.044
0.432393074036	-0.18	0.304	-0.86
0.435073137283	-0.18	0.304	-0.86
0.437757968903	-0.04	0.004	-0.032
0.440437078476	-0.04	0.004	-0.032
0.443114995956	-0.164	-0.364	2.044
0.445795059204	-0.212	0.052	-0.004
0.448479175568	-0.212	0.052	-0.004
0.451169013977	0.024	0.024	-0.876
0.453850984573	0.024	0.024	-0.876
0.456530094147	-0.472	-0.348	2.044
0.459217071533	-0.472	-0.348	2.044
0.461896181107	-0.344	0.088	1.044
0.464576005936	-0.344	0.088	1.044
0.467264175415	-0.132	0.028	-1.432
0.469944953918	-0.132	0.028	-1.432
0.472625017166	0.2	-0.308	2.044
0.47530412674	0.2	-0.308	2.044
0.477990150452	-0.052	-0.168	2.044
0.480669975281	-0.052	-0.168	2.044
0.483350038528	0.284	0.204	-1.52
0.486027956009	0.284	0.204	-1.52
0.488712072372	-0.088	-0.54	1.616
0.49139213562	-0.088	-0.54	1.616
0.494076013565	-0.284	-0.492	2.044
0.496762990952	-0.056	0.304	-1.196
0.499444007874	-0.056	0.304	-1.196
0.502124071121	0.064	-0.004	0.54
0.504801988602	0.064	-0.004	0.54
0.507486104965	-0.08	-0.68	2.044
0.51016497612	-0.08	-0.68	2.044
0.512845039368	0.032	-0.02	-0.536
0.515524148941	0.032	-0.02	-0.536
0.518210172653	0.148	-0.012	-0.404
0.520889997482	0.148	-0.012	-0.404
0.523571014404	-0.452	-0.38	2.044
0.526261091232	-0.452	-0.38	2.044
0.528947114944	-0.484	0.136	0.44
0.531625986099	-0.484	0.136	0.44
0.534304141998	-0.148	0.224	-1.172
0.536995172501	-0.148	0.224	-1.172
0.539675951004	-0.188	-0.456	2.044
0.542363166809	-0.188	-0.456	2.044
0.545042991638	-0.176	-0.14	1.54
0.547729969025	0.264	0.296	-1.528
0.550409078598	0.264	0.296	-1.528
0.553087949753	-0.312	-0.52	2.044
0.555768966675	-0.312	-0.52	2.044
0.558526039124	-0.18	-0.38	2.044
0.56120800972	-0.18	-0.38	2.044
0.563888072968	0.012	0.452	-1.46
0.566567182541	0.012	0.452	-1.46
0.569251060486	0.048	-0.188	1.18
0.571930170059	0.048	-0.188	1.18
0.574609041214	-0.1	-0.48	2.044
0.577306032181	-0.1	-0.48	2.044
0.579987049103	0.032	0.104	-0.96
0.582664966583	0.032	0.104	-0.96
0.585343122482	0.168	-0.24	0.14
0.588027954102	0.168	-0.24	0.14
0.590707063675	-0.436	-0.476	2.044
0.593387126923	-0.24	-0.004	-0.128
0.596066951752	-0.24	-0.004	-0.128
0.59875202179	-0.132	-0.04	-0.804
0.601443052292	-0.132	-0.04	-0.804
0.60412311554	0.052	-0.376	2.044
0.606801986694	0.052	-0.376	2.044
0.609482049942	-0.048	-0.08	0.932
0.612161159515	-0.048	-0.08	0.932
0.614839076996	0.144	0.112	-1.376
0.617517948151	0.144	0.112	-1.376
0.620202064514	-0.14	-0.396	2.044
0.622882127762	-0.14	-0.396	2.044
0.625561952591	-0.132	-0.276	1.964
0.62824511528	-0.132	-0.276	1.964
0.630923032761	0.036	0.316	-1.54
0.633600950241	0.036	0.316	-1.54
0.636278152466	0.104	-0.116	1.772
0.638960123062	0.104	-0.116	1.772
0.641638994217	0.004	-0.516	2.044
0.644317150116	0.128	0.208	-1.28
0.647000074387	0.128	0.208	-1.28
0.64967918396	0.148	-0.244	0.736
0.652356147766	0.148	-0.244	0.736
0.655033111572	-0.404	-0.412	2.044
0.657719135284	-0.404	-0.412	2.044
0.66040802002	-0.116	0.088	-0.636
0.663089036942	-0.116	0.088	-0.636
0.665771007538	0.004	-0.008	-0.344
0.668483972549	0.004	-0.008	-0.344
0.671164035797	-0.028	-0.18	2.044
0.673844099045	-0.028	-0.18	2.044
0.676534175873	-0.12	-0.036	0.312
0.679219007492	-0.12	-0.036	0.312
0.681900024414	-0.012	-0.036	-1.08
0.684579133987	-0.012	-0.036	-1.08
0.687266111374	-0.14	-0.412	2.044
0.689947128296	-0.14	-0.412	2.044
0.692625999451	-0.212	-0.016	1.376
0.695305109024	0.06	0.128	-1.524
0.697988986969	0.06	0.128	-1.524
0.700667142868	0.1	-0.32	2.044
0.70334815979	0.1	-0.32	2.044
0.706027030945	0.12	-0.3	2.044
0.708709955215	0.12	-0.3	2.044
0.711389064789	0.132	0.152	-1.472
0.714066982269	0.132	0.152	-1.472
0.716753005981	0.188	-0.472	1.324
0.719432115555	0.188	-0.472	1.324
0.722110033035	-0.324	-0.46	2.044
0.724806070328	-0.324	-0.46	2.044
0.72749209404	-0.276	0.416	-1.076
0.730173110962	-0.276	0.416	-1.076
0.732851982117	0.136	-0.016	0.244
0.735530138016	0.136	-0.016	0.244
0.738216161728	-0.036	-0.572	2.044
0.740895032883	-0.036	-0.572	2.044
0.743577957153	-0.036	-0.008	-0.264
0.746260166168	0.116	0.068	-0.656
0.748944044113	0.116	0.068	-0.656
0.7516310215	-0.34	-0.464	2.044
0.754312038422	-0.34	-0.464	2.044
0.756997108459	-0.4	0.04	0.76
0.75967502594	-0.4	0.04	0.76
0.762353181839	0.02	0.164	-1.32
0.765032052994	0.02	0.164	-1.32
0.767711162567	-0.008	-0.488	2.044
0.770390987396	-0.008	-0.488	2.044
0.77307009697	-0.128	-0.18	1.872
0.775748968124	-0.128	-0.18	1.872
0.77850317955	0.344	0.308	-1.54
0.781185150146	0.344	0.308	-1.54
0.783864021301	-0.056	-0.456	1.888
0.786548137665	-0.056	-0.456	1.888
0.789234161377	-0.196	-0.436	2.044
0.791913986206	-0.196	-0.436	2.044
0.794593095779	0.188	0.424	-1.344
0.797278165817	0.036	-0.088	0.852
0.799956083298	0.036	-0.088	0.852
0.802634954453	0.012	-0.592	2.044
0.805313110352	0.012	-0.592	2.044
0.807993173599	0.06	-0.064	-0.756
0.810672044754	0.06	-0.064	-0.756
0.813351154327	0.156	-0.088	-0.176
0.816030025482	0.156	-0.088	-0.176
0.81871509552	-0.244	-0.5	2.044
0.821391105652	-0.244	-0.5	2.044
0.824066162109	-0.324	-0.076	0.172
0.826770067215	-0.324	-0.076	0.172
0.829451084137	0.056	0.108	-1.0
0.832136154175	0.056	0.108	-1.0
0.834810972214	-0.096	-0.388	2.044
0.837499141693	-0.096	-0.388	2.044
0.840178012848	-0.076	-0.112	1.264
0.842858076096	-0.076	-0.112	1.264
0.84553694725	0.184	0.256	-1.496
0.848216056824	0.172	-0.392	2.044
0.850895166397	0.172	-0.392	2.044
0.853573083878	-0.096	-0.356	2.044
0.856253147125	-0.096	-0.356	2.044
0.858937978745	0.244	0.428	-1.52
0.861618041992	0.244	0.428	-1.52
0.864295959473	0.036	-0.208	1.484
0.86697602272	0.036	-0.208	1.484
0.86965918541	0.068	-0.328	2.044
0.872338056564	0.068	-0.328	2.044
0.875017166138	0.052	0.228	-1.128
0.877701997757	0.052	0.228	-1.128
0.88038110733	0.192	-0.296	0.44
0.883059024811	0.192	-0.296	0.44
0.88573718071	-0.328	-0.432	2.044
0.888458967209	-0.328	-0.432	2.044
0.891139984131	-0.164	0.024	-0.384
0.893819093704	-0.164	0.024	-0.384
0.896497964859	-0.032	-0.076	-0.572
0.899183988571	0.032	-0.26	2.044
0.901873111725	0.032	-0.26	2.044
0.904553174973	-0.048	-0.052	0.628
0.907238006592	-0.048	-0.052	0.628
0.909921169281	-0.004	-0.012	-1.252
0.912603139877	-0.004	-0.012	-1.252
0.915282011032	-0.02	-0.396	2.044
0.917968034744	-0.02	-0.396	2.044
0.920647144318	-0.108	-0.148	1.684
0.923326969147	-0.108	-0.148	1.684
0.926007032394	0.156	0.252	-1.552
0.928689956665	0.156	0.252	-1.552
0.931369066238	0.088	-0.216	2.044
0.934048175812	0.088	-0.216	2.044
0.936733007431	0.056	-0.444	2.044
0.939412117004	0.056	-0.444	2.044
0.942090988159	0.044	0.144	-1.392
0.944769144058	0.236	-0.28	1.016
0.947453975677	0.236	-0.28	1.016
0.950132131577	-0.34	-0.424	2.044
0.952839136124	-0.34	-0.424	2.044
0.955520153046	-0.228	0.208	-0.856
0.958206176758	-0.228	0.208	-0.856
0.960885047913	0.192	0.02	-0.04
0.96356511116	0.192	0.02	-0.04
0.966243028641	0.02	-0.3	2.044
0.968924045563	0.02	-0.3	2.044
0.971601009369	-0.124	-0.1	0.036
0.974281072617	-0.124	-0.1	0.036
0.976971149445	0.048	-0.004	-0.884
0.979650020599	0.048	-0.004	-0.884
0.982329130173	-0.02	-0.44	2.044
0.985008955002	-0.02	-0.44	2.044
0.98769402504	-0.248	-0.068	1.08
0.990374088287	-0.248	-0.068	1.08
0.993056058884	0.224	0.144	-1.456
0.995736122131	-0.02	-0.464	2.044
0.998454093933	-0.02	-0.464	2.044
1.00165200233	0.048	-0.244	2.044
1.00434017181	0.048	-0.244	2.044
1.00702214241	0.144	0.196	-1.548
1.00970101357	0.144	0.196	-1.548
1.01238012314	0.22	-0.412	1.612
1.01505899429	0.22	-0.412	1.612
1.01774406433	-0.164	-0.488	2.044
1.02042508125	-0.164	-0.488	2.044
1.02310395241	0.16	0.444	-1.212
1.02578306198	0.16	0.444	-1.212
1.02853298187	0.172	-0.036	0.536
1.03121304512	0.172	-0.036	0.536
1.0338909626	0.112	-0.564	2.044
1.03657317162	0.044	-0.088	-0.512
1.03925895691	0.044	-0.088	-0.512
1.04193902016	0.1	0.084	-0.416
1.04461717606	0.1	0.084	-0.416
1.04730200768	-0.04	-0.512	2.044
1.04998207092	-0.04	-0.512	2.044
1.05267214775	-0.292	-0.024	0.472
1.05535197258	-0.292	-0.024	0.472
1.05803418159	0.204	0.2	-1.168
1.06071209908	0.204	0.2	-1.168
1.06339001656	-0.156	-0.54	2.044
1.0660700798	-0.156	-0.54	2.044
1.06875514984	-0.056	-0.172	1.58
1.07143497467	-0.056	-0.172	1.58
1.07411408424	0.224	0.312	-1.532
1.0768020153	0.224	0.312	-1.532
1.07948112488	0.264	-0.26	2.044
1.08215904236	0.264	-0.26	2.044
1.08483695984	-0.032	-0.38	2.044
1.08752298355	0.344	0.468	-1.448
1.09022307396	0.344	0.468	-1.448
1.09290504456	0.032	-0.236	1.156
1.09558415413	0.032	-0.236	1.156
1.09826898575	0.14	-0.352	2.044
1.10094714165	0.14	-0.352	2.044
1.10362505913	-0.06	-0.016	-0.924
1.10630512238	-0.06	-0.016	-0.924
1.1089861393	0.128	-0.172	0.108
1.1116631031	0.128	-0.172	0.108
1.11434102058	-0.024	-0.52	2.044
1.11702108383	-0.024	-0.52	2.044
1.1197040081	-0.116	-0.136	-0.088
1.12238407135	-0.116	-0.136	-0.088
1.1250641346	0.244	-0.032	-0.796
1.12776708603	0.244	-0.032	-0.796
1.13044714928	0.088	-0.284	2.044
1.13312506676	0.088	-0.284	2.044
1.13580298424	0.072	-0.088	0.976
1.13848614693	0.124	0.108	-1.388
1.14116597176	0.124	0.108	-1.388
1.14384412766	0.268	-0.268	2.044
1.14652299881	0.268	-0.268	2.044
1.1492061615	-0.032	-0.296	1.996
1.15188503265	-0.032	-0.296	1.996
1.1545650959	0.332	0.292	-1.536
1.15725016594	0.332	0.292	-1.536
1.15993309021	0.036	-0.152	1.752
1.16261196136	0.036	-0.152	1.752
1.16529011726	0.136	-0.356	2.044
1.16797018051	0.136	-0.356	2.044
1.17064809799	-0.012	0.24	-1.288
1.17332816124	-0.012	0.24	-1.288
1.17600703239	0.144	-0.112	0.716
1.17868995667	0.144	-0.112	0.716
1.18136906624	-0.16	-0.408	2.044
1.18404817581	-0.16	-0.408	2.044
1.18673300743	-0.072	-0.076	-0.608
1.18941307068	0.192	0.0	-0.312
1.19208407402	0.192	0.0	-0.312
1.19475412369	0.092	-0.168	2.044
1.19743800163	0.092	-0.168	2.044
1.20011615753	-0.036	-0.156	0.352
1.20280814171	-0.036	-0.156	0.352
1.20548796654	-0.088	-0.032	-1.1
1.20816898346	-0.088	-0.032	-1.1
1.21085000038	0.408	-0.392	2.044
1.21352815628	0.408	-0.392	2.044
1.21620702744	-0.16	-0.136	1.408
1.21889305115	-0.16	-0.136	1.408
1.2215731144	0.404	0.248	-1.504
1.2242500782	0.404	0.248	-1.504
1.22693514824	-0.088	-0.432	2.044
1.22961616516	-0.088	-0.432	2.044
1.23229503632	0.2	-0.4	2.044
1.2349729538	0.2	-0.4	2.044
1.23765707016	-0.012	0.108	-1.464
1.24033617973	0.312	-0.292	1.324
1.24303102493	0.312	-0.292	1.324
1.24571108818	-0.164	-0.44	2.044
1.24839115143	-0.164	-0.44	2.044
1.25107002258	-0.14	0.44	-1.052
1.25375008583	-0.14	0.44	-1.052
1.25642895699	0.268	0.012	0.236
1.259111166	0.268	0.012	0.236
1.26178812981	0.052	-0.468	2.044
1.26446604729	0.052	-0.468	2.044
1.26715111732	-0.064	-0.184	-0.22
1.26983213425	-0.064	-0.184	-0.22
1.27251195908	0.132	0.144	-0.684
1.27519011497	0.132	0.144	-0.684
1.27788305283	0.352	-0.504	2.044
1.2805621624	0.352	-0.504	2.044
1.28324007988	-0.1	-0.104	0.804
1.28592205048	-0.1	-0.104	0.804
1.28860807419	0.416	0.184	-1.312
1.29128718376	-0.124	-0.616	2.044
1.29396605492	-0.124	-0.616	2.044
1.29664611816	0.036	-0.276	1.892
1.29932999611	0.036	-0.276	1.892
1.30200695992	0.024	0.328	-1.552
1.30468511581	0.024	0.328	-1.552
1.30736994743	0.32	-0.128	1.9
1.31004905701	0.32	-0.128	1.9
1.31272697449	0.048	-0.424	2.044
1.31540608406	0.048	-0.424	2.044
1.3180911541	0.508	0.496	-1.324
1.32076907158	0.508	0.496	-1.324
1.32344603539	0.076	-0.148	0.844
1.32612800598	0.076	-0.148	0.844
1.32881212234	0.18	-0.376	2.044
1.33149218559	0.18	-0.376	2.044
1.33417105675	-0.04	-0.216	-0.712
1.33686113358	-0.04	-0.216	-0.712
1.3395421505	0.092	0.032	-0.188
1.34222006798	0.212	-0.52	2.044
1.34489798546	0.212	-0.52	2.044
1.34758400917	-0.008	-0.188	0.212
1.35026311874	-0.008	-0.188	0.212
1.35295200348	0.352	0.108	-0.984
1.35563015938	0.352	0.108	-0.984
1.35831403732	-0.156	-0.356	2.044
1.3609931469	-0.156	-0.356	2.044
1.36367297173	0.064	-0.12	1.3
1.36635112762	0.064	-0.12	1.3
1.36904096603	0.152	0.24	-1.492
1.37172007561	0.152	0.24	-1.492
1.37439918518	0.4	-0.18	2.044
1.3770840168	0.4	-0.18	2.044
1.37976408005	0.06	-0.332	2.044
1.3824429512	0.06	-0.332	2.044
1.3851211071	0.476	0.336	-1.484
1.38780617714	0.476	0.336	-1.484
1.39048504829	-0.04	-0.268	1.436
1.39316511154	0.22	-0.26	2.044
1.39584302902	0.22	-0.26	2.044
1.39852714539	-0.152	0.152	-1.1
1.40120697021	-0.152	0.152	-1.1
1.40388703346	0.092	-0.12	0.4
1.40656495094	0.092	-0.12	0.4
1.40924715996	0.032	-0.436	2.044
1.41192698479	0.032	-0.436	2.044
1.41461610794	-0.02	-0.124	-0.34
1.417304039	-0.02	-0.124	-0.34
1.4199860096	0.18	-0.016	-0.564
1.42266607285	0.18	-0.016	-0.564
1.42534518242	0.172	-0.3	2.044
1.42804002762	0.172	-0.3	2.044
1.43071913719	0.092	-0.152	0.68
1.43339800835	0.092	-0.152	0.68
1.43607616425	-0.08	-0.048	-1.284
1.43876409531	-0.08	-0.048	-1.284
1.44144415855	0.476	-0.22	2.044
1.44412207603	0.06	-0.244	1.744
1.44680595398	0.06	-0.244	1.744
1.44948410988	0.304	0.256	-1.516
1.45216608047	0.304	0.256	-1.516
1.45484399796	-0.036	-0.316	2.012
1.45753407478	-0.036	-0.316	2.012
1.46021604538	0.12	-0.476	2.044
1.46289300919	0.12	-0.476	2.044
1.46557211876	-0.2	0.14	-1.38
1.46825695038	-0.2	0.14	-1.38
1.47093605995	0.02	-0.036	0.984
1.47361516953	0.02	-0.036	0.984
1.47629308701	-0.004	-0.408	2.044
1.47897696495	-0.004	-0.408	2.044
1.48166012764	0.012	0.156	-0.804
1.48433995247	0.012	0.156	-0.804
1.48702406883	0.336	0.088	-0.056
1.48970317841	0.1	-0.308	2.044
1.492385149	0.1	-0.308	2.044
1.49506306648	-0.06	-0.344	0.108
1.49774813652	-0.06	-0.344	0.108
1.50042796135	0.056	0.104	-0.908
1.50311517715	0.056	0.104	-0.908
1.50579309464	0.66	-0.336	2.044
1.50847816467	0.66	-0.336	2.044
1.51115608215	0.008	-0.204	1.144
1.51383495331	0.008	-0.204	1.144
1.51651215553	0.528	0.268	-1.396
1.51919317245	0.528	0.268	-1.396
1.5218641758	-0.244	-0.504	2.044
1.52453708649	-0.244	-0.504	2.044
1.52721405029	0.152	-0.372	2.044
1.52989816666	0.152	-0.372	2.044
1.53257703781	-0.224	0.116	-1.548
1.53527116776	-0.224	0.116	-1.548
1.53795814514	0.084	0.012	1.584
1.54063606262	0.124	-0.384	2.044
1.5433139801	0.124	-0.384	2.044
1.545992136	0.352	0.532	-1.148
1.54867601395	0.352	0.532	-1.148
1.55135512352	0.16	-0.076	0.512
1.554033041	0.16	-0.076	0.512
1.55671811104	0.048	-0.336	2.044
1.55939817429	0.048	-0.336	2.044
1.56207609177	-0.176	-0.272	-0.44
1.56475615501	-0.176	-0.272	-0.44
1.56744217873	-0.064	0.184	-0.464
1.57012200356	-0.064	0.184	-0.464
1.57280111313	0.448	-0.484	2.044
1.57548117638	0.448	-0.484	2.044
1.57817602158	0.18	-0.1	0.552
1.58085417747	0.18	-0.1	0.552
1.58353209496	0.44	0.2	-1.164
1.58621096611	0.44	0.2	-1.164
1.58888912201	-0.116	-0.564	2.044
1.59156799316	0.092	-0.212	1.62
1.59424710274	0.092	-0.212	1.62
1.59693217278	-0.036	0.28	-1.532
1.59961009026	-0.036	0.28	-1.532
1.6022901535	0.192	-0.008	2.044
1.60496711731	0.192	-0.008	2.044
1.6076669693	0.116	-0.348	2.044
1.61034703255	0.116	-0.348	2.044
1.61302614212	0.416	0.364	-1.4
1.6157040596	0.416	0.364	-1.4
1.61838698387	-0.04	-0.244	1.12
1.62106704712	-0.04	-0.244	1.12
1.62374615669	0.136	-0.328	2.044
1.62642502785	0.136	-0.328	2.044
1.62910795212	-0.196	-0.044	-0.888
1.63178896904	-0.196	-0.044	-0.888
1.63446903229	-0.048	-0.024	0.072
1.63715314865	-0.048	-0.024	0.072
1.63983201981	0.316	-0.468	2.044
1.6425101757	0.14	-0.128	-0.048
1.64518904686	0.14	-0.128	-0.048
1.64786815643	0.288	0.072	-0.804
1.65054512024	0.288	0.072	-0.804
1.65323209763	0.152	-0.392	2.044
1.65591096878	0.152	-0.392	2.044
1.65859699249	0.136	-0.176	1.0
1.66127300262	0.136	-0.176	1.0
1.66394615173	-0.04	0.108	-1.408
1.66662502289	-0.04	0.108	-1.408
1.6693110466	0.284	-0.008	2.044
1.67198801041	0.284	-0.008	2.044
1.67466616631	0.1	-0.272	2.04
1.67734909058	0.1	-0.272	2.04
1.68002700806	0.228	0.196	-1.48
1.68270397186	0.228	0.196	-1.48
1.68538212776	0.012	-0.26	1.712
1.68806004524	0.012	-0.26	1.712
1.69073796272	0.176	-0.332	2.044
1.69341516495	-0.3	0.204	-1.252
1.69609308243	-0.3	0.204	-1.252
1.69877815247	-0.168	0.168	0.628
1.70145916939	-0.168	0.168	0.628
1.70413708687	0.14	-0.376	2.044
1.70682215691	0.14	-0.376	2.044
1.70949912071	0.076	-0.048	-0.564
1.71217799187	0.076	-0.048	-0.564
1.71485614777	0.14	0.096	-0.352
1.71754002571	0.14	0.096	-0.352
1.72021603584	0.212	-0.432	2.044
1.72289395332	0.212	-0.432	2.044
1.72557115555	0.068	-0.284	0.404
1.72829604149	0.068	-0.284	0.404
1.73097610474	-0.108	0.04	-1.128
1.73365402222	-0.108	0.04	-1.128
1.73633217812	0.436	-0.092	2.044
1.73901605606	0.436	-0.092	2.044
1.74169802666	-0.036	-0.236	1.468
1.7443780899	0.124	0.316	-1.488
1.74706315994	0.124	0.316	-1.488
1.74974107742	-0.276	-0.4	2.044
1.7524189949	-0.276	-0.4	2.044
1.75509810448	0.096	-0.52	2.044
1.75778317451	0.096	-0.52	2.044
1.760461092	-0.368	0.008	-1.484
1.76313900948	-0.368	0.008	-1.484
1.76581811905	-0.316	0.132	1.236
1.76850199699	-0.316	0.132	1.236
1.77118015289	0.104	-0.368	2.044
1.77385807037	0.104	-0.368	2.044
1.77653598785	0.176	0.328	-0.968
1.77922010422	0.176	0.328	-0.968
1.78189706802	0.18	0.1	0.22
1.7845761776	0.18	0.1	0.22
1.7872569561	-0.064	-0.444	2.044
1.78993701935	-0.064	-0.444	2.044
1.79261517525	-0.264	-0.288	-0.156
1.79529500008	-0.124	0.188	-0.72
1.79798007011	-0.124	0.188	-0.72
1.80065917969	0.512	-0.408	2.044
1.80334615707	0.512	-0.408	2.044
1.80602502823	0.304	-0.128	0.872
1.80870509148	0.304	-0.128	0.872
1.8113861084	0.316	0.272	-1.288
1.8140630722	0.316	0.272	-1.288
1.81674695015	-0.152	-0.48	2.044
1.8194270134	-0.152	-0.48	2.044
1.82210707664	0.124	-0.34	1.944
1.82483315468	0.124	-0.34	1.944
1.82752013206	-0.356	0.216	-1.568
1.83019995689	-0.356	0.216	-1.568
1.83287906647	-0.128	0.148	1.86
1.83555698395	-0.128	0.148	1.86
1.83824110031	0.152	-0.288	2.044
1.84091997147	0.152	-0.288	2.044
1.84359812737	0.392	0.376	-1.276
1.84627604485	-0.032	-0.208	0.792
1.84896111488	-0.032	-0.208	0.792
1.85163998604	-0.104	-0.328	2.044
1.85431814194	-0.104	-0.328	2.044
1.85700297356	-0.348	-0.12	-0.668
1.8596830368	-0.348	-0.12	-0.668
1.86236310005	-0.116	0.104	-0.24
1.8650431633	-0.116	0.104	-0.24
1.86772704124	0.276	-0.416	2.044
1.87040400505	0.276	-0.416	2.044
1.87308216095	0.308	-0.128	0.284
1.8757610321	0.308	-0.128	0.284
1.87854099274	0.108	0.152	-1.008
1.88122105598	0.108	0.152	-1.008
1.88390016556	0.088	-0.5	2.044
1.88657307625	0.088	-0.5	2.044
1.8892531395	0.152	-0.22	1.348
1.89193201065	0.152	-0.22	1.348
1.89461016655	-0.144	0.152	-1.484
1.89729595184	-0.352	0.072	2.044
1.89997506142	-0.352	0.072	2.044
1.9026529789	0.068	-0.284	2.044
1.9053311348	0.068	-0.284	2.044
1.90801811218	0.004	0.096	-1.456
1.91069698334	0.004	0.096	-1.456
1.91337513924	-0.012	-0.184	1.392
1.91605496407	-0.012	-0.184	1.392
1.9187400341	0.036	-0.356	2.044
1.92141914368	0.036	-0.356	2.044
1.92409706116	-0.388	0.124	-1.084
1.9267821312	-0.388	0.124	-1.084
1.92946195602	-0.144	0.144	0.296
1.93214011192	-0.144	0.144	0.296
1.9348180294	0.136	-0.348	2.044
1.93750214577	0.136	-0.348	2.044
1.94018006325	0.14	-0.176	-0.308
1.94285917282	0.14	-0.176	-0.308
1.9455370903	-0.008	0.164	-0.612
1.94822311401	0.22	-0.528	2.044
1.95090413094	0.22	-0.528	2.044
1.95359802246	0.144	-0.308	0.732
1.95627903938	0.144	-0.308	0.732
1.95896196365	-0.18	-0.084	-1.292
1.9616420269	-0.18	-0.084	-1.292
1.96432304382	-0.268	-0.012	2.044
1.96700811386	-0.268	-0.012	2.044
1.96968698502	0.044	-0.256	1.788
1.97236609459	0.044	-0.256	1.788
1.97504401207	-0.348	0.148	-1.52
1.97773003578	-0.348	0.148	-1.52
1.98040914536	0.064	-0.404	1.964
1.98308706284	0.064	-0.404	1.964
1.98576498032	-0.056	-0.42	2.044
1.98851203918	-0.056	-0.42	2.044
1.99119710922	-0.212	0.152	-1.392
1.99387812614	-0.412	0.084	0.88
1.99655508995	-0.412	0.084	0.88
1.9992389679	-0.052	-0.356	2.044
2.00191807747	-0.052	-0.356	2.044
2.00459694862	-0.012	0.156	-0.776
2.00727701187	-0.012	0.156	-0.776
2.00995612144	0.024	0.18	-0.128
2.01263308525	0.024	0.18	-0.128
2.01531004906	-0.148	-0.656	2.044
2.01799607277	-0.148	-0.656	2.044
2.02067613602	-0.088	-0.192	0.136
2.0233540535	-0.088	-0.192	0.136
2.02603316307	-0.124	0.176	-0.96
2.02872610092	-0.124	0.176	-0.96
2.03140711784	0.06	-0.256	2.044
2.03408813477	0.06	-0.256	2.044
2.03677296638	0.144	-0.176	1.204
2.03945112228	0.144	-0.176	1.204
2.04212903976	-0.292	0.412	-1.448
2.04480814934	-0.1	-0.136	2.044
2.04749298096	-0.1	-0.136	2.044
2.05017209053	-0.004	-0.404	2.044
2.05284905434	-0.004	-0.404	2.044
2.05552911758	-0.3	0.036	-1.548
2.05820918083	-0.3	0.036	-1.548
2.06088805199	-0.536	0.208	1.488
2.06356501579	-0.536	0.208	1.488
2.06624317169	-0.04	-0.324	2.044
2.06892704964	-0.04	-0.324	2.044
2.07163715363	0.064	0.072	-1.132
2.0743200779	0.064	0.072	-1.132
2.07700610161	-0.08	-0.076	0.448
2.07968616486	-0.08	-0.076	0.448
2.08236503601	-0.372	-0.52	2.044
2.08504295349	-0.372	-0.52	2.044
2.0877289772	-0.36	0.056	-0.44
2.09040808678	-0.36	0.056	-0.44
2.09308695793	-0.168	0.136	-0.516
2.0957660675	-0.188	-0.42	2.044
2.09847903252	-0.188	-0.42	2.044
2.10115909576	0.304	-0.216	0.604
2.10384607315	0.304	-0.216	0.604
2.10652399063	-0.208	0.204	-1.212
2.10920906067	-0.208	0.204	-1.212
2.11188817024	0.152	-0.288	2.044
2.11456418037	0.152	-0.288	2.044
2.11724615097	0.112	-0.224	1.696
2.11992311478	0.112	-0.224	1.696
2.12260007858	-0.272	0.08	-1.56
2.12527894974	-0.272	0.08	-1.56
2.12795805931	-0.612	0.052	2.044
2.13063716888	-0.612	0.052	2.044
2.13331508636	-0.06	-0.304	2.044
2.13599300385	-0.06	-0.304	2.044
2.13867712021	-0.216	-0.088	-1.396
2.14135813713	-0.216	-0.088	-1.396
2.14403796196	-0.108	-0.056	1.044
2.146723032	-0.224	-0.448	2.044
2.14940214157	-0.224	-0.448	2.044
2.15208101273	-0.132	0.272	-0.92
2.1547601223	-0.132	0.272	-0.92
2.15744805336	-0.144	0.116	-0.016
2.16012811661	-0.144	0.116	-0.016
2.16280698776	-0.228	-0.388	2.044
2.16548705101	-0.228	-0.388	2.044
2.16816711426	0.052	-0.232	0.02
2.17084503174	0.052	-0.232	0.02
2.17352294922	-0.284	0.22	-0.888
2.17620110512	-0.284	0.22	-0.888
2.17889499664	0.036	-0.392	2.044
2.18157410622	0.036	-0.392	2.044
2.1842520237	0.032	-0.3	1.076
2.18693614006	0.032	-0.3	1.076
2.18961405754	-0.164	-0.044	-1.436
2.19229316711	-0.164	-0.044	-1.436
2.19497299194	-0.664	-0.18	2.044
2.19765806198	-0.156	-0.256	2.044
2.20034098625	-0.156	-0.256	2.044
2.20302200317	-0.496	0.016	-1.528
2.20570111275	-0.496	0.016	-1.528
2.20838117599	0.076	-0.236	1.66
2.21106004715	0.076	-0.236	1.66
2.21373915672	-0.208	-0.248	2.044
2.21641612053	-0.208	-0.248	2.044
2.21910095215	-0.02	0.252	-1.256
2.22178006172	-0.02	0.252	-1.256
2.22446012497	-0.068	0.04	0.592
2.22714495659	-0.068	0.04	0.592
2.22982311249	-0.14	-0.4	2.044
2.23250102997	-0.14	-0.4	2.044
2.23518013954	-0.208	-0.144	-0.528
2.23786616325	-0.208	-0.144	-0.528
2.24054908752	-0.14	0.148	-0.408
2.24322795868	-0.14	0.148	-0.408
2.24590706825	-0.088	-0.628	2.044
2.24859213829	-0.052	-0.136	0.452
2.25127196312	-0.052	-0.136	0.452
2.2539601326	-0.164	0.124	-1.156
2.25663900375	-0.164	0.124	-1.156
2.25932502747	-0.548	-0.192	2.044
2.26200413704	-0.548	-0.192	2.044
2.26468205452	-0.008	-0.264	1.512
2.26736807823	-0.008	-0.264	1.512
2.27004694939	-0.628	0.336	-1.568
2.27272605896	-0.628	0.336	-1.568
2.27540516853	0.048	-0.22	2.044
2.27808904648	0.048	-0.22	2.044
2.28076696396	-0.152	-0.428	2.044
2.28345012665	-0.152	-0.428	2.044
2.28612995148	-0.076	0.064	-1.476
2.28881311417	-0.076	0.064	-1.476
2.29149198532	-0.46	0.084	1.16
2.29417014122	-0.46	0.084	1.16
2.29685401917	-0.116	-0.364	2.044
2.29953408241	-0.064	-0.02	-0.94
2.30221414566	-0.064	-0.02	-0.94
2.30489301682	-0.036	0.072	0.136
2.30757808685	-0.036	0.072	0.136
2.31025505066	-0.268	-0.676	2.044
2.31293416023	-0.268	-0.676	2.044
2.31561207771	-0.108	0.076	-0.168
2.31829714775	-0.108	0.076	-0.168
2.32097601891	-0.196	0.124	-0.76
2.32366013527	-0.196	0.124	-0.76
2.3263399601	-0.368	-0.448	2.044
2.32903409004	-0.368	-0.448	2.044
2.33171510696	0.248	-0.288	0.904
2.33439207077	0.248	-0.288	0.904
2.33707904816	-0.248	0.36	-1.388
2.3397591114	-0.248	0.36	-1.388
2.34243917465	-0.024	-0.008	2.044
2.34511709213	-0.024	-0.008	2.044
2.34783411026	0.0	-0.256	1.976
2.35050606728	-0.196	0.072	-1.568
2.35318517685	-0.196	0.072	-1.568
2.355864048	-0.516	0.024	1.776
2.35854816437	-0.516	0.024	1.776
2.36122703552	-0.08	-0.336	2.044
2.36390709877	-0.08	-0.336	2.044
2.36658906937	-0.248	-0.144	-1.268
2.36927008629	-0.248	-0.144	-1.268
2.37195110321	-0.14	-0.076	0.724
2.37462997437	-0.14	-0.076	0.724
2.3773150444	-0.208	-0.48	2.044
2.37999415398	-0.208	-0.48	2.044
2.38267397881	-0.072	0.312	-0.7
2.3853521347	-0.072	0.312	-0.7
2.38803696632	-0.1	0.068	-0.268
2.3907160759	-0.1	0.068	-0.268
2.39339399338	-0.34	-0.4	2.044
2.39607310295	-0.34	-0.4	2.044
2.3987569809	0.116	-0.288	0.328
2.40143704414	-0.364	0.136	-1.084
2.4041261673	-0.364	0.136	-1.084
2.40681099892	0.18	-0.344	2.044
2.40949010849	0.18	-0.344	2.044
2.41216802597	0.04	-0.236	1.368
2.41484498978	0.04	-0.236	1.368
2.41752910614	-0.156	0.004	-1.5
2.42020511627	-0.156	0.004	-1.5
2.42288017273	-0.632	-0.136	2.044
2.42555904388	-0.632	-0.136	2.044
2.4282450676	-0.136	-0.288	2.044
2.43092417717	-0.136	-0.288	2.044
2.43360304832	-0.476	-0.092	-1.488
2.43628501892	-0.476	-0.092	-1.488
2.43897104263	0.024	-0.104	1.344
2.44165706635	0.024	-0.104	1.344
2.44433903694	-0.252	-0.328	2.044
2.44702410698	-0.252	-0.328	2.044
2.4497051239	0.004	0.252	-1.076
2.45238304138	-0.048	0.056	0.268
2.45506095886	-0.048	0.056	0.268
2.45774507523	-0.212	-0.392	2.044
2.46042513847	-0.212	-0.392	2.044
2.46310305595	-0.172	-0.292	-0.276
2.46578216553	-0.172	-0.292	-0.276
2.46853804588	-0.172	0.168	-0.688
2.47121810913	-0.172	0.168	-0.688
2.47389817238	0.004	-0.432	2.044
2.47657608986	0.004	-0.432	2.044
2.47926902771	-0.036	-0.272	0.756
2.48194813728	-0.036	-0.272	0.756
2.48462510109	-0.104	0.032	-1.32
2.48731017113	-0.104	0.032	-1.32
2.48999404907	-0.608	-0.22	2.044
2.49267411232	-0.608	-0.22	2.044
2.49535298347	-0.128	-0.26	1.808
2.49803900719	-0.128	-0.26	1.808
2.50071907043	-0.504	0.168	-1.572
2.50339818001	0.02	-0.248	1.94
2.50607514381	0.02	-0.248	1.94
2.50875711441	-0.192	-0.256	2.044
2.51143598557	-0.192	-0.256	2.044
2.51411509514	0.132	0.232	-1.368
2.51680016518	0.132	0.232	-1.368
2.51947212219	-0.204	-0.02	0.884
2.52214503288	-0.204	-0.02	0.884
2.52481818199	-0.16	-0.4	2.044
2.5274951458	-0.16	-0.4	2.044
2.53017711639	-0.228	-0.072	-0.752
2.53286099434	-0.228	-0.072	-0.752
2.53554201126	-0.024	0.124	-0.16
2.53822898865	-0.024	0.124	-0.16
2.54090714455	-0.152	-0.724	2.044
2.5435860157	-0.152	-0.724	2.044
2.54626512527	0.028	0.076	0.128
2.5489461422	0.028	0.076	0.128
2.55162215233	-0.184	0.16	-0.984
2.55431103706	-0.48	-0.416	2.044
2.55699801445	-0.48	-0.416	2.044
2.5596780777	0.08	-0.324	1.216
2.56235599518	0.08	-0.324	1.216
2.56503510475	-0.444	0.392	-1.512
2.56772112846	-0.444	0.392	-1.512
2.57040214539	-0.072	0.004	2.044
2.57308411598	-0.072	0.004	2.044
2.57576203346	-0.068	-0.332	2.044
2.5784740448	-0.068	-0.332	2.044
2.58115410805	0.052	0.092	-1.528
2.58383202553	0.052	0.092	-1.528
2.58651018143	-0.172	-0.012	1.468
2.58919000626	-0.172	-0.012	1.468
2.59186911583	-0.168	-0.388	2.044
2.59454798698	-0.168	-0.388	2.044
2.59723305702	-0.268	-0.232	-1.112
2.59991407394	-0.088	-0.06	0.408
2.60259318352	-0.088	-0.06	0.408
2.605271101	-0.148	-0.556	2.044
2.60794997215	-0.148	-0.556	2.044
2.6106300354	0.052	0.304	-0.42
2.61330604553	0.052	0.304	-0.42
2.61598610878	-0.008	0.068	-0.532
2.61866807938	-0.008	0.068	-0.532
2.6213490963	-0.4	-0.508	2.044
2.62402796745	-0.4	-0.508	2.044
2.62671303749	0.208	-0.464	0.632
2.62940907478	0.208	-0.464	0.632
2.63208818436	-0.208	0.172	-1.272
2.63476800919	-0.208	0.172	-1.272
2.63745212555	0.096	-0.1	2.044
2.64013004303	0.096	-0.1	2.044
2.64280796051	0.056	-0.164	1.696
2.64548611641	0.056	-0.164	1.696
2.64816498756	-0.064	0.048	-1.54
2.65084409714	-0.168	-0.208	2.044
2.65352201462	-0.168	-0.208	2.044
2.65621304512	-0.128	-0.336	2.044
2.65892696381	-0.128	-0.336	2.044
2.6616101265	-0.416	-0.204	-1.396
2.66428995132	-0.416	-0.204	-1.396
2.66697716713	-0.084	-0.048	1.008
2.66965508461	-0.084	-0.048	1.008
2.67233395576	-0.064	-0.364	2.044
2.67501306534	-0.064	-0.364	2.044
2.67769908905	0.168	0.344	-0.884
2.68037700653	0.168	0.344	-0.884
2.68305516243	-0.024	0.116	-0.02
2.68573212624	-0.024	0.116	-0.02
2.6884469986	-0.288	-0.468	2.044
2.69112801552	-0.288	-0.468	2.044
2.69380712509	-0.024	-0.328	0.052
2.69648504257	-0.024	-0.328	0.052
2.69917297363	-0.256	0.156	-0.916
2.70185208321	0.016	-0.332	2.044
2.70453906059	0.016	-0.332	2.044
2.70722413063	-0.112	-0.304	1.076
2.70990300179	-0.112	-0.304	1.076
2.71258211136	-0.096	0.064	-1.42
2.71526098251	-0.096	0.064	-1.42
2.71794605255	-0.452	-0.34	2.044
2.7206261158	-0.452	-0.34	2.044
2.72330403328	-0.196	-0.284	2.044
2.72598195076	-0.196	-0.284	2.044
2.72866606712	-0.384	0.072	-1.552
2.73134613037	-0.384	0.072	-1.552
2.73402500153	-0.032	-0.18	1.632
2.73671007156	-0.032	-0.18	1.632
2.73939299583	-0.204	-0.208	2.044
2.74207210541	-0.204	-0.208	2.044
2.74475097656	0.272	0.296	-1.212
2.74743509293	0.272	0.296	-1.212
2.75011301041	0.02	-0.072	0.576
2.75278997421	-0.12	-0.456	2.044
2.75546908379	-0.12	-0.456	2.044
2.75815415382	-0.24	-0.292	-0.5
2.76083016396	-0.24	-0.292	-0.5
2.76350712776	0.02	0.064	-0.44
2.76618599892	0.02	0.064	-0.44
2.76886916161	-0.048	-0.488	2.044
2.77154803276	-0.048	-0.488	2.044
2.77422809601	-0.088	-0.06	0.448
2.77691197395	-0.088	-0.06	0.448
2.77960014343	-0.088	0.188	-1.188
2.7822830677	-0.088	0.188	-1.188
2.78496313095	-0.344	-0.428	2.044
2.78764796257	-0.344	-0.428	2.044
2.79032611847	0.056	-0.368	1.532
2.79300403595	0.056	-0.368	1.532
2.79568195343	-0.28	0.284	-1.556
2.79836702347	-0.28	0.284	-1.556
2.80104708672	-0.072	-0.124	2.044
2.80372595787	-0.08	-0.296	2.044
2.80640506744	-0.08	-0.296	2.044
2.80908703804	0.2	0.236	-1.432
2.81176900864	0.2	0.236	-1.432
2.81444716454	0.14	-0.18	1.184
2.81713104248	0.14	-0.18	1.184
2.81980800629	-0.06	-0.468	2.044
2.82248997688	-0.06	-0.468	2.044
2.82517004013	-0.184	-0.148	-0.924
2.82785701752	-0.184	-0.148	-0.924
2.83053708076	0.056	-0.036	0.108
2.83321404457	0.056	-0.036	0.108
2.83589100838	0.128	-0.6	2.044
2.83857512474	0.128	-0.6	2.044
2.84125304222	0.14	0.296	-0.12
2.84393000603	0.14	0.296	-0.12
2.84660601616	0.084	0.132	-0.772
2.84928917885	0.084	0.132	-0.772
2.85196614265	-0.288	-0.5	2.044
2.8546500206	0.124	-0.532	0.94
2.85733318329	0.124	-0.532	0.94
2.86001110077	-0.1	0.22	-1.412
2.86268997192	-0.1	0.22	-1.412
2.86537218094	-0.088	0.032	2.044
2.86805200577	-0.088	0.032	2.044
2.87073016167	-0.064	-0.2	1.98
2.87340903282	-0.064	-0.2	1.98
2.8760881424	0.112	0.104	-1.532
2.87877106667	0.112	0.104	-1.532
2.88146114349	0.096	-0.224	1.768
2.88414001465	0.096	-0.224	1.768
2.88682603836	-0.028	-0.412	2.044
2.88950514793	-0.028	-0.412	2.044
2.89218401909	-0.488	-0.312	-1.272
2.89486503601	-0.488	-0.312	-1.272
2.89754605293	-0.052	-0.044	0.672
2.90022397041	-0.052	-0.044	0.672
2.90290307999	0.256	-0.42	2.044
2.90558409691	0.092	0.324	-0.636
2.90826511383	0.092	0.324	-0.636
2.91094207764	0.104	0.012	-0.304
2.91361904144	0.104	0.012	-0.304
2.91629600525	-0.188	-0.512	2.044
2.91898012161	-0.188	-0.512	2.044
2.92165803909	0.036	-0.384	0.348
2.92433595657	0.036	-0.384	0.348
2.92701911926	-0.052	0.056	-1.104
2.929708004	-0.052	0.056	-1.104
2.93238806725	0.164	-0.224	2.044
2.93506598473	0.164	-0.224	2.044
2.93775105476	-0.1	-0.228	1.416
2.94043016434	-0.1	-0.228	1.416
2.94310903549	-0.04	0.12	-1.496
2.94578814507	-0.04	0.12	-1.496
2.94854807854	0.088	-0.336	2.044
2.95126914978	0.088	-0.336	2.044
2.95396995544	-0.068	-0.288	2.044
2.95665407181	-0.188	-0.016	-1.484
2.95934510231	-0.188	-0.016	-1.484
2.96202898026	0.008	-0.124	1.308
2.9647090435	0.008	-0.124	1.308
2.96739506721	0.036	-0.264	2.044
2.97007799149	0.036	-0.264	2.044
2.97275805473	0.256	0.28	-1.016
2.97543716431	0.256	0.28	-1.016
2.97812414169	0.028	0.0	0.268
2.98079705238	0.028	0.0	0.268
2.98346614838	0.148	-0.48	2.044
2.98614907265	0.148	-0.48	2.044
2.9888420105	-0.116	-0.236	-0.232
2.99152398109	-0.116	-0.236	-0.232
2.99420714378	0.108	0.056	-0.688
2.99689412117	0.108	0.056	-0.688
2.99956512451	-0.088	-0.196	2.044
3.00224113464	-0.22	-0.252	0.78
3.00492501259	-0.22	-0.252	0.78
3.00764417648	-0.048	0.252	-1.34
3.01033115387	-0.048	0.252	-1.34
3.01301217079	0.252	-0.472	2.044
3.01569199562	0.252	-0.472	2.044
3.0183801651	-0.16	-0.28	1.848
3.02106118202	-0.16	-0.28	1.848
3.02378106117	0.112	0.24	-1.532
3.02646613121	0.112	0.24	-1.532
3.02915406227	-0.26	-0.096	1.872
3.03184008598	-0.26	-0.096	1.872
3.03452396393	0.0	-0.204	2.044
3.0372030735	0.0	-0.204	2.044
3.03987503052	0.248	0.26	-1.308
3.04255604744	0.248	0.26	-1.308
3.04523515701	0.2	-0.052	0.868
3.04791998863	0.2	-0.052	0.868
3.05062103271	0.236	-0.576	2.044
3.05330109596	0.0	-0.216	-0.712
3.0559720993	0.0	-0.216	-0.712
3.05864715576	0.128	-0.02	-0.188
3.06132698059	0.128	-0.02	-0.188
3.06400704384	0.236	-0.484	2.044
3.06672000885	0.236	-0.484	2.044
3.06940197945	0.012	0.18	0.196
3.07209706306	0.012	0.18	0.196
3.07477617264	0.088	0.236	-1.012
3.07746315002	0.088	0.236	-1.012
3.08015298843	0.136	-0.436	2.044
3.08283615112	0.136	-0.436	2.044
3.08551502228	0.016	-0.484	1.272
3.0881960392	0.016	-0.484	1.272
3.09087705612	0.004	0.116	-1.464
3.0935561657	0.004	0.116	-1.464
3.09623599052	-0.12	-0.128	2.044
3.09892511368	-0.12	-0.128	2.044
3.10160708427	-0.072	-0.292	2.044
3.1042881012	0.16	0.224	-1.5
3.10697007179	0.16	0.224	-1.5
3.10964608192	0.368	-0.216	1.484
3.11232709885	0.368	-0.216	1.484
3.11501097679	0.096	-0.428	2.044
3.11769294739	0.096	-0.428	2.044
3.12037301064	-0.08	-0.232	-1.124
3.12305498123	-0.08	-0.232	-1.124
3.12573695183	0.032	-0.088	0.38
3.12845110893	0.032	-0.088	0.38
3.13113212585	0.5	-0.456	2.044
3.13380813599	0.5	-0.456	2.044
3.13648509979	0.088	0.184	-0.352
3.13917207718	0.088	0.184	-0.352
3.14185214043	0.236	0.096	-0.544
3.14453196526	0.236	0.096	-0.544
3.14721798897	0.076	-0.504	2.044
3.14989805222	0.076	-0.504	2.044
3.15257716179	0.032	-0.436	0.664
3.15527200699	0.116	0.108	-1.26
3.1579580307	0.116	0.108	-1.26
3.16064095497	-0.152	-0.024	2.044
3.16332316399	-0.152	-0.024	2.044
3.16600418091	-0.088	-0.116	1.744
3.16869115829	-0.088	-0.116	1.744
3.17137312889	-0.072	0.148	-1.544
3.17405414581	-0.072	0.148	-1.544
3.1767411232	0.508	-0.376	2.044
3.17942214012	0.508	-0.376	2.044
3.18210101128	0.076	-0.336	2.044
3.18478107452	0.076	-0.336	2.044
3.18746709824	-0.204	-0.152	-1.396
3.19014906883	-0.204	-0.152	-1.396
3.1928319931	0.06	-0.1	0.98
3.19551301003	0.06	-0.1	0.98
3.19820213318	0.256	-0.236	2.044
3.20087504387	0.144	0.136	-0.828
3.20354795456	0.144	0.136	-0.828
3.2062189579	0.156	0.052	-0.052
3.20890307426	0.156	0.052	-0.052
3.21158695221	0.208	-0.524	2.044
3.21426701546	0.208	-0.524	2.044
3.21695303917	-0.044	-0.224	0.06
3.21963405609	-0.044	-0.224	0.06
3.22231411934	0.072	0.052	-0.908
3.22499418259	0.072	0.052	-0.908
3.22767996788	-0.012	-0.284	2.044
3.23037099838	-0.012	-0.284	2.044
3.2330520153	-0.22	-0.3	1.108
3.23573303223	-0.22	-0.3	1.108
3.23848700523	-0.012	0.276	-1.444
3.24117207527	-0.012	0.276	-1.444
3.24385404587	0.4	-0.448	2.044
3.24653506279	0.4	-0.448	2.044
3.24922204018	-0.04	-0.28	2.044
3.25190496445	0.068	0.228	-1.516
3.25458407402	0.068	0.228	-1.516
3.25727105141	-0.16	-0.168	1.604
3.25995397568	-0.16	-0.168	1.604
3.2626349926	0.024	-0.328	2.044
3.2653169632	0.024	-0.328	2.044
3.268004179	0.232	0.192	-1.168
3.2706849575	0.232	0.192	-1.168
3.27336406708	0.116	0.004	0.56
3.27604317665	0.116	0.004	0.56
3.2787270546	0.376	-0.532	2.044
3.28141117096	0.376	-0.532	2.044
3.28409194946	0.06	-0.188	-0.48
3.28678011894	0.06	-0.188	-0.48
3.28946018219	0.228	-0.016	-0.444
3.29214596748	0.228	-0.016	-0.444
3.29482698441	0.192	-0.32	2.044
3.29751205444	0.192	-0.32	2.044
3.30019211769	-0.136	-0.076	0.492
3.30287313461	0.088	0.304	-1.204
3.30557918549	0.088	0.304	-1.204
3.30826807022	0.368	-0.464	2.044
3.31094813347	0.368	-0.464	2.044
3.31362915039	-0.016	-0.368	1.576
3.31631016731	-0.016	-0.368	1.576
3.3189971447	0.144	0.168	-1.508
3.32170009613	0.144	0.168	-1.508
3.32438206673	-0.152	-0.092	2.044
3.327064991	-0.152	-0.092	2.044
3.32976007462	0.008	-0.292	2.044
3.33244013786	0.008	-0.292	2.044
3.33511996269	0.148	0.26	-1.42
3.33782696724	0.148	0.26	-1.42
3.34050798416	0.392	-0.216	1.208
3.34318900108	0.392	-0.216	1.208
3.34588313103	0.204	-0.492	2.044
3.34857010841	0.112	-0.152	-0.92
3.35125017166	0.112	-0.152	-0.92
3.35393214226	0.088	-0.1	0.088
3.35661196709	0.088	-0.1	0.088
3.35929703712	0.404	-0.456	2.044
3.36197900772	0.404	-0.456	2.044
3.36466312408	0.108	0.192	-0.072
3.36734414101	0.108	0.192	-0.072
3.3700261116	0.228	0.2	-0.8
3.3727080822	0.228	0.2	-0.8
3.37538695335	0.128	-0.412	2.044
3.37807512283	0.128	-0.412	2.044
3.38076496124	-0.052	-0.452	0.972
3.38344597816	-0.052	-0.452	0.972
3.38612914085	0.08	0.068	-1.36
3.38881516457	0.08	0.068	-1.36
3.39149403572	-0.228	-0.008	2.044
3.39417695999	-0.228	-0.008	2.044
3.39686512947	-0.124	-0.164	2.016
3.39953899384	0.004	0.212	-1.556
3.40225410461	0.004	0.212	-1.556
3.40493106842	0.468	-0.316	1.78
3.40761017799	0.468	-0.316	1.78
3.41029500961	0.124	-0.4	2.044
3.41297602654	0.124	-0.4	2.044
3.41565513611	-0.276	-0.204	-1.28
3.41834616661	-0.276	-0.204	-1.28
3.42102909088	0.004	-0.072	0.664
3.42370796204	0.004	-0.072	0.664
3.4263920784	0.484	-0.348	2.044
3.42908000946	0.484	-0.348	2.044
3.43175911903	0.06	0.028	-0.584
3.43445014954	0.06	0.028	-0.584
3.43713498116	0.308	-0.012	-0.304
3.43981695175	0.308	-0.012	-0.304
3.44249796867	0.32	-0.472	2.044
3.44517803192	0.32	-0.472	2.044
3.44788098335	-0.016	-0.2	0.384
3.45056605339	0.192	0.048	-1.08
3.45324611664	0.192	0.048	-1.08
3.45593500137	0.008	-0.24	2.044
3.45862197876	0.008	-0.24	2.044
3.46130204201	-0.152	-0.22	1.444
3.46400213242	-0.152	-0.22	1.444
3.46675109863	0.028	0.244	-1.52
3.46943712234	0.028	0.244	-1.52
3.4721300602	0.536	-0.376	2.044
3.47481107712	0.536	-0.376	2.044
3.4774980545	0.096	-0.284	2.044
3.48017907143	0.096	-0.284	2.044
3.48286008835	0.096	0.072	-1.436
3.4855401516	0.096	0.072	-1.436
3.48822402954	0.028	-0.128	1.288
3.49090504646	0.028	-0.128	1.288
3.49358510971	0.268	-0.34	2.044
3.49627614021	0.184	0.164	-0.992
3.4989631176	0.184	0.164	-0.992
3.50164318085	0.08	0.012	0.228
3.504322052	0.08	0.012	0.228
3.50700712204	0.516	-0.476	2.044
3.50968813896	0.516	-0.476	2.044
3.51236915588	-0.02	-0.088	-0.22
3.51505208015	-0.02	-0.088	-0.22
3.51774096489	0.144	0.016	-0.668
3.52042102814	0.144	0.016	-0.668
3.52310109138	-0.056	-0.24	2.044
3.52578210831	-0.056	-0.24	2.044
3.52852511406	-0.212	-0.264	0.824
3.5312230587	-0.212	-0.264	0.824
3.53390407562	0.012	0.316	-1.352
3.53658413887	0.012	0.316	-1.352
3.53927016258	0.552	-0.444	2.044
3.54194998741	0.552	-0.444	2.044
3.54463005066	-0.056	-0.228	1.884
3.54731798172	0.272	0.268	-1.5
3.54999303818	0.272	0.268	-1.5
3.55266809464	-0.236	-0.116	1.84
3.55534911156	-0.236	-0.116	1.84
3.55803704262	0.12	-0.4	2.044
3.56071996689	0.12	-0.4	2.044
3.56340003014	0.128	0.196	-1.308
3.56608104706	0.128	0.196	-1.308
3.56876707077	0.22	-0.064	0.856
3.57144999504	0.22	-0.064	0.856
3.57413005829	0.432	-0.556	2.044
3.57681703568	0.432	-0.556	2.044
3.57949709892	0.26	-0.004	-0.704
3.58217811584	0.26	-0.004	-0.704
3.58485817909	0.1	-0.06	-0.192
3.58754396439	0.1	-0.06	-0.192
3.59022402763	0.26	-0.344	2.044
3.59290218353	0.26	-0.344	2.044
3.59558200836	-0.012	0.144	0.232
3.59826803207	0.192	0.264	-1.012
3.60093998909	0.192	0.264	-1.012
3.60361409187	0.36	-0.328	2.044
3.60629606247	0.36	-0.328	2.044
3.6089720726	-0.06	-0.316	1.288
3.61165213585	-0.06	-0.316	1.288
3.61432909966	0.06	-0.072	-1.44
3.61700296402	0.06	-0.072	-1.44
3.61968016624	-0.056	-0.176	2.044
3.62235307693	-0.056	-0.176	2.044
3.62502717972	-0.028	-0.204	2.044
3.62770605087	-0.028	-0.204	2.044
3.63038802147	0.032	0.248	-1.5
3.6330640316	0.032	0.248	-1.5
3.63573908806	0.388	-0.232	1.464
3.63845205307	0.388	-0.232	1.464
3.64113116264	0.264	-0.404	2.044
3.64381217957	0.264	-0.404	2.044
3.64649105072	0.264	-0.096	-1.104
3.64917802811	-0.02	-0.06	0.352
3.6518599987	-0.02	-0.06	0.352
3.65454411507	0.548	-0.424	2.044
3.65723013878	0.548	-0.424	2.044
3.6599111557	0.024	-0.044	-0.296
3.66259098053	0.024	-0.044	-0.296
3.66527199745	0.252	0.124	-0.58
3.66795802116	0.252	0.124	-0.58
3.67063808441	0.38	-0.328	2.044
3.67331814766	0.38	-0.328	2.044
3.67599916458	-0.116	-0.1	0.664
3.67868113518	-0.116	-0.1	0.664
3.68137001991	0.112	0.096	-1.232
3.68405103683	0.112	0.096	-1.232
3.68673610687	-0.16	-0.156	2.044
3.68941712379	-0.16	-0.156	2.044
3.69209909439	-0.084	-0.084	1.784
3.69478011131	-0.084	-0.084	1.784
3.69746994972	0.156	0.252	-1.544
3.70015096664	0.356	-0.436	2.044
3.70283007622	0.356	-0.436	2.044
3.70551109314	0.216	-0.3	2.044
3.70819711685	0.216	-0.3	2.044
3.7108771801	-0.04	-0.028	-1.372
3.7135579586	-0.04	-0.028	-1.372
3.71623897552	0.048	-0.104	0.956
3.71892499924	0.048	-0.104	0.956
3.72160506248	0.292	-0.328	2.044
3.72428607941	0.292	-0.328	2.044
3.72697305679	0.02	-0.06	-0.8
3.72965312004	0.02	-0.06	-0.8
3.73233318329	0.12	-0.072	-0.064
3.73501300812	0.12	-0.072	-0.064
3.73770403862	0.484	-0.408	2.044
3.74038505554	0.484	-0.408	2.044
3.74306511879	-0.076	0.128	0.072
3.74575805664	-0.076	0.128	0.072
3.74850702286	0.084	0.036	-0.9
3.75118803978	-0.156	-0.436	2.044
3.75388503075	-0.156	-0.436	2.044
3.75657606125	-0.152	-0.256	1.16
3.75926399231	-0.152	-0.256	1.16
3.76195216179	0.072	0.312	-1.44
3.76463103294	0.072	0.312	-1.44
3.76731705666	0.328	-0.428	2.044
3.77001214027	0.328	-0.428	2.044
3.7726919651	0.056	-0.208	2.044
3.77537107468	0.056	-0.208	2.044
3.77805805206	0.208	0.292	-1.488
3.78074002266	0.208	0.292	-1.488
3.78342008591	-0.084	-0.192	1.556
3.7861020565	-0.084	-0.192	1.556
3.78878998756	0.228	-0.548	2.044
3.79146814346	0.228	-0.548	2.044
3.79414916039	0.116	0.112	-1.152
3.796833992	0.02	0.008	0.484
3.799503088	0.02	0.008	0.484
3.80217409134	0.5	-0.464	2.044
3.80484294891	0.5	-0.464	2.044
3.80751609802	0.232	0.192	-0.472
3.81019902229	0.232	0.192	-0.472
3.81287813187	0.04	-0.044	-0.46
3.81555914879	0.04	-0.044	-0.46
3.8182489872	-0.016	-0.264	2.044
3.82093405724	-0.016	-0.264	2.044
3.82361507416	-0.108	-0.084	0.552
3.8262989521	-0.108	-0.084	0.552
3.82898616791	0.196	0.288	-1.204
3.83167505264	0.196	0.288	-1.204
3.83435702324	0.456	-0.368	2.044
3.83704400063	0.456	-0.368	2.044
3.83972406387	-0.112	-0.208	1.604
3.84240603447	-0.112	-0.208	1.604
3.84512710571	0.204	0.032	-1.48
3.84781503677	-0.012	-0.18	2.044
3.8505051136	-0.012	-0.18	2.044
3.85318517685	0.176	-0.268	2.044
3.855864048	0.176	-0.268	2.044
3.85855007172	0.008	0.164	-1.42
3.86122918129	0.008	0.164	-1.42
3.86391115189	0.216	-0.212	1.136
3.86659312248	0.216	-0.212	1.136
3.86927294731	0.308	-0.468	2.044
3.87195396423	0.308	-0.468	2.044
3.87463402748	0.368	0.12	-0.888
3.87732005119	0.368	0.12	-0.888
3.88000011444	-0.112	-0.076	0.056
3.88268303871	-0.112	-0.076	0.056
3.88536310196	0.24	-0.316	2.044
3.88806295395	0.24	-0.316	2.044
3.89074516296	-0.048	0.112	-0.016
3.89342403412	-0.048	0.112	-0.016
3.89610505104	0.136	0.248	-0.816
3.89879202843	0.196	-0.176	2.044
3.90147209167	0.196	-0.176	2.044
3.90415501595	-0.164	-0.016	0.988
3.90687203407	-0.164	-0.016	0.988
3.90955400467	-0.128	-0.1	-1.364
3.91223597527	-0.128	-0.1	-1.364
3.91492009163	-0.06	-0.18	2.044
3.91760706902	-0.06	-0.18	2.044
3.92028808594	-0.06	-0.084	2.044
3.92296814919	-0.06	-0.084	2.044
3.92564916611	0.068	0.288	-1.54
3.92833209038	0.068	0.288	-1.54
3.93101215363	0.104	-0.436	1.756
3.93369197845	0.104	-0.436	1.756
3.9363720417	0.156	-0.332	2.044
3.93905901909	0.156	-0.332	2.044
3.94173812866	0.06	-0.052	-1.232
3.94441914558	-0.04	-0.076	0.632
3.94711017609	-0.04	-0.076	0.632
3.94979095459	0.2	-0.428	2.044
3.95247006416	0.2	-0.428	2.044
3.95515012741	-0.048	-0.204	-0.54
3.95783805847	-0.048	-0.204	-0.54
3.96052312851	0.104	-0.08	-0.34
3.96320509911	0.104	-0.08	-0.34
3.96588397026	0.22	-0.296	2.044
3.96857094765	0.22	-0.296	2.044
3.97125101089	-0.116	0.276	0.356
3.97393107414	-0.116	0.276	0.356
3.97661018372	-0.036	0.132	-1.104
3.97929811478	-0.036	0.132	-1.104
3.98198914528	-0.172	-0.3	2.044
3.9846701622	-0.172	-0.3	2.044
3.98736095428	-0.1	-0.14	1.5
3.99003911018	-0.1	-0.14	1.5
3.99271512032	0.208	0.316	-1.516
3.99539518356	0.08	-0.392	2.044
3.99808096886	0.08	-0.392	2.044
4.00075316429	0.128	-0.256	2.044
4.00342607498	0.128	-0.256	2.044
4.006098032	0.144	0.188	-1.428
4.00878310204	0.144	0.188	-1.428
4.01146912575	0.016	-0.12	1.252
4.0141479969	0.016	-0.12	1.252
4.01683402061	0.212	-0.484	2.044
4.01951408386	0.212	-0.484	2.044
4.02219414711	0.064	0.088	-0.972
4.02487397194	0.064	0.088	-0.972
4.02755999565	-0.088	-0.064	0.196
4.03024506569	-0.088	-0.064	0.196
4.03292512894	0.368	-0.368	2.044
4.03560614586	0.368	-0.368	2.044
4.03829216957	0.044	0.252	-0.196
4.04097104073	0.044	0.252	-0.196
4.04365110397	-0.176	0.0	-0.724
4.04632401466	-0.312	-0.388	2.044
4.04901099205	-0.312	-0.388	2.044
4.05169415474	-0.132	-0.204	0.868
4.05437517166	-0.132	-0.204	0.868
4.05706596375	0.14	0.196	-1.344
4.05974698067	0.14	0.196	-1.344
4.06242609024	0.12	-0.412	2.044
4.06510615349	0.12	-0.412	2.044
4.0677921772	-0.076	-0.152	1.928
4.07047796249	-0.076	-0.152	1.928
4.07315802574	-0.004	0.248	-1.508
4.07584095001	-0.004	0.248	-1.508
4.07852697372	0.092	-0.196	1.828
4.08120703697	0.092	-0.196	1.828
4.08388710022	0.076	-0.572	2.044
4.0865650177	0.076	-0.572	2.044
4.08925199509	-0.016	0.112	-1.292
4.09193396568	-0.016	0.112	-1.292
4.09461402893	0.044	-0.212	0.804
4.09729909897	0.204	-0.484	2.044
4.09997916222	0.204	-0.484	2.044
4.1026570797	0.284	0.388	-0.688
4.10533714294	0.284	0.388	-0.688
4.10802412033	-0.192	-0.032	-0.244
4.11070513725	-0.192	-0.032	-0.244
4.11338996887	-0.2	-0.212	2.044
4.11607217789	-0.2	-0.212	2.044
4.11875414848	-0.2	0.088	0.272
4.12143206596	-0.2	0.088	0.272
4.12411212921	0.108	0.192	-1.024
4.12679815292	0.108	0.192	-1.024
4.12947797775	-0.244	-0.204	2.044
4.13216996193	-0.244	-0.204	2.044
4.13485002518	-0.12	0.02	1.3
4.13753509521	-0.12	0.02	1.3
4.14021706581	-0.192	-0.176	-1.472
4.14289903641	-0.192	-0.176	-1.472
4.14557909966	0.16	-0.176	2.044
4.14826607704	0.016	-0.148	2.044
4.1509449482	0.016	-0.148	2.044
4.15362715721	0.064	0.212	-1.496
4.15630817413	0.064	0.212	-1.496
4.15899395943	-0.148	-0.32	1.376
4.16167497635	-0.148	-0.32	1.376
4.16435599327	-0.044	-0.376	2.044
4.16704201698	-0.044	-0.376	2.044
4.16972208023	0.188	0.14	-1.044
4.17240214348	0.188	0.14	-1.044
4.17508196831	-0.14	-0.04	0.304
4.17776918411	-0.14	-0.04	0.304
4.18045115471	-0.092	-0.496	2.044
4.18313097954	-0.092	-0.496	2.044
4.18583297729	-0.084	-0.068	-0.288
4.18852210045	-0.084	-0.068	-0.288
4.19120311737	0.02	0.084	-0.616
4.19388198853	0.02	0.084	-0.616
4.19656395912	-0.2	-0.204	2.044
4.19924807549	-0.296	0.336	0.66
4.20193600655	-0.296	0.336	0.66
4.20460915565	-0.292	0.124	-1.276
4.20729613304	-0.292	0.124	-1.276
4.20999312401	-0.036	-0.208	2.044
4.2126750946	-0.036	-0.208	2.044
4.21535611153	-0.152	-0.072	1.792
4.21804499626	-0.152	-0.072	1.792
4.22072815895	0.312	0.288	-1.548
4.22340798378	0.312	0.288	-1.548
4.22609210014	-0.224	-0.512	2.012
4.22877907753	-0.224	-0.512	2.012
4.23146009445	0.024	-0.3	2.044
4.23414301872	0.024	-0.3	2.044
4.23683214188	-0.08	0.108	-1.336
4.23951506615	-0.08	0.108	-1.336
4.24219799042	-0.02	-0.06	0.92
4.24487900734	-0.052	-0.524	2.044
4.24756717682	-0.052	-0.524	2.044
4.25025010109	0.0	-0.044	-0.768
4.25292205811	0.0	-0.044	-0.768
4.25559401512	-0.032	-0.164	-0.092
4.25828409195	-0.032	-0.164	-0.092
4.26096510887	0.064	-0.34	2.044
4.26364398003	0.064	-0.34	2.044
4.26632499695	-0.16	0.276	0.108
4.26901102066	-0.16	0.276	0.108
4.27169203758	-0.2	0.072	-0.932
4.27437400818	-0.2	0.072	-0.932
4.27706098557	-0.232	-0.48	2.044
4.27974510193	-0.232	-0.48	2.044
4.28243803978	-0.148	-0.188	1.196
4.28512001038	-0.148	-0.188	1.196
4.28780603409	0.168	0.212	-1.456
4.29048705101	0.168	0.212	-1.456
4.29316616058	-0.244	-0.512	2.044
4.29584717751	-0.04	-0.224	2.044
4.29853606224	-0.04	-0.224	2.044
4.30121612549	0.048	0.344	-1.5
4.30389118195	0.048	0.344	-1.5
4.30656814575	0.104	-0.176	1.524
4.30925512314	0.104	-0.176	1.524
4.31193399429	-0.036	-0.584	2.044
4.31461811066	-0.036	-0.584	2.044
4.31730508804	0.052	0.176	-1.148
4.31998801231	0.052	0.176	-1.148
4.32266902924	-0.132	-0.2	0.456
4.32534909248	-0.132	-0.2	0.456
4.32803606987	-0.04	-0.404	2.044
4.33071899414	-0.04	-0.404	2.044
4.33339905739	0.108	0.384	-0.432
4.33607816696	0.108	0.384	-0.432
4.33878016472	-0.256	-0.044	-0.504
4.34146404266	-0.256	-0.044	-0.504
4.34419608116	-0.328	-0.288	2.044
4.34688711166	-0.136	-0.032	0.576
4.34956812859	-0.136	-0.032	0.576
4.35225915909	0.136	0.128	-1.204
4.35493803024	0.136	0.128	-1.204
4.35763406754	-0.392	-0.34	2.044
4.36031603813	-0.392	-0.34	2.044
4.36300301552	-0.256	-0.06	1.616
4.36568498611	-0.256	-0.06	1.616
4.36836695671	-0.104	0.024	-1.512
4.37104916573	-0.104	0.024	-1.512
4.37372899055	0.148	-0.204	2.044
4.3764090538	0.148	-0.204	2.044
4.37909698486	0.032	-0.364	2.044
4.38177704811	0.032	-0.364	2.044
4.38445496559	0.072	0.124	-1.4
4.3871409893	0.072	0.124	-1.4
4.38982009888	-0.068	-0.316	1.06
4.3925011158	-0.068	-0.316	1.06
4.3951830864	-0.144	-0.428	2.044
4.39787006378	0.128	0.344	-0.864
4.4005420208	0.128	0.344	-0.864
4.40321803093	-0.196	-0.032	-0.004
4.40589499474	-0.196	-0.032	-0.004
4.40858101845	-0.28	-0.316	2.044
4.41126894951	-0.28	-0.316	2.044
4.41394996643	-0.228	0.132	-0.004
4.41663098335	-0.228	0.132	-0.004
4.41931796074	-0.056	0.116	-0.868
4.42199897766	-0.056	0.116	-0.868
4.42467904091	-0.412	-0.16	2.044
4.42736816406	-0.412	-0.16	2.044
4.43004918098	-0.276	0.224	1.0
4.43273496628	-0.276	0.224	1.0
4.43541097641	-0.344	-0.064	-1.404
4.43809914589	-0.344	-0.064	-1.404
4.44078111649	0.172	-0.208	2.044
4.44346213341	0.172	-0.208	2.044
4.44614505768	-0.052	-0.088	2.044
4.44883298874	0.22	0.256	-1.544
4.45151400566	0.22	0.256	-1.544
4.45419406891	-0.22	-0.536	1.672
4.45688199997	-0.22	-0.536	1.672
4.45956516266	-0.092	-0.384	2.044
4.46224617958	-0.092	-0.384	2.044
4.46492695808	-0.02	0.112	-1.192
4.46761512756	-0.02	0.112	-1.192
4.47029614449	-0.068	-0.028	0.588
4.47297716141	-0.068	-0.028	0.588
4.47565817833	-0.196	-0.572	2.044
4.47834515572	-0.196	-0.572	2.044
4.48102712631	-0.064	-0.076	-0.536
4.48370909691	-0.064	-0.076	-0.536
4.48639297485	0.016	-0.096	-0.384
4.48908209801	0.016	-0.096	-0.384
4.4917640686	-0.284	-0.296	2.044
4.49444508553	-0.3	0.336	0.412
4.49713110924	-0.3	0.336	0.412
4.49981212616	-0.288	0.216	-1.136
4.50249195099	-0.288	0.216	-1.136
4.50517296791	-0.168	-0.376	2.044
4.50787115097	-0.168	-0.376	2.044
4.51055312157	-0.192	-0.12	1.516
4.51323413849	-0.192	-0.12	1.516
4.51591396332	0.304	0.288	-1.5
4.51859617233	0.304	0.288	-1.5
4.52127099037	-0.48	-0.548	2.044
4.52395296097	-0.48	-0.548	2.044
4.52663207054	-0.104	-0.316	2.044
4.52931714058	-0.104	-0.316	2.044
4.53199911118	-0.056	0.356	-1.44
4.53467917442	-0.056	0.356	-1.44
4.53736615181	0.056	-0.128	1.212
4.54004812241	0.056	-0.128	1.212
4.54272699356	-0.164	-0.54	2.044
4.54540801048	0.06	0.136	-0.952
4.54809403419	0.06	0.136	-0.952
4.55077409744	-0.068	-0.216	0.152
4.55345416069	-0.068	-0.216	0.152
4.55613613129	-0.288	-0.392	2.044
4.55882406235	-0.288	-0.392	2.044
4.5615041256	-0.112	0.192	-0.156
4.56418609619	-0.112	0.192	-0.156
4.56687307358	-0.336	-0.004	-0.76
4.56955814362	-0.336	-0.004	-0.76
4.57224106789	-0.308	-0.436	2.044
4.57492113113	-0.308	-0.436	2.044
4.57760810852	-0.132	-0.136	0.904
4.58028912544	-0.132	-0.136	0.904
4.58297801018	0.124	0.104	-1.348
4.58565807343	0.124	0.104	-1.348
4.58834505081	-0.44	-0.472	2.044
4.59102606773	-0.44	-0.472	2.044
4.59370708466	-0.148	-0.18	1.924
4.59638810158	-0.164	0.264	-1.532
4.59907317162	-0.164	0.264	-1.532
4.60174608231	0.204	-0.172	1.816
4.60441803932	0.204	-0.172	1.816
4.60709095001	-0.052	-0.596	2.044
4.60976696014	-0.052	-0.596	2.044
4.61244511604	0.052	0.136	-1.288
4.61511707306	0.052	0.136	-1.288
4.61779499054	-0.008	-0.312	0.764
4.62048006058	-0.008	-0.312	0.764
4.62316203117	-0.204	-0.432	2.044
4.62585616112	-0.204	-0.432	2.044
4.62854003906	0.052	0.376	-0.644
4.63121914864	0.052	0.376	-0.644
4.63391804695	-0.22	-0.02	-0.268
4.63660097122	-0.22	-0.02	-0.268
4.63928318024	-0.344	-0.204	2.044
4.64196515083	-0.344	-0.204	2.044
4.64464616776	-0.244	0.096	0.26
4.64732599258	0.032	0.076	-1.06
4.65002012253	0.032	0.076	-1.06
4.65270400047	-0.512	-0.248	2.044
4.65538597107	-0.512	-0.248	2.044
4.65809106827	-0.228	0.076	1.332
4.66077518463	-0.228	0.076	1.332
4.66345596313	-0.2	-0.096	-1.492
4.66615200043	-0.2	-0.096	-1.492
4.66883516312	0.208	-0.2	2.044
4.67151498795	0.208	-0.2	2.044
4.67419600487	0.012	-0.172	2.044
4.67688202858	0.012	-0.172	2.044
4.6795630455	0.152	0.216	-1.472
4.6822450161	0.152	0.216	-1.472
4.68492603302	-0.16	-0.4	1.332
4.68761205673	-0.16	-0.4	1.332
4.69029402733	-0.236	-0.408	2.044
4.69297504425	-0.236	-0.408	2.044
4.69565916061	-0.096	0.284	-1.036
4.69834899902	-0.076	-0.02	0.284
4.70103096962	-0.076	-0.02	0.284
4.70371198654	-0.22	-0.556	2.044
4.70639395714	-0.22	-0.556	2.044
4.70908212662	-0.076	0.036	-0.276
4.71176195145	-0.076	0.036	-0.276
4.71444511414	0.004	0.04	-0.648
4.71713399887	0.004	0.04	-0.648
4.71981215477	-0.544	-0.268	2.044
4.72249412537	-0.544	-0.268	2.044
4.7251739502	-0.46	0.304	0.72
4.72785902023	-0.46	0.304	0.72
4.73054003716	-0.368	0.16	-1.312
4.73323011398	-0.368	0.16	-1.312
4.73591518402	0.04	-0.34	2.044
4.73860311508	0.04	-0.34	2.044
4.74128317833	-0.176	-0.108	1.828
4.74396395683	0.4	0.316	-1.54
4.74664497375	0.4	0.316	-1.54
4.74933195114	-0.496	-0.584	1.948
4.75201201439	-0.496	-0.584	1.948
4.75469613075	-0.176	-0.384	2.044
4.75738406181	-0.176	-0.384	2.044
4.76006507874	-0.092	0.252	-1.344
4.76985907555	-0.264	-0.664	2.044
4.77261710167	-0.264	-0.664	2.044
4.77530217171	-0.044	0.036	-0.772
4.77800107002	-0.044	0.036	-0.772
4.78068494797	-0.036	-0.148	-0.152
4.78336811066	-0.036	-0.148	-0.152
4.78607010841	-0.4	-0.4	2.044
4.78875803947	-0.4	-0.4	2.044
4.79144310951	-0.384	0.108	0.148
4.79414010048	-0.384	0.108	0.148
4.79682612419	-0.22	0.108	-0.98
4.79950118065	-0.22	0.108	-0.98
4.80217504501	-0.196	-0.464	2.044
4.8048491478	-0.196	-0.464	2.044
4.80752706528	-0.184	-0.108	1.204
4.8102221489	0.164	0.168	-1.46
4.81290817261	0.164	0.168	-1.46
4.81561803818	-0.38	-0.568	2.044
4.81830716133	-0.38	-0.568	2.044
4.8209900856	-0.184	-0.308	2.044
4.82367110252	-0.184	-0.308	2.044
4.82635903358	-0.016	0.396	-1.512
4.82904815674	-0.016	0.396	-1.512
4.83172917366	0.132	-0.184	1.496
4.83441114426	0.132	-0.184	1.496
4.83709716797	-0.232	-0.472	2.044
4.83977818489	-0.232	-0.472	2.044
4.84246110916	0.056	0.224	-1.128
4.84513998032	0.056	0.224	-1.128
4.84782600403	0.04	-0.348	0.444
4.85050797462	0.04	-0.348	0.444
4.85318803787	-0.396	-0.4	2.044
4.85586905479	-0.396	-0.4	2.044
4.85855913162	-0.144	0.244	-0.416
4.86123895645	-0.26	-0.052	-0.568
4.86392211914	-0.26	-0.052	-0.568
4.86660408974	-0.344	-0.32	2.044
4.86929297447	-0.344	-0.32	2.044
4.87197399139	-0.176	-0.024	0.6
4.87465596199	-0.176	-0.024	0.6
4.87734413147	0.064	0.052	-1.244
4.88002300262	0.064	0.052	-1.244
4.88270306587	-0.536	-0.404	2.044
4.88538408279	-0.536	-0.404	2.044
4.88807106018	-0.28	-0.068	1.648
4.89076900482	-0.28	-0.068	1.648
4.89345002174	-0.128	0.112	-1.544
4.89613103867	-0.128	0.112	-1.544
4.89882111549	0.204	-0.216	2.044
4.90150117874	0.204	-0.216	2.044
4.90420007706	-0.068	-0.432	2.044
4.90689396858	-0.068	-0.432	2.044
4.90957903862	0.056	0.164	-1.396
4.91232800484	-0.02	-0.356	1.036
4.91501116753	-0.02	-0.356	1.036
4.91769909859	-0.356	-0.428	2.044
4.92038011551	-0.356	-0.428	2.044
4.92306303978	-0.228	0.32	-0.872
4.92574501038	-0.228	0.32	-0.872
4.92850804329	-0.08	-0.012	-0.036
4.93119215965	-0.08	-0.012	-0.036
4.93387413025	-0.288	-0.364	2.044
4.93655514717	-0.288	-0.364	2.044
4.93924403191	-0.248	0.124	0.012
4.94192504883	-0.248	0.124	0.012
4.94460296631	-0.024	0.032	-0.872
4.94729113579	-0.024	0.032	-0.872
4.94997096062	-0.58	-0.316	2.044
4.95265412331	-0.58	-0.316	2.044
4.95533704758	-0.352	0.12	1.036
4.95802307129	-0.248	0.008	-1.436
4.96070408821	-0.248	0.008	-1.436
4.96338510513	0.16	-0.308	2.044
4.96607398987	0.16	-0.308	2.044
4.96876215935	-0.076	-0.148	2.044
4.97144412994	-0.076	-0.148	2.044
4.97412514687	0.248	0.252	-1.524
4.97681212425	0.248	0.252	-1.524
4.97949314117	-0.16	-0.58	1.612
4.9821870327	-0.16	-0.58	1.612
4.9848690033	-0.276	-0.456	2.044
4.98755717278	-0.276	-0.456	2.044
4.99023914337	-0.072	0.232	-1.196
4.99292397499	-0.072	0.232	-1.196
4.99560713768	0.04	-0.028	0.556
4.99829411507	0.04	-0.028	0.556
