Timestamp 	 X-Axis 	 Y-Axis 	 Z-Axis
0.000309944152832	0.136	-0.056	-0.172
0.00359201431274	-0.188	-0.488	2.044
0.00668406486511	-0.188	-0.488	2.044
0.00976991653442	-0.332	-0.072	0.18
0.0128569602966	-0.332	-0.072	0.18
0.0159590244293	-0.092	0.096	-0.992
0.0190448760986	0.0	-0.392	2.044
0.0221240520477	0.0	-0.392	2.044
0.0251989364624	-0.152	-0.096	1.244
0.0282950401306	-0.152	-0.096	1.244
0.0313799381256	0.116	0.284	-1.48
0.0344660282135	-0.012	-0.44	2.044
0.0375499725342	-0.012	-0.44	2.044
0.0406329631805	-0.096	-0.36	2.044
0.0437390804291	-0.096	-0.36	2.044
0.0468230247498	0.068	0.424	-1.52
0.0499069690704	0.164	-0.152	1.484
0.0529990196228	0.164	-0.152	1.484
0.0560829639435	-0.124	-0.42	2.044
0.0591669082642	-0.092	0.232	-1.14
0.0622539520264	-0.092	0.232	-1.14
0.065337896347	0.172	-0.356	0.44
0.0684208869934	0.172	-0.356	0.44
0.0715038776398	-0.304	-0.448	2.044
0.074590921402	-0.22	0.152	-0.408
0.0776739120483	-0.22	0.152	-0.408
0.080766916275	-0.144	-0.076	-0.568
0.0838539600372	-0.144	-0.076	-0.568
0.0869529247284	-0.076	-0.312	2.044
0.0900409221649	-0.14	-0.068	0.62
0.093132019043	-0.14	-0.068	0.62
0.0962150096893	-0.052	0.04	-1.252
0.09929895401	-0.052	0.04	-1.252
0.102392911911	-0.192	-0.396	2.044
0.105485916138	-0.132	-0.14	1.676
0.10857796669	-0.132	-0.14	1.676
0.111677885056	-0.012	0.2	-1.544
0.114767074585	-0.012	0.2	-1.544
0.117853879929	0.26	-0.144	2.028
0.120945930481	-0.024	-0.464	2.044
0.124039888382	-0.024	-0.464	2.044
0.127132892609	-0.084	0.188	-1.396
0.130232095718	-0.084	0.188	-1.396
0.133323907852	0.16	-0.344	1.028
0.13641500473	-0.3	-0.432	2.044
0.139528989792	-0.3	-0.432	2.044
0.142622947693	-0.228	0.272	-0.86
0.145726919174	0.06	0.02	-0.044
0.148818016052	0.06	0.02	-0.044
0.151908874512	-0.1	-0.388	2.044
0.155000925064	-0.1	-0.388	2.044
0.158092975616	-0.14	-0.024	0.016
0.161185026169	0.016	0.04	-0.884
0.164275884628	0.016	0.04	-0.884
0.167363882065	-0.152	-0.408	2.044
0.170456886292	-0.152	-0.408	2.044
0.173558950424	-0.3	0.044	1.08
0.176650047302	-0.108	0.056	-1.452
0.179740905762	-0.108	0.056	-1.452
0.182844877243	0.22	-0.268	2.044
0.185945987701	0.22	-0.268	2.044
0.189037084579	-0.052	-0.176	2.044
0.192135095596	0.088	0.268	-1.532
0.195225000381	0.088	0.268	-1.532
0.198313951492	0.088	-0.48	1.616
0.20140504837	0.088	-0.48	1.616
0.204494953156	-0.18	-0.512	2.044
0.207586050034	-0.028	0.356	-1.208
0.210685014725	-0.028	0.356	-1.208
0.213777065277	0.108	-0.012	0.548
0.216866016388	0.108	-0.012	0.548
0.219961881638	-0.032	-0.684	2.044
0.223052978516	-0.008	-0.12	-0.54
0.226157903671	-0.008	-0.12	-0.54
0.229249000549	0.096	0.072	-0.432
0.232344865799	-0.204	-0.468	2.044
0.235440015793	-0.204	-0.468	2.044
0.238530874252	-0.42	0.052	0.448
0.241657972336	-0.42	0.052	0.448
0.244747877121	-0.12	0.208	-1.196
0.247839927673	-0.036	-0.416	2.044
0.25093793869	-0.036	-0.416	2.044
0.254029035568	-0.188	-0.124	1.552
0.257119894028	-0.188	-0.124	1.552
0.260225057602	0.164	0.356	-1.532
0.263315916061	-0.024	-0.416	2.044
0.266407012939	-0.024	-0.416	2.044
0.269504070282	-0.072	-0.404	2.044
0.272593975067	-0.072	-0.404	2.044
0.275698900223	0.024	0.48	-1.46
0.278789997101	0.072	-0.136	1.172
0.281889915466	0.072	-0.136	1.172
0.284981012344	-0.116	-0.46	2.044
0.288071870804	-0.116	-0.46	2.044
0.291169881821	-0.056	0.04	-0.96
0.294260978699	0.184	-0.212	0.124
0.297350883484	0.184	-0.212	0.124
0.300446987152	-0.248	-0.5	2.044
0.303534984589	-0.232	-0.048	-0.112
0.306627035141	-0.232	-0.048	-0.112
0.309724092484	-0.048	-0.036	-0.8
0.312815904617	-0.048	-0.036	-0.8
0.315907001495	0.088	-0.324	2.044
0.318998098373	-0.052	-0.088	0.936
0.322089910507	-0.052	-0.088	0.936
0.325180053711	0.004	0.176	-1.388
0.328269004822	0.004	0.176	-1.388
0.331372022629	-0.028	-0.356	2.044
0.334462881088	-0.044	-0.292	1.972
0.337553977966	-0.044	-0.292	1.972
0.340651035309	0.044	0.312	-1.552
0.34373998642	0.044	0.312	-1.552
0.346838951111	0.224	-0.068	1.776
0.349935054779	0.012	-0.48	2.044
0.35302400589	0.012	-0.48	2.044
0.356113910675	-0.06	0.236	-1.296
0.359205007553	-0.06	0.236	-1.296
0.362297058105	0.12	-0.272	0.716
0.365386009216	-0.24	-0.424	2.044
0.368475914001	-0.24	-0.424	2.044
0.371635913849	-0.148	0.048	-0.632
0.374732017517	-0.148	0.048	-0.632
0.37782907486	0.04	-0.008	-0.324
0.380925893784	0.02	-0.192	2.044
0.384016036987	0.02	-0.192	2.044
0.387105941772	-0.132	-0.036	0.296
0.390202045441	-0.088	-0.004	-1.092
0.393296957016	-0.088	-0.004	-1.092
0.396389007568	0.112	-0.424	2.044
0.399486064911	0.112	-0.424	2.044
0.40257692337	-0.16	-0.04	1.388
0.405668020248	0.144	0.156	-1.528
0.408757925034	0.144	0.156	-1.528
0.411854028702	0.18	-0.288	2.044
0.414944887161	0.18	-0.288	2.044
0.418035030365	0.156	-0.3	2.044
0.421125888824	-0.112	0.16	-1.492
0.424216985703	-0.112	0.16	-1.492
0.427314043045	0.264	-0.392	1.324
0.430404901505	0.264	-0.392	1.324
0.433505058289	-0.188	-0.464	2.044
0.436596870422	-0.272	0.404	-1.064
0.439688920975	-0.272	0.404	-1.064
0.442780017853	0.172	0.028	0.244
0.445867061615	0.172	0.028	0.244
0.448955059052	0.036	-0.56	2.044
0.452049970627	-0.012	-0.18	-0.232
0.455142021179	-0.012	-0.18	-0.232
0.458234071732	0.06	0.128	-0.68
0.461332082748	0.06	0.128	-0.68
0.464421987534	0.152	-0.504	2.044
0.467511892319	-0.24	-0.028	0.772
0.470609903336	-0.24	-0.028	0.772
0.473708868027	0.076	0.156	-1.336
0.476800918579	0.068	-0.416	2.044
0.479891061783	0.068	-0.416	2.044
0.482980966568	-0.092	-0.184	1.856
0.48607301712	-0.092	-0.184	1.856
0.48916387558	0.056	0.364	-1.564
0.492259025574	0.116	-0.308	1.904
0.495349884033	0.116	-0.308	1.904
0.498440027237	-0.008	-0.476	2.044
0.501538038254	-0.008	-0.476	2.044
0.504627943039	0.16	0.436	-1.344
0.507718086243	0.056	-0.028	0.84
0.510807991028	0.056	-0.028	0.84
0.513897895813	0.036	-0.584	2.044
0.516987085342	0.036	-0.584	2.044
0.520087003708	0.044	-0.172	-0.736
0.523182868958	0.112	-0.008	-0.176
0.526273965836	0.112	-0.008	-0.176
0.529363870621	-0.044	-0.504	2.044
0.532461881638	-0.044	-0.504	2.044
0.535552024841	-0.264	-0.132	0.184
0.538645982742	0.084	0.1	-1.008
0.541740894318	0.084	0.1	-1.008
0.544831037521	-0.008	-0.332	2.044
0.547921895981	-0.008	-0.332	2.044
0.551017999649	-0.072	-0.084	1.248
0.554110050201	0.06	0.296	-1.492
0.557199954987	0.06	0.296	-1.492
0.56029009819	0.216	-0.356	2.044
0.563380002975	0.0	-0.372	2.044
0.56645989418	0.0	-0.372	2.044
0.569550037384	0.256	0.42	-1.524
0.572640895844	0.256	0.42	-1.524
0.575731039047	0.12	-0.168	1.476
0.578821897507	0.068	-0.348	2.044
0.58191204071	0.068	-0.348	2.044
0.585001945496	-0.136	0.22	-1.128
0.588093042374	-0.136	0.22	-1.128
0.591191053391	0.156	-0.276	0.42
0.594280958176	-0.176	-0.444	2.044
0.597373008728	-0.176	-0.444	2.044
0.60046505928	-0.176	0.024	-0.38
0.60355591774	-0.176	0.024	-0.38
0.606657981873	-0.032	-0.056	-0.568
0.609756946564	0.024	-0.264	2.044
0.612847089767	0.024	-0.264	2.044
0.615936040878	-0.076	-0.064	0.636
0.619030952454	-0.076	-0.064	0.636
0.622125864029	-0.064	0.012	-1.264
0.625225067139	0.164	-0.356	2.044
0.628315925598	0.164	-0.356	2.044
0.631412982941	-0.048	-0.168	1.696
0.634504079819	-0.048	-0.168	1.696
0.637594938278	0.108	0.232	-1.552
0.640686035156	0.188	-0.16	2.044
0.643775939941	0.188	-0.16	2.044
0.646867036819	0.068	-0.46	2.044
0.649965047836	-0.152	0.164	-1.412
0.653058052063	-0.152	0.164	-1.412
0.656148910522	0.184	-0.22	1.016
0.659238100052	0.184	-0.22	1.016
0.662334918976	-0.168	-0.412	2.044
0.665436029434	-0.228	0.192	-0.86
0.668529033661	-0.228	0.192	-0.86
0.671664953232	0.184	0.048	-0.044
0.67475605011	0.184	0.048	-0.044
0.677845001221	0.06	-0.292	2.044
0.680936098099	-0.064	-0.192	0.044
0.684026956558	-0.064	-0.192	0.044
0.687117099762	0.016	0.048	-0.896
0.690212965012	0.016	0.048	-0.896
0.693312883377	0.228	-0.452	2.044
0.696403026581	-0.2	-0.088	1.08
0.699501037598	-0.2	-0.088	1.08
0.702591896057	0.148	0.116	-1.452
0.705681085587	0.148	0.116	-1.452
0.708770036697	0.128	-0.328	2.044
0.711865901947	0.028	-0.204	2.044
0.714961051941	0.028	-0.204	2.044
0.7180519104	0.028	0.22	-1.528
0.72114109993	0.028	0.22	-1.528
0.724233865738	0.184	-0.412	1.608
0.727324962616	-0.072	-0.488	2.044
0.730422973633	-0.072	-0.488	2.044
0.733514070511	0.048	0.392	-1.204
0.73660492897	0.132	-0.008	0.54
0.739701032639	0.132	-0.008	0.54
0.742789030075	0.056	-0.596	2.044
0.745879888535	0.056	-0.596	2.044
0.748969078064	0.028	-0.176	-0.516
0.752065896988	0.068	0.092	-0.444
0.755155086517	0.068	0.092	-0.444
0.758244991302	-0.044	-0.496	2.044
0.761345863342	-0.044	-0.496	2.044
0.764438867569	-0.348	-0.004	0.484
0.767529010773	0.048	0.192	-1.188
0.770618915558	0.048	0.192	-1.188
0.773710012436	-0.076	-0.432	2.044
0.776800870895	-0.076	-0.432	2.044
0.779907941818	-0.128	-0.128	1.588
0.782999038696	0.048	0.36	-1.544
0.786088943481	0.048	0.36	-1.544
0.789179086685	0.164	-0.312	2.044
0.792275905609	0.164	-0.312	2.044
0.795366048813	0.0	-0.416	2.044
0.798448085785	0.196	0.468	-1.464
0.80153799057	0.196	0.468	-1.464
0.804627895355	0.044	-0.16	1.148
0.807717084885	0.044	-0.16	1.148
0.81081700325	0.084	-0.392	2.044
0.813908100128	-0.068	-0.02	-0.948
0.816999912262	-0.068	-0.02	-0.948
0.820097923279	0.148	-0.144	0.096
0.823188066483	-0.012	-0.516	2.044
0.826278924942	-0.012	-0.516	2.044
0.82937002182	-0.16	-0.124	-0.092
0.832467079163	-0.16	-0.124	-0.092
0.835574865341	0.112	-0.024	-0.82
0.838665962219	0.092	-0.284	2.044
0.841757059097	0.092	-0.284	2.044
0.844846010208	0.028	-0.088	0.952
0.847934961319	0.028	-0.088	0.952
0.851029872894	0.04	0.168	-1.404
0.854120016098	0.32	-0.22	2.044
0.85721206665	0.32	-0.22	2.044
0.860308885574	0.02	-0.308	2.0
0.863394975662	0.02	-0.308	2.0
0.866489887238	0.252	0.312	-1.552
0.869585990906	0.14	-0.068	1.756
0.872674942017	0.14	-0.068	1.756
0.875766038895	0.152	-0.384	2.044
0.87885594368	0.152	-0.384	2.044
0.881947994232	-0.088	0.228	-1.28
0.88503909111	0.052	-0.092	0.704
0.888128042221	0.052	-0.092	0.704
0.891222953796	-0.064	-0.392	2.044
0.894314050674	-0.108	-0.076	-0.612
0.897406101227	-0.108	-0.076	-0.612
0.900506973267	0.156	0.012	-0.316
0.903596878052	0.156	0.012	-0.316
0.906691074371	0.144	-0.116	2.044
0.909787893295	0.008	-0.18	0.352
0.912878036499	0.008	-0.18	0.352
0.915967941284	-0.14	-0.012	-1.112
0.919059038162	-0.14	-0.012	-1.112
0.922152996063	0.504	-0.376	2.044
0.925242900848	-0.12	-0.132	1.428
0.928333044052	-0.12	-0.132	1.428
0.931425094604	0.316	0.212	-1.516
0.934513092041	0.316	0.212	-1.516
0.937602996826	0.028	-0.32	2.044
0.940700054169	0.22	-0.356	2.044
0.943790912628	0.22	-0.356	2.044
0.946881055832	-0.168	0.112	-1.492
0.949976921082	-0.168	0.112	-1.492
0.953085899353	0.244	-0.304	1.324
0.956177949905	-0.072	-0.436	2.044
0.959280014038	-0.072	-0.436	2.044
0.962378978729	-0.196	0.376	-1.04
0.965470075607	-0.196	0.376	-1.04
0.968561887741	0.24	0.036	0.24
0.971657037735	0.076	-0.48	2.044
0.974750995636	0.076	-0.48	2.044
0.977840900421	-0.008	-0.248	-0.212
0.980939865112	0.02	0.148	-0.68
0.984028100967	0.02	0.148	-0.68
0.987117052078	0.296	-0.508	2.044
0.990212917328	0.296	-0.508	2.044
0.993304014206	-0.176	-0.076	0.784
0.996394872665	0.232	0.176	-1.332
0.999491930008	0.232	0.176	-1.332
1.00258588791	-0.048	-0.484	2.044
1.00567793846	-0.048	-0.484	2.044
1.00876808167	-0.02	-0.208	1.872
1.01186490059	0.024	0.348	-1.572
1.01495504379	0.024	0.348	-1.572
1.01804494858	0.284	-0.204	1.896
1.02114105225	0.284	-0.204	1.896
1.02422904968	0.044	-0.444	2.044
1.02731800079	0.372	0.48	-1.336
1.03041386604	0.372	0.48	-1.336
1.03350400925	0.056	-0.064	0.84
1.03659296036	0.056	-0.064	0.84
1.03969192505	0.22	-0.48	2.044
1.04278206825	0.028	-0.212	-0.724
1.04587197304	0.028	-0.212	-0.724
1.04896593094	0.072	0.052	-0.188
1.05206108093	0.072	0.052	-0.188
1.05515098572	0.22	-0.524	2.044
1.05823993683	-0.108	-0.188	0.216
1.06133794785	-0.108	-0.188	0.216
1.06442904472	0.264	0.108	-1.0
1.06751298904	-0.1	-0.296	2.044
1.07061004639	-0.1	-0.296	2.044
1.07370090485	0.016	-0.1	1.288
1.07679009438	0.016	-0.1	1.288
1.07988095284	0.072	0.288	-1.492
1.08296990395	0.392	-0.16	2.044
1.08605909348	0.392	-0.16	2.044
1.08914804459	0.048	-0.36	2.044
1.09223890305	0.048	-0.36	2.044
1.09532809258	0.416	0.38	-1.5
1.09844207764	0.036	-0.2	1.452
1.10153794289	0.036	-0.2	1.452
1.10462808609	0.224	-0.312	2.044
1.10771799088	0.224	-0.312	2.044
1.11081409454	-0.108	0.148	-1.12
1.11389899254	0.104	-0.112	0.396
1.11697888374	0.104	-0.112	0.396
1.12006497383	0.04	-0.424	2.044
1.12315797806	0.04	-0.424	2.044
1.12625789642	-0.076	-0.108	-0.348
1.12935090065	0.116	-0.048	-0.58
1.13244795799	0.116	-0.048	-0.58
1.1355381012	0.144	-0.2	2.044
1.13862800598	0.144	-0.2	2.044
1.14172291756	0.036	-0.14	0.652
1.14481592178	-0.148	-0.004	-1.284
1.14790892601	-0.148	-0.004	-1.284
1.15100193024	0.428	-0.26	2.044
1.15460109711	0.068	-0.232	1.728
1.15769791603	0.068	-0.232	1.728
1.16079092026	0.252	0.244	-1.56
1.16388106346	0.252	0.244	-1.56
1.16697096825	0.084	-0.172	2.036
1.17006206512	0.164	-0.456	2.044
1.17315292358	0.164	-0.456	2.044
1.17624306679	-0.164	0.132	-1.4
1.17933392525	-0.164	0.132	-1.4
1.18242692947	0.144	-0.176	1.012
1.18551492691	-0.068	-0.416	2.044
1.18860602379	-0.068	-0.416	2.044
1.19170093536	-0.148	0.136	-0.828
1.19479703903	0.244	0.068	-0.032
1.19788694382	0.244	0.068	-0.032
1.20097708702	0.108	-0.256	2.044
1.20406603813	0.108	-0.256	2.044
1.20715498924	-0.008	-0.26	0.072
1.21025109291	0.016	0.068	-0.904
1.21335291862	0.016	0.068	-0.904
1.21644306183	0.468	-0.416	2.044
1.21953892708	0.468	-0.416	2.044
1.22262692451	-0.096	-0.16	1.128
1.22571802139	0.404	0.172	-1.436
1.22880792618	0.404	0.172	-1.436
1.23190307617	-0.056	-0.448	2.044
1.23499488831	-0.056	-0.448	2.044
1.23808598518	0.14	-0.26	2.044
1.24117994308	-0.124	0.184	-1.552
1.24427199364	-0.124	0.184	-1.552
1.24736189842	0.248	-0.204	1.616
1.25045895576	0.248	-0.204	1.616
1.25354790688	0.052	-0.48	2.044
1.25665593147	0.22	0.464	-1.2
1.25975298882	0.22	0.464	-1.2
1.26284408569	0.176	-0.016	0.528
1.2659330368	0.176	-0.016	0.528
1.26902198792	0.172	-0.472	2.044
1.27211594582	0.016	-0.256	-0.48
1.27520704269	0.016	-0.256	-0.48
1.27829694748	0.008	0.168	-0.448
1.28138709068	0.308	-0.508	2.044
1.28447699547	0.308	-0.508	2.044
1.28756690025	-0.152	-0.084	0.512
1.29066705704	-0.152	-0.084	0.512
1.2937579155	0.304	0.188	-1.168
1.2968480587	-0.148	-0.488	2.044
1.29996609688	-0.148	-0.488	2.044
1.3030591011	-0.036	-0.148	1.608
1.30614995956	-0.036	-0.148	1.608
1.30924105644	0.08	0.328	-1.552
1.31233596802	0.3	-0.112	2.044
1.3154258728	0.3	-0.112	2.044
1.31851506233	0.1	-0.392	2.044
1.32168388367	0.1	-0.392	2.044
1.32477688789	0.376	0.448	-1.428
1.32786798477	0.02	-0.196	1.148
1.33096408844	0.02	-0.196	1.148
1.33405399323	0.192	-0.348	2.044
1.33714604378	0.192	-0.348	2.044
1.34024310112	-0.06	-0.044	-0.94
1.34333395958	0.08	-0.096	0.1
1.34642291069	0.08	-0.096	0.1
1.34951686859	0.14	-0.492	2.044
1.3526070118	0.14	-0.492	2.044
1.35569691658	-0.076	-0.156	-0.072
1.35878801346	0.224	0.004	-0.792
1.36187791824	0.224	0.004	-0.792
1.36496806145	0.108	-0.232	2.044
1.36805701256	0.1	-0.112	0.964
1.37114691734	0.1	-0.112	0.964
1.37423586845	-0.012	0.156	-1.408
1.37732601166	-0.012	0.156	-1.408
1.380423069	0.388	-0.168	2.044
1.38351297379	0.072	-0.308	2.016
1.38661599159	0.072	-0.308	2.016
1.38971209526	0.312	0.26	-1.54
1.39280104637	0.312	0.26	-1.54
1.39588999748	0.1	-0.1	1.756
1.39897799492	0.244	-0.348	2.044
1.4020690918	0.244	-0.348	2.044
1.40515804291	-0.124	0.192	-1.276
1.40824794769	-0.124	0.192	-1.276
1.41134691238	0.012	-0.088	0.692
1.41443586349	-0.008	-0.396	2.044
1.41752696037	-0.008	-0.396	2.044
1.42061805725	-0.068	-0.096	-0.6
1.42370891571	-0.068	-0.096	-0.6
1.42680096626	0.2	0.02	-0.32
1.42988991737	0.124	-0.14	2.044
1.43299508095	0.124	-0.14	2.044
1.43608593941	0.0	-0.172	0.36
1.43916702271	0.0	-0.172	0.36
1.44225001335	-0.152	-0.004	-1.124
1.44534087181	0.54	-0.368	2.044
1.44843101501	0.54	-0.368	2.044
1.45152807236	-0.1	-0.152	1.42
1.45461893082	0.396	0.24	-1.512
1.45770788193	0.396	0.24	-1.512
1.46080303192	-0.072	-0.384	2.044
1.46389389038	-0.072	-0.384	2.044
1.46698403358	0.22	-0.372	2.044
1.47007894516	-0.204	0.092	-1.488
1.47318005562	-0.204	0.092	-1.488
1.4762699604	0.208	-0.192	1.312
1.47935891151	0.208	-0.192	1.312
1.48245692253	-0.024	-0.416	2.044
1.48554801941	-0.14	0.412	-1.032
1.48863792419	-0.14	0.412	-1.032
1.49173402786	0.252	0.036	0.236
1.49481987953	0.252	0.036	0.236
1.49790596962	0.124	-0.416	2.044
1.50100207329	-0.008	-0.296	-0.196
1.50409293175	-0.008	-0.296	-0.196
1.50718402863	0.04	0.18	-0.692
1.51027393341	0.04	0.18	-0.692
1.51336288452	0.52	-0.488	2.044
1.51645088196	-0.06	-0.116	0.824
1.51954698563	-0.06	-0.116	0.824
1.52263689041	0.392	0.168	-1.32
1.52572703362	0.392	0.168	-1.32
1.52881908417	-0.112	-0.532	2.044
1.53191709518	0.04	-0.24	1.888
1.53500699997	0.04	-0.24	1.888
1.53809499741	-0.048	0.336	-1.576
1.54119205475	0.28	-0.068	1.912
1.54428100586	0.28	-0.068	1.912
1.5473690033	0.096	-0.4	2.044
1.55046391487	0.096	-0.4	2.044
1.55355286598	0.452	0.464	-1.316
1.55664205551	0.044	-0.072	0.824
1.55974292755	0.044	-0.072	0.824
1.56283307076	0.224	-0.408	2.044
1.56592106819	0.224	-0.408	2.044
1.5690100193	0.024	-0.244	-0.704
1.57210302353	0.084	0.072	-0.192
1.57519507408	0.084	0.072	-0.192
1.57829594612	0.264	-0.492	2.044
1.58138799667	0.264	-0.492	2.044
1.58447694778	-0.036	-0.204	0.224
1.58756804466	0.288	0.112	-1.0
1.59065389633	0.288	0.112	-1.0
1.59373903275	-0.088	-0.308	2.044
1.5968298912	-0.088	-0.308	2.044
1.59992098808	0.048	-0.096	1.28
1.60301089287	0.028	0.284	-1.496
1.6061000824	0.028	0.284	-1.496
1.60918903351	0.396	-0.184	2.044
1.61228394508	0.396	-0.184	2.044
1.61537408829	0.096	-0.356	2.044
1.6184630394	0.428	0.364	-1.504
1.62155890465	0.428	0.364	-1.504
1.62465190887	0.016	-0.192	1.46
1.6277410984	0.236	-0.304	2.044
1.63085007668	0.236	-0.304	2.044
1.63394188881	-0.144	0.144	-1.12
1.63703298569	-0.144	0.144	-1.12
1.64012408257	0.084	-0.136	0.388
1.64321303368	0.064	-0.42	2.044
1.64631295204	0.064	-0.42	2.044
1.64940309525	-0.084	-0.108	-0.36
1.65249609947	-0.084	-0.108	-0.36
1.65558600426	0.156	-0.036	-0.58
1.65867710114	0.132	-0.216	2.044
1.66176700592	0.132	-0.216	2.044
1.66485595703	0.068	-0.148	0.676
1.66794610023	0.068	-0.148	0.676
1.67103505135	-0.128	0.0	-1.284
1.67412090302	0.448	-0.236	2.044
1.67721009254	0.448	-0.236	2.044
1.68029999733	0.068	-0.232	1.744
1.68338894844	0.068	-0.232	1.744
1.68647789955	0.292	0.248	-1.536
1.68957400322	0.004	-0.224	2.024
1.692663908	0.004	-0.224	2.024
1.69575309753	0.176	-0.464	2.044
1.69884204865	0.176	-0.464	2.044
1.70193791389	-0.208	0.14	-1.424
1.70502901077	0.04	-0.076	0.992
1.70811891556	0.04	-0.076	0.992
1.71121406555	0.016	-0.388	2.044
1.71430301666	-0.08	0.124	-0.824
1.71739292145	-0.08	0.124	-0.824
1.72048687935	0.308	0.076	-0.06
1.72357606888	0.308	0.076	-0.06
1.72666501999	0.116	-0.216	2.044
1.72975993156	-0.004	-0.328	0.092
1.73286104202	-0.004	-0.328	0.092
1.73595094681	0.028	0.124	-0.9
1.73903989792	0.028	0.124	-0.9
1.74213409424	0.668	-0.36	2.044
1.74522304535	-0.044	-0.2	1.136
1.74831390381	-0.044	-0.2	1.136
1.75141000748	0.472	0.204	-1.428
1.75449991226	0.472	0.204	-1.428
1.75758886337	-0.216	-0.444	2.044
1.76068091393	0.184	-0.296	2.044
1.76376986504	0.184	-0.296	2.044
1.76686000824	-0.18	0.132	-1.548
1.7699649334	-0.18	0.132	-1.548
1.77305698395	0.152	-0.044	1.592
1.77614593506	0.108	-0.408	2.044
1.77923488617	0.108	-0.408	2.044
1.78233098984	0.316	0.48	-1.184
1.78541994095	0.316	0.48	-1.184
1.78851008415	0.156	-0.012	0.512
1.79168200493	0.196	-0.392	2.044
1.79477596283	0.196	-0.392	2.044
1.79786705971	-0.052	-0.316	-0.456
1.80096006393	-0.06	0.2	-0.472
1.80404996872	-0.06	0.2	-0.472
1.8071410656	0.42	-0.48	2.044
1.81023693085	0.42	-0.48	2.044
1.81332802773	0.036	-0.108	0.532
1.81641888618	0.396	0.156	-1.168
1.81952595711	0.396	0.156	-1.168
1.82261705399	-0.164	-0.456	2.044
1.82570695877	-0.164	-0.456	2.044
1.82879805565	0.064	-0.164	1.608
1.83189296722	0.0	0.292	-1.548
1.8349750042	0.0	0.292	-1.548
1.83805608749	0.248	-0.064	2.044
1.84114599228	0.248	-0.064	2.044
1.84423494339	0.12	-0.376	2.044
1.84732508659	0.408	0.408	-1.416
1.85042095184	0.408	0.408	-1.416
1.85353207588	-0.016	-0.212	1.132
1.85662388802	-0.016	-0.212	1.132
1.85972189903	0.212	-0.324	2.044
1.86281108856	-0.08	-0.076	-0.924
1.86590600014	-0.08	-0.076	-0.924
1.86899805069	-0.024	-0.06	0.084
1.87209391594	-0.024	-0.06	0.084
1.87518501282	0.24	-0.464	2.044
1.87827396393	0.044	-0.136	-0.06
1.88136506081	0.044	-0.136	-0.06
1.88445496559	0.332	0.008	-0.788
1.8875439167	0.056	-0.252	2.044
1.8906390667	0.056	-0.252	2.044
1.89372897148	0.144	-0.124	0.984
1.89681887627	0.144	-0.124	0.984
1.89991688728	-0.02	0.168	-1.42
1.90300893784	0.396	-0.056	2.044
1.90610790253	0.396	-0.056	2.044
1.90919804573	0.1	-0.296	2.032
1.91229605675	0.1	-0.296	2.032
1.91538596153	0.404	0.248	-1.508
1.91847491264	0.0	-0.156	1.716
1.92155694962	0.0	-0.156	1.716
1.92464208603	0.252	-0.328	2.044
1.92773294449	0.252	-0.328	2.044
1.93082308769	-0.16	0.216	-1.268
1.93391489983	-0.084	0.084	0.664
1.93700289726	-0.084	0.084	0.664
1.94009804726	0.084	-0.364	2.044
1.94318890572	0.084	-0.364	2.044
1.94627904892	0.036	-0.104	-0.572
1.94936990738	0.2	0.036	-0.324
1.95246505737	0.2	0.036	-0.324
1.95555496216	0.152	-0.184	2.044
1.95864486694	0.152	-0.184	2.044
1.96174287796	0.088	-0.248	0.392
1.96483302116	-0.124	0.028	-1.128
1.96792292595	-0.124	0.028	-1.128
1.9710149765	0.628	-0.18	2.044
1.97410607338	-0.052	-0.204	1.456
1.97719693184	-0.052	-0.204	1.456
1.98029398918	0.432	0.272	-1.496
1.98338389397	0.432	0.272	-1.496
1.9864730835	-0.292	-0.396	2.044
1.98956894875	0.256	-0.436	2.044
1.99270701408	0.256	-0.436	2.044
1.99579787254	-0.24	0.028	-1.484
1.99888896942	-0.24	0.028	-1.484
2.00198101997	0.0	-0.008	1.28
2.00506186485	0.048	-0.4	2.044
2.00815486908	0.048	-0.4	2.044
2.01125192642	-0.016	0.368	-1.008
2.01434206963	-0.016	0.368	-1.008
2.01743292809	0.268	0.064	0.228
2.02052688599	0.124	-0.364	2.044
2.02361607552	0.124	-0.364	2.044
2.0267059803	-0.092	-0.352	-0.168
2.02980303764	-0.092	-0.352	-0.168
2.0328938961	-0.032	0.2	-0.704
2.03598499298	0.628	-0.456	2.044
2.03907394409	0.628	-0.456	2.044
2.0421640873	0.152	-0.12	0.84
2.04525303841	0.152	-0.12	0.84
2.04834103584	0.496	0.184	-1.3
2.05143690109	-0.26	-0.544	2.044
2.0545270443	-0.26	-0.544	2.044
2.05762004852	0.136	-0.268	1.912
2.06071591377	-0.124	0.268	-1.576
2.06380605698	-0.124	0.268	-1.576
2.06689691544	0.208	0.024	1.888
2.06998991966	0.208	0.024	1.888
2.0730779171	0.164	-0.364	2.044
2.07616686821	0.5	0.496	-1.292
2.0792620182	0.5	0.496	-1.292
2.0823559761	0.008	-0.128	0.808
2.08544492722	0.008	-0.128	0.808
2.08853292465	0.18	-0.324	2.044
2.09169101715	-0.076	-0.224	-0.676
2.09478592873	-0.076	-0.224	-0.676
2.0978770256	-0.044	0.1	-0.22
2.10096907616	-0.044	0.1	-0.22
2.10411000252	0.352	-0.468	2.044
2.10720300674	0.188	-0.164	0.256
2.1102950573	0.188	-0.164	0.256
2.11337590218	0.388	0.108	-0.98
2.11645793915	0.388	0.108	-0.98
2.11954307556	-0.156	-0.34	2.044
2.12263703346	0.128	-0.12	1.32
2.12572693825	0.128	-0.12	1.32
2.12881708145	0.02	0.264	-1.5
2.13190293312	0.02	0.264	-1.5
2.13498806953	0.212	0.028	2.044
2.13807606697	0.14	-0.32	2.044
2.14116692543	0.14	-0.32	2.044
2.14425587654	0.46	0.288	-1.464
2.14734506607	-0.084	-0.244	1.408
2.1504380703	-0.084	-0.244	1.408
2.15353107452	0.32	-0.3	2.044
2.15662097931	0.32	-0.3	2.044
2.15971207619	-0.184	0.116	-1.092
2.16280388832	-0.048	0.104	0.336
2.16591191292	-0.048	0.104	0.336
2.16900205612	0.204	-0.384	2.044
2.17209386826	0.204	-0.384	2.044
2.17518591881	0.1	-0.152	-0.304
2.17827606201	0.188	0.04	-0.592
2.1813659668	0.188	0.04	-0.592
2.18445491791	0.18	-0.284	2.044
2.18754386902	0.18	-0.284	2.044
2.19063401222	0.156	-0.22	0.696
2.19372391701	-0.16	-0.044	-1.288
2.19681596756	-0.16	-0.044	-1.288
2.19990992546	0.292	-0.02	2.044
2.20300102234	0.292	-0.02	2.044
2.20608997345	0.12	-0.268	1.732
2.20917892456	0.232	0.208	-1.516
2.21227407455	0.232	0.208	-1.516
2.21536493301	-0.124	-0.292	2.004
2.21845507622	-0.124	-0.292	2.004
2.22155189514	0.228	-0.452	2.044
2.22464108467	-0.192	0.104	-1.388
2.22773194313	-0.192	0.104	-1.388
2.23082900047	-0.196	0.056	0.952
2.23391795158	0.072	-0.364	2.044
2.23700809479	0.072	-0.364	2.044
2.24009799957	0.016	0.144	-0.768
2.24318695068	0.016	0.144	-0.768
2.24627494812	0.268	0.124	-0.068
2.24936795235	0.124	-0.272	2.044
2.2524740696	0.124	-0.272	2.044
2.25556302071	-0.032	-0.384	0.128
2.25865387917	-0.032	-0.384	0.128
2.26174998283	-0.008	0.16	-0.936
2.26484203339	0.676	-0.304	2.044
2.2679309845	0.676	-0.304	2.044
2.27102589607	0.124	-0.216	1.168
2.27411603928	0.124	-0.216	1.168
2.27720594406	0.484	0.26	-1.396
2.28029704094	-0.388	-0.44	2.044
2.2833878994	-0.388	-0.44	2.044
2.28647899628	0.22	-0.328	2.044
2.28957509995	0.22	-0.328	2.044
2.29266500473	-0.236	0.084	-1.532
2.29575800896	-0.076	0.088	1.576
2.29884886742	-0.076	0.088	1.576
2.30194306374	0.128	-0.34	2.044
2.30503296852	0.128	-0.34	2.044
2.30812287331	0.348	0.524	-1.152
2.31121706963	0.1	-0.044	0.488
2.31430697441	0.1	-0.044	0.488
2.31739497185	0.04	-0.324	2.044
2.32048487663	-0.16	-0.28	-0.432
2.32357597351	-0.16	-0.28	-0.432
2.3266658783	-0.116	0.204	-0.492
2.32976198196	-0.116	0.204	-0.492
2.33285307884	0.412	-0.448	2.044
2.33594107628	0.192	-0.096	0.56
2.3390390873	0.192	-0.096	0.56
2.3421330452	0.4	0.18	-1.16
2.34522604942	0.4	0.18	-1.16
2.34831595421	-0.132	-0.54	2.044
2.35141205788	0.116	-0.212	1.64
2.35450100899	0.116	-0.212	1.64
2.35759091377	-0.084	0.268	-1.552
2.36068296432	-0.084	0.268	-1.552
2.3637740612	-0.092	0.136	2.044
2.36686205864	0.14	-0.344	2.044
2.3699529171	0.14	-0.344	2.044
2.37304401398	0.388	0.32	-1.388
2.37613296509	0.388	0.32	-1.388
2.3792219162	-0.084	-0.224	1.112
2.38231897354	0.132	-0.32	2.044
2.38540792465	0.132	-0.32	2.044
2.38852906227	-0.252	0.008	-0.884
2.39169001579	-0.144	0.04	0.036
2.39478302002	-0.144	0.04	0.036
2.3978729248	0.24	-0.404	2.044
2.40096402168	0.24	-0.404	2.044
2.40405392647	0.168	-0.124	-0.028
2.40714406967	0.264	0.088	-0.82
2.41023898125	0.264	0.088	-0.82
2.41332793236	0.04	-0.332	2.044
2.41641688347	0.04	-0.332	2.044
2.41951298714	0.168	-0.2	1.036
2.42260193825	-0.084	0.092	-1.404
2.42570209503	-0.084	0.092	-1.404
2.42879295349	0.052	0.032	2.044
2.43188095093	0.052	0.032	2.044
2.43496799469	0.08	-0.264	2.044
2.43805789948	0.236	0.136	-1.476
2.4411509037	0.236	0.136	-1.476
2.44424104691	-0.068	-0.24	1.7
2.44733095169	-0.068	-0.24	1.7
2.45042705536	0.276	-0.308	2.044
2.45351696014	-0.224	0.196	-1.236
2.45660686493	-0.224	0.196	-1.236
2.45969891548	-0.184	0.204	0.608
2.46278786659	-0.184	0.204	0.608
2.46587705612	0.084	-0.348	2.044
2.46896600723	0.108	-0.06	-0.56
2.47205686569	0.108	-0.06	-0.56
2.4751470089	0.136	0.116	-0.376
2.47823500633	0.088	-0.268	2.044
2.48132491112	0.088	-0.268	2.044
2.48441410065	0.14	-0.296	0.424
2.48750591278	0.14	-0.296	0.424
2.49060606956	-0.152	0.068	-1.144
2.49369597435	0.456	-0.128	2.044
2.49678587914	0.456	-0.128	2.044
2.49987602234	-0.036	-0.228	1.468
2.5029668808	-0.036	-0.228	1.468
2.506057024	0.176	0.304	-1.472
2.50914597511	-0.364	-0.42	2.044
2.51224994659	-0.364	-0.42	2.044
2.5153400898	0.176	-0.472	2.044
2.51842904091	0.176	-0.472	2.044
2.52151894569	-0.196	-0.008	-1.472
2.52461004257	-0.284	0.124	1.228
2.52769899368	-0.284	0.124	1.228
2.53079390526	0.04	-0.348	2.044
2.53388309479	0.04	-0.348	2.044
2.53697490692	0.156	0.344	-0.984
2.54007005692	0.164	0.08	0.196
2.54315805435	0.164	0.08	0.196
2.54624509811	-0.068	-0.376	2.044
2.5493350029	-0.068	-0.376	2.044
2.55243206024	-0.232	-0.28	-0.156
2.5555229187	-0.124	0.2	-0.724
2.55861401558	-0.124	0.2	-0.724
2.56170892715	0.484	-0.376	2.044
2.56479907036	0.484	-0.376	2.044
2.56788802147	0.284	-0.12	0.864
2.57097887993	0.38	0.26	-1.296
2.57406902313	0.38	0.26	-1.296
2.57715797424	-0.216	-0.536	2.044
2.58025598526	0.128	-0.32	1.956
2.58334898949	0.128	-0.32	1.956
2.58643889427	-0.232	0.212	-1.556
2.58953595161	-0.232	0.212	-1.556
2.59262609482	-0.24	0.18	1.856
2.5957159996	0.1	-0.28	2.044
2.59881496429	0.1	-0.28	2.044
2.60190987587	0.464	0.412	-1.264
2.60500097275	0.464	0.412	-1.264
2.60808897018	-0.044	-0.2	0.792
2.61118602753	-0.036	-0.312	2.044
2.61427593231	-0.036	-0.312	2.044
2.61736702919	-0.324	-0.028	-0.676
2.62046408653	-0.324	-0.028	-0.676
2.62355589867	-0.12	0.12	-0.24
2.62664699554	0.124	-0.376	2.044
2.62974190712	0.124	-0.376	2.044
2.63283395767	0.276	-0.128	0.276
2.63592290878	0.276	-0.128	0.276
2.63901209831	0.196	0.12	-1.012
2.64210295677	-0.168	-0.404	2.044
2.64519190788	-0.168	-0.404	2.044
2.64828205109	0.176	-0.184	1.36
2.65137791634	0.176	-0.184	1.36
2.65446805954	-0.124	0.152	-1.492
2.65755796432	-0.34	0.1	2.044
2.66065406799	-0.34	0.1	2.044
2.6637430191	0.06	-0.28	2.044
2.66683197021	0.148	0.136	-1.448
2.66992688179	0.148	0.136	-1.448
2.67301487923	-0.096	-0.204	1.408
2.6761059761	-0.096	-0.204	1.408
2.67919993401	0.236	-0.336	2.044
2.68229103088	-0.216	0.164	-1.072
2.68538999557	-0.216	0.164	-1.072
2.68848109245	-0.128	0.184	0.288
2.69161295891	-0.128	0.184	0.288
2.69470286369	0.052	-0.332	2.044
2.69779396057	0.168	-0.176	-0.292
2.70089101791	0.168	-0.176	-0.292
2.70398187637	0.068	0.12	-0.62
2.70710206032	0.068	0.12	-0.62
2.71019387245	0.124	-0.372	2.044
2.71328401566	0.172	-0.268	0.74
2.71637296677	0.172	-0.268	0.74
2.71946787834	-0.172	-0.064	-1.292
2.72255992889	-0.172	-0.064	-1.292
2.7256500721	-0.032	0.0	2.044
2.72873592377	0.068	-0.272	1.796
2.73183107376	0.068	-0.272	1.796
2.73492097855	-0.124	0.184	-1.512
2.7380130291	-0.112	-0.4	1.976
2.74110889435	-0.112	-0.4	1.976
2.74419999123	0.08	-0.416	2.044
2.74728894234	0.08	-0.416	2.044
2.75038409233	-0.132	0.136	-1.376
2.75347495079	-0.38	0.096	0.884
2.7565639019	-0.38	0.096	0.884
2.7596590519	-0.032	-0.34	2.044
2.76274991035	-0.032	-0.34	2.044
2.76584005356	0.08	0.184	-0.768
2.76892805099	0.124	0.152	-0.1
2.77202892303	0.124	0.152	-0.1
2.77512598038	-0.08	-0.452	2.044
2.7782189846	-0.08	-0.452	2.044
2.78131508827	-0.112	-0.324	0.132
2.78440594673	-0.092	0.188	-0.952
2.78749608994	-0.092	0.188	-0.952
2.79059290886	0.14	-0.24	2.044
2.79368305206	0.14	-0.24	2.044
2.79677295685	0.104	-0.192	1.18
2.79986310005	0.088	0.36	-1.408
2.80295109749	0.088	0.36	-1.408
2.80604100227	-0.28	-0.372	2.044
2.80912995338	-0.28	-0.372	2.044
2.81222605705	0.104	-0.416	2.044
2.81531691551	-0.232	0.048	-1.544
2.81840801239	-0.232	0.048	-1.544
2.82150506973	-0.46	0.228	1.496
2.82459807396	0.012	-0.288	2.044
2.82768702507	0.012	-0.288	2.044
2.83078098297	0.244	0.352	-1.124
2.83387088776	0.244	0.352	-1.124
2.83695888519	0.004	-0.06	0.464
2.84004807472	-0.248	-0.384	2.044
2.84313893318	-0.248	-0.384	2.044
2.84623003006	-0.416	-0.008	-0.444
2.84932088852	-0.416	-0.008	-0.444
2.85241889954	-0.208	0.192	-0.492
2.85550808907	-0.044	-0.388	2.044
2.85860896111	-0.044	-0.388	2.044
2.86170506477	0.276	-0.124	0.588
2.86479401588	0.276	-0.124	0.588
2.867882967	0.116	0.2	-1.18
2.87098193169	-0.068	-0.5	2.044
2.87406802177	-0.068	-0.5	2.044
2.87715506554	0.12	-0.244	1.68
2.88024497032	0.12	-0.244	1.68
2.88333487511	-0.22	0.168	-1.552
2.88642501831	-0.516	0.152	2.044
2.88952207565	-0.516	0.152	2.044
2.89261198044	-0.012	-0.3	2.044
2.89570307732	-0.012	-0.3	2.044
2.89879393578	0.104	0.136	-1.384
2.90189099312	-0.104	-0.18	1.076
2.90498590469	-0.104	-0.18	1.076
2.90807700157	-0.028	-0.376	2.044
2.91117405891	-0.264	0.22	-0.908
2.91426491737	-0.264	0.22	-0.908
2.91735506058	-0.164	0.116	0.004
2.92044687271	-0.164	0.116	0.004
2.92353606224	-0.004	-0.368	2.044
2.92662596703	0.2	-0.132	-0.012
2.92971587181	0.2	-0.132	-0.012
2.93280792236	0.028	0.164	-0.844
2.93589806557	0.028	0.164	-0.844
2.93898701668	-0.024	-0.392	2.044
2.94207906723	0.108	-0.256	1.068
2.94517803192	0.108	-0.256	1.068
2.94826698303	-0.156	0.008	-1.4
2.95135807991	-0.156	0.008	-1.4
2.95444893837	-0.376	-0.012	2.044
2.95753908157	-0.06	-0.244	2.044
2.96062994003	-0.06	-0.244	2.044
2.96372008324	-0.176	0.072	-1.48
2.96681499481	-0.176	0.072	-1.48
2.96990799904	0.008	-0.296	1.664
2.97299790382	0.092	-0.308	2.044
2.97608709335	0.092	-0.308	2.044
2.97917604446	-0.108	0.252	-1.252
2.98227190971	-0.108	0.252	-1.252
2.98536396027	-0.152	0.168	0.588
2.98845291138	-0.08	-0.352	2.044
2.99154996872	-0.08	-0.352	2.044
2.9946410656	0.0	-0.016	-0.548
2.99772286415	-0.064	0.144	-0.388
3.00081300735	-0.064	0.144	-0.388
3.00390291214	-0.028	-0.52	2.044
3.00699305534	-0.028	-0.52	2.044
3.01008892059	0.068	-0.26	0.452
3.0131778717	-0.176	0.096	-1.132
3.01627206802	-0.176	0.096	-1.132
3.01936292648	-0.28	-0.088	2.044
3.02245998383	-0.28	-0.088	2.044
3.02554893494	-0.048	-0.236	1.472
3.02863907814	-0.368	0.34	-1.504
3.03175401688	-0.368	0.34	-1.504
3.0348470211	-0.144	-0.352	2.044
3.03793787956	-0.144	-0.352	2.044
3.04102993011	-0.072	-0.496	2.044
3.04412007332	-0.128	0.036	-1.464
3.0472099781	-0.128	0.036	-1.464
3.05030703545	-0.52	0.16	1.172
3.05339598656	-0.52	0.16	1.172
3.05648493767	-0.12	-0.348	2.044
3.05958199501	0.132	0.176	-0.948
3.06268501282	0.132	0.176	-0.948
3.06580400467	0.032	0.092	0.156
3.06889295578	0.032	0.092	0.156
3.07198596001	-0.22	-0.564	2.044
3.07507801056	-0.296	-0.02	-0.168
3.07816886902	-0.296	-0.02	-0.168
3.08126187325	-0.224	0.172	-0.756
3.08435297012	-0.2	-0.368	2.044
3.08744287491	-0.2	-0.368	2.044
3.09053993225	0.244	-0.144	0.892
3.09363007545	0.244	-0.144	0.892
3.09671807289	0.012	0.336	-1.324
3.09981393814	-0.16	-0.356	2.044
3.10290503502	-0.16	-0.356	2.044
3.1059949398	0.052	-0.288	1.976
3.10908389091	0.052	-0.288	1.976
3.11217808723	-0.212	0.116	-1.556
3.11526203156	-0.504	0.156	1.796
3.11835193634	-0.504	0.156	1.796
3.1214389801	-0.052	-0.28	2.044
3.12453389168	-0.052	-0.28	2.044
3.12762498856	0.208	0.204	-1.272
3.13072109222	-0.084	-0.208	0.76
3.13381195068	-0.084	-0.208	0.76
3.13690304756	-0.188	-0.356	2.044
3.14000105858	-0.188	-0.356	2.044
3.14309287071	-0.368	0.248	-0.704
3.14618492126	-0.172	0.104	-0.272
3.14927506447	-0.172	0.104	-0.272
3.15237188339	-0.136	-0.368	2.044
3.1554620266	-0.136	-0.368	2.044
3.15855693817	0.236	-0.152	0.284
3.16165089607	-0.108	0.132	-1.036
3.1647439003	-0.108	0.132	-1.036
3.16783308983	0.004	-0.448	2.044
3.17092299461	0.116	-0.208	1.392
3.1740128994	0.116	-0.208	1.392
3.17710208893	-0.156	0.076	-1.5
3.18019008636	-0.156	0.076	-1.5
3.18327689171	-0.652	0.028	2.044
3.18636703491	-0.064	-0.288	2.044
3.18946290016	-0.064	-0.288	2.044
3.19255399704	-0.26	0.012	-1.464
3.19564390182	-0.26	0.012	-1.464
3.1987349987	-0.012	-0.164	1.34
3.20182609558	-0.092	-0.364	2.044
3.20492696762	-0.092	-0.364	2.044
3.20802092552	-0.18	0.244	-1.08
3.21111297607	-0.18	0.244	-1.08
3.21420407295	-0.1	0.156	0.296
3.21729302406	-0.14	-0.348	2.044
3.22039008141	-0.14	-0.348	2.044
3.22348093987	0.04	-0.2	-0.272
3.22657203674	0.04	-0.2	-0.272
3.22966694832	-0.096	0.18	-0.656
3.2327580452	0.104	-0.512	2.044
3.23584794998	0.104	-0.512	2.044
3.23893594742	0.088	-0.284	0.764
3.24203109741	0.088	-0.284	0.764
3.24512004852	-0.164	-0.06	-1.292
3.24821090698	-0.604	-0.084	2.044
3.25130796432	-0.604	-0.084	2.044
3.25440192223	-0.092	-0.248	1.808
3.2574930191	-0.488	0.16	-1.536
3.26059103012	-0.488	0.16	-1.536
3.26368188858	0.064	-0.432	1.948
3.26677203178	0.064	-0.432	1.948
3.26986694336	-0.096	-0.372	2.044
3.27295708656	0.0	0.2	-1.372
3.27603793144	0.0	0.2	-1.372
3.27911901474	-0.328	0.04	0.88
3.28220891953	-0.328	0.04	0.88
3.28529691696	-0.192	-0.4	2.044
3.28838801384	-0.072	0.1	-0.764
3.291492939	-0.072	0.1	-0.764
3.2945830822	-0.008	0.164	-0.14
3.29767298698	-0.008	0.164	-0.14
3.30076909065	-0.216	-0.648	2.044
3.30386304855	-0.172	-0.072	0.136
3.30695796013	-0.172	-0.072	0.136
3.31005501747	-0.196	0.176	-0.976
3.31314587593	-0.196	0.176	-0.976
3.31623697281	-0.36	-0.308	2.044
3.31932687759	0.076	-0.188	1.168
3.32243490219	0.076	-0.188	1.168
3.32552504539	-0.344	0.432	-1.452
3.32861590385	-0.344	0.432	-1.452
3.33171200752	-0.044	-0.216	2.044
3.33480405807	-0.052	-0.38	2.044
3.33789396286	-0.052	-0.38	2.044
3.3409910202	-0.148	0.064	-1.536
3.34408187866	-0.476	0.164	1.468
3.34717202187	-0.476	0.164	1.468
3.35026407242	-0.168	-0.332	2.044
3.35335493088	-0.168	-0.332	2.044
3.35644602776	0.032	0.084	-1.12
3.35953593254	-0.068	-0.092	0.428
3.36262607574	-0.068	-0.092	0.428
3.36571502686	-0.396	-0.488	2.044
3.36880493164	-0.396	-0.488	2.044
3.37189698219	-0.396	0.18	-0.448
3.37498688698	-0.144	0.136	-0.52
3.37808704376	-0.144	0.136	-0.52
3.3811841011	-0.264	-0.428	2.044
3.38427495956	-0.264	-0.428	2.044
3.38736605644	0.292	-0.24	0.624
3.39046192169	-0.164	0.212	-1.232
3.39355301857	-0.164	0.212	-1.232
3.39664387703	0.124	-0.392	2.044
3.39974188805	0.124	-0.392	2.044
3.40283203125	0.08	-0.224	1.696
3.40592288971	-0.232	0.116	-1.544
3.40901398659	-0.232	0.116	-1.544
3.41211009026	-0.572	0.032	2.044
3.41519999504	-0.572	0.032	2.044
3.41828989983	-0.132	-0.304	2.044
3.42138600349	-0.208	-0.056	-1.4
3.42447710037	-0.208	-0.056	-1.4
3.42756795883	-0.088	-0.116	1.044
3.43065905571	-0.204	-0.452	2.044
3.43374991417	-0.204	-0.452	2.044
3.43683886528	-0.196	0.34	-0.916
3.43993091583	-0.196	0.34	-0.916
3.44302201271	-0.136	0.148	-0.016
3.44611501694	-0.292	-0.4	2.044
3.4492058754	-0.292	-0.4	2.044
3.45230197906	0.044	-0.192	0.016
3.45539188385	0.044	-0.192	0.016
3.45848107338	-0.264	0.192	-0.88
3.46160697937	0.04	-0.448	2.044
3.46470689774	0.04	-0.448	2.044
3.46783590317	0.02	-0.304	1.068
3.47093296051	0.02	-0.304	1.068
3.4740228653	-0.172	-0.02	-1.404
3.47711396217	-0.66	-0.18	2.044
3.4802069664	-0.66	-0.18	2.044
3.48329806328	-0.156	-0.236	2.044
3.48638987541	-0.156	-0.236	2.044
3.48948788643	-0.496	0.028	-1.528
3.49257898331	0.096	-0.276	1.66
3.49567198753	0.096	-0.276	1.66
3.49876189232	-0.176	-0.288	2.044
3.50185990334	-0.176	-0.288	2.044
3.50495100021	-0.08	0.256	-1.24
3.50804209709	-0.096	0.02	0.572
3.51113200188	-0.096	0.02	0.572
3.51422190666	-0.18	-0.4	2.044
3.51731300354	-0.208	-0.12	-0.532
3.52040600777	-0.208	-0.12	-0.532
3.52349805832	-0.124	0.144	-0.424
3.52658700943	-0.124	0.144	-0.424
3.52968406677	-0.088	-0.62	2.044
3.53277397156	-0.056	-0.148	0.436
3.53586506844	-0.056	-0.148	0.436
3.5389559269	-0.16	0.136	-1.164
3.54205489159	-0.16	0.136	-1.164
3.54514694214	-0.544	-0.192	2.044
3.54823899269	-0.06	-0.256	1.508
3.5513548851	-0.06	-0.256	1.508
3.55444598198	-0.592	0.324	-1.536
3.55753707886	-0.592	0.324	-1.536
3.56063008308	0.048	-0.328	2.044
3.56371998787	-0.176	-0.428	2.044
3.56681108475	-0.176	-0.428	2.044
3.56990194321	-0.056	0.096	-1.468
3.57299304008	-0.056	0.096	-1.468
3.57608294487	-0.456	0.08	1.156
3.57917308807	-0.188	-0.36	2.044
3.582269907	-0.188	-0.36	2.044
3.5853600502	0.016	0.056	-0.936
3.58844900131	0.016	0.056	-0.936
3.591547966	-0.008	0.096	0.12
3.59463787079	-0.304	-0.64	2.044
3.59772896767	-0.304	-0.64	2.044
3.60081887245	-0.292	0.108	-0.172
3.60390996933	-0.2	0.148	-0.768
3.60699892044	-0.2	0.148	-0.768
3.61009502411	-0.344	-0.416	2.044
3.61318588257	-0.344	-0.416	2.044
3.61627697945	0.244	-0.196	0.904
3.61936497688	-0.184	0.356	-1.372
3.6224629879	-0.184	0.356	-1.372
3.62555193901	-0.004	-0.232	2.044
3.62864208221	-0.004	-0.232	2.044
3.63173699379	0.016	-0.28	1.98
3.63482809067	-0.208	0.108	-1.56
3.63793087006	-0.208	0.108	-1.56
3.64102387428	-0.536	0.064	1.76
3.64411401749	-0.536	0.064	1.76
3.6472029686	-0.112	-0.304	2.044
3.65030002594	-0.116	-0.024	-1.268
3.65339207649	-0.116	-0.024	-1.268
3.65648293495	-0.112	-0.16	0.732
3.65957999229	-0.112	-0.16	0.732
3.66266989708	-0.28	-0.452	2.044
3.66576004028	-0.328	0.324	-0.704
3.66885089874	-0.328	0.324	-0.704
3.67194700241	-0.152	0.08	-0.284
3.67503809929	-0.152	0.08	-0.284
3.67812800407	-0.372	-0.4	2.044
3.68122005463	0.14	-0.216	0.304
3.68430900574	0.14	-0.216	0.304
3.6873998642	-0.292	0.14	-1.072
3.69049787521	0.172	-0.436	2.044
3.69358801842	0.172	-0.436	2.044
3.69667601585	0.036	-0.236	1.404
3.69977092743	0.036	-0.236	1.404
3.70285987854	-0.164	0.04	-1.504
3.70595002174	-0.648	-0.12	2.044
3.7090408802	-0.648	-0.12	2.044
3.71213793755	-0.132	-0.284	2.044
3.71522903442	-0.132	-0.284	2.044
3.71831893921	-0.452	-0.064	-1.48
3.72141098976	0.04	-0.14	1.352
3.72451901436	0.04	-0.14	1.352
3.72760891914	-0.224	-0.364	2.044
3.73070597649	-0.224	-0.364	2.044
3.73379993439	-0.132	0.288	-1.092
3.73689103127	-0.088	0.108	0.276
3.73998594284	-0.088	0.108	0.276
3.74307489395	-0.216	-0.372	2.044
3.74616599083	-0.216	-0.372	2.044
3.74925589561	-0.096	-0.256	-0.268
3.75235295296	-0.156	0.192	-0.684
3.75544404984	-0.156	0.192	-0.684
3.75853395462	0.032	-0.48	2.044
3.76166796684	-0.028	-0.284	0.76
3.7647600174	-0.028	-0.284	0.76
3.76784896851	-0.156	-0.008	-1.316
3.77094197273	-0.156	-0.008	-1.316
3.77403306961	-0.6	-0.188	2.044
3.77712392807	-0.128	-0.248	1.8
3.78022003174	-0.128	-0.248	1.8
3.78331303596	-0.552	0.144	-1.556
3.78640294075	-0.552	0.144	-1.556
3.78949999809	0.116	-0.38	1.968
3.79258990288	-0.164	-0.316	2.044
3.79568099976	-0.164	-0.316	2.044
3.79877090454	0.012	0.232	-1.364
3.80186605453	0.012	0.232	-1.364
3.80495595932	-0.328	0.028	0.868
3.80804491043	-0.224	-0.38	2.044
3.81115198135	-0.224	-0.38	2.044
3.81424403191	-0.168	0.048	-0.768
3.81733393669	-0.168	0.048	-0.768
3.82043004036	-0.044	0.148	-0.14
3.82351994514	-0.212	-0.732	2.044
3.8266119957	-0.212	-0.732	2.044
3.82971096039	-0.16	-0.016	0.124
3.83280205727	-0.16	-0.016	0.124
3.83589291573	-0.188	0.18	-0.972
3.83898305893	-0.408	-0.344	2.044
3.8420779705	-0.408	-0.344	2.044
3.84517097473	0.08	-0.232	1.216
3.84825897217	-0.44	0.436	-1.492
3.85135698318	-0.44	0.436	-1.492
3.85444688797	-0.012	-0.132	2.044
3.85753798485	-0.012	-0.132	2.044
3.86063408852	-0.084	-0.364	2.044
3.86372494698	-0.152	0.072	-1.524
3.86681509018	-0.152	0.072	-1.524
3.86991000175	-0.388	0.088	1.46
3.87299895287	-0.388	0.088	1.46
3.87608909607	-0.172	-0.348	2.044
3.87918305397	-0.084	-0.052	-1.12
3.8822760582	-0.084	-0.052	-1.12
3.88536787033	-0.072	-0.088	0.428
3.88845801353	-0.072	-0.088	0.428
3.89155387878	-0.388	-0.56	2.044
3.89464497566	-0.328	0.22	-0.452
3.89774394035	-0.328	0.22	-0.452
3.90084409714	-0.144	0.12	-0.528
3.9039349556	-0.144	0.12	-0.528
3.90702605247	-0.408	-0.456	2.044
3.91012191772	0.244	-0.316	0.62
3.91321086884	0.244	-0.316	0.62
3.91630005836	-0.264	0.212	-1.24
3.91939091682	-0.264	0.212	-1.24
3.92252588272	0.192	-0.312	2.044
3.92562103271	0.076	-0.224	1.7
3.92871189117	0.076	-0.224	1.7
3.93180394173	-0.216	0.084	-1.54
3.9348950386	-0.384	-0.128	2.044
3.93798589706	-0.384	-0.128	2.044
3.94108390808	-0.128	-0.316	2.044
3.94417405128	-0.128	-0.316	2.044
3.94726395607	-0.304	-0.164	-1.404
3.95036101341	-0.084	-0.068	1.036
3.9534509182	-0.084	-0.068	1.036
3.95654201508	-0.232	-0.44	2.044
3.95963788033	-0.232	-0.44	2.044
3.9627289772	-0.116	0.36	-0.9
3.96581888199	-0.112	0.132	-0.016
3.96890997887	-0.112	0.132	-0.016
3.97200202942	-0.304	-0.42	2.044
3.97510099411	-0.304	-0.42	2.044
3.9781908989	-0.016	-0.252	0.028
3.98128795624	-0.308	0.2	-0.904
3.9843878746	-0.308	0.2	-0.904
3.98747992516	0.096	-0.444	2.044
3.99057006836	0.096	-0.444	2.044
3.99365997314	-0.072	-0.3	1.072
3.99674892426	-0.152	-0.004	-1.428
3.9998459816	-0.152	-0.004	-1.428
4.00293803215	-0.596	-0.252	2.044
4.00602793694	-0.596	-0.252	2.044
4.00911903381	-0.204	-0.264	2.044
4.01221394539	-0.544	0.02	-1.548
4.01530504227	-0.544	0.02	-1.548
4.01839590073	0.12	-0.256	1.656
4.02149391174	-0.228	-0.228	2.044
4.02458500862	-0.228	-0.228	2.044
4.02767586708	-0.032	0.292	-1.232
4.03077197075	-0.032	0.292	-1.232
4.03386306763	-0.056	0.0	0.592
4.03694486618	-0.18	-0.424	2.044
4.04003596306	-0.18	-0.424	2.044
4.04312801361	-0.24	-0.208	-0.52
4.0462179184	-0.24	-0.208	-0.52
4.0493080616	-0.104	0.132	-0.44
4.05240607262	-0.068	-0.624	2.044
4.0554959774	-0.068	-0.624	2.044
4.05858588219	-0.104	-0.104	0.472
4.06168007851	-0.104	-0.104	0.472
4.06477093697	-0.204	0.152	-1.16
4.06786203384	-0.588	-0.276	2.044
4.07097196579	-0.588	-0.276	2.044
4.07406401634	0.0	-0.3	1.528
4.07714605331	0.0	-0.3	1.528
4.08022689819	-0.592	0.336	-1.568
4.08331894875	0.116	-0.224	2.044
4.08640909195	0.116	-0.224	2.044
4.0895049572	-0.176	-0.408	2.044
4.09259700775	-0.176	-0.408	2.044
4.09568691254	0.028	0.164	-1.468
4.09877586365	-0.232	-0.052	1.164
4.10187196732	-0.232	-0.052	1.164
4.10496306419	-0.18	-0.388	2.044
4.10805392265	-0.128	-0.076	-0.948
4.11115193367	-0.128	-0.076	-0.948
4.11423587799	-0.024	0.04	0.104
4.11732196808	-0.024	0.04	0.104
4.12040805817	-0.196	-0.68	2.044
4.12350201607	-0.1	0.212	-0.16
4.12659287453	-0.1	0.212	-0.16
4.1296889782	-0.156	0.12	-0.764
4.13277792931	-0.156	0.12	-0.764
4.13586688042	-0.464	-0.492	2.044
4.13895702362	0.2	-0.368	0.932
4.14204907417	0.2	-0.368	0.932
4.14513802528	-0.284	0.364	-1.396
4.14822793007	-0.284	0.364	-1.396
4.15132403374	0.072	-0.036	2.044
4.15441298485	-0.052	-0.26	1.972
4.15751194954	-0.052	-0.26	1.972
4.16060209274	-0.132	0.068	-1.544
4.16369104385	-0.132	0.068	-1.544
4.16678500175	-0.22	-0.156	1.744
4.16987490654	-0.104	-0.376	2.044
4.17296600342	-0.104	-0.376	2.044
4.17605400085	-0.376	-0.228	-1.284
4.17914509773	-0.376	-0.228	-1.284
4.18223786354	-0.076	-0.116	0.708
4.18533086777	-0.12	-0.492	2.044
4.18842101097	-0.12	-0.492	2.044
4.19151592255	-0.144	0.372	-0.692
4.19460606575	-0.048	0.048	-0.292
4.19769501686	-0.048	0.048	-0.292
4.20078492165	-0.36	-0.472	2.044
4.20387506485	-0.36	-0.472	2.044
4.20696401596	0.064	-0.332	0.328
4.21005702019	-0.344	0.116	-1.104
4.21315002441	-0.344	0.116	-1.104
4.21624088287	0.32	-0.38	2.044
4.21932888031	0.32	-0.38	2.044
4.22242307663	-0.072	-0.248	1.408
4.22551202774	-0.152	0.036	-1.508
4.22860097885	-0.152	0.036	-1.508
4.23169493675	-0.348	-0.232	2.044
4.23478507996	-0.348	-0.232	2.044
4.23787403107	-0.116	-0.288	2.044
4.24096393585	-0.5	-0.136	-1.5
4.2440559864	-0.5	-0.136	-1.5
4.24713802338	0.088	-0.12	1.348
4.25023198128	0.088	-0.12	1.348
4.25332093239	-0.248	-0.308	2.044
4.2564098835	-0.004	0.296	-1.064
4.25950598717	-0.004	0.296	-1.064
4.26259708405	-0.044	0.032	0.268
4.26568603516	-0.044	0.032	0.268
4.26877403259	-0.144	-0.428	2.044
4.27186894417	-0.18	-0.32	-0.256
4.27496004105	-0.18	-0.32	-0.256
4.27804994583	-0.124	0.16	-0.692
4.28114008904	0.056	-0.388	2.044
4.28422904015	0.056	-0.388	2.044
4.28731703758	-0.12	-0.252	0.76
4.29041409492	-0.12	-0.252	0.76
4.29350209236	-0.16	0.108	-1.328
4.29659199715	-0.348	-0.364	2.044
4.29968905449	-0.348	-0.364	2.044
4.3027780056	-0.176	-0.264	1.816
4.30586695671	-0.176	-0.264	1.816
4.30895900726	-0.424	0.172	-1.584
4.31205487251	0.024	-0.224	1.924
4.31514406204	0.024	-0.224	1.924
4.31823301315	-0.172	-0.228	2.044
4.32132387161	-0.172	-0.228	2.044
4.32441306114	0.116	0.268	-1.34
4.32750105858	-0.012	-0.08	0.884
4.33060598373	-0.012	-0.08	0.884
4.33369588852	-0.028	-0.496	2.044
4.33678603172	-0.028	-0.496	2.044
4.3398809433	-0.228	-0.176	-0.732
4.34297204018	0.016	0.08	-0.188
4.34605789185	0.016	0.08	-0.188
4.34914708138	0.008	-0.7	2.044
4.3522400856	0.008	-0.7	2.044
4.35532903671	-0.028	0.196	0.156
4.3584189415	-0.14	0.156	-0.996
4.36151003838	-0.14	0.156	-0.996
4.36459898949	-0.276	-0.468	2.044
4.36768889427	-0.276	-0.468	2.044
4.37077999115	0.1	-0.428	1.244
4.37386798859	-0.38	0.332	-1.512
4.37695908546	-0.38	0.332	-1.512
4.38005590439	0.1	-0.064	2.044
4.38314509392	-0.12	-0.348	2.044
4.3862349987	-0.12	-0.348	2.044
4.38932394981	-0.036	0.156	-1.504
4.39241790771	-0.036	0.156	-1.504
4.39550805092	0.128	-0.176	1.48
4.39859604836	0.0	-0.44	2.044
4.40168190002	0.0	-0.44	2.044
4.40476703644	-0.3	-0.312	-1.108
4.4078578949	-0.3	-0.312	-1.108
4.41095495224	-0.044	-0.084	0.396
4.41404294968	0.084	-0.564	2.044
4.41714000702	0.084	-0.564	2.044
4.42023491859	-0.02	0.264	-0.388
4.42332601547	-0.02	0.264	-0.388
4.42641592026	0.092	0.076	-0.572
4.42950487137	-0.128	-0.528	2.044
4.43264007568	-0.128	-0.528	2.044
4.43573307991	0.24	-0.532	0.664
4.43882203102	0.24	-0.532	0.664
4.44191503525	-0.14	0.184	-1.28
4.44500494003	0.224	-0.136	2.044
4.44809293747	0.224	-0.136	2.044
4.4513130188	-0.04	-0.184	1.7
4.45441889763	-0.196	0.088	-1.536
4.45750594139	-0.196	0.088	-1.536
4.46059203148	0.16	-0.328	2.044
4.46367788315	0.16	-0.328	2.044
4.46676206589	-0.004	-0.34	2.044
4.46985006332	-0.388	-0.308	-1.384
4.4729449749	-0.388	-0.308	-1.384
4.47603702545	-0.008	-0.06	0.988
4.47912788391	-0.008	-0.06	0.988
4.48221898079	0.092	-0.316	2.044
4.4853079319	-0.008	0.212	-0.856
4.4883980751	-0.008	0.212	-0.856
4.49149489403	0.044	0.08	-0.036
4.49458408356	0.044	0.08	-0.036
4.49767208099	0.024	-0.516	2.044
4.50077199936	-0.008	-0.34	0.052
4.50387597084	-0.008	-0.34	0.052
4.50696706772	-0.152	0.128	-0.924
4.51005887985	-0.152	0.128	-0.924
4.51314902306	0.116	-0.308	2.044
4.51623892784	-0.18	-0.304	1.1
4.51932907104	-0.18	-0.304	1.1
4.52242708206	-0.124	0.128	-1.444
4.52551794052	-0.124	0.128	-1.444
4.5286090374	0.028	-0.424	2.044
4.53170895576	-0.104	-0.288	2.044
4.53480386734	-0.104	-0.288	2.044
4.53789496422	-0.208	0.096	-1.536
4.54098701477	-0.064	-0.184	1.596
4.54407787323	-0.064	-0.184	1.596
4.54716897011	-0.072	-0.236	2.044
4.55026507378	-0.072	-0.236	2.044
4.55335593224	0.18	0.236	-1.2
4.55644607544	0.04	-0.072	0.56
4.55953598022	0.04	-0.072	0.56
4.56262397766	0.244	-0.552	2.044
4.56571292877	0.244	-0.552	2.044
4.56880187988	-0.128	-0.296	-0.488
4.5718960762	0.128	0.032	-0.452
4.57498908043	0.128	0.032	-0.452
4.57807803154	0.168	-0.416	2.044
4.58117294312	0.168	-0.416	2.044
4.58426308632	-0.112	-0.056	0.492
4.58735394478	-0.032	0.224	-1.196
4.59046387672	-0.032	0.224	-1.196
4.59355592728	0.22	-0.496	2.044
4.59664988518	0.22	-0.496	2.044
4.59974598885	0.056	-0.36	1.56
4.60283589363	-0.124	0.248	-1.544
4.60592603683	-0.124	0.248	-1.544
4.60901594162	-0.024	-0.104	2.044
4.61211299896	-0.024	-0.104	2.044
4.61520290375	-0.02	-0.336	2.044
4.61829400063	0.072	0.248	-1.436
4.6213889122	0.072	0.248	-1.436
4.62447690964	0.316	-0.232	1.184
4.62756705284	0.196	-0.492	2.044
4.63066196442	0.196	-0.492	2.044
4.6337518692	-0.044	-0.2	-0.9
4.63684296608	-0.044	-0.2	-0.9
4.63994002342	0.048	-0.068	0.1
4.64302897453	0.376	-0.556	2.044
4.64612293243	0.376	-0.556	2.044
4.64921307564	0.128	0.22	-0.084
4.65230798721	0.128	0.22	-0.084
4.655397892	0.116	0.168	-0.8
4.65848708153	0.06	-0.452	2.044
4.66166496277	0.06	-0.452	2.044
4.66478991508	0.084	-0.54	0.98
4.66788887978	0.084	-0.54	0.98
4.67098808289	-0.052	0.164	-1.408
4.67408204079	-0.036	-0.012	2.044
4.67718696594	-0.036	-0.012	2.044
4.68029403687	-0.076	-0.224	1.996
4.68338704109	-0.076	-0.224	1.996
4.68647909164	-0.092	0.128	-1.548
4.68957805634	0.332	-0.324	1.776
4.69267392159	0.332	-0.324	1.776
4.69576406479	0.128	-0.404	2.044
4.69885706902	-0.432	-0.348	-1.272
4.70195698738	-0.432	-0.348	-1.272
4.70504999161	-0.036	-0.056	0.688
4.70814108849	-0.036	-0.056	0.688
4.71123790741	0.44	-0.396	2.044
4.71434497833	0.044	0.1	-0.608
4.71743607521	0.044	0.1	-0.608
4.72052598	0.172	-0.012	-0.308
4.72361898422	0.172	-0.012	-0.308
4.7267100811	0.18	-0.512	2.044
4.72980690002	0.068	-0.324	0.376
4.73289895058	0.068	-0.324	0.376
4.73598909378	0.056	0.052	-1.096
4.73907995224	0.056	0.052	-1.096
4.74217987061	0.196	-0.208	2.044
4.74527192116	-0.076	-0.24	1.436
4.74836492538	-0.076	-0.24	1.436
4.75146198273	-0.068	0.152	-1.512
4.75455498695	-0.068	0.152	-1.512
4.75764608383	0.464	-0.376	2.044
4.76074004173	0.076	-0.252	2.044
4.76383399963	0.076	-0.252	2.044
4.76691794395	-0.096	-0.044	-1.48
4.77000904083	-0.096	-0.044	-1.48
4.77310395241	0.008	-0.14	1.288
4.77619600296	0.156	-0.292	2.044
4.77928805351	0.156	-0.292	2.044
4.78238487244	0.18	0.168	-1.004
4.78547501564	0.052	-0.032	0.248
4.78856992722	0.052	-0.032	0.248
4.79166698456	0.46	-0.492	2.044
4.79475903511	0.46	-0.492	2.044
4.7978489399	-0.064	-0.22	-0.216
4.80094194412	0.096	0.052	-0.692
4.804033041	0.096	0.052	-0.692
4.80712294579	0.052	-0.236	2.044
4.81023788452	0.052	-0.236	2.044
4.81332993507	-0.18	-0.252	0.804
4.81642103195	-0.032	0.212	-1.344
4.81951999664	-0.032	0.212	-1.344
4.82261300087	0.524	-0.476	2.044
4.8257060051	0.524	-0.476	2.044
4.828799963	-0.068	-0.248	1.872
4.8318939209	0.188	0.272	-1.532
4.83498692513	0.188	0.272	-1.532
4.83808088303	-0.236	-0.1	1.856
4.84117507935	-0.236	-0.1	1.856
4.8442709446	0.092	-0.316	2.044
4.84736204147	0.116	0.152	-1.312
4.85047101974	0.116	0.152	-1.312
4.8535618782	0.244	-0.064	0.86
4.85665202141	0.452	-0.564	2.044
4.85974788666	0.452	-0.564	2.044
4.86283802986	0.112	-0.168	-0.7
4.86592888832	0.112	-0.168	-0.7
4.86902093887	0.088	-0.028	-0.168
4.87211799622	0.368	-0.46	2.044
4.87521004677	0.368	-0.46	2.044
4.87829995155	0.048	0.152	0.216
4.88138794899	0.048	0.152	0.216
4.88448095322	0.1	0.22	-1.016
4.88756990433	0.312	-0.364	2.044
4.89066886902	0.312	-0.364	2.044
4.89375901222	0.008	-0.42	1.3
4.89684796333	0.008	-0.42	1.3
4.8999478817	0.024	0.032	-1.468
4.9030380249	-0.112	-0.172	2.044
4.90613007545	-0.112	-0.172	2.044
4.90922307968	-0.02	-0.288	2.044
4.9123210907	-0.02	-0.288	2.044
4.91541409492	-0.02	0.212	-1.508
4.91850495338	0.38	-0.236	1.484
4.92167496681	0.38	-0.236	1.484
4.92476892471	0.28	-0.412	2.044
4.92786002159	0.28	-0.412	2.044
4.93095302582	0.04	-0.248	-1.1
4.93404889107	0.012	-0.068	0.364
4.9371509552	0.012	-0.068	0.364
4.94024801254	0.604	-0.456	2.044
4.9433400631	0.096	0.044	-0.332
4.94643187523	0.096	0.044	-0.332
4.9495279789	0.22	0.088	-0.564
4.95261788368	0.22	0.088	-0.564
4.95570898056	0.328	-0.424	2.044
4.95879888535	-0.004	-0.332	0.676
4.96189308167	-0.004	-0.332	0.676
4.96497702599	0.152	0.092	-1.252
4.96807909012	0.152	0.092	-1.252
4.97117209435	-0.144	-0.064	2.044
4.97426605225	-0.04	-0.124	1.752
4.97735905647	-0.04	-0.124	1.752
4.98045897484	-0.024	0.168	-1.556
4.98355388641	-0.024	0.168	-1.556
4.98664999008	0.576	-0.396	2.044
4.98974299431	0.212	-0.308	2.044
4.99283409119	0.212	-0.308	2.044
4.99592590332	-0.08	-0.164	-1.384
4.99901795387	-0.08	-0.164	-1.384
