Timestamp 	 X-Axis 	 Y-Axis 	 Z-Axis
0.000308990478516	0.124	-0.232	1.692
0.00292706489563	0.144	-0.324	2.044
0.0053391456604	0.144	-0.324	2.044
0.00774002075195	-0.344	0.204	-1.252
0.0101420879364	-0.344	0.204	-1.252
0.01256108284	-0.176	0.16	0.604
0.0149641036987	-0.176	0.16	0.604
0.0173630714417	0.124	-0.348	2.044
0.0197610855103	0.124	-0.348	2.044
0.0221710205078	0.124	-0.348	2.044
0.0245721340179	0.048	0.004	-0.552
0.0269711017609	0.048	0.004	-0.552
0.0293691158295	-0.052	0.148	-0.368
0.031769990921	-0.052	0.148	-0.368
0.034187078476	0.168	-0.56	2.044
0.0365879535675	0.168	-0.56	2.044
0.0389859676361	0.14	-0.3	0.432
0.0413920879364	0.14	-0.3	0.432
0.0437910556793	-0.124	0.024	-1.132
0.0461921691895	-0.124	0.024	-1.132
0.0485911369324	0.26	-0.116	2.044
0.050989151001	0.26	-0.116	2.044
0.0533921718597	0.064	-0.236	1.468
0.055801153183	0.064	-0.236	1.468
0.0582070350647	-0.248	0.324	-1.496
0.0606160163879	-0.248	0.324	-1.496
0.0630350112915	-0.248	0.324	-1.496
0.0654430389404	-0.116	-0.292	2.044
0.0678629875183	-0.116	-0.292	2.044
0.0702741146088	0.064	-0.532	2.044
0.072685956955	0.064	-0.532	2.044
0.0750930309296	-0.404	0.008	-1.48
0.0774991512299	-0.404	0.008	-1.48
0.0799059867859	-0.336	0.116	1.22
0.0823121070862	-0.336	0.116	1.22
0.0847179889679	0.068	-0.356	2.044
0.0871300697327	0.068	-0.356	2.044
0.0895359516144	0.212	0.26	-0.952
0.091940164566	0.212	0.26	-0.952
0.094377040863	0.036	0.104	0.176
0.0967810153961	0.036	0.104	0.176
0.0991830825806	-0.024	-0.612	2.044
0.101592063904	-0.024	-0.612	2.044
0.104000091553	-0.212	-0.272	-0.168
0.106409072876	-0.212	-0.272	-0.168
0.10883307457	-0.212	-0.272	-0.168
0.111241102219	-0.12	0.18	-0.732
0.113667964935	-0.12	0.18	-0.732
0.11607503891	0.412	-0.4	2.044
0.118482112885	0.412	-0.4	2.044
0.120887994766	0.392	-0.116	0.88
0.123294115067	0.392	-0.116	0.88
0.125699043274	0.052	0.312	-1.328
0.128105163574	0.052	0.312	-1.328
0.130510091782	-0.004	-0.316	2.044
0.132923126221	-0.004	-0.316	2.044
0.135339021683	0.136	-0.324	1.948
0.137746095657	0.136	-0.324	1.948
0.140151023865	-0.396	0.192	-1.564
0.14256811142	-0.396	0.192	-1.564
0.144987106323	-0.304	0.168	1.844
0.147392988205	-0.304	0.168	1.844
0.149799108505	0.112	-0.296	2.044
0.152204990387	0.112	-0.296	2.044
0.154618024826	0.112	-0.296	2.044
0.157024145126	0.228	0.212	-1.276
0.159429073334	0.228	0.212	-1.276
0.161834955215	-0.104	-0.128	0.776
0.16424202919	-0.104	-0.128	0.776
0.166649103165	-0.116	-0.408	2.044
0.169056177139	-0.116	-0.408	2.044
0.171462059021	-0.356	-0.08	-0.668
0.173876047134	-0.356	-0.08	-0.668
0.176296949387	-0.12	0.116	-0.256
0.178703069687	-0.12	0.116	-0.256
0.181108951569	0.108	-0.372	2.044
0.183519124985	0.108	-0.372	2.044
0.185925960541	0.308	-0.168	0.288
0.188330173492	0.308	-0.168	0.288
0.1907351017	-0.144	0.132	-1.024
0.193149089813	-0.144	0.132	-1.024
0.195556163788	0.224	-0.392	2.044
0.19796204567	0.224	-0.392	2.044
0.200366973877	0.224	-0.392	2.044
0.202782154083	0.196	-0.224	1.368
0.205193042755	0.196	-0.224	1.368
0.207597970963	-0.212	0.156	-1.492
0.210005044937	-0.212	0.156	-1.492
0.212409973145	-0.444	0.08	2.044
0.214833974838	-0.444	0.08	2.044
0.217241048813	0.048	-0.264	2.044
0.219655990601	0.048	-0.264	2.044
0.222062110901	-0.172	-0.016	-1.464
0.22447514534	-0.172	-0.016	-1.464
0.226884126663	0.012	-0.112	1.384
0.229289054871	0.012	-0.112	1.384
0.231693983078	0.016	-0.36	2.044
0.234106063843	0.016	-0.36	2.044
0.236511945724	-0.432	0.092	-1.088
0.238919019699	-0.432	0.092	-1.088
0.241327047348	-0.432	0.092	-1.088
0.243740081787	-0.156	0.136	0.288
0.246145963669	-0.156	0.136	0.288
0.24855017662	0.072	-0.328	2.044
0.250956058502	0.072	-0.328	2.044
0.253366947174	0.056	-0.184	-0.276
0.255774021149	0.056	-0.184	-0.276
0.258187055588	-0.108	0.18	-0.636
0.260594129562	-0.108	0.18	-0.636
0.263007164001	0.304	-0.52	2.044
0.265413045883	0.304	-0.52	2.044
0.267819166183	0.2	-0.312	0.736
0.270233154297	0.2	-0.312	0.736
0.272639036179	-0.168	-0.116	-1.28
0.275053024292	-0.168	-0.116	-1.28
0.277459144592	-0.152	-0.012	2.044
0.279865026474	-0.152	-0.012	2.044
0.282272100449	0.032	-0.26	1.792
0.28468298912	0.032	-0.26	1.792
0.287089109421	0.032	-0.26	1.792
0.289494037628	-0.392	0.148	-1.528
0.291902065277	-0.392	0.148	-1.528
0.294393062592	0.028	-0.312	1.988
0.296805143356	0.028	-0.312	1.988
0.299211978912	0.048	-0.376	2.044
0.301618099213	0.048	-0.376	2.044
0.304026126862	-0.268	0.132	-1.372
0.306437969208	-0.268	0.132	-1.372
0.308844089508	-0.42	0.08	0.896
0.311249017715	-0.42	0.08	0.896
0.313662052155	0.0	-0.344	2.044
0.316061019897	0.0	-0.344	2.044
0.318459033966	-0.032	0.192	-0.776
0.320865154266	-0.032	0.192	-0.776
0.32327914238	-0.016	0.172	-0.128
0.325685024261	-0.016	0.172	-0.128
0.328089952469	0.048	-0.688	2.044
0.330496072769	0.048	-0.688	2.044
0.332911014557	0.048	-0.688	2.044
0.335317134857	-0.028	-0.268	0.132
0.337733030319	-0.028	-0.268	0.132
0.34013915062	-0.148	0.14	-0.972
0.342545986176	-0.148	0.14	-0.972
0.344954967499	0.16	-0.264	2.044
0.347361087799	0.16	-0.264	2.044
0.349766016006	0.16	-0.188	1.196
0.352172136307	0.16	-0.188	1.196
0.354583024979	-0.292	0.392	-1.456
0.356991052628	-0.292	0.392	-1.456
0.359400987625	-0.152	-0.068	2.044
0.3618080616	-0.152	-0.068	2.044
0.364216089249	0.064	-0.436	2.044
0.366623163223	0.064	-0.436	2.044
0.369042158127	-0.364	0.048	-1.552
0.371453046799	-0.364	0.048	-1.552
0.373860120773	-0.596	0.216	1.516
0.376266002655	-0.596	0.216	1.516
0.378671169281	-0.596	0.216	1.516
0.381076097488	0.024	-0.32	2.044
0.38348197937	0.024	-0.32	2.044
0.385887145996	0.092	0.088	-1.112
0.388291120529	0.092	0.088	-1.112
0.390695095062	-0.08	-0.048	0.44
0.393105983734	-0.08	-0.048	0.44
0.395512104034	-0.22	-0.496	2.044
0.397917032242	-0.22	-0.496	2.044
0.400323152542	-0.344	-0.088	-0.444
0.402729988098	-0.344	-0.088	-0.444
0.405153036118	-0.204	0.14	-0.532
0.407562971115	-0.204	0.14	-0.532
0.409969091415	-0.092	-0.408	2.044
0.412374973297	-0.092	-0.408	2.044
0.414786100388	0.332	-0.248	0.604
0.417190074921	0.332	-0.248	0.604
0.419597148895	-0.172	0.192	-1.212
0.422002077103	-0.172	0.192	-1.212
0.424412965775	-0.172	0.192	-1.212
0.426820039749	0.16	-0.24	2.044
0.429224967957	0.16	-0.24	2.044
0.43162894249	0.152	-0.236	1.676
0.43404006958	0.152	-0.236	1.676
0.436445951462	-0.372	0.14	-1.556
0.438851118088	-0.372	0.14	-1.556
0.441256999969	-0.628	0.116	2.044
0.44367313385	-0.628	0.116	2.044
0.446079015732	-0.02	-0.308	2.044
0.448485136032	-0.02	-0.308	2.044
0.45089006424	-0.156	-0.056	-1.388
0.453304052353	-0.156	-0.056	-1.388
0.455711126328	-0.124	-0.052	1.064
0.458116054535	-0.124	-0.052	1.064
0.460522174835	-0.064	-0.404	2.044
0.462934970856	-0.064	-0.404	2.044
0.46534204483	-0.064	-0.404	2.044
0.467749118805	-0.276	0.168	-0.928
0.470154047012	-0.276	0.168	-0.928
0.4725689888	-0.22	0.088	-0.004
0.474980115891	-0.22	0.088	-0.004
0.477385997772	-0.12	-0.344	2.044
0.479792118073	-0.12	-0.344	2.044
0.482201099396	0.088	-0.228	0.0
0.484600067139	0.088	-0.228	0.0
0.487004041672	-0.216	0.204	-0.884
0.489411115646	-0.216	0.204	-0.884
0.491816997528	0.156	-0.404	2.044
0.494228124619	0.156	-0.404	2.044
0.4966340065	0.096	-0.3	1.076
0.499039173126	0.096	-0.3	1.076
0.501445055008	-0.216	-0.052	-1.416
0.503854036331	-0.216	-0.052	-1.416
0.506261110306	-0.456	-0.044	2.044
0.508667945862	-0.456	-0.044	2.044
0.511074066162	-0.456	-0.044	2.044
0.513488054276	-0.056	-0.26	2.044
0.515894174576	-0.056	-0.26	2.044
0.518311023712	-0.436	0.02	-1.524
0.520719051361	-0.436	0.02	-1.524
0.5231320858	0.06	-0.156	1.676
0.525537967682	0.06	-0.156	1.676
0.527941942215	-0.024	-0.256	2.044
0.53034901619	-0.024	-0.256	2.044
0.532753944397	-0.232	0.212	-1.26
0.535166025162	-0.232	0.212	-1.26
0.537572145462	-0.276	0.108	0.588
0.539986133575	-0.276	0.108	0.588
0.542391061783	-0.096	-0.368	2.044
0.544803142548	-0.096	-0.368	2.044
0.547209978104	-0.164	-0.1	-0.552
0.549616098404	-0.164	-0.1	-0.552
0.552021980286	-0.116	0.136	-0.42
0.554432153702	-0.116	0.136	-0.42
0.556843042374	-0.116	0.136	-0.42
0.559249162674	0.02	-0.664	2.044
0.561655044556	0.02	-0.664	2.044
0.564063072205	0.064	-0.2	0.44
0.566468954086	0.064	-0.2	0.44
0.568873167038	-0.216	0.052	-1.156
0.571280002594	-0.216	0.052	-1.156
0.573693037033	-0.436	-0.16	2.044
0.576099157333	-0.436	-0.16	2.044
0.578505992889	0.032	-0.26	1.512
0.580909967422	0.032	-0.26	1.512
0.583321094513	-0.536	0.336	-1.544
0.585729122162	-0.536	0.336	-1.544
0.588135004044	-0.104	-0.164	2.044
0.59054017067	-0.104	-0.164	2.044
0.592961072922	-0.104	-0.432	2.044
0.595369100571	-0.104	-0.432	2.044
0.597774982452	-0.104	-0.432	2.044
0.600180149078	-0.192	0.06	-1.468
0.602586984634	-0.192	0.06	-1.468
0.604998111725	-0.56	0.1	1.168
0.607413053513	-0.56	0.1	1.168
0.60981798172	-0.148	-0.348	2.044
0.612226009369	-0.148	-0.348	2.044
0.614638090134	-0.036	0.044	-0.948
0.617043972015	-0.036	0.044	-0.948
0.619450092316	-0.02	0.068	0.14
0.621854066849	-0.02	0.068	0.14
0.624258995056	-0.224	-0.672	2.044
0.626665115356	-0.224	-0.672	2.044
0.629070043564	-0.14	-0.036	-0.16
0.631479978561	-0.14	-0.036	-0.16
0.633893966675	-0.24	0.12	-0.772
0.636299133301	-0.24	0.12	-0.772
0.638705015182	-0.352	-0.44	2.044
0.641111135483	-0.352	-0.44	2.044
0.643522977829	-0.352	-0.44	2.044
0.645929098129	0.244	-0.3	0.916
0.648333072662	0.244	-0.3	0.916
0.65075302124	-0.224	0.332	-1.388
0.653167009354	-0.224	0.332	-1.388
0.655573129654	-0.112	0.068	2.044
0.657979011536	-0.112	0.068	2.044
0.660385131836	0.044	-0.248	1.972
0.662789106369	0.044	-0.248	1.972
0.665200948715	-0.28	0.104	-1.58
0.667615175247	-0.28	0.104	-1.58
0.670020103455	-0.612	0.088	1.776
0.672425031662	-0.612	0.088	1.776
0.67484498024	-0.12	-0.34	2.044
0.677252054214	-0.12	-0.34	2.044
0.679658174515	-0.308	-0.132	-1.276
0.682065963745	-0.308	-0.132	-1.276
0.684478998184	-0.124	-0.068	0.728
0.686885118484	-0.124	-0.068	0.728
0.689291954041	-0.124	-0.068	0.728
0.691698074341	-0.192	-0.444	2.044
0.694110155106	-0.192	-0.444	2.044
0.696516036987	-0.184	0.216	-0.696
0.698923110962	-0.184	0.216	-0.696
0.701328992844	-0.144	0.048	-0.288
0.703736066818	-0.144	0.048	-0.288
0.706145048141	-0.348	-0.396	2.044
0.708551168442	-0.348	-0.396	2.044
0.710958003998	0.156	-0.328	0.316
0.713369131088	0.156	-0.328	0.316
0.715774059296	-0.332	0.116	-1.072
0.718180179596	-0.332	0.116	-1.072
0.720586061478	0.108	-0.296	2.044
0.722998142242	0.108	-0.296	2.044
0.725404024124	0.056	-0.224	1.392
0.727807998657	0.056	-0.224	1.392
0.730213165283	0.056	-0.224	1.392
0.732618093491	-0.236	0.032	-1.508
0.735028982162	-0.236	0.032	-1.508
0.737436056137	-0.728	-0.048	2.044
0.739843130112	-0.728	-0.048	2.044
0.742267131805	-0.136	-0.28	2.044
0.744678974152	-0.136	-0.28	2.044
0.747097969055	-0.44	-0.072	-1.492
0.749505996704	-0.44	-0.072	-1.492
0.751913070679	0.0	-0.076	1.34
0.754390954971	0.0	-0.076	1.34
0.756792068481	-0.148	-0.296	2.044
0.759199142456	-0.148	-0.296	2.044
0.761605978012	-0.144	0.192	-1.092
0.764014005661	-0.144	0.192	-1.092
0.76642203331	-0.16	0.08	0.272
0.768826007843	-0.16	0.08	0.272
0.771229982376	-0.216	-0.356	2.044
0.773643016815	-0.216	-0.356	2.044
0.776049137115	-0.216	-0.356	2.044
0.778455018997	-0.136	-0.292	-0.272
0.780866146088	-0.136	-0.292	-0.272
0.783277988434	-0.144	0.172	-0.684
0.785684108734	-0.144	0.172	-0.684
0.788089990616	-0.032	-0.464	2.044
0.790496110916	-0.032	-0.464	2.044
0.792907953262	0.02	-0.284	0.78
0.795313119888	0.02	-0.284	0.78
0.797717094421	-0.208	-0.06	-1.316
0.800122976303	-0.208	-0.06	-1.316
0.802530050278	-0.692	-0.184	2.044
0.804941177368	-0.692	-0.184	2.044
0.807348012924	-0.152	-0.252	1.824
0.809764146805	-0.152	-0.252	1.824
0.812170028687	-0.44	0.156	-1.564
0.814577102661	-0.44	0.156	-1.564
0.816987037659	-0.124	-0.192	1.932
0.819393157959	-0.124	-0.192	1.932
0.821799039841	-0.124	-0.192	1.932
0.824206113815	-0.144	-0.236	2.044
0.826611042023	-0.144	-0.236	2.044
0.829017162323	0.096	0.22	-1.372
0.83142209053	0.096	0.22	-1.372
0.833832979202	-0.352	-0.004	0.86
0.836239099503	-0.352	-0.004	0.86
0.838646173477	-0.224	-0.404	2.044
0.841051101685	-0.224	-0.404	2.044
0.843464136124	-0.216	-0.06	-0.772
0.84587097168	-0.216	-0.06	-0.772
0.848278045654	0.012	0.096	-0.168
0.850682020187	0.012	0.096	-0.168
0.853093147278	-0.224	-0.728	2.044
0.855528116226	-0.224	-0.728	2.044
0.857934951782	-0.004	0.052	0.14
0.860341072083	-0.004	0.052	0.14
0.862745046616	-0.224	0.116	-0.996
0.86515712738	-0.224	0.116	-0.996
0.867563962936	-0.224	0.116	-0.996
0.869970083237	-0.536	-0.376	2.044
0.872375965118	-0.536	-0.376	2.044
0.874784946442	0.08	-0.368	1.216
0.877200126648	0.08	-0.368	1.216
0.87960600853	-0.372	0.396	-1.5
0.882009983063	-0.372	0.396	-1.5
0.884417057037	-0.184	0.072	2.044
0.886823177338	-0.184	0.072	2.044
0.889228105545	-0.124	-0.344	2.044
0.891638040543	-0.124	-0.344	2.044
0.894051074982	-0.068	0.072	-1.528
0.896458148956	-0.068	0.072	-1.528
0.899363994598	-0.428	0.056	1.456
0.901777982712	-0.428	0.056	1.456
0.904186010361	-0.164	-0.368	2.044
0.90659403801	-0.164	-0.368	2.044
0.909001111984	-0.3	-0.2	-1.108
0.91140794754	-0.3	-0.2	-1.108
0.913822174072	-0.028	-0.08	0.408
0.916229009628	-0.028	-0.08	0.408
0.918635129929	-0.028	-0.08	0.408
0.921040058136	-0.248	-0.508	2.044
0.923452138901	-0.248	-0.508	2.044
0.925858974457	-0.152	0.24	-0.44
0.928264141083	-0.152	0.24	-0.44
0.930673122406	-0.132	0.068	-0.544
0.933084011078	-0.132	0.068	-0.544
0.935490131378	-0.46	-0.44	2.044
0.93789601326	-0.46	-0.44	2.044
0.940301179886	0.224	-0.5	0.64
0.942702054977	0.224	-0.5	0.64
0.945116996765	-0.14	0.156	-1.264
0.94752407074	-0.14	0.156	-1.264
0.949931144714	0.024	-0.06	2.044
0.952335119247	0.024	-0.06	2.044
0.954746007919	0.024	-0.16	1.692
0.957151174545	0.024	-0.16	1.692
0.959555149078	-0.208	0.064	-1.548
0.961961984634	-0.208	0.064	-1.548
0.964400053024	-0.208	0.064	-1.548
0.966811180115	-0.524	-0.104	2.044
0.969218015671	-0.524	-0.104	2.044
0.971625089645	-0.156	-0.308	2.044
0.97403717041	-0.156	-0.308	2.044
0.976443052292	-0.424	-0.14	-1.412
0.978868961334	-0.424	-0.14	-1.412
0.981276988983	-0.052	-0.052	1.004
0.983684062958	-0.052	-0.052	1.004
0.986089944839	-0.088	-0.352	2.044
0.98849606514	-0.088	-0.352	2.044
0.990901947021	0.016	0.332	-0.9
0.993309020996	0.016	0.332	-0.9
0.995713949203	-0.164	0.084	-0.028
0.998120069504	-0.164	0.084	-0.028
1.00052499771	-0.348	-0.424	2.044
1.00293302536	-0.348	-0.424	2.044
1.00534415245	-0.012	-0.34	0.032
1.00774908066	-0.012	-0.34	0.032
1.01015305519	-0.012	-0.34	0.032
1.01258015633	-0.208	0.16	-0.916
1.01498699188	-0.208	0.16	-0.916
1.01739311218	-0.164	-0.312	2.044
1.01979899406	-0.164	-0.312	2.044
1.02220511436	-0.072	-0.288	1.068
1.02461600304	-0.072	-0.288	1.068
1.02702116966	-0.208	-0.004	-1.428
1.02942800522	-0.208	-0.004	-1.428
1.03183507919	-0.628	-0.288	2.044
1.03424715996	-0.628	-0.288	2.044
1.03665208817	-0.204	-0.264	2.044
1.03905797005	-0.204	-0.264	2.044
1.0414659977	-0.428	0.096	-1.552
1.04387903214	-0.428	0.096	-1.552
1.04628705978	-0.068	-0.14	1.628
1.04869103432	-0.068	-0.14	1.628
1.05109596252	-0.068	-0.14	1.628
1.05350804329	-0.212	-0.192	2.044
1.05591511726	-0.212	-0.192	2.044
1.05832099915	0.148	0.268	-1.232
1.06072497368	0.148	0.268	-1.232
1.06313705444	-0.068	-0.044	0.58
1.06554317474	-0.068	-0.044	0.58
1.06794905663	-0.172	-0.448	2.044
1.07035398483	-0.172	-0.448	2.044
1.07276010513	-0.22	-0.284	-0.516
1.07517313957	-0.22	-0.284	-0.516
1.07757902145	0.024	0.052	-0.42
1.07999515533	0.024	0.052	-0.42
1.08240008354	-0.188	-0.564	2.044
1.08481216431	-0.188	-0.564	2.044
1.08721899986	-0.096	-0.064	0.444
1.08962512016	-0.096	-0.064	0.444
1.09203100204	-0.16	0.164	-1.184
1.09444403648	-0.16	0.164	-1.184
1.09685516357	-0.16	0.164	-1.184
1.09926104546	-0.576	-0.348	2.044
1.10166716576	-0.576	-0.348	2.044
1.10407495499	0.02	-0.36	1.54
1.10648012161	0.02	-0.36	1.54
1.10888504982	-0.292	0.292	-1.568
1.11129212379	-0.292	0.292	-1.568
1.11370515823	-0.092	-0.068	2.044
1.11612606049	-0.092	-0.068	2.044
1.11853408813	-0.204	-0.3	2.044
1.12093997002	-0.204	-0.3	2.044
1.12334704399	0.208	0.204	-1.456
1.1257519722	0.208	0.204	-1.456
1.12815713882	-0.176	-0.096	1.144
1.13056206703	-0.176	-0.096	1.144
1.13297510147	-0.168	-0.42	2.044
1.13538098335	-0.168	-0.42	2.044
1.13779306412	-0.184	-0.14	-0.948
1.140198946	-0.184	-0.14	-0.948
1.14260601997	-0.184	-0.14	-0.948
1.14501714706	0.076	-0.032	0.116
1.14743304253	0.076	-0.032	0.116
1.14983797073	-0.048	-0.612	2.044
1.15224409103	-0.048	-0.612	2.044
1.15465903282	0.02	0.248	-0.144
1.15706515312	0.02	0.248	-0.144
1.15947008133	-0.092	0.108	-0.784
1.16187596321	-0.092	0.108	-0.784
1.16428303719	-0.496	-0.452	2.044
1.16668915749	-0.496	-0.452	2.044
1.16909503937	0.116	-0.516	0.948
1.1714990139	0.116	-0.516	0.948
1.1739089489	-0.072	0.264	-1.4
1.17631602287	-0.072	0.264	-1.4
1.17872214317	-0.228	0.148	2.044
1.18112707138	-0.228	0.148	2.044
1.18353199959	-0.124	-0.168	1.956
1.18593811989	-0.124	-0.168	1.956
1.18834400177	-0.124	-0.168	1.956
1.19075298309	-0.012	0.096	-1.556
1.19316601753	-0.012	0.096	-1.556
1.19557213783	-0.264	-0.124	1.724
1.19797801971	-0.264	-0.124	1.724
1.20038414001	-0.116	-0.396	2.044
1.2027900219	-0.116	-0.396	2.044
1.20520210266	-0.52	-0.22	-1.28
1.20760917664	-0.52	-0.22	-1.28
1.21001601219	-0.024	-0.048	0.708
1.21242213249	-0.024	-0.048	0.708
1.21484208107	0.06	-0.384	2.044
1.21724915504	0.06	-0.384	2.044
1.21965503693	0.084	0.376	-0.652
1.22205996513	0.084	0.376	-0.652
1.22447013855	0.0	0.008	-0.304
1.22686815262	0.0	0.008	-0.304
1.22927498817	0.0	0.008	-0.304
1.23167300224	-0.324	-0.464	2.044
1.23408603668	-0.324	-0.464	2.044
1.23649311066	0.044	-0.388	0.372
1.23889899254	0.044	-0.388	0.372
1.24130296707	-0.048	0.048	-1.092
1.24371600151	-0.048	0.048	-1.092
1.24612212181	-0.1	-0.18	2.044
1.24852800369	-0.1	-0.18	2.044
1.25093412399	-0.12	-0.196	1.392
1.25334715843	-0.12	-0.196	1.392
1.25575304031	-0.088	0.084	-1.516
1.25816011429	-0.088	0.084	-1.516
1.26056599617	-0.092	-0.308	2.044
1.26297712326	-0.092	-0.308	2.044
1.26538801193	-0.096	-0.272	2.044
1.26779413223	-0.096	-0.272	2.044
1.27021098137	-0.208	0.052	-1.496
1.27261805534	-0.208	0.052	-1.496
1.27502703667	-0.208	0.052	-1.496
1.27742815018	0.008	-0.104	1.3
1.27982616425	0.008	-0.104	1.3
1.2822329998	-0.096	-0.256	2.044
1.28464412689	-0.096	-0.256	2.044
1.28705215454	0.304	0.296	-1.056
1.2894589901	0.304	0.296	-1.056
1.29186296463	0.0	0.0	0.252
1.294257164	0.0	0.0	0.252
1.2966439724	0.04	-0.464	2.044
1.29905104637	0.04	-0.464	2.044
1.30145597458	-0.112	-0.264	-0.24
1.30386710167	-0.112	-0.264	-0.24
1.30627417564	0.124	0.064	-0.68
1.30868005753	0.124	0.064	-0.68
1.31108307838	-0.14	-0.256	2.044
1.31349110603	-0.14	-0.256	2.044
1.31589698792	-0.14	-0.256	2.044
1.31830215454	-0.256	-0.232	0.764
1.32070708275	-0.256	-0.232	0.764
1.32311916351	-0.06	0.192	-1.344
1.32552504539	-0.06	0.192	-1.344
1.3279299736	-0.172	-0.412	2.044
1.3303360939	-0.172	-0.412	2.044
1.33274102211	-0.18	-0.272	1.824
1.33515405655	-0.18	-0.272	1.824
1.33756017685	0.012	0.24	-1.544
1.33996796608	0.012	0.24	-1.544
1.34237313271	-0.248	-0.088	1.88
1.34477996826	-0.248	-0.088	1.88
1.34718608856	-0.172	-0.18	2.044
1.34960103035	-0.172	-0.18	2.044
1.35200715065	0.42	0.288	-1.32
1.35441708565	0.42	0.288	-1.32
1.35682201385	0.04	-0.068	0.864
1.35922718048	0.04	-0.068	0.864
1.36162996292	0.04	-0.068	0.864
1.36403608322	0.056	-0.492	2.044
1.3664419651	0.056	-0.492	2.044
1.36884713173	-0.02	-0.24	-0.732
1.37125301361	-0.02	-0.24	-0.732
1.37366104126	0.164	-0.016	-0.164
1.37606811523	0.164	-0.016	-0.164
1.37848615646	0.056	-0.548	2.044
1.38089108467	0.056	-0.548	2.044
1.38330197334	-0.036	0.224	0.176
1.38570594788	-0.036	0.224	0.176
1.3881111145	-0.004	0.192	-1.016
1.39051699638	-0.004	0.192	-1.016
1.39293003082	-0.276	-0.412	2.044
1.39533615112	-0.276	-0.412	2.044
1.39774107933	0.012	-0.484	1.26
1.40014410019	0.012	-0.484	1.26
1.40254807472	0.0	0.16	-1.472
1.40495109558	0.0	0.16	-1.472
1.40734815598	0.0	0.16	-1.472
1.40974497795	-0.18	-0.028	2.044
1.41215109825	-0.18	-0.028	2.044
1.41456413269	-0.196	-0.292	2.044
1.41698098183	-0.196	-0.292	2.044
1.41938710213	0.18	0.22	-1.508
1.42179203033	0.18	0.22	-1.508
1.42419695854	0.224	-0.164	1.464
1.42660117149	0.224	-0.164	1.464
1.4290060997	0.004	-0.42	2.044
1.43141007423	0.004	-0.42	2.044
1.43382096291	-0.144	-0.208	-1.124
1.43622708321	-0.144	-0.208	-1.124
1.43863296509	0.056	-0.08	0.376
1.44104194641	0.056	-0.08	0.376
1.44347310066	0.252	-0.44	2.044
1.44587898254	0.252	-0.44	2.044
1.44828295708	0.252	-0.44	2.044
1.45068717003	0.048	0.28	-0.372
1.45309901237	0.048	0.28	-0.372
1.45550298691	0.188	0.088	-0.552
1.45790696144	0.188	0.088	-0.552
1.4603099823	-0.02	-0.48	2.044
1.4627161026	-0.02	-0.48	2.044
1.46512794495	0.032	-0.448	0.676
1.4675321579	0.032	-0.448	0.676
1.46993517876	0.184	0.116	-1.236
1.47233915329	0.184	0.116	-1.236
1.47474908829	-0.216	-0.028	2.044
1.47715616226	-0.216	-0.028	2.044
1.47956204414	-0.096	-0.088	1.716
1.48196816444	-0.096	-0.088	1.716
1.48439002037	-0.032	0.152	-1.536
1.48679709435	-0.032	0.152	-1.536
1.48920512199	0.456	-0.368	2.044
1.49161100388	0.456	-0.368	2.044
1.49402117729	0.456	-0.368	2.044
1.4964261055	0.052	-0.336	2.044
1.49883103371	0.052	-0.336	2.044
1.50123405457	-0.244	-0.064	-1.396
1.50364112854	-0.244	-0.064	-1.396
1.5060479641	0.076	-0.108	1.012
1.50845217705	0.076	-0.108	1.012
1.51085615158	0.208	-0.26	2.044
1.51326704025	0.208	-0.26	2.044
1.51567196846	0.22	0.24	-0.816
1.51807594299	0.22	0.24	-0.816
1.52048015594	0.152	0.06	-0.044
1.5228869915	0.152	0.06	-0.044
1.52529096603	0.208	-0.492	2.044
1.52769804001	0.208	-0.492	2.044
1.53010201454	-0.056	-0.164	0.048
1.53250694275	-0.056	-0.164	0.048
1.53491806984	0.084	0.048	-0.904
1.53732204437	0.084	0.048	-0.904
1.53972601891	0.084	0.048	-0.904
1.54212999344	-0.072	-0.324	2.044
1.54454016685	-0.072	-0.324	2.044
1.54694700241	-0.292	-0.284	1.136
1.54935312271	-0.292	-0.284	1.136
1.55179715157	-0.004	0.284	-1.452
1.55421209335	-0.004	0.284	-1.452
1.55661797523	0.192	-0.44	2.044
1.55902314186	0.192	-0.44	2.044
1.56142807007	-0.02	-0.26	2.044
1.56383895874	-0.02	-0.26	2.044
1.56624507904	0.064	0.276	-1.516
1.56865000725	0.064	0.276	-1.516
1.57105612755	-0.12	-0.184	1.58
1.57346796989	-0.12	-0.184	1.58
1.57587504387	0.02	-0.364	2.044
1.57828116417	0.02	-0.364	2.044
1.5806851387	0.02	-0.364	2.044
1.5830950737	0.388	0.268	-1.16
1.58550095558	0.388	0.268	-1.16
1.58790612221	0.084	-0.048	0.548
1.59030914307	0.084	-0.048	0.548
1.5927131176	0.328	-0.488	2.044
1.59512400627	0.328	-0.488	2.044
1.5975291729	0.092	-0.12	-0.476
1.5999341011	0.092	-0.12	-0.476
1.60234212875	0.212	-0.032	-0.432
1.60475301743	0.212	-0.032	-0.432
1.60715913773	0.092	-0.292	2.044
1.60956406593	0.092	-0.292	2.044
1.61196804047	-0.192	-0.04	0.484
1.61438012123	-0.192	-0.04	0.484
1.61678504944	0.036	0.304	-1.192
1.6192009449	0.036	0.304	-1.192
1.62160611153	0.196	-0.444	2.044
1.62401199341	0.196	-0.444	2.044
1.62641716003	0.196	-0.444	2.044
1.62882113457	-0.024	-0.336	1.584
1.63122606277	-0.024	-0.336	1.584
1.63363909721	0.164	0.14	-1.492
1.63604402542	0.164	0.14	-1.492
1.63849616051	-0.108	-0.128	2.044
1.64090394974	-0.108	-0.128	2.044
1.64331817627	-0.004	-0.24	2.044
1.6457259655	-0.004	-0.24	2.044
1.64813113213	0.224	0.296	-1.424
1.65053606033	0.224	0.296	-1.424
1.65294599533	0.392	-0.244	1.172
1.65535116196	0.392	-0.244	1.172
1.65775609016	0.22	-0.456	2.044
1.6601600647	0.22	-0.456	2.044
1.66256403923	0.196	-0.104	-0.928
1.66497612	0.196	-0.104	-0.928
1.66738200188	0.096	-0.092	0.096
1.66978502274	0.096	-0.092	0.096
1.67218804359	0.096	-0.092	0.096
1.67459797859	0.404	-0.388	2.044
1.67700695992	0.404	-0.388	2.044
1.67941212654	0.088	0.26	-0.06
1.68181705475	0.088	0.26	-0.06
1.68422794342	0.236	0.212	-0.792
1.68665003777	0.236	0.212	-0.792
1.68905496597	0.188	-0.344	2.044
1.6914601326	0.188	-0.344	2.044
1.6938700676	-0.112	-0.356	0.968
1.69627594948	-0.112	-0.356	0.968
1.69868206978	0.072	0.052	-1.36
1.70108604431	0.072	0.052	-1.36
1.70349597931	-0.18	-0.076	2.044
1.70590305328	-0.18	-0.076	2.044
1.70830798149	-0.084	-0.132	2.008
1.71071314812	-0.084	-0.132	2.008
1.7131280899	-0.084	-0.132	2.008
1.71553397179	0.092	0.228	-1.536
1.71793913841	0.092	0.228	-1.536
1.72034311295	0.48	-0.348	1.8
1.7227461338	0.48	-0.348	1.8
1.7251560688	0.208	-0.372	2.044
1.72755908966	0.208	-0.372	2.044
1.72996306419	-0.204	-0.116	-1.288
1.73237013817	-0.204	-0.116	-1.288
1.73478102684	0.024	-0.088	0.672
1.73718595505	0.024	-0.088	0.672
1.73959112167	0.508	-0.34	2.044
1.74199509621	0.508	-0.34	2.044
1.74440407753	-0.008	0.06	-0.58
1.74680995941	-0.008	0.06	-0.58
1.74921607971	0.236	-0.012	-0.316
1.75162410736	0.236	-0.012	-0.316
1.75404596329	0.368	-0.424	2.044
1.75645112991	0.368	-0.424	2.044
1.75885510445	0.368	-0.424	2.044
1.76125907898	-0.048	0.004	0.324
1.76366400719	-0.048	0.004	0.324
1.76606798172	0.144	0.06	-1.06
1.76847100258	0.144	0.06	-1.06
1.77087497711	-0.024	-0.248	2.044
1.77328705788	-0.024	-0.248	2.044
1.77569198608	-0.128	-0.2	1.432
1.77809715271	-0.128	-0.2	1.432
1.78050208092	0.096	0.296	-1.52
1.78291296959	0.096	0.296	-1.52
1.78531813622	0.54	-0.384	2.044
1.78772616386	0.54	-0.384	2.044
1.79013109207	0.164	-0.232	2.044
1.7925350666	0.164	-0.232	2.044
1.79494595528	0.124	0.108	-1.44
1.79735016823	0.124	0.108	-1.44
1.79975414276	0.044	-0.136	1.288
1.80215811729	0.044	-0.136	1.288
1.80456709862	0.044	-0.136	1.288
1.80697202682	0.348	-0.372	2.044
1.80937695503	0.348	-0.372	2.044
1.81178212166	0.192	0.2	-0.98
1.81418609619	0.192	0.2	-0.98
1.8165910244	0.072	-0.012	0.24
1.81899404526	0.072	-0.012	0.24
1.8214070797	0.54	-0.424	2.044
1.8238120079	0.54	-0.424	2.044
1.82622098923	0.0	0.072	-0.228
1.82861709595	0.0	0.072	-0.228
1.83101296425	0.068	0.012	-0.684
1.83342409134	0.068	0.012	-0.684
1.83582806587	-0.096	-0.232	2.044
1.83823394775	-0.096	-0.232	2.044
1.84063911438	-0.244	-0.236	0.812
1.84305095673	-0.244	-0.236	0.812
1.84545612335	-0.244	-0.236	0.812
1.84786009789	0.028	0.336	-1.352
1.85026407242	0.028	0.336	-1.352
1.85266804695	0.548	-0.432	2.044
1.85507798195	0.548	-0.432	2.044
1.85748195648	-0.04	-0.204	1.88
1.85991811752	-0.04	-0.204	1.88
1.8623290062	0.228	0.268	-1.516
1.86474013329	0.228	0.268	-1.516
1.86714506149	-0.092	-0.18	1.856
1.86955094337	-0.092	-0.18	1.856
1.87195706367	0.124	-0.384	2.044
1.87443399429	0.124	-0.384	2.044
1.87688302994	0.12	0.216	-1.3
1.87929916382	0.12	0.216	-1.3
1.88171315193	0.284	-0.052	0.844
1.88412809372	0.284	-0.052	0.844
1.88653612137	0.472	-0.564	2.044
1.8889541626	0.472	-0.564	2.044
1.89136314392	0.472	-0.564	2.044
1.89377498627	0.3	0.088	-0.712
1.89618396759	0.3	0.088	-0.712
1.89859199524	0.04	-0.052	-0.2
1.90100312233	0.04	-0.052	-0.2
1.90341615677	0.268	-0.268	2.044
1.90582513809	0.268	-0.268	2.044
1.90823197365	-0.08	0.144	0.236
1.91063714027	-0.08	0.144	0.236
1.91306996346	0.248	0.288	-1.024
1.91547894478	0.248	0.288	-1.024
1.91788506508	0.368	-0.292	2.044
1.92029213905	0.368	-0.292	2.044
1.92269897461	-0.06	-0.216	1.272
1.92511415482	-0.06	-0.216	1.272
1.92752099037	-0.024	-0.128	-1.44
1.92993211746	-0.024	-0.128	-1.44
1.93234109879	0.06	-0.192	2.044
1.93475413322	0.06	-0.192	2.044
1.93717908859	0.06	-0.192	2.044
1.93958616257	0.016	-0.18	2.044
1.94199204445	0.016	-0.18	2.044
1.94440507889	0.004	0.272	-1.492
1.94681215286	0.004	0.272	-1.492
1.94921803474	0.36	-0.228	1.468
1.95162510872	0.36	-0.228	1.468
1.95403909683	0.26	-0.368	2.044
1.95644903183	0.26	-0.368	2.044
1.95884799957	0.288	-0.072	-1.076
1.96124911308	0.288	-0.072	-1.076
1.96365404129	-0.068	-0.044	0.352
1.96606516838	-0.068	-0.044	0.352
1.96847295761	0.512	-0.412	2.044
1.97087907791	0.512	-0.412	2.044
1.97329211235	-0.044	-0.064	-0.308
1.97570300102	-0.044	-0.064	-0.308
1.97812604904	0.192	0.124	-0.568
1.98053312302	0.192	0.124	-0.568
1.98294496536	0.192	0.124	-0.568
1.98535203934	0.296	-0.256	2.044
1.98775815964	0.296	-0.256	2.044
1.99016404152	-0.164	0.156	0.644
1.99257111549	-0.164	0.156	0.644
1.99498295784	-0.08	0.132	-1.256
1.99739217758	-0.08	0.132	-1.256
1.99979901314	-0.1	-0.196	2.044
2.00220704079	-0.1	-0.196	2.044
2.0046210289	-0.06	-0.072	1.768
2.00702905655	-0.06	-0.072	1.768
2.00943899155	0.144	0.288	-1.54
2.01184916496	0.144	0.288	-1.54
2.01426100731	0.44	-0.408	2.044
2.01666808128	0.44	-0.408	2.044
2.01907515526	0.192	-0.268	2.044
2.02148008347	0.192	-0.268	2.044
2.02389812469	-0.064	-0.052	-1.352
2.02630710602	-0.064	-0.052	-1.352
2.02871513367	-0.064	-0.052	-1.352
2.03112196922	-0.008	-0.092	0.956
2.03353714943	-0.008	-0.092	0.956
2.03594517708	0.276	-0.396	2.044
2.03835105896	0.276	-0.396	2.044
2.04075813293	-0.044	-0.06	-0.792
2.04317307472	-0.044	-0.06	-0.792
2.04558300972	0.104	-0.084	-0.072
2.04799008369	0.104	-0.084	-0.072
2.05040001869	0.42	-0.388	2.044
2.05280709267	0.42	-0.388	2.044
2.05522012711	-0.06	0.252	0.056
2.05762815475	-0.06	0.252	0.056
2.06003308296	-0.092	0.056	-0.904
2.06244015694	-0.092	0.056	-0.904
2.06485414505	-0.084	-0.44	2.044
2.0672621727	-0.084	-0.44	2.044
2.06966996193	-0.148	-0.244	1.156
2.07207798958	-0.148	-0.244	1.156
2.07449316978	-0.148	-0.244	1.156
2.07690095901	0.12	0.324	-1.452
2.07930707932	0.12	0.324	-1.452
2.08171510696	0.352	-0.452	2.044
2.0841281414	0.352	-0.452	2.044
2.08653903008	0.076	-0.168	2.044
2.08894705772	0.076	-0.168	2.044
2.09136295319	0.128	0.28	-1.484
2.09378099442	0.128	0.28	-1.484
2.09618711472	0.036	-0.2	1.552
2.09859395027	0.036	-0.2	1.552
2.10100007057	0.224	-0.556	2.044
2.10341215134	0.224	-0.556	2.044
2.10582017899	0.052	0.156	-1.156
2.10825800896	0.052	0.156	-1.156
2.11066508293	-0.004	0.012	0.492
2.11309194565	-0.004	0.012	0.492
2.1154999733	0.392	-0.44	2.044
2.1179060936	0.392	-0.44	2.044
2.12031412125	0.392	-0.44	2.044
2.1227209568	0.2	0.292	-0.456
2.12513208389	0.2	0.292	-0.456
2.1275370121	-0.096	-0.012	-0.484
2.1299469471	-0.096	-0.012	-0.484
2.13235402107	-0.076	-0.212	2.044
2.13476705551	-0.076	-0.212	2.044
2.13718914986	-0.128	-0.088	0.552
2.13959813118	-0.128	-0.088	0.552
2.14200496674	0.164	0.284	-1.196
2.1444170475	0.164	0.284	-1.196
2.14682412148	0.348	-0.348	2.044
2.14923000336	0.348	-0.348	2.044
2.15165114403	-0.176	-0.132	1.592
2.15406608582	-0.176	-0.132	1.592
2.15646600723	0.028	0.0	-1.512
2.15888404846	0.028	0.0	-1.512
2.16128015518	0.028	0.0	-1.512
2.16367697716	0.14	-0.196	2.044
2.16608715057	0.14	-0.196	2.044
2.16849517822	0.188	-0.288	2.044
2.17090296745	0.188	-0.288	2.044
2.17331600189	-0.04	0.172	-1.416
2.17572307587	-0.04	0.172	-1.416
2.17814397812	0.212	-0.208	1.136
2.18055009842	0.212	-0.208	1.136
2.18296217918	0.168	-0.44	2.044
2.18538308144	0.168	-0.44	2.044
2.18779015541	0.336	0.184	-0.876
2.19019603729	0.336	0.184	-0.876
2.1926009655	-0.176	-0.036	0.06
2.19501495361	-0.176	-0.036	0.06
2.19742107391	0.192	-0.284	2.044
2.19983005524	0.192	-0.284	2.044
2.20223903656	-0.096	0.096	-0.028
2.20465302467	-0.096	0.096	-0.028
2.20706009865	-0.096	0.096	-0.028
2.20947098732	0.088	0.24	-0.82
2.21187615395	0.088	0.24	-0.82
2.21428799629	0.152	-0.148	2.044
2.21669507027	0.152	-0.148	2.044
2.21910309792	-0.152	0.132	0.96
2.2215089798	-0.152	0.132	0.96
2.22391700745	-0.288	-0.088	-1.384
2.22633504868	-0.288	-0.088	-1.384
2.22874403	0.044	-0.208	2.044
2.23115110397	0.044	-0.208	2.044
2.23356509209	-0.012	-0.084	2.044
2.23597717285	-0.012	-0.084	2.044
2.23838496208	0.036	0.296	-1.548
2.24079108238	0.036	0.296	-1.548
2.24320411682	0.284	-0.424	1.76
2.2456099987	0.284	-0.424	1.76
2.24801707268	0.148	-0.292	2.044
2.250426054	0.148	-0.292	2.044
2.25283312798	0.148	-0.292	2.044
2.25524306297	0.04	-0.076	-1.228
2.25765299797	0.04	-0.076	-1.228
2.26006102562	-0.076	-0.072	0.636
2.26246809959	-0.076	-0.072	0.636
2.26488304138	0.28	-0.408	2.044
2.26729106903	0.28	-0.408	2.044
2.26969695091	-0.044	-0.2	-0.536
2.27210617065	-0.044	-0.2	-0.536
2.27452397346	0.136	-0.072	-0.34
2.27693200111	0.136	-0.072	-0.34
2.27933907509	0.18	-0.304	2.044
2.28174805641	0.18	-0.304	2.044
2.28415703773	-0.092	0.364	0.348
2.28656315804	-0.092	0.364	0.348
2.28896903992	-0.132	0.136	-1.096
2.29137706757	-0.132	0.136	-1.096
2.29380011559	-0.044	-0.344	2.044
2.29620909691	-0.044	-0.344	2.044
2.29861807823	-0.044	-0.344	2.044
2.30102610588	-0.084	-0.16	1.476
2.30343914032	-0.084	-0.16	1.476
2.30584716797	0.232	0.324	-1.508
2.30825400352	0.232	0.324	-1.508
2.31066298485	0.272	-0.38	2.044
2.3130941391	0.272	-0.38	2.044
2.31550097466	0.112	-0.228	2.044
2.31790614128	0.112	-0.228	2.044
2.32031297684	0.084	0.124	-1.424
2.32272100449	0.084	0.124	-1.424
2.32513308525	0.012	-0.112	1.24
2.32753801346	0.012	-0.112	1.24
2.32994604111	0.308	-0.484	2.044
2.33235311508	0.308	-0.484	2.044
2.33476495743	0.068	0.092	-0.972
2.33717107773	0.068	0.092	-0.972
2.33957695961	-0.068	-0.06	0.204
2.34198403358	-0.068	-0.06	0.204
2.34439301491	-0.068	-0.06	0.204
2.34680008888	0.316	-0.384	2.044
2.34920907021	0.316	-0.384	2.044
2.35161399841	0.032	0.272	-0.208
2.35404014587	0.032	0.272	-0.208
2.35643911362	-0.244	0.036	-0.724
2.35883903503	-0.244	0.036	-0.724
2.36126112938	-0.212	-0.32	2.044
2.3636610508	-0.212	-0.32	2.044
2.36606311798	-0.132	-0.22	0.864
2.3684630394	-0.132	-0.22	0.864
2.37086510658	0.112	0.22	-1.348
2.37326598167	0.112	0.22	-1.348
2.375674963	0.22	-0.428	2.044
2.37807607651	0.22	-0.428	2.044
2.38047409058	-0.072	-0.156	1.912
2.38290500641	-0.072	-0.156	1.912
2.38532710075	-0.072	-0.156	1.912
2.38776612282	-0.028	0.224	-1.516
2.39017510414	-0.028	0.224	-1.516
2.39258217812	0.12	-0.196	1.856
2.39499616623	0.12	-0.196	1.856
2.39740300179	0.196	-0.556	2.044
2.39980816841	0.196	-0.556	2.044
2.40221500397	-0.02	0.116	-1.296
2.40462803841	-0.02	0.116	-1.296
2.40703511238	0.096	-0.132	0.808
2.40944314003	0.096	-0.132	0.808
2.41184902191	0.192	-0.5	2.044
2.41425895691	0.192	-0.5	2.044
2.41666102409	0.272	0.372	-0.7
2.41906809807	0.272	0.372	-0.7
2.42147397995	-0.2	-0.024	-0.252
2.42388606071	-0.2	-0.024	-0.252
2.42630815506	-0.032	-0.16	2.044
2.42872595787	-0.032	-0.16	2.044
2.43113207817	-0.032	-0.16	2.044
2.43354606628	-0.128	0.08	0.256
2.43595194817	-0.128	0.08	0.256
2.43835711479	0.156	0.216	-1.024
2.440762043	0.156	0.216	-1.024
2.44317603111	0.08	-0.208	2.044
2.44558215141	0.08	-0.208	2.044
2.44799017906	-0.152	0.048	1.272
2.45039701462	-0.152	0.048	1.272
2.45280504227	-0.212	-0.184	-1.472
2.45521616936	-0.212	-0.184	-1.472
2.45762705803	0.14	-0.196	2.044
2.4600379467	0.14	-0.196	2.044
2.462444067	0.152	-0.152	2.044
2.46485209465	0.152	-0.152	2.044
2.4672601223	0.044	0.22	-1.496
2.46966695786	0.044	0.22	-1.496
2.47207403183	0.172	-0.256	1.436
2.47448301315	0.172	-0.256	1.436
2.47688913345	0.172	-0.256	1.436
2.47929406166	0.092	-0.364	2.044
2.48170304298	0.092	-0.364	2.044
2.48411011696	0.244	0.06	-1.048
2.48651599884	0.244	0.06	-1.048
2.48892211914	-0.14	0.0	0.316
2.49132108688	-0.14	0.0	0.316
2.49372506142	0.424	-0.424	2.044
2.49614405632	0.424	-0.424	2.044
2.49855399132	-0.024	-0.112	-0.288
2.50096201897	-0.024	-0.112	-0.288
2.50337600708	0.06	0.084	-0.6
2.50578212738	0.06	0.084	-0.6
2.50818800926	0.072	-0.24	2.044
2.51059412956	0.072	-0.24	2.044
2.51300597191	-0.224	0.344	0.66
2.51541304588	-0.224	0.344	0.66
2.51781916618	-0.224	0.344	0.66
2.52022695541	-0.24	0.144	-1.284
2.52263617516	-0.24	0.144	-1.284
2.52505111694	-0.056	-0.224	2.044
2.5274579525	-0.056	-0.224	2.044
2.52986598015	-0.016	-0.096	1.788
2.53227305412	-0.016	-0.096	1.788
2.53469014168	0.336	0.26	-1.512
2.53711509705	0.336	0.26	-1.512
2.53952097893	0.1	-0.456	2.044
2.54192709923	0.1	-0.456	2.044
2.54437208176	0.036	-0.296	2.044
2.54678010941	0.036	-0.296	2.044
2.54918599129	-0.064	0.004	-1.348
2.55159211159	-0.064	0.004	-1.348
2.55400800705	-0.04	-0.076	0.932
2.55640816689	-0.04	-0.076	0.932
2.55880594254	0.228	-0.456	2.044
2.56120610237	0.228	-0.456	2.044
2.56361794472	0.228	-0.456	2.044
2.56602811813	-0.032	-0.096	-0.772
2.56843614578	-0.032	-0.096	-0.772
2.57084608078	0.008	-0.148	-0.068
2.5732729435	0.008	-0.148	-0.068
2.57569503784	0.168	-0.368	2.044
2.57810401917	0.168	-0.368	2.044
2.58051109314	-0.096	0.28	0.088
2.58293008804	-0.096	0.28	0.088
2.58535003662	-0.216	0.1	-0.936
2.58777213097	-0.216	0.1	-0.936
2.59018015862	-0.148	-0.472	2.044
2.5925860405	-0.148	-0.472	2.044
2.59500098228	-0.1	-0.212	1.196
2.59740900993	-0.1	-0.212	1.196
2.59982705116	0.104	0.268	-1.448
2.60223698616	0.104	0.268	-1.448
2.60465097427	-0.016	-0.492	2.044
2.60705804825	-0.016	-0.492	2.044
2.60947012901	-0.016	-0.492	2.044
2.61187815666	-0.02	-0.204	2.044
2.61429095268	-0.02	-0.204	2.044
2.61669802666	0.044	0.28	-1.496
2.61910510063	0.044	0.28	-1.496
2.62151098251	0.112	-0.168	1.532
2.62391901016	0.112	-0.168	1.532
2.62632513046	0.184	-0.552	2.044
2.62873101234	0.184	-0.552	2.044
2.6311480999	-0.008	0.16	-1.144
2.63356399536	-0.008	0.16	-1.144
2.63597202301	-0.112	-0.068	0.48
2.63837909698	-0.112	-0.068	0.48
2.64078617096	0.104	-0.42	2.044
2.64319896698	0.104	-0.42	2.044
2.64560508728	0.104	0.392	-0.46
2.6480140686	0.104	0.392	-0.46
2.65041995049	-0.26	-0.012	-0.508
2.65282702446	-0.26	-0.012	-0.508
2.65524196625	-0.26	-0.012	-0.508
2.65765094757	-0.208	-0.22	2.044
2.66005897522	-0.208	-0.22	2.044
2.66246509552	-0.072	-0.056	0.56
2.66487908363	-0.072	-0.056	0.56
2.66728806496	0.136	0.216	-1.204
2.66969394684	0.136	0.216	-1.204
2.67210006714	0.076	-0.34	2.044
2.67451405525	0.076	-0.34	2.044
2.67692017555	-0.256	-0.056	1.612
2.67932605743	-0.256	-0.056	1.612
2.68173599243	-0.068	-0.008	-1.496
2.68415403366	-0.068	-0.008	-1.496
2.68656301498	0.16	-0.224	2.044
2.68897008896	0.16	-0.224	2.044
2.69137716293	0.184	-0.344	2.044
2.69378995895	0.184	-0.344	2.044
2.69619607925	-0.056	0.156	-1.404
2.69861412048	-0.056	0.156	-1.404
2.70106911659	-0.056	0.156	-1.404
2.70348501205	0.072	-0.212	1.104
2.70589399338	0.072	-0.212	1.104
2.70830011368	0.0	-0.44	2.044
2.71069812775	0.0	-0.44	2.044
2.71310400963	0.2	0.288	-0.868
2.7155110836	0.2	0.288	-0.868
2.7179210186	-0.216	-0.004	0.0
2.72032308578	-0.216	-0.004	0.0
2.72272610664	0.072	-0.26	2.044
2.72513794899	0.072	-0.26	2.044
2.72754311562	-0.116	0.104	-0.012
2.72995305061	-0.116	0.104	-0.012
2.73236012459	0.0	0.156	-0.836
2.73476409912	0.0	0.156	-0.836
2.73717617989	-0.1	-0.164	2.044
2.73958516121	-0.1	-0.164	2.044
2.74199104309	-0.228	0.22	0.976
2.7444050312	-0.228	0.22	0.976
2.74681210518	-0.228	0.22	0.976
2.74921798706	-0.368	-0.072	-1.408
2.75162696838	-0.368	-0.072	-1.408
2.75404310226	0.132	-0.244	2.044
2.75644516945	0.132	-0.244	2.044
2.75884699821	0.024	-0.1	2.044
2.76125907898	0.024	-0.1	2.044
2.76366305351	0.128	0.252	-1.528
2.76608300209	0.128	0.252	-1.528
2.76849007607	-0.044	-0.48	1.696
2.77089905739	-0.044	-0.48	1.696
2.7733130455	-0.056	-0.332	2.044
2.77573204041	-0.056	-0.332	2.044
2.77814102173	0.016	-0.028	-1.2
2.78054904938	0.016	-0.028	-1.2
2.78296208382	-0.092	-0.036	0.604
2.78537011147	-0.092	-0.036	0.604
2.78777599335	0.124	-0.468	2.044
2.79018115997	0.124	-0.468	2.044
2.79258799553	0.124	-0.468	2.044
2.79500198364	-0.092	-0.188	-0.528
2.79742002487	-0.092	-0.188	-0.528
2.79983997345	0.004	-0.064	-0.352
2.8022480011	0.004	-0.064	-0.352
2.80466103554	-0.072	-0.288	2.044
2.80706906319	-0.072	-0.288	2.044
2.80947995186	-0.196	0.368	0.404
2.81189012527	-0.196	0.368	0.404
2.81429696083	-0.232	0.204	-1.128
2.81670594215	-0.232	0.204	-1.128
2.8191139698	-0.076	-0.344	2.044
2.82152199745	-0.076	-0.344	2.044
2.8239300251	-0.072	-0.144	1.504
2.82635116577	-0.072	-0.144	1.504
2.828758955	0.228	0.3	-1.508
2.83116412163	0.228	0.3	-1.508
2.83359098434	-0.176	-0.448	2.044
2.83599996567	-0.176	-0.448	2.044
2.83840799332	-0.176	-0.448	2.044
2.84081602097	-0.008	-0.284	2.044
2.84323096275	-0.008	-0.284	2.044
2.84563803673	0.012	0.184	-1.432
2.84804415703	0.012	0.184	-1.432
2.85045099258	0.016	-0.112	1.228
2.85285711288	0.016	-0.112	1.228
2.85530900955	0.136	-0.492	2.044
2.85771799088	0.136	-0.492	2.044
2.86012411118	0.044	0.1	-0.976
2.86252999306	0.044	0.1	-0.976
2.86494207382	-0.128	-0.12	0.176
2.86735010147	-0.128	-0.12	0.176
2.86975598335	0.008	-0.388	2.044
2.87216711044	0.008	-0.388	2.044
2.87457609177	-0.056	0.26	-0.172
2.87698316574	-0.056	0.26	-0.172
2.8793900013	-0.056	0.26	-0.172
2.88179898262	-0.312	0.004	-0.756
2.88421201706	-0.312	0.004	-0.756
2.88661909103	-0.276	-0.36	2.044
2.88902616501	-0.276	-0.36	2.044
2.89143514633	-0.08	-0.164	0.888
2.89384698868	-0.08	-0.164	0.888
2.89625501633	0.068	0.152	-1.328
2.8986620903	0.068	0.152	-1.328
2.90107703209	-0.052	-0.44	2.044
2.90349197388	-0.052	-0.44	2.044
2.90590214729	-0.14	-0.152	1.928
2.90831208229	-0.14	-0.152	1.928
2.91071915627	-0.112	0.236	-1.532
2.91313314438	-0.112	0.236	-1.532
2.91554117203	0.16	-0.196	1.824
2.91794705391	0.16	-0.196	1.824
2.92035698891	0.148	-0.588	2.044
2.92276406288	0.148	-0.588	2.044
2.92517709732	0.148	-0.588	2.044
2.9275829792	0.028	0.124	-1.292
2.92999100685	0.028	0.124	-1.292
2.93239712715	0.0	-0.18	0.752
2.93480205536	0.0	-0.18	0.752
2.93722009659	-0.076	-0.492	2.044
2.93962812424	-0.076	-0.492	2.044
2.94203615189	0.084	0.38	-0.68
2.94444894791	0.084	0.38	-0.68
2.94685912132	-0.228	-0.012	-0.276
2.94926714897	-0.228	-0.012	-0.276
2.95167517662	-0.188	-0.148	2.044
2.95409107208	-0.188	-0.148	2.044
2.95649194717	-0.164	0.084	0.276
2.95888805389	-0.164	0.084	0.276
2.96130108833	0.032	0.144	-1.04
2.96370315552	0.032	0.144	-1.04
2.9661090374	-0.304	-0.236	2.044
2.96852517128	-0.304	-0.236	2.044
2.97093296051	-0.304	-0.236	2.044
2.97334599495	-0.2	0.076	1.312
2.97574996948	-0.2	0.076	1.312
2.97815704346	-0.236	-0.116	-1.496
2.98056507111	-0.236	-0.116	-1.496
2.98298215866	0.224	-0.216	2.044
2.98539113998	0.224	-0.216	2.044
2.98779702187	0.132	-0.148	2.044
2.99020314217	0.132	-0.148	2.044
2.9926071167	0.08	0.196	-1.488
2.99502015114	0.08	0.196	-1.488
2.99742913246	-0.208	-0.368	1.364
2.99984812737	-0.208	-0.368	1.364
3.00225615501	-0.176	-0.392	2.044
3.00467014313	-0.176	-0.392	2.044
3.00707697868	-0.04	0.168	-1.036
3.00948500633	-0.04	0.168	-1.036
3.01189208031	-0.104	0.012	0.272
3.01429796219	-0.104	0.012	0.272
3.01670503616	-0.104	0.012	0.272
3.01911115646	-0.052	-0.472	2.044
3.02152109146	-0.052	-0.472	2.044
3.02392816544	-0.04	-0.056	-0.268
3.02633714676	-0.04	-0.056	-0.268
3.02874398232	-0.092	0.056	-0.612
3.03114914894	-0.092	0.056	-0.612
3.03356409073	-0.46	-0.28	2.044
3.03597998619	-0.46	-0.28	2.044
3.03838706017	-0.424	0.324	0.712
3.04083108902	-0.424	0.324	0.712
3.04324698448	-0.352	0.164	-1.3
3.04565596581	-0.352	0.164	-1.3
3.04806399345	0.024	-0.312	2.044
3.0504720211	0.024	-0.312	2.044
3.05288410187	-0.092	-0.108	1.828
3.05533409119	-0.092	-0.108	1.828
3.0577480793	0.324	0.284	-1.524
3.06015515327	0.324	0.284	-1.524
3.06256198883	0.324	0.284	-1.524
3.06497502327	-0.44	-0.56	1.964
3.06738305092	-0.44	-0.56	1.964
3.06979107857	-0.16	-0.38	2.044
3.07219815254	-0.16	-0.38	2.044
3.07461309433	-0.06	0.136	-1.336
3.07702112198	-0.06	0.136	-1.336
3.07942795753	-0.012	-0.044	0.888
3.08183717728	-0.012	-0.044	0.888
3.08425116539	-0.116	-0.572	2.044
3.08665800095	-0.116	-0.572	2.044
3.08906507492	-0.028	-0.036	-0.764
3.09147405624	-0.028	-0.036	-0.764
3.0938911438	-0.088	-0.168	-0.132
3.09630298615	-0.088	-0.168	-0.132
3.09871196747	-0.268	-0.392	2.044
3.10111904144	-0.268	-0.392	2.044
3.10354208946	-0.344	0.116	0.14
3.10595011711	-0.344	0.116	0.14
3.10835599899	-0.344	0.116	0.14
3.11076211929	-0.212	0.136	-0.964
3.1131939888	-0.212	0.136	-0.964
3.11560297012	-0.24	-0.468	2.044
3.1180100441	-0.24	-0.468	2.044
3.12041711807	-0.124	-0.12	1.224
3.12282395363	-0.124	-0.12	1.224
3.12523198128	0.064	0.172	-1.444
3.12763810158	0.064	0.172	-1.444
3.13005113602	-0.352	-0.536	2.044
3.13246202469	-0.352	-0.536	2.044
3.1348760128	-0.16	-0.26	2.044
3.13728499413	-0.16	-0.26	2.044
3.1396920681	0.0	0.336	-1.492
3.14209008217	0.0	0.336	-1.492
3.14449596405	0.132	-0.188	1.528
3.14690899849	0.132	-0.188	1.528
3.14931416512	0.132	-0.188	1.528
3.15171909332	-0.036	-0.484	2.044
3.15414714813	-0.036	-0.484	2.044
3.15654706955	0.016	0.184	-1.152
3.15894508362	0.016	0.184	-1.152
3.16135597229	-0.152	-0.22	0.448
3.16375994682	-0.152	-0.22	0.448
3.16617107391	-0.244	-0.444	2.044
3.16857814789	-0.244	-0.444	2.044
3.17100000381	-0.068	0.292	-0.432
3.1734149456	-0.068	0.292	-0.432
3.17582416534	-0.276	-0.04	-0.544
3.17823314667	-0.276	-0.04	-0.544
3.18063998222	-0.368	-0.276	2.044
3.18305301666	-0.368	-0.276	2.044
3.18546199799	-0.144	-0.02	0.596
3.18786907196	-0.144	-0.02	0.596
3.19027614594	0.036	0.1	-1.216
3.19268202782	0.036	0.1	-1.216
3.19509601593	0.036	0.1	-1.216
3.19750213623	-0.46	-0.408	2.044
3.19991016388	-0.46	-0.408	2.044
3.20231699944	-0.332	-0.032	1.628
3.20473098755	-0.332	-0.032	1.628
3.20714306831	-0.132	0.092	-1.536
3.20955300331	-0.132	0.092	-1.536
3.21196103096	0.172	-0.22	2.044
3.21443510056	0.172	-0.22	2.044
3.2168431282	0.032	-0.412	2.044
3.21925115585	0.032	-0.412	2.044
3.22165703773	0.0	0.1	-1.404
3.22405695915	0.0	0.1	-1.404
3.22645711899	-0.124	-0.316	1.044
3.22886514664	-0.124	-0.316	1.044
3.23127102852	-0.3	-0.448	2.044
3.23368597031	-0.3	-0.448	2.044
3.23609399796	-0.116	0.28	-0.852
3.23851108551	-0.116	0.28	-0.852
3.24092006683	-0.116	0.28	-0.852
3.24333500862	-0.144	0.008	-0.016
3.24574398994	-0.144	0.008	-0.016
3.24815201759	-0.296	-0.3	2.044
3.25055909157	-0.296	-0.3	2.044
3.25297307968	-0.236	0.104	-0.004
3.25537896156	-0.236	0.104	-0.004
3.25778913498	-0.116	0.072	-0.856
3.26019597054	-0.116	0.072	-0.856
3.26260304451	-0.584	-0.272	2.044
3.26501703262	-0.584	-0.272	2.044
3.26742506027	-0.364	0.164	1.032
3.26983094215	-0.364	0.164	1.032
3.27223801613	-0.264	0.016	-1.448
3.27465295792	-0.264	0.016	-1.448
3.27706003189	0.168	-0.296	2.044
3.27946615219	0.168	-0.296	2.044
3.28187704086	-0.04	-0.12	2.044
3.28428602219	-0.04	-0.12	2.044
3.28669309616	-0.04	-0.12	2.044
3.28910398483	0.176	0.2	-1.536
3.29151105881	0.176	0.2	-1.536
3.29392313957	-0.312	-0.576	1.632
3.29632997513	-0.312	-0.576	1.632
3.29873895645	-0.26	-0.444	2.044
3.30114603043	-0.26	-0.444	2.044
3.30355906487	-0.036	0.152	-1.184
3.30597901344	-0.036	0.152	-1.184
3.30838704109	-0.012	-0.016	0.592
3.31079316139	-0.012	-0.016	0.592
3.31321907043	-0.268	-0.612	2.044
3.31562709808	-0.268	-0.612	2.044
3.31803297997	-0.032	-0.044	-0.536
3.32044315338	-0.032	-0.044	-0.536
3.3228521347	-0.028	-0.068	-0.408
3.32529306412	-0.028	-0.068	-0.408
3.32770013809	-0.444	-0.396	2.044
3.33011007309	-0.444	-0.396	2.044
3.33251714706	-0.444	-0.396	2.044
3.33493113518	-0.536	0.188	0.44
3.33735203743	-0.536	0.188	0.44
3.3397591114	-0.176	0.24	-1.148
3.34216594696	-0.176	0.24	-1.148
3.34458017349	-0.188	-0.428	2.044
3.34698796272	-0.188	-0.428	2.044
3.3493950367	-0.228	-0.092	1.528
3.35180497169	-0.228	-0.092	1.528
3.35422110558	0.208	0.264	-1.512
3.35662317276	0.208	0.264	-1.512
3.35901999474	-0.508	-0.528	2.044
3.36142015457	-0.508	-0.528	2.044
3.36382102966	-0.184	-0.356	2.044
3.36622309685	-0.184	-0.356	2.044
3.36862516403	-0.008	0.356	-1.44
3.37102603912	-0.008	0.356	-1.44
3.37343907356	0.036	-0.168	1.188
3.37584805489	0.036	-0.168	1.188
3.37825703621	0.036	-0.168	1.188
3.38066196442	-0.152	-0.484	2.044
3.38307595253	-0.152	-0.484	2.044
3.38549995422	0.012	0.096	-0.956
3.3879070282	0.012	0.096	-0.956
3.39031195641	-0.112	-0.22	0.14
3.39271903038	-0.112	-0.22	0.14
3.39513707161	-0.352	-0.44	2.044
3.39754414558	-0.352	-0.44	2.044
3.39995217323	-0.244	0.036	-0.128
3.40235996246	-0.244	0.036	-0.128
3.40477395058	-0.248	-0.024	-0.784
3.40718197823	-0.248	-0.024	-0.784
3.40959405899	-0.296	-0.444	2.044
3.41200208664	-0.296	-0.444	2.044
3.41441512108	-0.128	-0.12	0.912
3.41682314873	-0.128	-0.12	0.912
3.41922998428	-0.128	-0.12	0.912
3.42163610458	0.06	0.076	-1.356
3.42404317856	0.06	0.076	-1.356
3.42645001411	-0.488	-0.496	2.044
3.42885708809	-0.488	-0.496	2.044
3.43126702309	-0.212	-0.216	1.96
3.43368411064	-0.212	-0.216	1.96
3.43609213829	-0.072	0.316	-1.552
3.43849897385	-0.072	0.316	-1.552
3.44092416763	0.168	-0.156	1.808
3.44333910942	0.168	-0.156	1.808
3.44574403763	-0.096	-0.592	2.044
3.44815206528	-0.096	-0.592	2.044
3.45056295395	0.024	0.176	-1.288
3.45301795006	0.024	0.176	-1.288
3.45542597771	-0.056	-0.352	0.74
3.45783615112	-0.056	-0.352	0.74
3.46024417877	-0.364	-0.452	2.044
3.46265101433	-0.364	-0.452	2.044
3.46506595612	-0.364	-0.452	2.044
3.46747517586	-0.156	0.204	-0.652
3.46988606453	-0.156	0.204	-0.652
3.4722931385	-0.132	0.004	-0.288
3.47470498085	-0.132	0.004	-0.288
3.47711205482	-0.324	-0.192	2.044
3.4795191288	-0.324	-0.192	2.044
3.4819290638	-0.228	0.064	0.292
3.48440694809	-0.228	0.064	0.292
3.48681497574	-0.052	0.056	-1.064
3.48923707008	-0.052	0.056	-1.064
3.49164509773	-0.552	-0.352	2.044
3.49405813217	-0.552	-0.352	2.044
3.49646711349	-0.296	0.032	1.336
3.49887394905	-0.296	0.032	1.336
3.50128006935	-0.084	0.028	-1.504
3.50369310379	-0.084	0.028	-1.504
3.50610613823	0.136	-0.332	2.044
3.50852298737	0.136	-0.332	2.044
3.51092910767	0.136	-0.332	2.044
3.51334404945	0.032	-0.228	2.044
3.51575016975	0.032	-0.228	2.044
3.51815605164	0.12	0.16	-1.492
3.52056217194	0.12	0.16	-1.492
3.52297496796	-0.136	-0.456	1.324
3.52538204193	-0.136	-0.456	1.324
3.52780795097	-0.368	-0.456	2.044
3.53021717072	-0.368	-0.456	2.044
3.53262495995	-0.288	0.304	-1.056
3.53503894806	-0.288	0.304	-1.056
3.53744697571	0.028	-0.004	0.264
3.53985214233	0.028	-0.004	0.264
3.54225707054	-0.356	-0.54	2.044
3.5446741581	-0.356	-0.54	2.044
3.54708313942	-0.096	0.032	-0.272
3.54948997498	-0.096	0.032	-0.272
3.55189609528	-0.004	0.016	-0.648
3.55434703827	-0.004	0.016	-0.648
3.55674600601	-0.004	0.016	-0.648
3.55914497375	-0.516	-0.404	2.044
3.56155610085	-0.516	-0.404	2.044
3.5639591217	-0.52	0.084	0.74
3.56636714935	-0.52	0.084	0.74
3.56877207756	-0.124	0.192	-1.32
3.57118105888	-0.124	0.192	-1.32
3.57359409332	0.028	-0.432	2.044
3.57600998878	0.028	-0.432	2.044
3.5784201622	-0.172	-0.164	1.844
3.5808300972	-0.172	-0.164	1.844
3.58324313164	0.308	0.288	-1.54
3.58565115929	0.308	0.288	-1.54
3.58805608749	-0.472	-0.564	1.912
3.59046196938	-0.472	-0.564	1.912
3.59292912483	-0.224	-0.456	2.044
3.59534311295	-0.224	-0.456	2.044
3.59775114059	0.076	0.3	-1.34
3.60015797615	0.076	0.3	-1.34
3.60256505013	0.076	0.3	-1.34
3.60497808456	0.008	-0.064	0.864
3.60738396645	0.008	-0.064	0.864
3.60979104042	-0.26	-0.62	2.044
3.61219906807	-0.26	-0.62	2.044
3.61461210251	-0.036	-0.004	-0.764
3.61702013016	-0.036	-0.004	-0.764
3.61943006516	0.008	-0.124	-0.144
3.62183594704	0.008	-0.124	-0.144
3.62424516678	-0.392	-0.472	2.044
3.6266541481	-0.392	-0.472	2.044
3.62906002998	-0.428	-0.04	0.156
3.63146615028	-0.428	-0.04	0.156
3.63388109207	-0.036	0.136	-0.996
3.63629007339	-0.036	0.136	-0.996
3.63869595528	-0.252	-0.476	2.044
3.64110398293	-0.252	-0.476	2.044
3.64352703094	-0.196	-0.084	1.244
3.64593696594	-0.196	-0.084	1.244
3.64834403992	-0.196	-0.084	1.244
3.65075111389	0.108	0.136	-1.464
3.65316414833	0.108	0.136	-1.464
3.65557408333	-0.324	-0.56	2.044
3.65798401833	-0.324	-0.56	2.044
3.66039204597	-0.204	-0.336	2.044
3.66279911995	-0.204	-0.336	2.044
3.66521406174	0.164	0.432	-1.516
3.66761994362	0.164	0.432	-1.516
3.67002511024	0.088	-0.232	1.508
3.6724319458	0.088	-0.232	1.508
3.67484617233	-0.236	-0.444	2.044
3.67725300789	-0.236	-0.444	2.044
3.67965912819	0.032	0.232	-1.136
3.68206596375	0.032	0.232	-1.136
3.68447804451	0.032	-0.384	0.424
3.68688297272	0.032	-0.384	0.424
3.68930697441	-0.452	-0.464	2.044
3.69171500206	-0.452	-0.464	2.044
3.69413208961	-0.452	-0.464	2.044
3.69653916359	-0.208	0.088	-0.4
3.69894599915	-0.208	0.088	-0.4
3.70135211945	-0.132	-0.064	-0.556
3.70376515388	-0.132	-0.064	-0.556
3.70617508888	-0.316	-0.316	2.044
3.70858216286	-0.316	-0.316	2.044
3.71099710464	-0.16	-0.028	0.612
3.71342515945	-0.16	-0.028	0.612
3.71583104134	0.024	0.024	-1.236
3.71823716164	0.024	0.024	-1.236
3.72064208984	-0.42	-0.444	2.044
3.72305607796	-0.42	-0.444	2.044
3.72546505928	-0.24	-0.112	1.66
3.72787213326	-0.24	-0.112	1.66
3.73028302193	0.04	0.208	-1.552
3.7326900959	0.04	0.208	-1.552
3.73510217667	0.1	-0.24	2.044
3.73752713203	0.1	-0.24	2.044
3.73993396759	0.1	-0.24	2.044
3.74233794212	-0.12	-0.496	2.044
3.74475216866	-0.12	-0.496	2.044
3.74715900421	0.052	0.092	-1.4
3.74956417084	0.052	0.092	-1.4
3.75197505951	0.044	-0.332	1.024
3.75438499451	0.044	-0.332	1.024
3.75678300858	-0.384	-0.464	2.044
3.75918197632	-0.384	-0.464	2.044
3.76158213615	-0.304	0.228	-0.856
3.76398706436	-0.304	0.228	-0.856
3.76639699936	0.06	0.004	-0.032
3.76880598068	0.06	0.004	-0.032
3.77121114731	-0.34	-0.336	2.044
3.77362394333	-0.34	-0.336	2.044
3.77603197098	-0.24	0.056	-0.004
3.77845096588	-0.24	0.056	-0.004
3.78085899353	-0.24	0.056	-0.004
3.7832710743	-0.052	0.008	-0.884
3.78568005562	-0.052	0.008	-0.884
3.78808712959	-0.488	-0.356	2.044
3.79049301147	-0.488	-0.356	2.044
3.79290604591	-0.384	0.028	1.064
3.79531311989	-0.384	0.028	1.064
3.79771900177	-0.016	0.084	-1.436
3.80012607574	-0.016	0.084	-1.436
3.80253410339	0.088	-0.372	2.044
3.80495095253	0.088	-0.372	2.044
3.8073580265	-0.072	-0.172	2.044
3.80976605415	-0.072	-0.172	2.044
3.81217217445	0.208	0.18	-1.532
3.81457901001	0.208	0.18	-1.532
3.81698513031	-0.18	-0.576	1.616
3.81939601898	-0.18	-0.576	1.616
3.82180309296	-0.264	-0.496	2.044
3.82421016693	-0.264	-0.496	2.044
3.82661795616	-0.264	-0.496	2.044
3.82902503014	0.024	0.276	-1.208
3.83142995834	0.024	0.276	-1.208
3.83384513855	0.064	-0.036	0.56
3.83625006676	0.064	-0.036	0.56
3.83865499496	-0.276	-0.656	2.044
3.84106206894	-0.276	-0.656	2.044
3.84347915649	-0.02	-0.008	-0.536
3.84589600563	-0.02	-0.008	-0.536
3.84830498695	0.04	-0.036	-0.428
3.8507130146	0.04	-0.036	-0.428
3.85312604904	-0.444	-0.456	2.044
3.85553407669	-0.444	-0.456	2.044
3.85794305801	-0.548	0.1	0.448
3.86034917831	-0.548	0.1	0.448
3.86275315285	-0.028	0.252	-1.168
3.86516714096	-0.028	0.252	-1.168
3.86757516861	-0.26	-0.484	2.044
3.86998200417	-0.26	-0.484	2.044
3.87238907814	-0.26	-0.484	2.044
3.87479805946	-0.24	-0.104	1.544
3.87720513344	-0.24	-0.104	1.544
3.87961816788	0.252	0.28	-1.528
3.8820271492	0.252	0.28	-1.528
3.88444113731	-0.368	-0.532	2.044
3.8868470192	-0.368	-0.532	2.044
3.88925409317	-0.2	-0.404	2.044
3.89166116714	-0.2	-0.404	2.044
3.89407515526	0.112	0.44	-1.448
3.89648103714	0.112	0.44	-1.448
3.89888811111	0.04	-0.212	1.192
3.90134501457	0.04	-0.212	1.192
3.90375995636	-0.316	-0.488	2.044
3.9061691761	-0.316	-0.488	2.044
3.90857601166	0.02	0.092	-0.964
3.91098213196	0.02	0.092	-0.964
3.91342616081	0.032	-0.252	0.12
3.91583299637	0.032	-0.252	0.12
3.91824316978	0.032	-0.252	0.12
3.92064905167	-0.424	-0.516	2.044
3.92306303978	-0.424	-0.516	2.044
3.92547011375	-0.308	-0.104	-0.128
3.92787909508	-0.308	-0.104	-0.128
3.93028903008	-0.044	-0.044	-0.796
3.93269705772	-0.044	-0.044	-0.796
3.93511104584	-0.172	-0.428	2.044
3.93752098083	-0.172	-0.428	2.044
3.93992805481	-0.116	-0.08	0.916
3.94233798981	-0.116	-0.08	0.916
3.94475197792	0.108	0.036	-1.368
3.94716000557	0.108	0.036	-1.368
3.94956612587	-0.404	-0.46	2.044
3.95198512077	-0.404	-0.46	2.044
3.95440101624	-0.192	-0.248	1.964
3.95680403709	-0.192	-0.248	1.964
3.95920300484	0.044	0.312	-1.548
3.96161413193	0.044	0.312	-1.548
3.96401810646	0.044	0.312	-1.548
3.96642708778	0.076	-0.156	1.788
3.96883296967	0.076	-0.156	1.788
3.97123908997	-0.192	-0.532	2.044
3.9736521244	-0.192	-0.532	2.044
3.97606015205	0.048	0.192	-1.292
3.9784681797	0.048	0.192	-1.292
3.98088502884	0.08	-0.344	0.72
3.98330116272	0.08	-0.344	0.72
3.98570895195	-0.368	-0.46	2.044
3.98811602592	-0.368	-0.46	2.044
3.9905230999	-0.236	0.076	-0.644
3.99293994904	-0.236	0.076	-0.644
3.99534916878	0.004	-0.02	-0.316
3.99775600433	0.004	-0.02	-0.316
4.00016307831	-0.272	-0.192	2.044
4.00257205963	-0.272	-0.192	2.044
4.00498509407	-0.24	0.012	0.304
4.00739097595	-0.24	0.012	0.304
4.00979995728	-0.24	0.012	0.304
4.01220417023	-0.08	-0.004	-1.06
4.01462006569	-0.08	-0.004	-1.06
4.01702809334	-0.416	-0.408	2.044
4.01943612099	-0.416	-0.408	2.044
4.02184295654	-0.284	-0.02	1.368
4.02425217628	-0.284	-0.02	1.368
4.02665996552	0.048	0.088	-1.512
4.02906894684	0.048	0.088	-1.512
4.03147602081	0.096	-0.356	2.044
4.03389000893	0.096	-0.356	2.044
4.03629517555	0.02	-0.264	2.044
4.03870105743	0.02	-0.264	2.044
4.04110717773	0.108	0.136	-1.488
4.04352116585	0.108	0.136	-1.488
4.04592895508	-0.08	-0.476	1.3
4.04834508896	-0.08	-0.476	1.3
4.05075311661	-0.08	-0.476	1.3
4.05316710472	-0.364	-0.472	2.044
4.05557513237	-0.364	-0.472	2.044
4.05798411369	-0.312	0.336	-1.048
4.06039094925	-0.312	0.336	-1.048
4.0627989769	0.084	-0.016	0.268
4.06521201134	0.084	-0.016	0.268
4.06762194633	-0.344	-0.588	2.044
4.07002902031	-0.344	-0.588	2.044
4.07243704796	-0.088	0.028	-0.268
4.07485198975	-0.088	0.028	-0.268
4.07725811005	0.024	0.032	-0.652
4.07966399193	0.024	0.032	-0.652
4.08207011223	-0.484	-0.452	2.044
4.08448410034	-0.484	-0.452	2.044
4.08688998222	-0.508	0.08	0.752
4.08931517601	-0.508	0.08	0.752
4.09172201157	-0.064	0.18	-1.324
4.09413814545	-0.064	0.18	-1.324
4.0965461731	-0.064	0.18	-1.324
4.09895396233	-0.032	-0.476	2.044
4.1013610363	-0.032	-0.476	2.044
4.10377717018	-0.192	-0.168	1.836
4.10618901253	-0.192	-0.168	1.836
4.1085960865	0.328	0.284	-1.528
4.11100196838	0.328	0.284	-1.528
4.11341404915	-0.312	-0.54	1.892
4.1158311367	-0.312	-0.54	1.892
4.11823916435	-0.2	-0.456	2.044
4.12064695358	-0.2	-0.456	2.044
4.12305498123	0.152	0.364	-1.352
4.12546014786	0.152	0.364	-1.352
4.12788009644	0.032	-0.076	0.856
4.13028597832	0.032	-0.076	0.856
4.13269209862	-0.256	-0.652	2.044
4.13510608673	-0.256	-0.652	2.044
4.13752007484	-0.016	-0.016	-0.76
4.13992905617	-0.016	-0.016	-0.76
4.14233994484	-0.016	-0.016	-0.76
4.14475512505	0.04	-0.112	-0.168
4.14716315269	0.04	-0.112	-0.168
4.14957118034	-0.328	-0.496	2.044
4.1519780159	-0.328	-0.496	2.044
4.15440201759	-0.444	-0.112	0.152
4.15680217743	-0.444	-0.112	0.152
4.15920114517	0.036	0.128	-0.984
4.16160011292	0.036	0.128	-0.984
4.16400313377	-0.224	-0.46	2.044
4.16641306877	-0.224	-0.46	2.044
4.16882109642	-0.188	-0.068	1.244
4.17123103142	-0.188	-0.068	1.244
4.17364406586	0.136	0.132	-1.468
4.17605113983	0.136	0.132	-1.468
4.17846107483	-0.248	-0.54	2.044
4.18086910248	-0.248	-0.54	2.044
4.1832921505	-0.188	-0.34	2.044
4.18570303917	-0.188	-0.34	2.044
4.18811106682	-0.188	-0.34	2.044
4.1905169487	0.2	0.412	-1.516
4.19292902946	0.2	0.412	-1.516
4.19533610344	0.064	-0.24	1.504
4.19774103165	0.064	-0.24	1.504
4.20015907288	-0.268	-0.392	2.044
4.2025680542	-0.268	-0.392	2.044
4.20498299599	0.036	0.216	-1.148
4.20739006996	0.036	0.216	-1.148
4.20979714394	0.072	-0.4	0.436
4.21220207214	0.072	-0.4	0.436
4.21461415291	-0.428	-0.468	2.044
4.21702504158	-0.428	-0.468	2.044
4.2194340229	-0.244	0.056	-0.408
4.22184109688	-0.244	0.056	-0.408
4.22424912453	-0.096	-0.072	-0.56
4.22665810585	-0.096	-0.072	-0.56
4.22906517982	-0.26	-0.324	2.044
4.23147201538	-0.26	-0.324	2.044
4.23388910294	-0.26	-0.324	2.044
4.23629713058	-0.168	-0.024	0.612
4.23870396614	-0.168	-0.024	0.612
4.24111008644	-0.008	0.028	-1.248
4.24352407455	-0.008	0.028	-1.248
4.2459321022	-0.384	-0.44	2.044
4.24833917618	-0.384	-0.44	2.044
4.25075912476	-0.216	-0.132	1.668
4.25317597389	-0.216	-0.132	1.668
4.25558495522	0.024	0.212	-1.552
4.25799202919	0.024	0.212	-1.552
4.2603969574	0.076	-0.26	2.044
4.26280212402	0.076	-0.26	2.044
4.26521515846	-0.1	-0.484	2.044
4.26762294769	-0.1	-0.484	2.044
4.27003002167	0.032	0.108	-1.4
4.27243614197	0.032	0.108	-1.4
4.27484917641	0.032	0.108	-1.4
4.28453803062	-0.352	-0.488	2.044
4.28702306747	-0.292	0.208	-0.868
4.28943705559	-0.292	0.208	-0.868
4.29184699059	0.104	0.004	-0.028
4.29426217079	0.104	0.004	-0.028
4.29666996002	-0.368	-0.344	2.044
4.29908704758	-0.368	-0.344	2.044
4.30149412155	-0.256	0.04	0.02
4.30392003059	-0.256	0.04	0.02
4.30632710457	-0.044	0.012	-0.888
4.30873417854	-0.044	0.012	-0.888
4.31114196777	-0.428	-0.408	2.044
4.31355905533	-0.428	-0.408	2.044
4.31597304344	-0.364	0.004	1.044
4.31837916374	-0.364	0.004	1.044
4.32078504562	0.044	0.092	-1.436
4.32319808006	0.044	0.092	-1.436
4.32563114166	0.044	0.092	-1.436
4.32804894447	0.052	-0.424	2.044
4.33045601845	0.052	-0.424	2.044
4.33289694786	-0.068	-0.192	2.044
4.33531117439	-0.068	-0.192	2.044
4.33772015572	0.22	0.196	-1.528
4.34012508392	0.22	0.196	-1.528
4.34253001213	-0.064	-0.532	1.604
4.34494400024	-0.064	-0.532	1.604
4.34735298157	-0.24	-0.504	2.044
4.34976005554	-0.24	-0.504	2.044
4.35216712952	0.032	0.332	-1.212
4.35457706451	0.032	0.332	-1.212
4.35698008537	0.088	-0.04	0.56
4.35937809944	0.088	-0.04	0.56
4.36177897453	-0.284	-0.66	2.044
4.36417913437	-0.284	-0.66	2.044
4.36658096313	0.0	-0.02	-0.528
4.36897397041	0.0	-0.02	-0.528
4.37136697769	0.0	-0.02	-0.528
4.37376904488	0.084	-0.024	-0.42
4.37618207932	0.084	-0.024	-0.42
4.37859201431	-0.332	-0.492	2.044
4.38099908829	-0.332	-0.492	2.044
4.3834130764	-0.52	-0.008	0.44
4.38582396507	-0.52	-0.008	0.44
4.3882291317	0.068	0.224	-1.156
4.39063501358	0.068	0.224	-1.156
4.39305901527	-0.252	-0.5	2.044
4.39546394348	-0.252	-0.5	2.044
4.39786815643	-0.24	-0.116	1.544
4.40027499199	-0.24	-0.116	1.544
4.40268301964	0.256	0.256	-1.532
4.40509605408	0.256	0.256	-1.532
4.40750217438	-0.28	-0.516	2.044
4.4099149704	-0.28	-0.516	2.044
4.41237902641	-0.28	-0.516	2.044
4.41479516029	-0.16	-0.412	2.044
4.41720294952	-0.16	-0.412	2.044
4.41961216927	0.152	0.444	-1.456
4.42201805115	0.152	0.444	-1.456
4.42443108559	0.028	-0.232	1.176
4.42683815956	0.028	-0.232	1.176
4.42924308777	-0.32	-0.428	2.044
4.43165111542	-0.32	-0.428	2.044
4.43406510353	-0.004	0.092	-0.96
4.43647313118	-0.004	0.092	-0.96
4.4388821125	0.072	-0.248	0.12
4.44128704071	0.072	-0.248	0.12
4.44370007515	-0.404	-0.52	2.044
4.4461081028	-0.404	-0.52	2.044
4.4485180378	-0.312	-0.108	-0.116
4.45092701912	-0.312	-0.108	-0.116
4.45334005356	-0.012	-0.052	-0.796
4.45574808121	-0.012	-0.052	-0.796
4.4581580162	-0.012	-0.052	-0.796
4.46057701111	-0.184	-0.424	2.044
4.4629919529	-0.184	-0.424	2.044
4.46541404724	-0.116	-0.08	0.928
4.46782207489	-0.116	-0.08	0.928
4.47022914886	0.14	0.064	-1.372
4.47263407707	0.14	0.064	-1.372
4.47504806519	-0.3	-0.452	2.044
4.47745394707	-0.3	-0.452	2.044
4.47986316681	-0.14	-0.284	1.964
4.48227214813	-0.14	-0.284	1.964
4.48468899727	0.092	0.328	-1.548
4.48709607124	0.092	0.328	-1.548
4.4895169735	0.076	-0.172	1.784
4.49192404747	0.076	-0.172	1.784
4.49441409111	-0.156	-0.484	2.044
4.49682402611	-0.156	-0.484	2.044
4.49923205376	-0.028	0.208	-1.28
4.50163912773	-0.028	0.208	-1.28
4.50405907631	-0.028	0.208	-1.28
4.50646901131	0.1	-0.332	0.716
4.50887513161	0.1	-0.332	0.716
4.51128005981	-0.348	-0.448	2.044
4.5136950016	-0.348	-0.448	2.044
4.51610398293	-0.236	0.0	-0.624
4.51850295067	-0.236	0.0	-0.624
4.5209031105	0.084	-0.024	-0.312
4.52332210541	0.084	-0.024	-0.312
4.52573013306	-0.252	-0.216	2.044
4.52814698219	-0.252	-0.216	2.044
4.53055596352	-0.208	-0.016	0.312
4.53296899796	-0.208	-0.016	0.312
4.53537607193	-0.036	-0.004	-1.092
4.53778505325	-0.036	-0.004	-1.092
4.54019403458	-0.184	-0.436	2.044
4.54260110855	-0.184	-0.436	2.044
4.54501414299	-0.268	-0.056	1.368
4.54742312431	-0.268	-0.056	1.368
4.5498290062	-0.268	-0.056	1.368
4.55223608017	0.176	0.144	-1.508
4.55464696884	0.176	0.144	-1.508
4.55704402924	-0.036	-0.424	2.044
4.55944609642	-0.036	-0.424	2.044
4.5618481636	0.02	-0.348	2.044
4.56425094604	0.02	-0.348	2.044
4.56666016579	0.108	0.144	-1.48
4.56906700134	0.108	0.144	-1.48
4.57147502899	0.192	-0.448	1.316
4.57388806343	0.192	-0.448	1.316
4.57629513741	-0.3	-0.476	2.044
4.57870316505	-0.3	-0.476	2.044
4.58111095428	-0.304	0.384	-1.064
4.58352398872	-0.304	0.384	-1.064
4.58593511581	0.176	0.016	0.224
4.58833909035	0.176	0.016	0.224
4.59074211121	-0.264	-0.592	2.044
4.59315514565	-0.264	-0.592	2.044
4.59558296204	-0.264	-0.592	2.044
4.59799408913	-0.084	0.0	-0.272
4.60039401054	-0.084	0.0	-0.272
4.60279607773	0.132	0.048	-0.668
4.60520911217	0.132	0.048	-0.668
4.60761404037	-0.196	-0.492	2.044
4.6100230217	-0.196	-0.492	2.044
4.61243009567	-0.348	-0.08	0.756
4.61484313011	-0.348	-0.08	0.756
4.61724996567	0.136	0.192	-1.316
4.61965799332	0.136	0.192	-1.316
4.62206315994	-0.084	-0.572	2.044
4.62447214127	-0.084	-0.572	2.044
4.62688016891	-0.144	-0.204	1.852
4.62928700447	-0.144	-0.204	1.852
4.63169407845	0.308	0.264	-1.548
4.63411211967	0.308	0.264	-1.548
4.63651800156	-0.188	-0.484	1.876
4.63892412186	-0.188	-0.484	1.876
4.64133095741	-0.188	-0.484	1.876
4.64374804497	-0.144	-0.48	2.044
4.64615607262	-0.144	-0.48	2.044
4.64856505394	0.288	0.424	-1.356
4.65097308159	0.288	0.424	-1.356
4.65338516235	0.056	-0.116	0.852
4.65579104424	0.056	-0.116	0.852
4.65819716454	-0.244	-0.592	2.044
4.66060400009	-0.244	-0.592	2.044
4.66302704811	-0.016	-0.024	-0.772
4.66545605659	-0.016	-0.024	-0.772
4.66786503792	0.1	-0.076	-0.176
4.67027115822	0.1	-0.076	-0.176
4.67268109322	-0.26	-0.524	2.044
4.675096035	-0.26	-0.524	2.044
4.6775021553	-0.348	-0.152	0.16
4.67990899086	-0.348	-0.152	0.16
4.68231797218	-0.348	-0.152	0.16
4.68473315239	0.164	0.112	-0.992
4.6871380806	0.164	0.112	-0.992
4.6895570755	-0.224	-0.48	2.044
4.69196414948	-0.224	-0.48	2.044
4.69444012642	-0.176	-0.084	1.252
4.69685006142	-0.176	-0.084	1.252
4.69925904274	0.18	0.18	-1.472
4.70166516304	0.18	0.18	-1.472
4.70408415794	-0.048	-0.452	2.044
4.70649194717	-0.048	-0.452	2.044
4.70890402794	-0.116	-0.372	2.044
4.71131205559	-0.116	-0.372	2.044
4.7137260437	0.292	0.432	-1.5
4.71612906456	0.292	0.432	-1.5
4.71853113174	0.004	-0.272	1.472
4.72093701363	0.004	-0.272	1.472
4.72335004807	-0.208	-0.38	2.044
4.72575807571	-0.208	-0.38	2.044
4.72816514969	-0.02	0.24	-1.132
4.73058414459	-0.02	0.24	-1.132
4.73299813271	-0.02	0.24	-1.132
4.73540616035	0.192	-0.344	0.42
4.73781204224	0.192	-0.344	0.42
4.74021816254	-0.268	-0.476	2.044
4.74262499809	-0.268	-0.476	2.044
4.74503898621	-0.22	-0.068	-0.372
4.74745106697	-0.22	-0.068	-0.372
4.74985909462	0.06	-0.08	-0.58
4.75226616859	0.06	-0.08	-0.58
4.75467705727	-0.14	-0.352	2.044
4.75707602501	-0.14	-0.352	2.044
4.75947499275	-0.128	-0.064	0.632
4.76187705994	-0.128	-0.064	0.632
4.76428103447	0.004	0.004	-1.26
4.76669001579	0.004	0.004	-1.26
4.76909613609	-0.088	-0.424	2.044
4.77150511742	-0.088	-0.424	2.044
4.77391910553	-0.088	-0.424	2.044
4.77632808685	-0.144	-0.164	1.684
4.7787361145	-0.144	-0.164	1.684
4.78114414215	0.192	0.256	-1.54
4.78356003761	0.192	0.256	-1.54
4.78596806526	-0.032	-0.284	2.044
4.78837513924	-0.032	-0.284	2.044
4.79078197479	-0.1	-0.54	2.044
4.79319500923	-0.1	-0.54	2.044
4.79560399055	0.04	0.124	-1.384
4.79801917076	0.04	0.124	-1.384
4.80042505264	0.248	-0.264	1.012
4.80283212662	0.248	-0.264	1.012
4.80524516106	-0.276	-0.452	2.044
4.80765414238	-0.276	-0.452	2.044
4.81006407738	-0.236	0.144	-0.86
4.81247210503	-0.236	0.144	-0.86
4.81488013268	0.22	0.02	-0.036
4.81728506088	0.22	0.02	-0.036
4.81969094276	0.22	0.02	-0.036
4.82209897041	-0.212	-0.356	2.044
4.82451295853	-0.212	-0.356	2.044
4.82692217827	-0.184	-0.048	0.032
4.82932806015	-0.184	-0.048	0.032
4.83173513412	0.092	0.008	-0.888
4.83414912224	0.092	0.008	-0.888
4.83655500412	-0.032	-0.444	2.044
4.83896207809	-0.032	-0.444	2.044
4.84136915207	-0.212	-0.148	1.092
4.84378409386	-0.212	-0.148	1.092
4.84619212151	0.26	0.152	-1.42
4.84860014915	0.26	0.152	-1.42
4.85100698471	-0.036	-0.5	2.044
4.85341501236	-0.036	-0.5	2.044
4.85581803322	-0.032	-0.224	2.044
4.85823106766	-0.032	-0.224	2.044
4.86064004898	0.18	0.148	-1.524
4.86305212975	0.18	0.148	-1.524
4.86548113823	0.18	0.148	-1.524
4.86788797379	0.116	-0.456	1.596
4.87029409409	0.116	-0.456	1.596
4.87269997597	-0.124	-0.508	2.044
4.87511014938	-0.124	-0.508	2.044
4.87751698494	0.168	0.472	-1.224
4.87992215157	0.168	0.472	-1.224
4.88233017921	0.148	-0.076	0.564
4.88474297523	0.148	-0.076	0.564
4.88714814186	-0.2	-0.652	2.044
4.88957309723	-0.2	-0.652	2.044
4.89198207855	0.02	-0.044	-0.516
4.89439511299	0.02	-0.044	-0.516
4.89680600166	0.16	0.04	-0.444
4.89921212196	0.16	0.04	-0.444
4.9016160965	-0.116	-0.54	2.044
4.90402603149	-0.116	-0.54	2.044
4.90643596649	-0.34	-0.076	0.468
4.90884399414	-0.34	-0.076	0.468
4.91125011444	-0.34	-0.076	0.468
4.91366505623	0.244	0.204	-1.164
4.9160721302	0.244	0.204	-1.164
4.91847801208	-0.276	-0.572	2.044
4.92088699341	-0.276	-0.572	2.044
4.92330217361	-0.212	-0.152	1.568
4.92570996284	-0.212	-0.152	1.568
4.92812895775	0.256	0.296	-1.548
4.93053507805	0.256	0.296	-1.548
4.93296098709	0.008	-0.42	2.044
4.93536806107	0.008	-0.42	2.044
4.93777704239	-0.092	-0.408	2.044
4.94018507004	-0.092	-0.408	2.044
4.94259095192	0.276	0.472	-1.448
4.94500398636	0.276	0.472	-1.448
4.94741106033	0.008	-0.268	1.152
4.94981694221	0.008	-0.268	1.152
4.95223402977	0.008	-0.268	1.152
4.95464396477	-0.268	-0.436	2.044
4.9570441246	-0.268	-0.436	2.044
4.95944499969	-0.036	0.06	-0.952
4.96184515953	-0.036	0.06	-0.952
4.96424913406	0.204	-0.208	0.1
4.96665811539	0.204	-0.208	0.1
4.96906399727	-0.2	-0.552	2.044
4.97148609161	-0.2	-0.552	2.044
4.97390007973	-0.24	-0.184	-0.112
4.97630906105	-0.24	-0.184	-0.112
4.97877001762	0.192	-0.048	-0.784
4.98117995262	0.192	-0.048	-0.784
4.98359298706	-0.04	-0.424	2.044
4.98600316048	-0.04	-0.424	2.044
4.9884121418	-0.068	-0.08	0.944
4.99081707001	-0.068	-0.08	0.944
4.99323010445	0.156	0.076	-1.38
4.99563717842	0.156	0.076	-1.38
4.9980430603	0.156	0.076	-1.38
