Timestamp 	 X-Axis 	 Y-Axis 	 Z-Axis
0.000314950942993	-0.196	-0.484	2.044
0.00482201576233	-0.216	0.296	-0.408
0.00912809371948	-0.216	0.296	-0.408
0.0134470462799	-0.26	-0.06	-0.568
0.0177619457245	-0.068	-0.332	2.044
0.0220968723297	-0.112	-0.044	0.604
0.0264139175415	-0.024	0.048	-1.236
0.0307290554047	-0.032	-0.376	2.044
0.0350439548492	-0.032	-0.376	2.044
0.039370059967	-0.124	-0.124	1.676
0.0436859130859	-0.132	0.164	-1.552
0.0479998588562	0.204	-0.196	2.044
0.0523130893707	0.0	-0.444	2.044
0.0566198825836	-0.14	0.236	-1.404
0.0609540939331	0.228	-0.328	0.992
0.065269947052	0.228	-0.328	0.992
0.0695838928223	-0.212	-0.428	2.044
0.0739059448242	-0.236	0.32	-0.848
0.0782210826874	-0.044	0.02	-0.04
0.0825459957123	-0.052	-0.372	2.044
0.0868730545044	-0.144	0.004	0.012
0.0911939144135	-0.144	0.004	0.012
0.0955150127411	0.0	0.048	-0.88
0.0998270511627	0.112	-0.412	2.044
0.104148864746	-0.284	0.024	1.06
0.108469009399	-0.252	0.004	-1.452
0.112801074982	0.24	-0.312	2.044
0.117122888565	-0.072	-0.172	2.044
0.121459960938	-0.072	-0.172	2.044
0.125786066055	0.04	0.308	-1.536
0.130117893219	0.164	-0.452	1.612
0.134439945221	-0.068	-0.504	2.044
0.138760089874	-0.152	0.284	-1.196
0.143087863922	0.032	-0.008	0.552
0.147407054901	-0.032	-0.664	2.044
0.151728868484	-0.032	-0.664	2.044
0.156056880951	-0.088	-0.104	-0.54
0.160378932953	0.088	0.048	-0.432
0.164701938629	-0.012	-0.504	2.044
0.169023036957	-0.504	0.052	0.456
0.173348903656	-0.232	0.18	-1.176
0.177670001984	-0.232	0.18	-1.176
0.181997060776	-0.036	-0.432	2.044
0.18631696701	-0.208	-0.084	1.548
0.190644025803	0.088	0.38	-1.524
0.194980859756	0.024	-0.38	2.044
0.199307918549	-0.036	-0.412	2.044
0.203641891479	-0.076	0.448	-1.456
0.207962989807	-0.076	0.448	-1.456
0.212291002274	0.068	-0.128	1.172
0.216610908508	-0.12	-0.516	2.044
0.2209379673	-0.212	0.06	-0.964
0.225259065628	0.196	-0.232	0.104
0.229584932327	-0.096	-0.536	2.044
0.233906030655	-0.332	-0.024	-0.128
0.238228082657	-0.332	-0.024	-0.128
0.242564916611	-0.2	-0.048	-0.788
0.246886968613	0.072	-0.376	2.044
0.25121307373	-0.052	-0.116	0.924
0.255546092987	0.056	0.164	-1.388
0.259881973267	0.076	-0.308	2.044
0.264201879501	0.076	-0.308	2.044
0.268522024155	-0.052	-0.288	1.964
0.272847890854	-0.092	0.316	-1.548
0.277169942856	0.172	-0.104	1.776
0.281490087509	-0.012	-0.492	2.044
0.285809993744	-0.228	0.272	-1.3
0.290137052536	0.14	-0.22	0.728
0.294456958771	0.14	-0.22	0.728
0.298775911331	-0.144	-0.436	2.044
0.303102016449	-0.24	0.196	-0.644
0.307422876358	-0.056	-0.012	-0.332
0.31174492836	-0.012	-0.192	2.044
0.316081047058	-0.128	-0.036	0.308
0.320401906967	-0.128	-0.036	0.308
0.324723005295	-0.076	0.012	-1.1
0.329046964645	0.3	-0.376	2.044
0.333369970322	-0.172	-0.044	1.388
0.337689876556	-0.08	0.096	-1.52
0.342012882233	0.16	-0.316	2.044
0.346333026886	0.216	-0.316	2.044
0.350653886795	0.216	-0.316	2.044
0.354974031448	-0.14	0.256	-1.496
0.359299898148	0.324	-0.432	1.332
0.363635063171	-0.132	-0.44	2.044
0.36795592308	-0.412	0.328	-1.052
0.372282028198	0.1	0.012	0.236
0.376600027084	-0.076	-0.552	2.044
0.380927085876	-0.076	-0.552	2.044
0.385261058807	-0.064	-0.168	-0.244
0.389590978622	0.072	0.1	-0.672
0.393919944763	0.208	-0.492	2.044
0.398241043091	-0.34	-0.06	0.76
0.40256690979	-0.184	0.14	-1.348
0.406888961792	-0.184	0.14	-1.348
0.411211967468	0.092	-0.416	2.044
0.415531873703	-0.052	-0.14	1.848
0.419859886169	0.196	0.364	-1.556
0.424179077148	0.172	-0.348	1.872
0.428498983383	-0.048	-0.436	2.044
0.432825088501	-0.052	0.404	-1.348
0.437146902084	-0.052	0.404	-1.348
0.441468000412	0.02	-0.044	0.868
0.445786952972	-0.064	-0.632	2.044
0.45011305809	-0.072	-0.076	-0.756
0.454433917999	0.116	-0.036	-0.176
0.458755016327	0.004	-0.532	2.044
0.463082075119	-0.372	-0.136	0.16
0.467402935028	-0.372	-0.136	0.16
0.471724033356	-0.104	0.092	-1.008
0.47604393959	-0.02	-0.372	2.044
0.480365037918	-0.04	-0.08	1.244
0.484695911407	0.12	0.288	-1.488
0.489014863968	0.24	-0.312	2.044
0.493335008621	0.24	-0.312	2.044
0.497653961182	-0.024	-0.34	2.044
0.501980066299	0.024	0.448	-1.504
0.506299972534	0.068	-0.196	1.48
0.510626077652	0.04	-0.42	2.044
0.514945030212	-0.268	0.232	-1.14
0.519270896912	0.168	-0.26	0.416
0.523590087891	0.168	-0.26	0.416
0.527913093567	-0.104	-0.44	2.044
0.53223991394	-0.32	0.108	-0.38
0.536561965942	-0.152	-0.076	-0.576
0.540889024734	0.02	-0.284	2.044
0.545208930969	0.0	-0.096	0.624
0.549524068832	0.0	-0.096	0.624
0.553834915161	-0.088	0.048	-1.268
0.558156013489	0.288	-0.28	2.044
0.562547922134	-0.008	-0.192	1.7
0.566869974136	-0.052	0.216	-1.572
0.571197032928	0.112	-0.232	2.044
0.575515985489	0.124	-0.44	2.044
0.579840898514	0.124	-0.44	2.044
0.584160089493	-0.184	0.216	-1.404
0.588479995728	0.232	-0.284	1.016
0.592804908752	-0.172	-0.404	2.044
0.597130060196	-0.356	0.224	-0.864
0.601450920105	0.06	0.044	-0.036
0.605781078339	-0.048	-0.316	2.044
0.610107898712	-0.048	-0.316	2.044
0.614429950714	-0.076	-0.112	0.036
0.618749856949	0.004	0.052	-0.896
0.623074054718	0.288	-0.412	2.044
0.627394914627	-0.196	-0.12	1.076
0.631716012955	-0.1	0.052	-1.456
0.636036872864	-0.1	0.052	-1.456
0.640357971191	0.12	-0.384	2.044
0.644680976868	0.136	-0.2	2.044
0.648999929428	-0.004	0.292	-1.536
0.65332698822	0.276	-0.384	1.612
0.657645940781	-0.016	-0.48	2.044
0.661978960037	-0.1	0.312	-1.204
0.666301012039	-0.1	0.312	-1.204
0.670629024506	0.092	-0.012	0.536
0.67494893074	-0.06	-0.624	2.044
0.679275989532	-0.088	-0.112	-0.52
0.683598041534	0.096	0.068	-0.448
0.687916040421	0.056	-0.516	2.044
0.692240953445	-0.42	-0.032	0.464
0.696559906006	-0.42	-0.032	0.464
0.700885057449	-0.108	0.188	-1.18
0.705206871033	-0.112	-0.476	2.044
0.709527015686	-0.088	-0.1	1.58
0.713847875595	0.156	0.388	-1.54
0.718167066574	0.252	-0.28	2.044
0.722522974014	0.252	-0.28	2.044
0.726852893829	-0.02	-0.388	2.044
0.731184005737	-0.044	0.468	-1.452
0.735504865646	0.016	-0.18	1.16
0.739830970764	-0.02	-0.48	2.044
0.744152069092	-0.212	0.044	-0.96
0.748471975327	0.136	-0.184	0.108
0.752796888351	0.136	-0.184	0.108
0.757119894028	-0.06	-0.512	2.044
0.761440992355	-0.324	-0.104	-0.12
0.765762090683	-0.1	-0.052	-0.816
0.770088911057	0.052	-0.332	2.044
0.77440905571	0.028	-0.136	0.944
0.778727054596	0.028	-0.136	0.944
0.783051967621	0.1	0.14	-1.384
0.787370920181	0.252	-0.24	2.044
0.791691064835	-0.028	-0.284	1.984
0.796014070511	-0.064	0.292	-1.56
0.800335884094	0.064	-0.168	1.772
0.804655075073	0.104	-0.44	2.044
0.808974981308	0.104	-0.44	2.044
0.813299894333	-0.204	0.26	-1.292
0.817619085312	0.152	-0.176	0.708
0.821943998337	-0.18	-0.384	2.044
0.826264858246	-0.276	0.1	-0.648
0.830590009689	0.0	-0.012	-0.332
0.834903001785	-0.036	-0.18	2.044
0.839228868484	-0.036	-0.18	2.044
0.843550920486	-0.12	-0.072	0.316
0.847879886627	-0.092	0.008	-1.1
0.852206945419	0.244	-0.42	2.044
0.85652589798	-0.184	-0.112	1.38
0.860852956772	-0.052	0.12	-1.532
0.865176916122	-0.052	0.12	-1.532
0.86950302124	0.088	-0.364	2.044
0.873828887939	0.26	-0.312	2.044
0.878149032593	-0.08	0.252	-1.48
0.882543087006	0.32	-0.444	1.316
0.886864900589	-0.204	-0.428	2.044
0.891192913055	-0.452	0.304	-1.052
0.895514965057	-0.452	0.304	-1.052
0.899842023849	0.084	0.004	0.236
0.904160022736	-0.024	-0.528	2.044
0.908480882645	-0.08	-0.072	-0.244
0.912803888321	0.112	0.068	-0.668
0.917121887207	0.08	-0.5	2.044
0.921438932419	-0.328	-0.08	0.768
0.925760030746	-0.328	-0.08	0.768
0.930098056793	-0.156	0.136	-1.34
0.934419870377	-0.04	-0.496	2.044
0.93874001503	-0.048	-0.172	1.86
0.943065881729	0.224	0.388	-1.56
0.947386980057	0.252	-0.308	1.896
0.951706886292	0.252	-0.308	1.896
0.956027030945	-0.072	-0.428	2.044
0.96034693718	-0.036	0.408	-1.352
0.964667081833	0.024	-0.052	0.824
0.968995094299	0.06	-0.576	2.044
0.973320960999	-0.088	-0.068	-0.752
0.977640867233	0.124	-0.016	-0.188
0.981966972351	0.124	-0.016	-0.188
0.986285924911	0.032	-0.504	2.044
0.990611076355	-0.344	-0.156	0.176
0.99493098259	-0.084	0.088	-1.012
0.999262094498	-0.12	-0.396	2.044
1.00358700752	-0.02	-0.096	1.268
1.00790691376	-0.02	-0.096	1.268
1.0122358799	0.168	0.256	-1.472
1.01655507088	0.264	-0.28	2.044
1.0208799839	-0.024	-0.344	2.044
1.02520108223	0.076	0.416	-1.52
1.02952599525	0.012	-0.228	1.468
1.03384494781	0.084	-0.4	2.044
1.03816390038	0.084	-0.4	2.044
1.04255604744	-0.288	0.228	-1.132
1.04691100121	0.168	-0.264	0.432
1.05124688148	-0.14	-0.436	2.044
1.05557203293	-0.336	0.06	-0.412
1.05990099907	-0.136	-0.088	-0.584
1.064234972	0.016	-0.304	2.044
1.068557024	0.016	-0.304	2.044
1.072879076	0.024	-0.132	0.66
1.07719993591	-0.048	0.04	-1.256
1.08152508736	0.164	-0.348	2.044
1.08584594727	-0.052	-0.184	1.7
1.09018397331	-0.08	0.212	-1.568
1.09450697899	-0.08	0.212	-1.568
1.09882998466	0.04	-0.284	2.04
1.10315203667	0.104	-0.44	2.044
1.10747289658	-0.184	0.208	-1.416
1.11179494858	0.248	-0.292	1.008
1.11611604691	-0.188	-0.408	2.044
1.12043786049	-0.372	0.212	-0.86
1.12475991249	-0.372	0.212	-0.86
1.12910795212	0.088	0.02	-0.04
1.13343501091	-0.004	-0.292	2.044
1.13775587082	-0.1	-0.056	0.036
1.14208292961	0.032	0.04	-0.888
1.14639496803	0.188	-0.428	2.044
1.15070796013	-0.228	-0.116	1.072
1.15503692627	-0.228	-0.116	1.072
1.15935206413	-0.116	0.064	-1.452
1.16367006302	0.052	-0.408	2.044
1.16799807549	0.08	-0.208	2.044
1.17231607437	0.076	0.296	-1.54
1.17663788795	0.268	-0.424	1.616
1.18096899986	0.268	-0.424	1.616
1.18528795242	-0.1	-0.484	2.044
1.18961501122	-0.116	0.308	-1.208
1.19393706322	0.068	-0.02	0.532
1.19826006889	0.004	-0.628	2.044
1.20258688927	-0.112	-0.088	-0.524
1.20690894127	0.108	0.056	-0.444
1.21124601364	0.108	0.056	-0.444
1.21556687355	0.04	-0.5	2.044
1.21988892555	-0.44	-0.044	0.464
1.22421097755	-0.164	0.192	-1.176
1.22853398323	-0.144	-0.488	2.044
1.23286104202	-0.092	-0.088	1.548
1.23718190193	-0.092	-0.088	1.548
1.24150395393	0.2	0.356	-1.528
1.24582386017	0.156	-0.328	2.044
1.25014996529	-0.08	-0.38	2.044
1.25447106361	-0.076	0.468	-1.46
1.25879096985	0.028	-0.196	1.16
1.26311802864	-0.104	-0.492	2.044
1.26744389534	-0.104	-0.492	2.044
1.27177786827	-0.224	0.048	-0.952
1.27610087395	0.176	-0.22	0.112
1.28042197227	-0.12	-0.504	2.044
1.28474402428	-0.364	-0.096	-0.128
1.28906607628	-0.14	-0.064	-0.812
1.29346108437	0.032	-0.396	2.044
1.29778194427	0.032	-0.396	2.044
1.30210900307	-0.024	-0.144	0.936
1.30643105507	0.096	0.144	-1.396
1.31075787544	0.076	-0.324	2.044
1.31508803368	-0.072	-0.28	1.98
1.31941509247	-0.1	0.3	-1.56
1.32373785973	-0.1	0.3	-1.56
1.32805895805	0.06	-0.204	1.768
1.33240509033	0.02	-0.48	2.044
1.33672690392	-0.24	0.272	-1.28
1.34106707573	0.128	-0.224	0.724
1.34538006783	-0.232	-0.392	2.044
1.34969806671	-0.288	0.108	-0.64
1.35402202606	-0.288	0.108	-0.64
1.35834407806	0.0	-0.024	-0.336
1.36266303062	-0.016	-0.18	2.044
1.36698389053	-0.12	-0.048	0.316
1.37131285667	-0.072	0.028	-1.092
1.37563300133	0.316	-0.388	2.044
1.37997293472	-0.168	-0.112	1.388
1.38429403305	-0.168	-0.112	1.388
1.38861608505	-0.032	0.124	-1.54
1.39294290543	0.024	-0.408	2.044
1.39726305008	0.24	-0.344	2.044
1.40158700943	-0.136	0.224	-1.488
1.40591001511	0.336	-0.392	1.316
1.41022992134	0.336	-0.392	1.316
1.4145488739	-0.172	-0.42	2.044
1.4188709259	-0.444	0.312	-1.056
1.42319989204	0.148	0.008	0.232
1.42751789093	-0.016	-0.488	2.044
1.43183898926	-0.056	-0.16	-0.236
1.43616199493	0.108	0.108	-0.672
1.44048190117	0.108	0.108	-0.672
1.44480204582	0.288	-0.484	2.044
1.44912791252	-0.196	-0.132	0.796
1.4534599781	-0.04	0.128	-1.34
1.45778107643	-0.056	-0.512	2.044
1.4621078968	0.032	-0.18	1.864
1.46643090248	0.096	0.36	-1.548
1.47075891495	0.096	0.36	-1.548
1.4750919342	0.32	-0.24	1.896
1.47941803932	0.02	-0.408	2.044
1.48374009132	0.044	0.416	-1.368
1.48806095123	0.044	-0.096	0.836
1.49238204956	-0.004	-0.564	2.044
1.49670505524	-0.004	-0.564	2.044
1.5010330677	-0.06	-0.116	-0.74
1.50535488129	0.12	0.016	-0.184
1.5096809864	0.112	-0.488	2.044
1.51400089264	-0.232	-0.196	0.188
1.51832199097	0.052	0.076	-1.0
1.52264308929	-0.12	-0.38	2.044
1.52696490288	-0.12	-0.38	2.044
1.53129386902	0.052	-0.088	1.268
1.53564190865	0.068	0.3	-1.492
1.53996896744	0.328	-0.248	2.044
1.54428195953	0.024	-0.332	2.044
1.54859399796	0.152	0.4	-1.524
1.55291795731	0.152	0.4	-1.524
1.55724406242	-0.024	-0.24	1.448
1.5615670681	0.144	-0.396	2.044
1.56588792801	-0.328	0.184	-1.136
1.57021594048	0.144	-0.156	0.396
1.57454586029	0.024	-0.404	2.044
1.57886505127	-0.24	-0.068	-0.384
1.58319401741	-0.24	-0.068	-0.384
1.58751606941	0.02	-0.084	-0.584
1.59184408188	0.056	-0.276	2.044
1.59616589546	0.084	-0.168	0.644
1.60048890114	-0.104	0.024	-1.28
1.60481095314	0.42	-0.204	2.044
1.60913586617	0.052	-0.244	1.72
1.61395907402	0.052	-0.244	1.72
1.61828708649	0.072	0.232	-1.564
1.62261605263	0.004	-0.256	2.028
1.62696290016	0.176	-0.452	2.044
1.63128900528	-0.28	0.164	-1.412
1.63561201096	0.136	-0.14	1.008
1.63993287086	-0.016	-0.384	2.044
1.64425492287	-0.016	-0.384	2.044
1.64857697487	-0.268	0.148	-0.868
1.65290498734	0.232	0.064	-0.06
1.6572239399	-0.024	-0.252	2.044
1.66154694557	0.012	-0.268	0.072
1.66586589813	0.048	0.092	-0.916
1.6701939106	0.612	-0.376	2.044
1.67451405525	0.612	-0.376	2.044
1.67883491516	-0.02	-0.192	1.132
1.68315887451	0.188	0.092	-1.432
1.68748092651	-0.08	-0.436	2.044
1.69180989265	0.232	-0.236	2.044
1.69614195824	-0.136	0.216	-1.54
1.70046901703	-0.136	0.216	-1.54
1.70478987694	0.276	-0.216	1.62
1.70911502838	0.068	-0.404	2.044
1.71343398094	0.064	0.364	-1.2
1.71775388718	0.144	-0.044	0.508
1.7220749855	0.028	-0.516	2.044
1.72639393806	0.0	-0.232	-0.492
1.73071408272	0.0	-0.232	-0.492
1.7350320816	0.064	0.144	-0.444
1.73936009407	0.324	-0.472	2.044
1.7436709404	-0.176	-0.084	0.5
1.74798488617	0.148	0.16	-1.184
1.75230193138	-0.208	-0.544	2.044
1.75664591789	-0.208	-0.544	2.044
1.76096892357	0.024	-0.16	1.6
1.7652900219	0.064	0.352	-1.548
1.76961708069	0.332	-0.112	2.044
1.77393889427	0.084	-0.364	2.044
1.77825808525	0.148	0.44	-1.456
1.78258490562	0.008	-0.22	1.136
1.78690505028	0.008	-0.22	1.136
1.79123091698	0.104	-0.428	2.044
1.7955520153	-0.128	-0.044	-0.948
1.79987502098	0.108	-0.06	0.084
1.80419898033	0.204	-0.472	2.044
1.80851888657	-0.112	-0.196	-0.092
1.81284809113	0.168	-0.048	-0.812
1.81717801094	0.168	-0.048	-0.812
1.82150602341	0.052	-0.316	2.044
1.82582592964	0.16	-0.184	0.98
1.83015203476	0.024	0.164	-1.4
1.83447289467	0.372	-0.072	2.044
1.83879303932	0.072	-0.284	2.016
1.84312796593	0.072	-0.284	2.016
1.84744691849	0.192	0.256	-1.536
1.85177397728	0.008	-0.156	1.716
1.85609388351	0.244	-0.388	2.044
1.86041998863	-0.216	0.212	-1.292
1.86474204063	0.008	0.024	0.668
1.86906409264	0.08	-0.368	2.044
1.87346386909	0.08	-0.368	2.044
1.87778496742	-0.108	-0.112	-0.596
1.8821079731	0.204	0.0	-0.336
1.88642191887	0.012	-0.156	2.044
1.89074802399	0.112	-0.232	0.36
1.89506793022	-0.128	0.016	-1.124
1.89939689636	0.596	-0.24	2.044
1.90372896194	0.596	-0.24	2.044
1.90804886818	-0.052	-0.2	1.456
1.91237092018	0.304	0.212	-1.508
1.91669106483	-0.232	-0.372	2.044
1.92101192474	0.308	-0.408	2.044
1.9253320694	-0.26	0.072	-1.504
1.92965888977	-0.26	0.072	-1.504
1.93398094177	0.156	-0.14	1.316
1.93831300735	0.052	-0.364	2.044
1.94263696671	-0.172	0.324	-1.036
1.94696998596	0.252	0.04	0.216
1.95128488541	-0.044	-0.368	2.044
1.95561099052	0.048	-0.304	-0.2
1.9599339962	0.048	-0.304	-0.2
1.96425509453	0.056	0.176	-0.696
1.96857500076	0.56	-0.428	2.044
1.97290205956	0.132	-0.128	0.852
1.97722196579	0.368	0.112	-1.316
1.98154807091	-0.176	-0.612	2.044
1.98586893082	0.144	-0.236	1.9
1.99019098282	0.144	-0.236	1.9
1.99451088905	-0.076	0.312	-1.568
1.99883294106	0.276	-0.012	1.904
2.00317907333	0.132	-0.328	2.044
2.00750088692	0.424	0.452	-1.312
2.01182889938	0.064	-0.172	0.808
2.01614904404	0.064	-0.172	0.808
2.02047491074	0.044	-0.384	2.044
2.02479600906	0.064	-0.216	-0.7
2.02912402153	0.036	0.116	-0.208
2.03344297409	0.324	-0.452	2.044
2.03776288033	0.144	-0.2	0.244
2.04208302498	0.328	0.068	-0.992
2.04640388489	0.328	0.068	-0.992
2.05072593689	-0.14	-0.384	2.044
2.05504989624	0.204	-0.16	1.316
2.05938601494	0.044	0.288	-1.5
2.06370186806	0.224	-0.02	2.044
2.06802201271	0.116	-0.304	2.044
2.07234597206	0.116	-0.304	2.044
2.07666707039	0.412	0.296	-1.488
2.08098697662	-0.04	-0.228	1.408
2.08530902863	0.284	-0.344	2.044
2.08963394165	-0.168	0.1	-1.116
2.09395599365	0.0	0.04	0.356
2.09826588631	0.176	-0.384	2.044
2.10258698463	0.176	-0.384	2.044
2.10690593719	0.008	-0.164	-0.328
2.11123299599	0.2	-0.048	-0.58
2.11555600166	0.128	-0.308	2.044
2.11988902092	0.232	-0.24	0.696
2.12420892715	-0.124	-0.052	-1.284
2.12853097916	0.396	-0.076	2.044
2.13285398483	0.396	-0.076	2.044
2.13717603683	0.116	-0.24	1.764
2.14150285721	0.236	0.22	-1.532
2.14581489563	-0.084	-0.26	2.004
2.15013003349	0.244	-0.428	2.044
2.15444493294	-0.232	0.096	-1.412
2.1587600708	-0.232	0.096	-1.412
2.16308498383	-0.048	-0.056	0.984
2.16740703583	0.076	-0.356	2.044
2.17174506187	-0.048	0.092	-0.812
2.17606592178	0.304	0.088	-0.068
2.18040299416	-0.016	-0.228	2.044
2.18472504616	0.068	-0.336	0.108
2.18904590607	0.068	-0.336	0.108
2.19336605072	0.036	0.14	-0.924
2.19768595695	0.696	-0.32	2.044
2.20200705528	0.096	-0.204	1.152
2.20634102821	0.476	0.14	-1.428
2.21066594124	-0.228	-0.488	2.044
2.21498799324	-0.228	-0.488	2.044
2.21932697296	0.264	-0.292	2.044
2.22365999222	-0.168	0.14	-1.544
2.22798204422	0.136	-0.024	1.596
2.23230290413	0.124	-0.352	2.044
2.23662304878	0.276	0.464	-1.188
2.24094295502	0.164	-0.072	0.516
2.24526286125	0.164	-0.072	0.516
2.24958896637	0.028	-0.416	2.044
2.2539088726	0.036	-0.308	-0.452
2.25822997093	-0.004	0.204	-0.492
2.26255702972	0.404	-0.444	2.044
2.26687693596	0.1	-0.088	0.544
2.2712059021	0.38	0.116	-1.168
2.2755279541	0.38	0.116	-1.168
2.27986001968	-0.172	-0.54	2.044
2.28418302536	0.172	-0.204	1.628
2.28850197792	-0.008	0.296	-1.544
2.29282903671	0.104	0.052	2.044
2.2971470356	0.136	-0.312	2.044
2.30148386955	0.136	-0.312	2.044
2.30580401421	0.388	0.38	-1.424
2.31012988091	-0.004	-0.22	1.112
2.31445193291	0.168	-0.348	2.044
2.31877207756	0.004	-0.088	-0.912
2.32309699059	0.0	0.016	0.06
2.32740807533	0.28	-0.412	2.044
2.3317360878	0.28	-0.412	2.044
2.33605599403	0.184	-0.176	-0.044
2.34038591385	0.336	-0.008	-0.8
2.34469985962	0.044	-0.304	2.044
2.34901309013	0.268	-0.216	1.024
2.35333585739	-0.024	0.112	-1.412
2.35765886307	0.236	0.008	2.044
2.36197900772	0.236	0.008	2.044
2.36629796028	0.096	-0.26	2.04
2.37062501907	0.376	0.196	-1.516
2.37494397163	0.0	-0.188	1.708
2.37927699089	0.34	-0.336	2.044
2.38359808922	-0.14	0.16	-1.268
2.38791894913	-0.14	0.16	-1.268
2.39224004745	-0.112	0.092	0.644
2.39656090736	0.124	-0.34	2.044
2.40088200569	0.028	-0.136	-0.568
2.40520501137	0.192	0.04	-0.332
2.40952706337	0.032	-0.208	2.044
2.4138469696	0.168	-0.296	0.396
2.41816592216	0.168	-0.296	0.396
2.42253088951	-0.112	0.032	-1.148
2.42685294151	0.488	-0.152	2.044
2.43118190765	-0.012	-0.216	1.452
2.43550395966	0.392	0.224	-1.496
2.43982601166	-0.268	-0.4	2.044
2.44414806366	-0.268	-0.4	2.044
2.44846892357	0.228	-0.416	2.044
2.45279598236	-0.272	0.016	-1.492
2.45711708069	-0.12	0.004	1.276
2.46144294739	0.072	-0.344	2.044
2.46576690674	0.008	0.356	-1.012
2.47009205818	0.26	0.064	0.208
2.47442507744	0.26	0.064	0.208
2.47874403	-0.036	-0.36	2.044
2.48307991028	-0.008	-0.34	-0.16
2.48740196228	0.008	0.208	-0.716
2.49172496796	0.492	-0.404	2.044
2.49604487419	0.276	-0.096	0.856
2.50037097931	0.52	0.132	-1.3
2.50469207764	0.52	0.132	-1.3
2.50901198387	-0.24	-0.584	2.044
2.51334095001	0.192	-0.26	1.928
2.51766109467	-0.128	0.248	-1.564
2.52198290825	-0.004	0.104	1.876
2.52630400658	0.128	-0.276	2.044
2.5306289196	0.128	-0.276	2.044
2.53495001793	0.568	0.448	-1.3
2.53928089142	0.064	-0.188	0.804
2.54360508919	0.06	-0.3	2.044
2.54791808128	0.024	-0.184	-0.684
2.55223488808	-0.06	0.132	-0.224
2.55655908585	0.216	-0.424	2.044
2.56087994576	0.216	-0.424	2.044
2.56520104408	0.292	-0.16	0.252
2.56952595711	0.388	0.096	-0.996
2.57384705544	-0.144	-0.392	2.044
2.57816791534	0.236	-0.188	1.336
2.58255505562	-0.02	0.24	-1.492
2.58687806129	0.0	0.028	2.044
2.59123086929	0.0	0.028	2.044
2.59554386139	0.096	-0.28	2.044
2.59986591339	0.464	0.236	-1.464
2.60418796539	-0.052	-0.224	1.416
2.60851287842	0.316	-0.308	2.044
2.61283993721	-0.048	0.104	-1.096
2.61716198921	-0.048	0.104	-1.096
2.62149095535	-0.132	0.136	0.328
2.62580990791	0.124	-0.352	2.044
2.63013601303	0.124	-0.168	-0.312
2.63445806503	0.192	0.02	-0.592
2.63877797127	0.18	-0.34	2.044
2.64311790466	0.236	-0.276	0.716
2.64743685722	0.236	-0.276	0.716
2.65176486969	-0.132	-0.08	-1.292
2.65608692169	0.184	-0.04	2.044
2.66040992737	0.12	-0.256	1.78
2.6647400856	0.24	0.188	-1.52
2.66905999184	-0.096	-0.3	1.988
2.67341899872	0.208	-0.44	2.044
2.67773890495	0.208	-0.44	2.044
2.68206000328	-0.116	0.076	-1.396
2.68638086319	-0.276	0.028	0.94
2.69070696831	0.06	-0.324	2.044
2.69502687454	0.116	0.116	-0.78
2.69936609268	0.288	0.12	-0.076
2.70368599892	0.288	0.12	-0.076
2.7080180645	-0.012	-0.284	2.044
2.71233987808	0.032	-0.376	0.128
2.71665906906	0.012	0.16	-0.936
2.7209789753	0.444	-0.26	2.044
2.72530007362	0.128	-0.2	1.18
2.72962498665	0.496	0.232	-1.408
2.73394489288	0.496	0.232	-1.408
2.73826503754	-0.356	-0.416	2.044
2.74259305	0.256	-0.336	2.044
2.7469060421	-0.172	0.06	-1.544
2.75122404099	-0.236	0.14	1.56
2.75554800034	0.068	-0.304	2.044
2.75987005234	0.068	-0.304	2.044
2.76419091225	0.42	0.488	-1.16
2.7685110569	0.144	-0.052	0.492
2.77283596992	-0.008	-0.304	2.044
2.77715706825	-0.044	-0.24	-0.428
2.78148508072	-0.124	0.204	-0.5
2.78584289551	0.248	-0.416	2.044
2.79017090797	0.248	-0.416	2.044
2.79449105263	0.244	-0.064	0.568
2.79881095886	0.448	0.128	-1.16
2.80314803123	-0.168	-0.552	2.044
2.80747294426	0.18	-0.248	1.648
2.81180095673	-0.06	0.248	-1.548
2.81612205505	-0.132	0.092	2.044
2.82044696808	-0.132	0.092	2.044
2.82476806641	0.096	-0.3	2.044
2.82909488678	0.456	0.308	-1.384
2.83341598511	-0.048	-0.228	1.096
2.83773708344	0.168	-0.3	2.044
2.84205698967	0.036	0.04	-0.888
2.8463768959	0.036	0.04	-0.888
2.8507039547	-0.136	0.08	0.024
2.85502386093	0.172	-0.376	2.044
2.85936594009	0.284	-0.14	-0.028
2.86368608475	0.336	0.048	-0.808
2.86800694466	0.012	-0.364	2.044
2.87232804298	0.256	-0.252	1.032
2.87665200233	0.256	-0.252	1.032
2.88097190857	-0.048	0.092	-1.404
2.8852930069	-0.028	0.02	2.044
2.8896188736	0.064	-0.24	2.044
2.89393997192	0.344	0.148	-1.492
2.89825892448	0.016	-0.248	1.7
2.9025850296	0.3	-0.328	2.044
2.90691494942	0.3	-0.328	2.044
2.91123795509	-0.068	0.204	-1.248
2.9155600071	-0.196	0.148	0.616
2.91988706589	0.056	-0.352	2.044
2.9242079258	0.14	-0.104	-0.56
2.92852902412	0.184	0.076	-0.352
2.93285608292	0.184	0.076	-0.352
2.93717503548	0.02	-0.292	2.044
2.94155097008	0.164	-0.32	0.432
2.94586586952	-0.12	0.04	-1.128
2.95018386841	0.184	-0.1	2.044
2.95450496674	-0.032	-0.228	1.472
2.95882487297	0.3	0.284	-1.48
2.96316099167	0.3	0.284	-1.48
2.96747899055	-0.352	-0.392	2.044
2.97180604935	0.168	-0.436	2.044
2.97612500191	-0.172	-0.024	-1.484
2.98045301437	-0.348	0.112	1.22
2.98477196693	-0.008	-0.348	2.044
2.98909807205	-0.008	-0.348	2.044
2.99341702461	0.184	0.344	-0.984
2.99773597717	0.216	0.096	0.22
3.00205397606	-0.04	-0.364	2.044
3.00637388229	-0.116	-0.288	-0.152
3.01070308685	-0.1	0.208	-0.724
3.01502299309	0.328	-0.408	2.044
3.01936292648	0.328	-0.408	2.044
3.02368187904	0.32	-0.092	0.86
3.02800989151	0.544	0.168	-1.296
3.03233003616	-0.292	-0.54	2.044
3.03665089607	0.168	-0.28	1.94
3.04101490974	-0.164	0.244	-1.572
3.04534006119	-0.148	0.128	1.864
3.04966688156	-0.148	0.128	1.864
3.05398893356	0.096	-0.28	2.044
3.05830907822	0.584	0.448	-1.284
3.06263589859	0.008	-0.208	0.796
3.06695699692	0.02	-0.264	2.044
3.07128286362	-0.048	-0.104	-0.672
3.07560896873	-0.048	-0.104	-0.672
3.07993197441	-0.116	0.132	-0.24
3.08425402641	0.14	-0.424	2.044
3.08857393265	0.324	-0.14	0.288
3.09290099144	0.372	0.096	-1.0
3.09721708298	-0.164	-0.436	2.044
3.10154795647	0.208	-0.216	1.352
3.1058678627	0.208	-0.216	1.352
3.11019396782	-0.06	0.208	-1.496
3.11451601982	-0.236	0.036	2.044
3.11883687973	0.06	-0.276	2.044
3.12317585945	0.416	0.188	-1.456
3.12749695778	-0.036	-0.22	1.4
3.13182592392	0.272	-0.324	2.044
3.13614606857	0.272	-0.324	2.044
3.14047193527	-0.068	0.124	-1.08
3.14478802681	-0.12	0.156	0.3
3.14916205406	0.08	-0.36	2.044
3.15347886086	0.188	-0.172	-0.3
3.15779304504	0.184	0.064	-0.588
3.16211009026	0.184	0.064	-0.588
3.16643404961	0.148	-0.396	2.044
3.17076086998	0.188	-0.288	0.724
3.17508101463	-0.144	-0.076	-1.292
3.1794230938	-0.104	-0.02	2.044
3.18374490738	0.056	-0.252	1.776
3.18807888031	0.196	0.176	-1.504
3.19239997864	0.196	0.176	-1.504
3.19671988487	-0.1	-0.364	1.98
3.20104193687	0.132	-0.396	2.044
3.20536208153	-0.044	0.1	-1.38
3.20969200134	-0.38	0.064	0.912
3.21401405334	-0.052	-0.352	2.044
3.21833491325	-0.052	-0.352	2.044
3.22266292572	0.18	0.136	-0.768
3.22698187828	0.252	0.144	-0.084
3.2313079834	0.016	-0.344	2.044
3.23562908173	-0.032	-0.328	0.14
3.23995089531	-0.032	0.168	-0.944
3.24427199364	0.308	-0.26	2.044
3.24858999252	0.308	-0.26	2.044
3.25291585922	0.136	-0.176	1.168
3.25723385811	0.448	0.256	-1.4
3.26155996323	-0.4	-0.38	2.044
3.26588106155	0.204	-0.344	2.044
3.27021193504	-0.168	0.044	-1.544
3.27453398705	-0.376	0.172	1.528
3.2788579464	-0.376	0.172	1.528
3.28319597244	0.012	-0.28	2.044
3.28751587868	0.432	0.5	-1.132
3.29183888435	0.08	-0.088	0.488
3.29615902901	-0.064	-0.328	2.044
3.3004860878	-0.188	-0.156	-0.424
3.30480790138	-0.188	-0.156	-0.424
3.30913591385	-0.164	0.196	-0.5
3.31345295906	0.092	-0.392	2.044
3.31777405739	0.312	-0.084	0.58
3.3220949173	0.416	0.144	-1.16
3.32641386986	-0.116	-0.54	2.044
3.33074092865	0.156	-0.268	1.676
3.33506202698	0.156	-0.268	1.676
3.33943295479	-0.136	0.208	-1.548
3.34375095367	-0.42	0.116	2.044
3.34806609154	0.04	-0.3	2.044
3.35238289833	0.436	0.256	-1.368
3.35670804977	-0.036	-0.208	1.096
3.36102986336	0.072	-0.324	2.044
3.36534905434	0.072	-0.324	2.044
3.36967492104	-0.092	0.084	-0.884
3.37399697304	-0.156	0.108	0.016
3.3783159256	0.036	-0.372	2.044
3.38264298439	0.284	-0.132	-0.024
3.38696289062	0.28	0.108	-0.82
3.39129900932	0.28	0.108	-0.82
3.39561986923	0.068	-0.372	2.044
3.3999478817	0.2	-0.284	1.048
3.4042699337	-0.112	0.036	-1.416
3.40859103203	-0.288	-0.008	2.044
3.41291689873	-0.004	-0.244	2.044
3.41723704338	0.272	0.12	-1.476
3.42156386375	0.272	0.12	-1.476
3.42588400841	0.032	-0.256	1.692
3.43020987511	0.104	-0.28	2.044
3.43453097343	-0.036	0.22	-1.232
3.43885302544	-0.232	0.128	0.592
3.44319200516	-0.076	-0.364	2.044
3.44751286507	-0.076	-0.364	2.044
3.45184206963	0.128	-0.056	-0.536
3.45616388321	0.1	0.12	-0.368
3.46048998833	0.096	-0.416	2.044
3.46480989456	0.132	-0.284	0.432
3.46913695335	-0.128	0.052	-1.144
3.47345805168	-0.052	-0.1	2.044
3.47778201103	-0.052	-0.1	2.044
3.48210501671	-0.012	-0.236	1.476
3.48642706871	0.14	0.292	-1.476
3.49074792862	-0.324	-0.38	2.044
3.49506902695	0.004	-0.428	2.044
3.49939799309	-0.144	-0.016	-1.472
3.50372099876	-0.52	0.14	1.2
3.50804185867	-0.52	0.14	1.2
3.51237487793	-0.088	-0.34	2.044
3.51669692993	0.248	0.34	-0.968
3.52101802826	0.16	0.104	0.176
3.52533507347	-0.092	-0.448	2.044
3.52966403961	-0.232	-0.18	-0.148
3.53398704529	-0.232	-0.18	-0.148
3.5383079052	-0.128	0.184	-0.724
3.54263186455	0.076	-0.384	2.044
3.54694986343	0.34	-0.1	0.88
3.55126690865	0.404	0.252	-1.296
3.555590868	-0.216	-0.472	2.044
3.55991292	0.116	-0.304	1.96
3.56424593925	0.116	-0.304	1.96
3.56856608391	-0.176	0.188	-1.556
3.57289505005	-0.48	0.16	1.816
3.57721495628	-0.036	-0.276	2.044
3.58154296875	0.532	0.404	-1.252
3.58586192131	-0.024	-0.2	0.78
3.5901889801	-0.144	-0.304	2.044
3.59451007843	-0.144	-0.304	2.044
3.59883093834	-0.244	0.008	-0.672
3.60315799713	-0.132	0.128	-0.252
3.60748004913	-0.092	-0.4	2.044
3.6118118763	0.312	-0.132	0.276
3.61613202095	0.24	0.132	-1.0
3.62045407295	0.24	0.132	-1.0
3.62476992607	-0.028	-0.436	2.044
3.62909793854	0.16	-0.248	1.388
3.63342785835	-0.136	0.16	-1.496
3.63774991035	-0.484	0.032	2.044
3.64207005501	-0.02	-0.272	2.044
3.64639186859	0.24	0.132	-1.436
3.65071797371	0.24	0.132	-1.436
3.65503787994	-0.02	-0.192	1.4
3.65937209129	0.1	-0.324	2.044
3.66369199753	-0.048	0.204	-1.06
3.66801285744	-0.152	0.18	0.296
3.67233395576	-0.072	-0.36	2.044
3.67665505409	-0.072	-0.36	2.044
3.68097901344	0.2	-0.172	-0.284
3.68530106544	0.124	0.112	-0.616
3.68962693214	0.132	-0.42	2.044
3.69394803047	0.128	-0.288	0.74
3.69826602936	-0.136	-0.084	-1.284
3.7025949955	-0.228	-0.036	2.044
3.7069170475	-0.228	-0.036	2.044
3.71124505997	0.028	-0.248	1.788
3.71556687355	-0.008	0.184	-1.508
3.71988797188	-0.024	-0.388	1.968
3.72421193123	0.048	-0.408	2.044
3.72852993011	-0.068	0.128	-1.372
3.73285794258	-0.404	0.08	0.884
3.73717808723	-0.404	0.08	0.884
3.74150490761	-0.092	-0.336	2.044
3.74582386017	0.184	0.188	-0.768
3.75014090538	0.164	0.164	-0.104
3.75448203087	-0.052	-0.46	2.044
3.75880503654	-0.116	-0.28	0.144
3.76313400269	-0.116	-0.28	0.144
3.76745486259	-0.092	0.176	-0.952
3.77178406715	-0.008	-0.252	2.044
3.77610588074	0.12	-0.172	1.176
3.78043293953	0.26	0.332	-1.408
3.78478598595	-0.292	-0.308	2.044
3.78911805153	0.08	-0.36	2.044
3.79343891144	0.08	-0.36	2.044
3.79776096344	-0.18	0.044	-1.536
3.80208301544	-0.528	0.216	1.508
3.80640292168	-0.048	-0.308	2.044
3.81078791618	0.38	0.456	-1.128
3.81511306763	0.032	-0.076	0.472
3.81943488121	-0.192	-0.376	2.044
3.82375693321	-0.192	-0.376	2.044
3.82807898521	-0.344	-0.076	-0.424
3.83240199089	-0.184	0.184	-0.504
3.83672499657	-0.092	-0.408	2.044
3.84104585648	0.316	-0.112	0.572
3.84536600113	0.328	0.168	-1.164
3.84969091415	0.328	0.168	-1.164
3.85401201248	-0.088	-0.484	2.044
3.85833287239	0.12	-0.28	1.668
3.86265993118	-0.196	0.204	-1.548
3.86698102951	-0.52	0.092	2.044
3.87130689621	0.004	-0.288	2.044
3.87563800812	0.336	0.216	-1.364
3.87997603416	0.336	0.216	-1.364
3.88429808617	-0.064	-0.168	1.084
3.88861894608	0.036	-0.324	2.044
3.89294600487	-0.072	0.232	-0.876
3.8972659111	-0.18	0.12	0.0
3.90157985687	-0.104	-0.368	2.044
3.90590190887	0.264	-0.128	-0.008
3.91022396088	0.264	-0.128	-0.008
3.9145450592	0.184	0.148	-0.828
3.91886591911	-0.036	-0.384	2.044
3.92319393158	0.084	-0.272	1.06
3.92751407623	-0.128	0.016	-1.412
3.93184304237	-0.432	-0.044	2.044
3.93616509438	-0.432	-0.044	2.044
3.94049191475	-0.056	-0.236	2.044
3.94480490685	0.092	0.112	-1.476
3.94914889336	0.076	-0.284	1.68
3.95347309113	0.096	-0.28	2.044
3.95779299736	-0.064	0.24	-1.236
3.96211600304	-0.216	0.132	0.584
3.96643686295	-0.216	0.132	0.584
3.97076392174	-0.068	-0.4	2.044
3.97508597374	0.096	-0.02	-0.524
3.97942304611	0.052	0.128	-0.384
3.98374199867	0.02	-0.476	2.044
3.98806405067	0.048	-0.268	0.436
3.99238395691	0.048	-0.268	0.436
3.99671506882	-0.144	0.06	-1.136
4.0010368824	-0.284	-0.124	2.044
4.00535798073	-0.032	-0.216	1.46
4.00968503952	-0.072	0.324	-1.484
4.01400995255	-0.2	-0.368	2.044
4.01833200455	-0.08	-0.444	2.044
4.02265906334	-0.08	-0.444	2.044
4.02697992325	-0.116	0.004	-1.468
4.03130793571	-0.556	0.156	1.172
4.03562903404	-0.132	-0.356	2.044
4.03995108604	0.26	0.316	-0.932
4.04427194595	0.1	0.096	0.168
4.04858899117	-0.192	-0.508	2.044
4.05291604996	-0.192	-0.508	2.044
4.05723690987	-0.324	-0.096	-0.16
4.06156587601	-0.172	0.192	-0.74
4.06588792801	-0.128	-0.432	2.044
4.07021594048	0.308	-0.12	0.88
4.07453608513	0.324	0.272	-1.3
4.07885694504	0.324	0.272	-1.3
4.08318591118	-0.172	-0.384	2.044
4.08750796318	0.056	-0.304	1.948
4.09183692932	-0.204	0.184	-1.568
4.09615802765	-0.528	0.14	1.812
4.10048294067	-0.064	-0.276	2.044
4.10480499268	0.448	0.364	-1.264
4.10913085938	0.448	0.364	-1.264
4.11345005035	-0.056	-0.192	0.756
4.11778092384	-0.136	-0.324	2.044
4.12210297585	-0.28	0.148	-0.676
4.12642502785	-0.148	0.124	-0.268
4.13075304031	-0.188	-0.392	2.044
4.13507390022	-0.188	-0.392	2.044
4.13941597939	0.3	-0.148	0.288
4.14372897148	0.132	0.144	-1.012
4.14804387093	-0.056	-0.456	2.044
4.15235900879	0.096	-0.232	1.372
4.156676054	-0.116	0.112	-1.488
4.16098999977	-0.544	0.004	2.044
4.16530609131	-0.544	0.004	2.044
4.16962194443	-0.084	-0.284	2.044
4.17394590378	0.116	0.096	-1.432
4.17826509476	0.004	-0.18	1.376
4.18259191513	-0.02	-0.352	2.044
4.18691706657	-0.092	0.216	-1.072
4.19124603271	-0.136	0.184	0.28
4.19556689262	-0.136	0.184	0.28
4.19990992546	-0.14	-0.364	2.044
4.20423293114	0.144	-0.16	-0.284
4.20855402946	0.044	0.164	-0.632
4.21288108826	0.156	-0.456	2.044
4.21720600128	0.088	-0.308	0.744
4.22153186798	0.088	-0.308	0.744
4.22585201263	-0.152	-0.076	-1.3
4.2301800251	-0.476	-0.084	2.044
4.23450088501	-0.052	-0.252	1.784
4.23883295059	-0.16	0.164	-1.496
4.24316096306	0.008	-0.428	1.952
4.24748086929	-0.08	-0.392	2.044
4.25181007385	-0.08	-0.392	2.044
4.25613093376	0.024	0.184	-1.352
4.26045703888	-0.42	0.068	0.892
4.26477694511	-0.196	-0.368	2.044
4.26910495758	0.172	0.176	-0.752
4.27342486382	0.116	0.18	-0.14
4.27774500847	-0.088	-0.532	2.044
4.28208208084	-0.088	-0.532	2.044
4.28643393517	-0.188	-0.188	0.132
4.29076099396	-0.124	0.188	-0.948
4.29508304596	-0.152	-0.28	2.044
4.2994260788	0.096	-0.18	1.18
4.30374693871	0.116	0.368	-1.42
4.30806803703	0.116	0.368	-1.42
4.31238794327	-0.272	-0.26	2.044
4.31670999527	0.016	-0.368	2.044
4.3210299015	-0.172	0.04	-1.532
4.32535195351	-0.536	0.228	1.484
4.32967805862	-0.116	-0.296	2.044
4.3340010643	0.336	0.416	-1.124
4.33832097054	0.336	0.416	-1.124
4.34264397621	0.004	-0.08	0.472
4.34695506096	-0.204	-0.392	2.044
4.35127806664	-0.384	0.028	-0.432
4.35560297966	-0.204	0.168	-0.516
4.35995697975	-0.172	-0.416	2.044
4.36427998543	0.32	-0.144	0.584
4.36859989166	0.32	-0.144	0.584
4.37292599678	0.216	0.184	-1.168
4.37724590302	-0.052	-0.468	2.044
4.38157391548	0.112	-0.256	1.676
4.38589286804	-0.164	0.16	-1.536
4.39022088051	-0.572	0.08	2.044
4.39454197884	-0.572	0.08	2.044
4.39886188507	-0.068	-0.3	2.044
4.40318894386	0.26	0.172	-1.368
4.40751004219	-0.084	-0.164	1.064
4.41183495522	-0.06	-0.376	2.044
4.41615891457	-0.128	0.232	-0.892
4.42048788071	-0.184	0.136	-0.012
4.42480897903	-0.184	0.136	-0.012
4.42913603783	-0.168	-0.38	2.044
4.43345689774	0.22	-0.132	-0.016
4.43777799606	0.096	0.18	-0.852
4.4420979023	0.072	-0.412	2.044
4.44641804695	0.108	-0.312	1.064
4.45074295998	0.108	-0.312	1.064
4.45506286621	-0.144	0.016	-1.408
4.45939207077	-0.54	-0.092	2.044
4.46371293068	-0.092	-0.24	2.044
4.46803689003	-0.016	0.1	-1.492
4.47235894203	0.044	-0.3	1.66
4.47667908669	-0.064	-0.3	2.044
4.4810090065	-0.064	-0.3	2.044
4.48533391953	-0.076	0.28	-1.228
4.4896569252	-0.152	0.104	0.588
4.49397802353	-0.188	-0.392	2.044
4.49829888344	0.036	-0.024	-0.54
4.50262498856	-0.016	0.152	-0.384
4.50694608688	-0.068	-0.532	2.044
4.51127386093	-0.068	-0.532	2.044
4.51559591293	-0.032	-0.228	0.432
4.51994109154	-0.156	0.136	-1.148
4.5242638588	-0.396	-0.164	2.044
4.52858495712	-0.052	-0.252	1.48
4.53291296959	-0.248	0.344	-1.492
4.53723406792	-0.248	0.344	-1.492
4.54156208038	-0.116	-0.356	2.044
4.54587602615	-0.148	-0.44	2.044
4.55019688606	-0.124	0.044	-1.472
4.55452203751	-0.56	0.168	1.168
4.55884408951	-0.184	-0.364	2.044
4.56317186356	0.248	0.28	-0.956
4.56749105453	0.248	0.28	-0.956
4.57182002068	0.04	0.112	0.164
4.57613801956	-0.212	-0.572	2.044
4.58046507835	-0.384	-0.004	-0.132
4.58478808403	-0.196	0.184	-0.756
4.58911585808	-0.26	-0.436	2.044
4.59343600273	-0.26	-0.436	2.044
4.59775686264	0.276	-0.16	0.884
4.60208892822	0.076	0.332	-1.32
4.60641002655	-0.068	-0.3	2.044
4.61073708534	0.016	-0.296	1.96
4.61505699158	-0.184	0.148	-1.568
4.61939787865	-0.576	0.112	1.776
4.62371993065	-0.576	0.112	1.776
4.62804508209	-0.148	-0.3	2.044
4.63236689568	0.268	0.24	-1.272
4.636687994	-0.08	-0.196	0.744
4.64100909233	-0.236	-0.416	2.044
4.64533996582	-0.392	0.228	-0.696
4.64966893196	-0.144	0.108	-0.272
4.65399098396	-0.144	0.108	-0.272
4.65831208229	-0.328	-0.416	2.044
4.66263508797	0.216	-0.172	0.288
4.66695308685	-0.052	0.164	-1.04
4.67128205299	0.084	-0.432	2.044
4.6756029129	0.044	-0.26	1.38
4.67992806435	0.044	-0.26	1.38
4.68427205086	-0.168	0.084	-1.496
4.68859386444	-0.628	-0.056	2.044
4.692923069	-0.124	-0.264	2.044
4.69724297523	-0.136	0.048	-1.46
4.70157194138	0.008	-0.156	1.364
4.70589208603	-0.14	-0.36	2.044
4.7102189064	-0.14	-0.36	2.044
4.71454000473	-0.144	0.3	-1.064
4.71886086464	-0.108	0.172	0.288
4.72319602966	-0.216	-0.388	2.044
4.72751808167	0.072	-0.204	-0.272
4.73184704781	-0.024	0.196	-0.648
4.73616695404	0.032	-0.452	2.044
4.74049186707	0.032	-0.452	2.044
4.74480390549	-0.04	-0.252	0.764
4.74914598465	-0.152	-0.02	-1.304
4.75347495079	-0.54	-0.144	2.044
4.75779700279	-0.12	-0.252	1.788
4.7621178627	-0.312	0.18	-1.516
4.76644086838	-0.312	0.18	-1.516
4.77076792717	0.068	-0.424	1.948
4.77508807182	-0.124	-0.372	2.044
4.77941608429	0.016	0.172	-1.356
4.7837369442	-0.392	0.068	0.876
4.78806400299	-0.228	-0.376	2.044
4.79238700867	0.072	0.188	-0.764
4.79670596123	0.072	0.188	-0.764
4.80102705956	0.044	0.16	-0.116
4.80534696579	-0.12	-0.604	2.044
4.80967593193	-0.236	-0.116	0.14
4.81399703026	-0.168	0.18	-0.988
4.81832194328	-0.296	-0.312	2.044
4.82264995575	-0.296	-0.312	2.044
4.82697200775	0.08	-0.192	1.184
4.83129906654	-0.072	0.412	-1.412
4.83562088013	-0.168	-0.248	2.044
4.83994793892	-0.04	-0.36	2.044
4.84430789948	-0.14	0.052	-1.528
4.84866786003	-0.54	0.188	1.476
4.85299706459	-0.54	0.188	1.476
4.85731697083	-0.156	-0.328	2.044
4.86164498329	0.236	0.292	-1.12
4.86596488953	-0.044	-0.076	0.452
4.87029194832	-0.324	-0.464	2.044
4.87461304665	-0.456	0.104	-0.44
4.87893486023	-0.192	0.152	-0.52
4.88326787949	-0.192	0.152	-0.52
4.88759207726	-0.348	-0.448	2.044
4.89192199707	0.28	-0.2	0.604
4.89624190331	0.04	0.22	-1.184
4.90056800842	0.06	-0.42	2.044
4.90488791466	0.064	-0.268	1.668
4.90921187401	0.064	-0.268	1.668
4.91353201866	-0.22	0.14	-1.552
4.91785287857	-0.584	0.012	2.044
4.9221739769	-0.108	-0.296	2.044
4.9264960289	0.104	0.096	-1.372
4.93082308769	-0.088	-0.14	1.064
4.93514299393	-0.128	-0.404	2.044
4.93948602676	-0.128	-0.404	2.044
4.94379901886	-0.236	0.34	-0.896
4.94811606407	-0.16	0.148	0.0
4.9524769783	-0.284	-0.396	2.044
4.95680308342	0.148	-0.16	-0.012
4.9611260891	-0.052	0.212	-0.86
4.96546006203	-0.008	-0.408	2.044
4.96978807449	-0.008	-0.408	2.044
4.97411108017	-0.02	-0.284	1.052
4.97843194008	-0.152	-0.004	-1.428
4.98276090622	-0.572	-0.144	2.044
4.98708295822	-0.16	-0.248	2.044
4.99140691757	-0.18	0.088	-1.5
4.99572587013	-0.18	0.088	-1.5
