Timestamp 	 X-Axis 	 Y-Axis 	 Z-Axis
0.000302076339722	1.356	-0.26	1.192
0.00329518318176	1.084	-0.344	2.044
0.00609803199768	1.084	-0.344	2.044
0.00889706611633	0.96	0.676	-1.56
0.0116930007935	0.96	0.676	-1.56
0.0145041942596	-0.208	-0.576	2.044
0.0173401832581	-0.208	-0.576	2.044
0.0201361179352	-0.256	-0.2	1.824
0.0229301452637	1.016	0.104	-1.368
0.0257351398468	1.016	0.104	-1.368
0.0285301208496	-0.548	-0.06	2.044
0.0313231945038	-0.548	-0.06	2.044
0.0341160297394	-0.42	0.124	0.248
0.0369100570679	-0.42	0.124	0.248
0.0397231578827	-1.216	0.076	-0.692
0.0425190925598	-1.216	0.076	-0.692
0.0453140735626	-0.04	-0.236	2.044
0.0481171607971	-0.04	-0.236	2.044
0.0509111881256	-0.152	0.424	-0.856
0.0537071228027	0.524	0.296	0.708
0.0564980506897	0.524	0.296	0.708
0.0592901706696	-0.644	-0.528	2.044
0.062084197998	-0.644	-0.528	2.044
0.0648760795593	0.516	0.38	-1.524
0.0676710605621	0.516	0.38	-1.524
0.070463180542	0.696	-0.092	2.044
0.0732681751251	0.696	-0.092	2.044
0.0760660171509	-0.232	0.004	2.044
0.0788841247559	-0.232	0.004	2.044
0.0816910266876	0.504	0.276	-1.496
0.0844991207123	0.536	-0.16	2.044
0.0873870849609	0.536	-0.16	2.044
0.0901901721954	-0.348	-0.392	0.668
0.0929930210114	-0.348	-0.392	0.668
0.0957961082458	0.476	0.556	-0.88
0.0985980033875	0.476	0.556	-0.88
0.101406097412	0.028	-0.868	2.044
0.104207992554	0.028	-0.868	2.044
0.107010126114	-0.364	-0.304	-0.488
0.109813213348	0.896	0.004	0.428
0.112612009048	0.896	0.004	0.428
0.115411043167	-0.056	-0.464	2.044
0.118247032166	-0.056	-0.464	2.044
0.121049165726	0.196	0.236	-1.408
0.123851060867	0.196	0.236	-1.408
0.126675128937	-1.224	-0.64	1.68
0.129479169846	-1.224	-0.64	1.68
0.132292985916	0.2	-0.312	2.044
0.135094165802	0.008	0.052	-1.612
0.137897014618	0.008	0.052	-1.612
0.140698194504	-0.236	-0.14	2.044
0.143500089645	-0.236	-0.14	2.044
0.14630818367	0.192	-0.188	1.084
0.149109125137	0.192	-0.188	1.084
0.151908159256	-0.616	0.896	-1.264
0.154710054398	-0.616	0.896	-1.264
0.157527208328	-0.324	-0.932	2.044
0.16032910347	-0.324	-0.932	2.044
0.163130998611	-0.432	-0.24	-0.264
0.165952205658	-1.516	-0.116	-0.084
0.168766021729	-1.516	-0.116	-0.084
0.171571016312	-0.196	-0.8	2.044
0.174373149872	-0.196	-0.8	2.044
0.177175998688	0.184	0.08	-1.26
0.179977178574	0.184	0.08	-1.26
0.182778120041	-0.228	-0.044	1.308
0.185586214066	-0.228	-0.044	1.308
0.188388109207	0.34	-0.4	2.044
0.191188097	-0.172	0.264	-1.632
0.193991184235	-0.172	0.264	-1.632
0.196799039841	0.272	0.64	2.044
0.199598073959	0.272	0.64	2.044
0.202397108078	-0.044	-0.056	1.484
0.205212116241	-0.044	-0.056	1.484
0.208020210266	1.26	0.06	-1.284
0.210821151733	1.26	0.06	-1.284
0.213626146317	0.28	-0.268	2.044
0.216428041458	0.136	0.016	0.064
0.219227075577	0.136	0.016	0.064
0.222025156021	-0.476	0.8	-0.436
0.224826097488	-0.476	0.8	-0.436
0.22763299942	0.272	-0.78	2.044
0.23043513298	0.272	-0.78	2.044
0.233236074448	0.172	0.032	-1.004
0.236051082611	0.172	0.032	-1.004
0.238852024078	0.844	-0.168	1.0
0.241649150848	0.844	-0.168	1.0
0.2444460392	-0.176	-0.636	2.044
0.247254133224	-0.36	0.36	-1.64
0.250069141388	-0.36	0.36	-1.64
0.25287103653	-0.004	-0.128	2.044
0.25568318367	-0.004	-0.128	2.044
0.258486032486	0.176	-0.056	1.8
0.261286020279	0.176	-0.056	1.8
0.264086008072	0.116	-0.44	-1.384
0.266894102097	0.116	-0.44	-1.384
0.269695997238	-0.772	-0.584	2.044
0.272498130798	-0.164	-0.456	0.376
0.27530002594	-0.164	-0.456	0.376
0.278108119965	-0.76	0.508	-0.66
0.280909061432	-0.76	0.508	-0.66
0.283710002899	-0.076	-0.512	2.044
0.286512136459	-0.076	-0.512	2.044
0.289316177368	0.172	0.192	-0.788
0.292116165161	0.172	0.192	-0.788
0.29491519928	-0.656	0.6	0.464
0.297716140747	-0.656	0.6	0.464
0.300523042679	-0.012	-0.596	2.044
0.303323984146	-0.48	0.284	-1.564
0.306131124496	-0.48	0.284	-1.564
0.308932065964	0.808	0.084	1.972
0.311730146408	0.808	0.084	1.972
0.31453704834	-0.96	0.028	2.044
0.31734418869	-0.96	0.028	2.044
0.320144176483	0.14	0.316	-1.524
0.322943210602	0.14	0.316	-1.524
0.325749158859	-0.208	-0.8	2.044
0.328550100327	-0.016	-0.596	0.8
0.331351041794	-0.016	-0.596	0.8
0.334150075912	-0.748	-0.14	-1.112
0.336952209473	-0.748	-0.14	-1.112
0.339754104614	0.416	-0.348	2.044
0.342557191849	0.416	-0.348	2.044
0.345369100571	0.252	-0.052	-0.46
0.348175048828	0.252	-0.052	-0.46
0.350975036621	0.312	-0.1	0.216
0.35377407074	0.312	-0.1	0.216
0.35658121109	0.292	-0.448	2.044
0.359381198883	0.284	0.108	-1.348
0.36218214035	0.284	0.108	-1.348
0.364982128143	1.216	-0.216	1.704
0.367786169052	1.216	-0.216	1.704
0.370587110519	-0.052	-0.04	2.044
0.373388051987	-0.052	-0.04	2.044
0.376188993454	-0.484	0.684	-1.7
0.37899017334	-0.484	0.684	-1.7
0.381791114807	0.644	0.06	2.044
0.384588003159	0.276	-0.348	1.196
0.387397050858	0.276	-0.348	1.196
0.390199184418	-0.34	-0.368	-1.276
0.39301109314	-0.34	-0.368	-1.276
0.395820140839	0.136	-0.252	2.044
0.398620128632	0.136	-0.252	2.044
0.401420116425	-0.78	-0.052	-0.196
0.404221057892	-0.78	-0.052	-0.196
0.407028198242	-0.156	-0.256	-0.184
0.409830093384	-0.156	-0.256	-0.184
0.412631988525	0.108	-0.528	2.044
0.415503025055	-0.544	0.264	-1.252
0.418313026428	-0.544	0.264	-1.252
0.421115159988	-1.124	-0.004	1.108
0.423916101456	-1.124	-0.004	1.108
0.426723003387	0.68	-0.516	2.044
0.429533004761	0.68	-0.516	2.044
0.432335138321	-0.248	0.872	-1.692
0.435136079788	-0.248	0.872	-1.692
0.43794298172	0.644	-0.208	2.044
0.440743207932	0.064	-0.32	1.584
0.443542003632	0.064	-0.32	1.584
0.446349143982	0.464	0.72	-1.424
0.449149131775	0.464	0.72	-1.424
0.451949119568	-0.056	-0.436	2.044
0.454750061035	-0.056	-0.436	2.044
0.457552194595	0.56	-0.184	0.26
0.460350990295	0.56	-0.184	0.26
0.46314907074	-0.732	-0.384	-0.436
0.465958118439	-0.168	-0.384	2.044
0.468759059906	-0.168	-0.384	2.044
0.471569061279	-0.152	-0.372	-0.98
0.47437620163	-0.152	-0.372	-0.98
0.47718501091	-0.1	-0.088	0.732
0.479986190796	-0.1	-0.088	0.732
0.482787132263	0.216	-1.34	2.044
0.48558807373	0.216	-1.34	2.044
0.488390207291	0.152	-0.172	-1.532
0.491192102432	0.152	-0.172	-1.532
0.4939930439	-1.288	-0.492	2.044
0.496796131134	-0.228	-0.184	1.96
0.499597072601	-0.228	-0.184	1.96
0.502397060394	-0.428	0.204	-1.54
0.505197048187	-0.428	0.204	-1.54
0.508004188538	0.352	-0.508	2.044
0.510804176331	0.352	-0.508	2.044
0.513603210449	0.112	-0.1	0.572
0.516413211823	0.112	-0.1	0.572
0.519213199615	0.008	0.132	-0.792
0.522011995316	-0.276	-0.648	2.044
0.524811983109	-0.276	-0.648	2.044
0.527618169785	0.024	-0.592	-0.628
0.530420064926	0.024	-0.592	-0.628
0.533221006393	-0.348	-0.612	0.548
0.536022186279	-0.348	-0.612	0.548
0.538822174072	-0.296	-0.256	2.044
0.541622161865	-0.296	-0.256	2.044
0.544422149658	-0.252	0.328	-1.512
0.547230005264	-0.252	0.328	-1.512
0.55004119873	-0.604	-0.34	1.804
0.552842140198	-0.332	-0.008	2.044
0.555649995804	-0.332	-0.008	2.044
0.558449983597	-0.56	0.4	-1.636
0.561255216599	-0.56	0.4	-1.636
0.564055204391	-0.572	-0.352	2.044
0.566869020462	-0.572	-0.352	2.044
0.569670200348	0.14	-0.064	0.936
0.572470188141	0.14	-0.064	0.936
0.575270175934	0.776	0.364	-0.92
0.578071117401	0.32	-0.092	2.044
0.58087015152	0.32	-0.092	2.044
0.583669185638	0.376	0.384	-0.42
0.58647608757	0.376	0.384	-0.42
0.589276075363	-2.048	-0.336	0.084
0.592076063156	-2.048	-0.336	0.084
0.594877004623	0.648	-0.436	2.044
0.597681999207	0.648	-0.436	2.044
0.600481033325	0.288	-0.036	-1.312
0.603293180466	0.288	-0.036	-1.312
0.606100082397	0.912	-0.204	1.532
0.60890007019	-0.076	-0.048	2.044
0.611701011658	-0.076	-0.048	2.044
0.614500045776	0.232	0.444	-1.608
0.617370128632	0.232	0.444	-1.608
0.620172023773	0.164	-0.704	2.044
0.622973203659	0.164	-0.704	2.044
0.625780105591	-0.364	-0.18	1.308
0.628590106964	-0.364	-0.18	1.308
0.631393194199	0.576	-0.028	-1.22
0.63419508934	-0.116	-0.716	2.044
0.637001991272	-0.116	-0.716	2.044
0.639804124832	0.412	-0.124	-0.04
0.642605066299	0.412	-0.124	-0.04
0.645405054092	-0.748	-1.12	-0.196
0.648213148117	-0.748	-1.12	-0.196
0.651015996933	-0.268	-0.276	2.044
0.653818130493	-0.268	-0.276	2.044
0.656621217728	-0.072	0.14	-1.124
0.659423112869	-0.072	0.14	-1.124
0.662223100662	0.348	0.124	1.152
0.665019989014	0.024	-0.164	2.044
0.66782617569	0.024	-0.164	2.044
0.670627117157	-0.072	0.324	-1.572
0.67342710495	-0.072	0.324	-1.572
0.676234006882	0.152	-0.432	2.044
0.679033994675	0.152	-0.432	2.044
0.681833028793	0.66	-0.652	1.712
0.684633016586	0.66	-0.652	1.712
0.687435150146	0.224	-0.468	-1.372
0.690249204636	-0.304	-0.524	2.044
0.693051099777	-0.304	-0.524	2.044
0.695852994919	-0.016	-0.224	0.276
0.698652982712	-0.016	-0.224	0.276
0.701453208923	-0.428	-0.056	-0.564
0.704254150391	-0.428	-0.056	-0.564
0.707070112228	-1.232	-0.308	2.044
0.70987200737	-1.232	-0.308	2.044
0.712671995163	-0.068	0.168	-0.868
0.715479135513	-0.54	-0.16	0.728
0.718279123306	-0.54	-0.16	0.728
0.721080064774	-0.572	-0.512	2.044
0.723880052567	-0.572	-0.512	2.044
0.726687192917	0.256	-0.06	-1.512
0.729489088058	0.256	-0.06	-1.512
0.732289075851	0.364	-0.308	2.044
0.735092163086	0.364	-0.308	2.044
0.737894058228	0.692	-0.412	2.044
0.740694046021	0.692	-0.412	2.044
0.743493080139	0.728	0.4	-1.5
0.746295213699	0.636	0.08	2.044
0.749094009399	0.636	0.08	2.044
0.751891136169	-0.288	-0.32	0.588
0.754692077637	-0.288	-0.32	0.588
0.757515192032	-1.12	0.14	-0.88
0.760318040848	-1.12	0.14	-0.88
0.763118982315	-0.176	0.112	2.044
0.765925168991	-0.176	0.112	2.044
0.768725156784	0.384	0.04	-0.608
0.771524190903	0.76	0.336	0.316
0.774321079254	0.76	0.336	0.316
0.777122020721	-0.108	-0.24	2.044
0.779925107956	-0.108	-0.24	2.044
0.782725095749	-0.012	0.2	-1.464
0.785538196564	-0.012	0.2	-1.464
0.788339138031	-0.064	-0.136	1.664
0.791139125824	-0.064	-0.136	1.664
0.793940067291	-0.18	-0.476	2.044
0.796747207642	-0.18	-0.476	2.044
0.799548149109	-0.552	0.232	-1.64
0.802348136902	-0.548	-0.552	2.044
0.805149078369	-0.548	-0.552	2.044
0.807955026627	0.188	-0.388	1.12
0.810756206512	0.188	-0.388	1.12
0.813555002213	-0.552	-0.192	-0.984
0.816358089447	-0.552	-0.192	-0.984
0.819159030914	-0.452	-0.02	2.044
0.821962118149	-0.452	-0.02	2.044
0.824763059616	-0.596	-0.224	-0.332
0.827570199966	-0.136	0.56	-0.104
0.830371141434	-0.136	0.56	-0.104
0.833171129227	0.132	-0.256	2.044
0.835977077484	0.132	-0.256	2.044
0.838777065277	0.316	0.348	-1.268
0.841575145721	0.316	0.348	-1.268
0.844375133514	-1.216	-0.416	1.26
0.847182035446	-1.216	-0.416	1.26
0.849983215332	0.072	-0.412	2.044
0.852783203125	0.072	-0.412	2.044
0.855584144592	-0.16	0.272	-1.64
0.85838508606	-0.136	0.776	2.044
0.861184120178	-0.136	0.776	2.044
0.864001989365	-0.52	-0.408	1.412
0.866806030273	-0.52	-0.408	1.412
0.869618177414	0.84	0.352	-1.24
0.872418165207	0.84	0.352	-1.24
0.875218153	0.416	-0.52	2.044
0.878019094467	0.416	-0.52	2.044
0.88081908226	0.708	-0.048	0.144
0.883619070053	0.0	0.128	-0.308
0.886412143707	0.0	0.128	-0.308
0.889204025269	0.232	-0.584	2.044
0.892004013062	0.232	-0.584	2.044
0.894804000854	-0.132	0.136	-1.08
0.897606134415	-0.132	0.136	-1.08
0.900407075882	0.476	-0.512	0.928
0.903206110001	0.476	-0.512	0.928
0.906011104584	0.224	-0.296	2.044
0.908815145493	0.224	-0.296	2.044
0.911614179611	0.28	0.64	-1.584
0.91441321373	0.576	-0.4	2.044
0.917218208313	0.576	-0.4	2.044
0.920018196106	-0.02	-0.412	1.816
0.922819137573	-0.02	-0.412	1.816
0.925625085831	-0.964	-0.56	-1.464
0.928427219391	-0.964	-0.56	-1.464
0.931229114532	-0.216	-0.132	2.044
0.934029102325	-0.216	-0.132	2.044
0.936830997467	0.012	-0.028	0.388
0.93963098526	-0.284	-0.208	-0.632
0.942442178726	-0.284	-0.208	-0.632
0.945243120193	0.736	-0.504	2.044
0.948049068451	0.736	-0.504	2.044
0.950852155685	-0.208	0.148	-0.824
0.953654050827	-0.208	0.148	-0.824
0.956459999084	0.604	-0.22	0.652
0.959259986877	0.604	-0.22	0.652
0.962060213089	-0.2	-0.336	2.044
0.964860200882	-0.2	-0.336	2.044
0.967666149139	0.104	0.116	-1.5
0.970462083817	-0.024	-0.552	2.008
0.973264217377	-0.024	-0.552	2.008
0.976065158844	-0.32	-0.36	2.044
0.978865146637	-0.32	-0.36	2.044
0.981666088104	1.176	0.692	-1.488
0.984465122223	1.176	0.692	-1.488
0.987343072891	0.136	-0.62	2.044
0.990148067474	0.136	-0.62	2.044
0.992948055267	0.12	-0.216	0.848
0.995782136917	-0.22	0.02	-0.884
0.998584985733	-0.22	0.02	-0.884
1.00138616562	-0.592	-0.12	2.044
1.00418806076	-0.592	-0.12	2.044
1.00699806213	0.44	0.02	-0.504
1.00979804993	0.44	0.02	-0.504
1.01259803772	-0.628	-0.14	0.244
1.01539802551	-0.628	-0.14	0.244
1.01820015907	0.212	-0.156	2.044
1.02101016045	-0.372	0.3	-1.46
1.02381300926	-0.372	0.3	-1.46
1.02662110329	0.592	0.428	1.592
1.02942013741	0.592	0.428	1.592
1.03221821785	0.284	-0.06	2.044
1.03501701355	0.284	-0.06	2.044
1.03782105446	-0.388	0.068	-1.632
1.04062318802	-0.388	0.068	-1.632
1.04342412949	0.244	-0.568	2.044
1.04673719406	0.48	0.132	1.188
1.04954314232	0.48	0.132	1.188
1.05234217644	0.244	-0.064	-1.168
1.05514407158	0.244	-0.064	-1.168
1.05794715881	0.484	-0.184	2.044
1.06074619293	0.484	-0.184	2.044
1.0635471344	-0.928	0.636	-0.284
1.06635308266	-0.928	0.636	-0.284
1.06915402412	-0.392	-1.236	0.012
1.07195520401	-0.14	-0.476	2.044
1.07475614548	-0.14	-0.476	2.044
1.07756209373	0.444	0.04	-1.196
1.08036208153	0.444	0.04	-1.196
1.08316612244	0.172	0.42	1.332
1.08596611023	0.172	0.42	1.332
1.08876419067	0.124	-0.088	2.044
1.09156417847	0.124	-0.088	2.044
1.09436321259	0.072	0.236	-1.644
1.09716415405	0.072	0.236	-1.644
1.0999751091	-0.304	-0.432	2.044
1.10277700424	0.244	-0.492	1.584
1.10558605194	0.244	-0.492	1.584
1.10838913918	0.296	0.284	-1.304
1.11118817329	0.296	0.284	-1.304
1.11398816109	-0.416	-0.496	2.044
1.11679410934	-0.416	-0.496	2.044
1.11959505081	-0.732	0.012	0.048
1.12239408493	-0.732	0.012	0.048
1.12519621849	-0.556	-0.952	-0.316
1.1280040741	-0.268	0.012	2.044
1.13080501556	-0.268	0.012	2.044
1.13360500336	0.056	-0.016	-0.992
1.13640618324	0.056	-0.016	-0.992
1.13922715187	0.544	0.772	0.78
1.1420249939	0.544	0.772	0.78
1.14482402802	0.0	-0.36	2.044
1.14762115479	0.0	-0.36	2.044
1.15041518211	-0.076	-0.036	-1.556
1.15321707726	-0.076	-0.036	-1.556
1.15602517128	-0.2	-0.3	2.044
1.15882611275	-0.216	-0.532	1.872
1.16162705421	-0.216	-0.532	1.872
1.16442704201	-0.752	-0.324	-1.56
1.16723608971	-0.752	-0.324	-1.56
1.17004203796	0.316	-0.22	2.044
1.17284107208	0.316	-0.22	2.044
1.17564105988	-0.272	0.228	0.396
1.17846298218	-0.272	0.228	0.396
1.1812620163	0.38	0.436	-0.616
1.18406200409	0.28	-0.984	2.044
1.18686699867	0.28	-0.984	2.044
1.18966698647	-0.704	0.328	-0.804
1.19246721268	-0.704	0.328	-0.804
1.19526815414	-0.608	-0.808	0.496
1.19806909561	-0.608	-0.808	0.496
1.20087003708	0.024	-0.308	2.044
1.2036690712	0.024	-0.308	2.044
1.20647406578	0.276	0.196	-1.432
1.20927405357	0.276	0.196	-1.432
1.21207714081	0.292	0.004	1.844
1.21487617493	-0.304	0.012	2.044
1.21767306328	-0.304	0.012	2.044
1.22046399117	-0.252	-0.128	-1.572
1.22325706482	-0.252	-0.128	-1.572
1.22605609894	-0.172	-0.408	2.044
1.22886013985	-0.172	-0.408	2.044
1.23166012764	-0.528	-0.292	0.82
1.23446202278	-0.528	-0.292	0.82
1.23729419708	-0.604	-0.62	-0.864
1.2400970459	0.12	-0.976	2.044
1.24289703369	0.12	-0.976	2.044
1.24570417404	-0.34	-0.124	-0.492
1.24850511551	-0.34	-0.124	-0.492
1.25130701065	0.02	-0.084	0.212
1.25410604477	0.02	-0.084	0.212
1.25692009926	-0.084	-0.36	2.044
1.2597219944	-0.084	-0.36	2.044
1.26252317429	0.34	0.404	-1.336
1.26532316208	0.34	0.404	-1.336
1.26812911034	0.92	-0.056	1.484
1.2709300518	0.56	-0.56	2.044
1.2737300396	0.56	-0.56	2.044
1.27653598785	0.2	0.028	-1.62
1.27933716774	0.2	0.028	-1.62
1.28213715553	-0.008	-0.396	2.044
1.284938097	-0.008	-0.396	2.044
1.28774118423	-0.248	0.224	1.252
1.29054617882	-0.248	0.224	1.252
1.29334521294	0.092	0.272	-1.388
1.29614520073	0.1	-0.556	2.044
1.29896020889	0.1	-0.556	2.044
1.30176210403	0.708	-0.188	-0.028
1.30456209183	0.708	-0.188	-0.028
1.30736804008	-0.676	-0.504	-0.176
1.31017017365	-0.676	-0.504	-0.176
1.31297016144	-0.48	-0.152	2.044
1.31577706337	-0.48	-0.152	2.044
1.31857800484	0.224	0.184	-1.132
1.32137703896	0.224	0.184	-1.132
1.32417702675	-0.22	-0.548	1.244
1.3269841671	-0.308	-0.016	2.044
1.32978415489	-0.308	-0.016	2.044
1.33258509636	-0.416	-0.14	-1.584
1.33539605141	-0.416	-0.14	-1.584
1.33819818497	-0.484	0.092	2.044
1.34099817276	-0.484	0.092	2.044
1.34380102158	-0.276	-0.24	1.656
1.34660410881	-0.276	-0.24	1.656
1.34940600395	-1.644	-0.524	-1.372
1.35220813751	0.332	-0.896	2.044
1.35500812531	0.332	-0.896	2.044
1.35781407356	0.216	-0.124	0.316
1.36061406136	0.216	-0.124	0.316
1.36341309547	-0.064	0.756	-0.608
1.36621999741	-0.064	0.756	-0.608
1.3690199852	0.24	-0.372	2.044
1.37182021141	0.24	-0.372	2.044
1.3746201992	-0.064	0.028	-0.964
1.37742519379	-0.064	0.028	-0.964
1.38022708893	-0.996	-0.38	0.8
1.3830280304	-0.696	0.084	2.044
1.38583707809	-0.696	0.084	2.044
1.38863801956	0.02	0.22	-1.544
1.39143705368	0.02	0.22	-1.544
1.3942360878	-0.612	-0.604	2.044
1.39704203606	-0.612	-0.604	2.044
1.39984416962	0.0	-0.232	1.956
1.40263700485	0.0	-0.232	1.956
1.40549612045	-1.836	-0.02	-1.576
1.40833616257	-0.192	-0.78	2.044
1.41114616394	-0.192	-0.78	2.044
1.4139611721	0.264	-0.012	0.64
1.41676616669	0.264	-0.012	0.64
1.41956806183	-0.396	0.296	-0.784
1.42237114906	-0.396	0.296	-0.784
1.4251730442	-0.34	-0.24	2.044
1.42798304558	-0.34	-0.24	2.044
1.43079900742	-0.224	0.008	-0.684
1.43361401558	-0.412	-0.5	0.364
1.43641805649	-0.412	-0.5	0.364
1.43921613693	-0.2	-0.484	2.044
1.44202208519	-0.2	-0.484	2.044
1.44482421875	-0.68	0.64	-1.496
1.44763302803	-0.68	0.64	-1.496
1.45043706894	-0.144	-0.248	1.796
1.4532392025	-0.144	-0.248	1.796
1.45604300499	0.268	-0.044	2.044
1.45884513855	0.268	-0.044	2.044
1.46164608002	-0.3	0.528	-1.604
1.46444702148	0.2	-1.196	2.044
1.46725511551	0.2	-1.196	2.044
1.47005701065	-0.104	-0.008	1.016
1.47286200523	-0.104	-0.008	1.016
1.47567200661	-0.764	0.592	-1.12
1.47847914696	-0.764	0.592	-1.12
1.48127508163	0.016	0.056	2.044
1.48406720161	0.016	0.056	2.044
1.48686408997	0.272	-0.172	-0.316
1.48967218399	-0.792	0.164	0.024
1.49248218536	-0.792	0.164	0.024
1.49528312683	-0.316	-0.604	2.044
1.49809408188	-0.316	-0.604	2.044
1.50089502335	0.356	0.024	-1.324
1.50369405746	0.356	0.024	-1.324
1.50651502609	-0.324	-0.236	1.496
1.50931715965	-0.324	-0.236	1.496
1.51211905479	0.244	-0.216	2.044
1.51492118835	0.244	-0.216	2.044
1.51773118973	-0.368	-0.08	-1.644
1.52053308487	-0.06	-0.336	2.044
1.5233361721	-0.06	-0.336	2.044
1.52614307404	0.004	-0.288	1.368
1.5289452076	0.004	-0.288	1.368
1.53174614906	-1.284	-0.02	-1.352
1.53454899788	-1.284	-0.02	-1.352
1.53735303879	0.564	-0.88	2.044
1.54015517235	0.564	-0.88	2.044
1.54295516014	0.464	-0.184	0.02
1.54576706886	-1.316	-1.412	-0.224
1.54857206345	-1.316	-1.412	-0.224
1.55137419701	-0.636	-0.516	2.044
1.55417704582	-0.636	-0.516	2.044
1.55698418617	0.196	-0.024	-1.092
1.55979204178	0.196	-0.024	-1.092
1.56259608269	0.26	0.884	1.052
1.56539511681	0.26	0.884	1.052
1.56820011139	-0.372	-0.204	2.044
1.5710132122	-0.02	0.264	-1.628
1.57381415367	-0.02	0.264	-1.628
1.57661604881	0.392	-0.76	2.044
1.5794210434	0.392	-0.76	2.044
1.58222198486	-0.236	-0.268	1.708
1.58502411842	-0.236	-0.268	1.708
1.58783316612	0.128	-0.832	-1.448
1.59063506126	0.128	-0.832	-1.448
1.59345698357	0.1	-0.18	2.044
1.59626412392	0.1	-0.18	2.044
1.59906506538	0.196	-0.08	0.312
1.60186719894	0.728	0.392	-0.376
1.60468006134	0.728	0.392	-0.376
1.60748720169	0.152	-0.268	2.044
1.61029005051	0.152	-0.268	2.044
1.61309099197	-0.104	0.284	-0.848
1.61589407921	-0.104	0.284	-0.848
1.61869621277	0.728	0.364	0.716
1.62149310112	0.728	0.364	0.716
1.62428998947	-0.324	-0.272	2.044
1.62709903717	0.236	0.292	-1.508
1.62990117073	0.236	0.292	-1.508
1.6327021122	0.36	0.032	2.044
1.63550806046	0.36	0.032	2.044
1.6383061409	-0.136	-0.252	2.044
1.64110803604	-0.136	-0.252	2.044
1.6439101696	0.62	0.288	-1.512
1.6467192173	0.62	0.288	-1.512
1.64953017235	-0.2	-0.564	2.044
1.65233206749	-0.2	-0.564	2.044
1.65513300896	0.216	-0.26	0.724
1.65793704987	0.14	0.352	-0.964
1.66073703766	0.14	0.352	-0.964
1.66353702545	-0.168	-0.784	2.044
1.66634702682	-0.168	-0.784	2.044
1.66914916039	-0.36	-0.156	-0.58
1.6719520092	-0.36	-0.156	-0.58
1.67475605011	-0.592	-0.12	0.26
1.67756009102	-0.592	-0.12	0.26
1.68037414551	-0.26	-0.256	2.044
1.68317008018	0.468	0.712	-1.424
1.68596816063	0.468	0.712	-1.424
1.68877220154	-0.04	0.156	1.66
1.69157910347	-0.04	0.156	1.66
1.69437909126	0.98	-0.16	2.044
1.6971809864	0.98	-0.16	2.044
1.69998311996	0.28	0.204	-1.568
1.70278310776	0.28	0.204	-1.568
1.70560503006	0.216	-0.508	2.044
1.70840716362	0.216	-0.508	2.044
1.71120715141	0.352	-0.548	1.116
1.71400809288	0.852	0.1	-1.096
1.71681404114	0.852	0.1	-1.096
1.71963715553	0.104	-0.348	2.044
1.72244501114	0.104	-0.348	2.044
1.72524499893	0.188	0.084	-0.244
1.72806119919	0.188	0.084	-0.244
1.73086214066	0.492	-0.3	0.016
1.73366498947	0.492	-0.3	0.016
1.73646616936	0.008	-0.276	2.044
1.7392680645	0.316	0.448	-1.204
1.74206805229	0.316	0.448	-1.204
1.74486899376	-0.388	0.196	1.248
1.74767613411	-0.388	0.196	1.248
1.7504761219	0.672	-0.28	2.044
1.7532761097	0.672	-0.28	2.044
1.75608301163	0.912	0.144	-1.568
1.75888299942	0.912	0.144	-1.568
1.76168417931	0.716	-0.624	2.044
1.76448512077	0.716	-0.624	2.044
1.76732516289	-0.352	-0.444	1.512
1.77013015747	0.892	0.32	-1.296
1.77293014526	0.892	0.32	-1.296
1.77574300766	0.216	-0.628	2.044
1.77854800224	0.216	-0.628	2.044
1.78134918213	-0.104	-0.112	0.076
1.78415107727	-0.104	-0.112	0.076
1.78695511818	-0.684	-0.4	-0.372
1.78975701332	-0.684	-0.4	-0.372
1.79255819321	-0.096	-0.52	2.044
1.79536008835	-0.152	0.08	-1.028
1.79816818237	-0.152	0.08	-1.028
1.80097007751	-0.044	0.32	1.076
1.80377101898	-0.044	0.32	1.076
1.80661702156	0.368	0.2	2.044
1.80941820145	0.368	0.2	2.044
1.81221818924	-0.18	0.06	-1.62
1.81502008438	-0.18	0.06	-1.62
1.81782507896	-0.136	-0.072	2.044
1.82063007355	0.216	-0.404	1.852
1.82343006134	0.216	-0.404	1.852
1.82623720169	-1.032	0.128	-1.52
1.82903909683	-1.032	0.128	-1.52
1.8318400383	0.0	0.332	2.044
1.83463215828	0.0	0.332	2.044
1.83742904663	0.12	-0.224	0.444
1.8402299881	0.12	-0.224	0.444
1.84303021431	-1.192	-0.16	-0.844
1.84583902359	-1.192	-0.16	-0.844
1.84864211082	-0.388	-0.352	2.044
1.85144519806	-0.228	0.236	-0.796
1.8542470932	-0.228	0.236	-0.796
1.85705208778	-0.356	0.508	0.592
1.85985398293	-0.356	0.508	0.592
1.86265516281	-0.384	0.248	2.044
1.86548304558	-0.384	0.248	2.044
1.86828613281	0.304	0.604	-1.488
1.87108612061	0.304	0.604	-1.488
1.87388706207	-0.244	-0.272	1.94
1.8766951561	0.184	-0.28	2.044
1.87948799133	0.184	-0.28	2.044
1.88228201866	-0.212	0.664	-1.616
1.88508701324	-0.212	0.664	-1.616
1.88789415359	-0.02	-0.416	2.044
1.8907020092	-0.02	-0.416	2.044
1.89350318909	0.884	-0.312	0.856
1.89630508423	0.884	-0.312	0.856
1.8991060257	-0.512	-0.336	-1.024
1.90190911293	-0.512	-0.336	-1.024
1.90471220016	-0.132	-0.656	2.044
1.90757012367	-0.32	-0.108	-0.544
1.91037416458	-0.32	-0.108	-0.544
1.91317820549	-0.796	0.42	0.176
1.9159860611	-0.796	0.42	0.176
1.91878604889	-0.112	-0.456	2.044
1.92160201073	-0.112	-0.456	2.044
1.92440414429	-0.404	0.108	-1.396
1.92721199989	-0.404	0.108	-1.396
1.9300160408	-0.996	0.028	1.492
1.93281698227	0.108	-0.204	2.044
1.93563604355	0.108	-0.204	2.044
1.93843817711	0.872	0.496	-1.684
1.94123911858	0.872	0.496	-1.684
1.94404101372	-0.1	-0.396	2.044
1.94684910774	-0.1	-0.396	2.044
1.94965219498	-0.116	0.052	1.192
1.95245599747	-0.116	0.052	1.192
1.95525598526	0.024	-0.076	-1.164
1.95806407928	-0.008	-0.436	2.044
1.96086621284	-0.008	-0.436	2.044
1.96367812157	-0.108	-0.152	-0.204
1.96648716927	-0.108	-0.152	-0.204
1.96928906441	0.668	-0.212	-0.044
1.97209119797	0.668	-0.212	-0.044
1.97489118576	-0.476	-0.276	2.044
1.97769618034	-0.476	-0.276	2.044
1.98049807549	-0.244	0.352	-1.204
1.98329901695	-0.244	0.352	-1.204
1.98610711098	-0.46	-0.452	1.244
1.98890900612	-0.692	-0.152	2.044
1.99171113968	-0.692	-0.152	2.044
1.99452018738	-0.38	0.4	-1.68
1.99739313126	-0.38	0.4	-1.68
2.00019717216	0.012	-0.412	2.044
2.00300002098	0.012	-0.412	2.044
2.00581002235	0.6	-0.3	1.564
2.00861120224	0.6	-0.3	1.564
2.01141119003	1.332	0.38	-1.28
2.01421117783	0.076	-0.9	2.044
2.01701211929	0.076	-0.9	2.044
2.01981306076	0.368	-0.408	0.192
2.02261304855	0.368	-0.408	0.192
2.02541303635	-0.944	0.224	-0.556
2.02824807167	-0.944	0.224	-0.556
2.03105020523	-0.18	-0.548	2.044
2.03385305405	-0.18	-0.548	2.044
2.03665518761	0.068	-0.08	-0.936
2.03946018219	0.068	-0.08	-0.936
2.04227209091	0.28	0.272	0.852
2.04507112503	-0.252	-0.032	2.044
2.04788017273	-0.252	-0.032	2.044
2.05068206787	-0.236	0.668	-1.584
2.05348420143	-0.236	0.668	-1.584
2.05628705025	-0.288	-0.152	2.044
2.05909109116	-0.288	-0.152	2.044
2.06189203262	-0.884	-0.14	1.948
2.06469416618	-0.884	-0.14	1.948
2.06750202179	-1.144	0.028	-1.564
2.07030415535	-0.34	-0.348	2.044
2.07310819626	-0.34	-0.348	2.044
2.07591509819	0.22	-0.708	0.548
2.07870912552	0.22	-0.708	0.548
2.08151912689	1.852	-0.228	-0.648
2.08431410789	1.852	-0.228	-0.648
2.08711719513	0.296	-0.096	2.044
2.08992314339	0.296	-0.096	2.044
2.09272503853	-0.304	-0.024	-0.692
2.09553408623	0.22	0.492	0.492
2.09833312035	0.22	0.492	0.492
2.10113120079	-0.172	-0.288	2.044
2.1039390564	-0.172	-0.288	2.044
2.10674715042	0.072	0.096	-1.456
2.10954809189	0.072	0.096	-1.456
2.11234807968	-0.368	-0.412	1.832
2.11515021324	-0.368	-0.412	1.832
2.11795902252	0.728	-0.4	2.044
2.12077021599	0.728	-0.4	2.044
2.12357115746	-0.02	0.04	-1.552
2.1263821125	1.312	-0.048	2.044
2.12918305397	1.312	-0.048	2.044
2.13198518753	-0.34	-0.38	0.884
2.13478708267	-0.34	-0.38	0.884
2.13759112358	-0.308	0.464	-1.148
2.14039516449	-0.308	0.464	-1.148
2.14319705963	-0.124	-0.188	2.044
2.146007061	-0.124	-0.188	2.044
2.14880919456	-0.22	-0.392	-0.404
2.15161108971	-0.664	0.288	0.02
2.15441298485	-0.664	0.288	0.02
2.15721917152	0.096	-0.376	2.044
2.16002106667	0.096	-0.376	2.044
2.16282200813	-0.036	-0.072	-1.348
2.16567111015	-0.036	-0.072	-1.348
2.16847920418	-1.612	-0.312	1.452
2.17128419876	-1.612	-0.312	1.452
2.1740860939	0.068	-0.544	2.044
2.17688798904	0.068	-0.544	2.044
2.17969107628	-0.084	0.092	-1.596
2.18249201775	-0.028	0.44	2.044
2.18529319763	-0.028	0.44	2.044
2.18810105324	0.228	-0.272	1.292
2.19090199471	0.228	-0.272	1.292
2.19371008873	-0.148	-0.452	-1.252
2.1965200901	-0.148	-0.452	-1.252
2.19933199883	-0.128	-0.268	2.044
2.20213508606	-0.128	-0.268	2.044
2.20493721962	-0.068	0.004	-0.088
2.20774507523	-0.044	-0.152	-0.22
2.21054911613	-0.044	-0.152	-0.22
2.21335411072	-0.604	0.192	2.044
2.21615719795	-0.604	0.192	2.044
2.21895909309	0.016	-0.192	-1.152
2.22176098824	0.016	-0.192	-1.152
2.2245631218	-0.068	0.312	1.096
2.22736501694	-0.068	0.312	1.096
2.23016500473	-0.004	-0.556	2.044
2.23296618462	-0.004	-0.556	2.044
2.2357749939	0.792	-0.064	-1.576
2.23857617378	-0.152	-0.744	2.044
2.24137806892	-0.152	-0.744	2.044
2.24418020248	-0.204	-0.168	1.648
2.24698710442	-0.204	-0.168	1.648
2.24980521202	-0.732	0.144	-1.476
2.25260615349	-0.732	0.144	-1.476
2.2554101944	0.24	-1.236	2.044
2.25824308395	0.24	-1.236	2.044
2.26104402542	-0.172	-0.208	0.236
2.26384520531	-1.424	-0.196	-0.652
2.26665520668	-1.424	-0.196	-0.652
2.26945900917	-0.008	-0.464	2.044
2.27226209641	-0.008	-0.464	2.044
2.27506303787	0.168	-0.024	-0.864
2.27787709236	0.168	-0.024	-0.864
2.28067111969	0.28	-0.86	0.844
2.28346300125	0.28	-0.86	0.844
2.28626012802	-0.588	0.188	2.044
2.28906607628	0.252	0.356	-1.496
2.29186701775	0.252	0.356	-1.496
2.29466819763	0.46	0.188	2.044
2.29747414589	0.46	0.188	2.044
2.30027604103	0.728	-0.048	2.044
2.3030769825	0.728	-0.048	2.044
2.30588412285	-1.22	-0.412	-1.604
2.30868721008	-1.22	-0.412	-1.604
2.31148910522	0.152	-0.564	2.044
2.31429100037	0.152	-0.564	2.044
2.31709718704	0.572	-0.164	0.684
2.31989812851	0.012	0.1	-0.804
2.3226981163	0.012	0.1	-0.804
2.32550406456	0.132	-0.02	2.044
2.32830619812	0.132	-0.02	2.044
2.33110809326	-0.812	0.128	-0.704
2.33390903473	-0.812	0.128	-0.704
2.33671116829	-0.052	0.448	0.312
2.33951210976	-0.052	0.448	0.312
2.34231519699	0.212	-0.472	2.044
2.34511613846	0.152	0.144	-1.488
2.3479180336	0.152	0.144	-1.488
2.35071611404	0.48	0.992	1.688
2.35352802277	0.48	0.992	1.688
2.3563439846	-0.068	0.032	2.044
2.35914421082	-0.068	0.032	2.044
2.3619492054	-0.004	0.088	-1.696
2.36474919319	-0.004	0.088	-1.696
2.36755609512	0.016	-1.228	2.044
2.37035703659	0.016	-1.228	2.044
2.37315821648	-0.772	-0.208	0.924
2.37597203255	0.188	-0.332	-1.06
2.37877511978	0.188	-0.332	-1.06
2.38157606125	0.24	-0.932	2.044
2.38437700272	0.24	-0.932	2.044
2.38718700409	-0.176	-0.22	-0.336
2.38998913765	-0.176	-0.22	-0.336
2.39279103279	-1.544	-0.384	0.056
2.39559912682	-1.544	-0.384	0.056
2.39840006828	-0.3	-0.836	2.044
2.40120100975	0.4	-0.052	-1.264
2.40400218964	0.4	-0.052	-1.264
2.40680909157	0.032	-0.712	1.456
2.40961909294	0.032	-0.712	1.456
2.41241908073	0.008	-0.164	2.044
2.41521906853	0.008	-0.164	2.044
2.41802620888	-0.336	-0.628	-1.604
2.42082810402	-0.336	-0.628	-1.604
2.42362904549	-0.68	0.092	2.044
2.42643713951	-0.68	0.092	2.044
2.42923998833	0.72	0.168	1.412
2.43203902245	1.028	1.052	-1.284
2.43484902382	1.028	1.052	-1.284
2.43765521049	-0.412	-0.348	2.044
2.44045615196	-0.412	-0.348	2.044
2.44325900078	0.56	0.048	0.04
2.44606208801	0.56	0.048	0.04
2.44885921478	-1.48	-0.328	-0.34
2.45166110992	-1.48	-0.328	-0.34
2.45449614525	-0.176	-0.552	2.044
2.45737099648	0.256	0.008	-1.072
2.46017503738	0.256	0.008	-1.072
2.46297502518	-0.6	0.032	0.996
2.46578216553	-0.6	0.032	0.996
2.46858310699	0.32	-0.184	2.044
2.47138309479	0.32	-0.184	2.044
2.47418904305	-0.236	-0.02	-1.568
2.47699904442	-0.236	-0.02	-1.568
2.47979307175	-0.26	-0.384	2.044
2.48258709908	-0.384	-0.7	1.736
2.4853811264	-0.384	-0.7	1.736
2.48818707466	0.404	0.544	-1.388
2.49098920822	0.404	0.544	-1.388
2.49378919601	-0.172	-0.22	2.044
2.49659204483	-0.172	-0.22	2.044
2.49939417839	0.372	-0.572	0.356
2.5021982193	0.372	-0.572	0.356
2.50499820709	-1.032	0.308	-0.656
2.5078060627	-1.032	0.308	-0.656
2.51060819626	-0.824	-0.64	2.044
2.51341819763	0.12	0.256	-0.848
2.51622819901	0.12	0.256	-0.848
2.5190281868	-0.16	-0.116	0.684
2.52184319496	-0.16	-0.116	0.684
2.52464413643	0.096	-0.54	2.044
2.52745103836	0.096	-0.54	2.044
2.53025221825	1.096	0.144	-1.472
2.53305220604	1.096	0.144	-1.472
2.53586506844	0.044	-0.28	1.956
2.5386660099	0.364	-0.488	2.044
2.54146718979	0.364	-0.488	2.044
2.54426717758	-0.028	0.58	-1.568
2.54707503319	-0.028	0.58	-1.568
2.54987716675	-0.52	-0.324	2.044
2.55267906189	-0.52	-0.324	2.044
2.55548810959	-0.236	-0.672	0.712
2.55828905106	-0.236	-0.672	0.712
2.56109309196	0.26	0.172	-0.852
2.56389403343	0.26	0.172	-0.852
2.56669998169	0.248	-0.464	2.044
2.56950116158	-0.628	-0.304	-0.64
2.57230401039	-0.628	-0.304	-0.64
2.57510519028	-1.428	-0.32	0.272
2.57790708542	-1.428	-0.32	0.272
2.58070802689	0.0	-0.144	2.044
2.58350110054	0.0	-0.144	2.044
2.58630204201	0.628	0.04	-1.348
2.5891020298	0.628	0.04	-1.348
2.59191298485	-0.404	-0.452	1.58
2.59471607208	0.116	-0.284	2.044
2.59752202034	0.116	-0.284	2.044
2.60032200813	-0.528	0.34	-1.68
2.60312914848	-0.528	0.34	-1.68
2.60593605042	0.068	-0.004	2.044
2.60873603821	0.068	-0.004	2.044
2.61153721809	-0.188	-0.332	1.08
2.61433815956	-0.188	-0.332	1.08
2.61714100838	-0.712	0.476	-1.24
2.61994218826	-0.712	0.476	-1.24
2.62274312973	-0.02	-1.1	2.044
2.62556314468	-0.028	-0.228	-0.304
2.6283659935	-0.028	-0.228	-0.304
2.63116812706	-1.152	-0.916	-0.016
2.63397121429	-1.152	-0.916	-0.016
2.63677811623	0.28	-0.652	2.044
2.63958120346	0.28	-0.652	2.044
2.64238214493	-0.216	0.42	-1.268
2.6451830864	-0.216	0.42	-1.268
2.64800310135	-0.12	0.552	1.264
2.65080404282	0.18	-0.304	2.044
2.65360498428	0.18	-0.304	2.044
2.65640616417	0.1	-0.348	-1.612
2.65920901299	0.1	-0.348	-1.612
2.66201114655	0.644	0.384	2.044
2.66481018066	0.644	0.384	2.044
2.66761517525	-0.192	-0.34	1.5
2.67042207718	-0.192	-0.34	1.5
2.67321920395	-0.684	0.088	-1.4
2.67602705956	-0.684	0.088	-1.4
2.67882108688	0.088	-0.316	2.044
2.68163108826	0.58	-0.448	0.152
2.68442320824	0.58	-0.448	0.152
2.68722105026	0.524	-0.072	-0.38
2.69003009796	0.524	-0.072	-0.38
2.6928319931	-0.016	-0.376	2.044
2.69563913345	-0.016	-0.376	2.044
2.69844317436	0.34	0.3	-1.048
2.70124316216	0.34	0.3	-1.048
2.70404314995	0.156	-0.072	0.868
2.70684909821	-0.376	-0.196	2.044
2.70965003967	-0.376	-0.196	2.044
2.71245217323	-0.624	-0.124	-1.564
2.71525502205	-0.624	-0.124	-1.564
2.71806406975	-0.636	-0.572	2.044
2.72086501122	-0.636	-0.572	2.044
2.72366714478	0.0	-0.3	1.888
2.72646617889	0.0	-0.3	1.888
2.72925901413	-1.772	-0.856	-1.508
2.73206305504	-1.772	-0.856	-1.508
2.73486804962	-0.228	-0.632	2.044
2.7376730442	-0.12	-0.272	0.424
2.74047517776	-0.12	-0.272	0.424
2.74327611923	-1.108	-0.552	-0.688
2.74608802795	-1.108	-0.552	-0.688
2.74890017509	-0.86	0.036	2.044
2.75170016289	-0.86	0.036	2.044
2.75450110435	0.028	0.148	-0.732
2.75733709335	0.028	0.148	-0.732
2.76013803482	0.116	-0.764	0.652
2.76293921471	0.616	-0.496	2.044
2.76574611664	0.616	-0.496	2.044
2.76854705811	-0.148	0.392	-1.54
2.77134799957	-0.148	0.392	-1.54
2.77415108681	-0.016	-0.476	1.964
2.7769651413	-0.016	-0.476	1.964
2.77980804443	0.308	-0.104	2.044
2.78261017799	0.308	-0.104	2.044
2.78541111946	0.676	0.344	-1.544
2.78827404976	-0.26	-0.264	2.044
2.79107618332	-0.26	-0.264	2.044
2.79389214516	-0.1	-0.296	0.82
2.79670119286	-0.1	-0.296	0.82
2.799503088	0.22	0.18	-0.916
2.80230617523	0.22	0.18	-0.916
2.8051071167	-0.188	-0.404	2.044
2.80791521072	-0.188	-0.404	2.044
2.81072020531	-0.776	0.1	-0.568
2.8135201931	-0.776	0.1	-0.568
2.81632399559	-0.524	-0.048	0.144
2.81912612915	-0.504	0.052	2.044
2.82193017006	-0.504	0.052	2.044
2.82473111153	0.512	0.076	-1.352
2.82754802704	0.512	0.076	-1.352
2.83034920692	0.528	0.516	1.528
2.83314704895	0.528	0.516	1.528
2.83595204353	0.256	-0.332	2.044
2.838752985	0.256	-0.332	2.044
2.84155416489	0.016	0.84	-1.712
2.84435510635	-0.2	-0.396	2.044
2.84716320038	-0.2	-0.396	2.044
2.84996604919	0.368	-0.008	1.168
2.85276699066	0.368	-0.008	1.168
2.85557317734	-0.068	0.272	-1.244
2.85837721825	-0.068	0.272	-1.244
2.86117911339	0.484	-0.72	2.044
2.86398220062	0.484	-0.72	2.044
2.86679005623	-0.196	-0.252	-0.196
2.86959505081	-0.196	-0.252	-0.196
2.87239718437	0.112	-0.892	-0.116
2.87519812584	0.352	-0.208	2.044
2.87800121307	0.352	-0.208	2.044
2.88079309464	0.124	0.06	-1.16
2.88358521461	0.124	0.06	-1.16
2.88638210297	1.42	0.384	1.232
2.88918209076	1.42	0.384	1.232
2.89198112488	0.076	-0.108	2.044
2.894780159	0.076	-0.108	2.044
2.89759898186	-0.884	-0.068	-1.672
2.90040111542	0.552	-0.324	2.044
2.90320014954	0.552	-0.324	2.044
2.90601611137	-0.288	-0.464	1.544
2.90882015228	-0.288	-0.464	1.544
2.91162014008	0.288	0.02	-1.332
2.91442012787	0.288	0.02	-1.332
2.91722512245	-0.324	-1.016	2.044
2.92003417015	-0.324	-1.016	2.044
2.92283415794	0.384	-0.452	0.176
2.92563819885	-0.508	-0.352	-0.632
2.92843914032	-0.508	-0.352	-0.632
2.93124008179	0.088	-0.524	2.044
2.93403816223	0.088	-0.524	2.044
2.9368391037	0.408	0.1	-0.96
2.93963718414	0.408	0.1	-0.96
2.94243621826	-0.392	0.144	0.804
2.94523501396	-0.392	0.144	0.804
2.94804000854	0.244	-0.664	2.044
2.95084118843	0.244	-0.664	2.044
2.95365905762	-0.112	0.168	-1.604
2.95646119118	0.268	0.408	2.044
2.95925712585	0.268	0.408	2.044
2.9620552063	0.08	0.164	1.924
2.96485114098	0.08	0.164	1.924
2.96765398979	-0.768	0.392	-1.528
2.97046709061	-0.768	0.392	-1.528
2.9732670784	-0.116	-0.58	2.044
2.97606801987	-0.116	-0.58	2.044
2.9788711071	0.728	-0.26	0.624
2.98166918755	-1.084	-0.244	-0.708
2.98448014259	-1.084	-0.244	-0.708
2.98735904694	-0.1	0.052	2.044
2.9901611805	-0.1	0.052	2.044
2.99296021461	-0.136	0.112	-0.732
2.99577116966	-0.136	0.112	-0.732
2.99857115746	0.564	-0.008	0.548
3.00136899948	0.564	-0.008	0.548
3.00416898727	0.056	-0.16	2.044
3.00697517395	0.056	-0.16	2.044
3.00978708267	0.5	0.16	-1.432
3.0125939846	0.26	-0.828	1.92
3.01539301872	0.26	-0.828	1.92
3.01820015907	0.072	-0.548	2.044
3.02099919319	0.072	-0.548	2.044
3.02379798889	-0.604	-0.404	-1.6
3.02660608292	-0.604	-0.404	-1.6
3.02940821648	-0.648	-0.336	2.044
3.03220820427	-0.648	-0.336	2.044
3.03500914574	-0.308	-0.136	0.908
3.03781318665	-0.94	-0.376	-1.044
3.04061508179	-0.94	-0.376	-1.044
3.04341602325	-0.14	-0.156	2.044
3.04622220993	-0.14	-0.156	2.044
3.04902219772	0.12	0.264	-0.4
3.05182218552	0.12	0.264	-0.4
3.05462312698	-0.672	-0.292	0.176
3.05747413635	-0.672	-0.292	0.176
3.06028008461	-0.316	0.076	2.044
3.06309103966	-0.316	0.076	2.044
3.06591415405	0.028	0.332	-1.308
3.06871509552	-0.204	-0.08	1.5
3.07151198387	-0.204	-0.08	1.5
3.07431101799	-0.212	-0.12	2.044
3.07711815834	-0.212	-0.12	2.044
3.07992219925	0.712	-0.26	-1.536
3.08272004128	0.712	-0.26	-1.536
3.08552312851	0.184	0.4	2.044
3.08832716942	0.184	0.4	2.044
3.09112715721	0.052	-0.236	1.3
3.09392905235	0.292	-0.008	-1.276
3.09673309326	0.292	-0.008	-1.276
3.0995349884	-0.532	-0.188	2.044
3.10233616829	-0.532	-0.188	2.044
3.10513806343	-0.028	0.108	-0.06
3.10794711113	-0.028	0.108	-0.06
3.1107480526	-1.092	-0.128	-0.24
3.11355113983	-1.092	-0.128	-0.24
3.1163611412	0.188	-0.264	2.044
3.11916208267	0.42	-0.08	-1.096
3.12196421623	0.42	-0.08	-1.096
3.12476921082	0.468	-0.524	1.112
3.12757706642	0.468	-0.524	1.112
3.13037919998	-0.164	-0.032	2.044
3.13317918777	-0.164	-0.032	2.044
3.13598203659	-0.28	-0.124	-1.612
3.13878417015	-0.28	-0.124	-1.612
3.1415951252	-0.832	-0.796	2.044
3.14443707466	-0.832	-0.796	2.044
3.14724802971	0.272	-0.36	1.708
3.15004920959	0.576	-0.164	-1.268
3.15285015106	0.576	-0.164	-1.268
3.15565800667	-0.108	-0.212	2.044
3.15845918655	-0.108	-0.212	2.044
3.16126012802	0.496	0.028	0.332
3.16405916214	0.496	0.028	0.332
3.16686201096	-1.748	0.048	-0.596
3.16968011856	-1.748	0.048	-0.596
3.1724820137	0.52	-0.636	2.044
3.1752820015	-0.548	-0.068	-0.944
3.17809200287	-0.548	-0.068	-0.944
3.18089318275	-1.004	0.492	0.66
3.18369317055	-1.004	0.492	0.66
3.18650007248	-0.112	-0.12	2.044
3.18930220604	-0.112	-0.12	2.044
3.19210505486	0.316	0.696	-1.532
3.19490599632	0.316	0.696	-1.532
3.197712183	-0.216	0.096	2.044
3.20051217079	-0.216	0.096	2.044
3.20331311226	0.176	-0.304	2.016
3.20611906052	-0.044	-1.08	-1.488
3.20892214775	-0.044	-1.08	-1.488
3.21173000336	-0.224	-0.484	2.044
3.21453118324	-0.224	-0.484	2.044
3.21733999252	0.788	-0.104	0.716
3.2201499939	0.788	-0.104	0.716
3.22294998169	0.036	-0.14	-0.808
3.22576713562	0.036	-0.14	-0.808
3.22856903076	0.264	-0.472	2.044
3.23137021065	0.456	-0.116	-0.6
3.23417115211	0.456	-0.116	-0.6
3.23697710037	-0.076	-0.224	0.408
3.23979711533	-0.076	-0.224	0.408
3.24259901047	-0.232	-0.44	2.044
3.24540114403	-0.232	-0.44	2.044
3.24820399284	0.12	0.372	-1.444
3.2510061264	0.12	0.372	-1.444
3.25380516052	0.504	0.472	1.776
3.25660800934	0.504	0.472	1.776
3.25940704346	0.108	-0.52	2.044
3.26220703125	-0.04	-0.496	-1.524
3.26500916481	-0.04	-0.496	-1.524
3.26781916618	-0.148	0.292	2.044
3.27061915398	-0.148	0.292	2.044
3.27341914177	-0.056	-0.168	1.044
3.27622914314	-0.056	-0.168	1.044
3.27902412415	0.04	0.54	-1.148
3.28182601929	0.04	0.54	-1.148
3.28462100029	-0.22	-0.552	2.044
3.28742408752	-0.452	-0.096	-0.328
3.29023098946	-0.452	-0.096	-0.328
3.29303407669	-0.568	0.824	-0.048
3.29583716393	-0.568	0.824	-0.048
3.29865312576	-0.296	-0.432	2.044
3.301456213	-0.296	-0.432	2.044
3.30425810814	-0.316	0.116	-1.28
3.30706715584	-0.316	0.116	-1.28
3.30986809731	-0.096	-0.22	1.4
3.31266999245	0.492	-0.628	2.044
3.31547617912	0.492	-0.628	2.044
3.31827616692	0.004	-0.052	-1.696
3.32107710838	0.004	-0.052	-1.696
3.32387900352	0.284	-0.472	2.044
3.32668399811	0.284	-0.472	2.044
3.32948517799	0.352	-0.38	1.392
3.33228707314	0.352	-0.38	1.392
3.33508706093	0.708	0.8	-1.256
3.33790302277	0.708	0.8	-1.256
3.34070301056	-0.1	-0.128	2.044
3.34350705147	0.016	0.028	0.016
3.34630608559	0.016	0.028	0.016
3.34910321236	-0.352	-0.116	-0.252
3.35190606117	-0.352	-0.116	-0.252
3.35472202301	0.112	-0.612	2.044
3.35753011703	0.112	-0.612	2.044
3.36033010483	0.396	0.296	-1.072
3.3631310463	0.396	0.296	-1.072
3.36593604088	0.564	-0.372	1.076
3.36873698235	-0.328	0.04	2.044
3.37153816223	-0.328	0.04	2.044
3.37433719635	-0.968	0.32	-1.708
3.37714910507	-0.968	0.32	-1.708
3.37995100021	0.684	-0.316	2.044
3.38275098801	0.684	-0.316	2.044
3.38556098938	0.156	-0.296	1.804
3.38836407661	0.156	-0.296	1.804
3.39116406441	0.112	0.244	-1.424
3.39396500587	0.112	0.244	-1.424
3.39677119255	0.032	-0.288	2.044
3.39957213402	0.324	-0.144	0.404
3.40237498283	0.324	-0.144	0.404
3.40517401695	-0.38	-0.82	-0.724
3.40798306465	-0.38	-0.82	-0.724
3.41078615189	-0.184	-0.692	2.044
3.41358709335	-0.184	-0.692	2.044
3.41639018059	-0.612	0.512	-0.904
3.41919207573	-0.612	0.512	-0.904
3.42199516296	-0.492	0.588	0.584
3.42479515076	-0.472	0.04	2.044
3.42760300636	-0.472	0.04	2.044
3.4304060936	-0.536	0.012	-1.528
3.43320703506	-0.536	0.012	-1.528
3.43601512909	-0.772	-0.952	1.92
3.43881702423	-0.772	-0.952	1.92
3.44161701202	-0.432	-0.28	2.044
3.44441819191	-0.432	-0.28	2.044
3.44722604752	0.508	0.312	-1.572
3.45002818108	0.508	0.312	-1.572
3.45282721519	0.42	-0.628	2.044
3.45564317703	-0.64	-0.144	0.748
3.45844721794	-0.64	-0.144	0.748
3.46124720573	1.704	0.036	-0.772
3.46404719353	1.704	0.036	-0.772
3.46686720848	1.036	-0.488	2.044
3.46966814995	1.036	-0.488	2.044
3.47247219086	0.452	-0.2	-0.528
3.47527503967	0.452	-0.2	-0.528
3.47808003426	-0.536	-0.636	0.296
3.48087406158	0.156	-0.524	2.044
3.48366713524	0.156	-0.524	2.044
3.48646616936	-0.064	0.656	-1.436
3.48927211761	-0.064	0.656	-1.436
3.49207520485	0.48	0.756	1.768
3.4948720932	0.48	0.756	1.768
3.49769711494	0.08	0.152	2.044
3.50049614906	0.08	0.152	2.044
3.50329303741	-0.388	0.072	-1.616
3.50610208511	-0.388	0.072	-1.616
3.50890421867	0.208	-0.12	2.044
3.51170420647	-1.256	0.104	0.952
3.51450610161	-1.256	0.104	0.952
3.51734519005	0.484	-0.296	-1.116
3.52014708519	0.484	-0.296	-1.116
3.52295017242	0.024	-0.264	2.044
3.52575612068	0.024	-0.264	2.044
3.52855706215	-0.376	-0.336	-0.268
3.53136014938	-0.376	-0.336	-0.268
3.53417110443	0.088	0.084	-0.124
3.53697299957	-0.188	0.044	2.044
3.53977513313	-0.188	0.044	2.044
3.54257416725	0.092	0.472	-1.24
3.54537415504	0.092	0.472	-1.24
3.54818105698	-0.608	-0.128	1.184
3.55098319054	-0.608	-0.128	1.184
3.5537981987	0.16	0.048	2.044
3.55665302277	0.16	0.048	2.044
3.55945801735	-0.04	0.28	-1.652
3.56226301193	-0.584	-0.312	2.044
3.56506609917	-0.584	-0.312	2.044
3.5678730011	-0.044	-0.704	1.536
3.57067608833	-0.044	-0.704	1.536
3.5734770298	-0.884	0.316	-1.416
3.57628011703	-0.884	0.316	-1.416
3.57908320427	0.396	0.04	2.044
3.58188199997	0.396	0.04	2.044
3.58468008041	-0.464	-0.092	0.036
3.58748817444	-0.464	-0.092	0.036
3.59028911591	-0.096	-0.084	-0.52
3.59309101105	0.032	-0.472	2.044
3.5958981514	0.032	-0.472	2.044
3.59869813919	-0.14	0.116	-1.044
3.60149908066	-0.14	0.116	-1.044
3.60430407524	0.344	0.768	0.92
3.60710406303	0.344	0.768	0.92
3.6099050045	-0.208	-0.196	2.044
3.61271619797	-0.208	-0.196	2.044
3.61552405357	0.224	-0.116	-1.544
3.61832714081	-0.608	-0.472	2.044
3.62112808228	-0.608	-0.472	2.044
3.62392807007	0.54	-0.384	1.904
3.62673711777	0.54	-0.384	1.904
3.62953901291	0.16	1.272	-1.592
3.6323390007	0.16	1.272	-1.592
3.63513898849	-0.536	-0.764	2.044
3.63794708252	-0.536	-0.764	2.044
3.64074802399	0.328	-0.076	0.496
3.64354801178	0.328	-0.076	0.496
3.64635801315	0.084	-0.068	-0.652
3.64916110039	0.476	-0.304	2.044
3.65196299553	0.476	-0.304	2.044
3.65476298332	0.38	0.208	-0.764
3.65757012367	0.38	0.208	-0.764
3.66037106514	-0.236	0.508	0.476
3.66317009926	-0.236	0.508	0.476
3.66597700119	0.564	-0.244	2.044
3.66877818108	0.564	-0.244	2.044
3.6715760231	0.344	0.276	-1.512
3.67437815666	-0.288	-0.304	1.928
3.67718601227	-0.288	-0.304	1.928
3.67999100685	0.072	-0.064	2.044
3.68278312683	0.072	-0.064	2.044
3.68558120728	1.228	-0.18	-1.472
3.68838620186	1.228	-0.18	-1.472
3.69120311737	0.204	-0.748	2.044
3.69400405884	0.204	-0.748	2.044
3.69680500031	-0.164	0.116	0.876
3.69960713387	-0.164	0.116	0.876
3.70240616798	0.312	0.484	-1.028
3.70520710945	-0.336	-0.276	2.044
3.70801615715	-0.336	-0.276	2.044
3.71081709862	-0.02	0.124	-0.492
3.71361613274	-0.02	0.124	-0.492
3.71642303467	1.744	0.564	0.304
3.71922206879	1.744	0.564	0.304
3.72202205658	0.032	-0.184	2.044
3.72482299805	0.032	-0.184	2.044
3.7276301384	0.208	0.308	-1.348
3.73043203354	-0.108	-0.164	1.552
3.73323702812	-0.108	-0.164	1.552
3.73604011536	0.108	0.096	2.044
3.73884105682	0.108	0.096	2.044
3.74163913727	-0.92	0.424	-1.692
3.74444103241	-0.92	0.424	-1.692
3.74724912643	0.808	-0.572	2.044
3.7500500679	0.808	-0.572	2.044
3.75284910202	0.192	0.252	1.26
3.75565600395	0.192	0.252	1.26
3.7584540844	-0.656	-0.244	-1.208
3.76125621796	-0.38	-0.508	2.044
3.7640581131	-0.38	-0.508	2.044
3.76686406136	-0.1	-0.332	-0.148
3.7696762085	-0.1	-0.332	-0.148
3.77248001099	-0.084	0.24	-0.132
3.77528119087	-0.084	0.24	-0.132
3.77809309959	0.676	-0.092	2.044
3.78089308739	0.676	-0.092	2.044
3.78369307518	0.444	0.452	-1.176
3.78649711609	-0.388	0.216	1.14
3.78929805756	-0.388	0.216	1.14
3.79209899902	0.12	-0.268	2.044
3.79490017891	0.12	-0.268	2.044
3.79770612717	0.088	0.22	-1.612
3.80050706863	0.088	0.22	-1.612
3.80330705643	0.132	-0.092	2.044
3.80611300468	0.132	-0.092	2.044
3.80891299248	-0.036	-0.044	1.604
3.81171417236	-0.036	-0.044	1.604
3.81451416016	-0.528	-0.172	-1.412
3.81735301018	0.1	-0.544	2.044
3.82015800476	0.1	-0.544	2.044
3.82295918465	0.348	0.284	0.176
3.82577419281	0.348	0.284	0.176
3.82857203484	-0.324	-0.732	-0.344
3.8313741684	-0.324	-0.732	-0.344
3.8341782093	0.584	-0.34	2.044
3.83698701859	0.584	-0.34	2.044
3.8397860527	-0.116	0.168	-0.952
3.84258818626	0.748	0.264	0.824
3.84538602829	0.748	0.264	0.824
3.8481991291	-0.008	-0.044	2.044
3.85100221634	-0.008	-0.044	2.044
3.85380220413	0.144	0.54	-1.544
3.8566031456	0.144	0.54	-1.544
3.85940217972	-0.74	-0.2	2.044
3.86220407486	-0.74	-0.2	2.044
3.86500811577	0.124	-0.232	2.0
3.86781406403	0.7	0.2	-1.452
3.87061405182	0.7	0.2	-1.452
3.87341308594	-0.372	-0.616	2.044
3.87622213364	-0.372	-0.616	2.044
3.87901616096	0.036	-0.1	0.604
3.88181018829	0.036	-0.1	0.604
3.88460302353	0.052	0.588	-0.884
3.88741803169	0.052	0.588	-0.884
3.89022111893	-0.096	-0.176	2.044
3.89302301407	-0.096	-0.176	2.044
3.89583015442	-0.348	-0.368	-0.684
3.898635149	-0.048	0.336	0.432
3.9014351368	-0.048	0.336	0.432
3.90423417091	0.28	-0.8	2.044
3.90704512596	0.28	-0.8	2.044
3.90984606743	0.552	0.064	-1.424
3.91264605522	0.552	0.064	-1.424
3.91545319557	-0.168	-0.176	1.736
3.91825509071	-0.168	-0.176	1.736
3.92105603218	-0.496	0.056	2.044
3.92385721207	-0.6	0.096	-1.564
3.92667412758	-0.6	0.096	-1.564
3.92947912216	0.212	-0.004	2.044
3.93228006363	0.212	-0.004	2.044
3.93507909775	-0.7	-0.428	0.916
3.93789410591	-0.7	-0.428	0.916
3.94069504738	-0.22	-0.256	-1.044
3.94349718094	-0.22	-0.256	-1.044
3.94630718231	-0.432	-0.632	2.044
3.94910907745	-0.432	-0.632	2.044
3.95191311836	0.136	0.024	-0.356
3.9547150135	1.152	0.392	0.136
3.95752000809	1.152	0.392	0.136
3.96031808853	0.24	-0.288	2.044
3.96311903	0.24	-0.288	2.044
3.96592402458	0.464	0.036	-1.296
3.96872401237	0.464	0.036	-1.296
3.97152400017	-0.428	-0.396	1.42
3.97432613373	-0.428	-0.396	1.42
3.97712802887	-0.308	0.144	2.044
3.97993016243	0.56	0.296	-1.576
3.98273015022	0.56	0.296	-1.576
3.98553609848	0.048	-0.288	2.044
3.98833703995	0.048	-0.288	2.044
3.99113702774	0.0	-0.168	1.372
3.99393415451	0.0	-0.168	1.372
3.99673318863	-1.0	-0.676	-1.28
3.99953103065	-1.0	-0.676	-1.28
4.00233006477	0.044	-0.732	2.044
4.00514006615	0.044	-0.732	2.044
4.00794911385	-0.244	-0.424	-0.04
4.01075601578	0.588	0.828	-0.316
4.0135550499	0.588	0.828	-0.316
4.01635599136	0.028	-0.316	2.044
4.01919698715	0.028	-0.316	2.044
4.02199816704	0.116	0.068	-1.068
4.02479910851	0.116	0.068	-1.068
4.02760601044	0.788	0.392	1.048
4.03040409088	0.788	0.392	1.048
4.03320217133	0.38	0.336	2.044
4.03600120544	0.06	0.588	-1.652
4.03880405426	0.06	0.588	-1.652
4.04160404205	0.3	-0.54	2.044
4.04440498352	0.3	-0.54	2.044
4.0472111702	-0.268	-0.348	1.724
4.05001401901	-0.268	-0.348	1.724
4.0528151989	-1.168	-0.14	-1.384
4.05562400818	-1.168	-0.14	-1.384
4.05842804909	-0.268	0.092	2.044
4.06122803688	-0.268	0.092	2.044
4.06404018402	0.5	-0.108	0.356
4.06684613228	0.124	0.632	-0.684
4.06964612007	0.124	0.632	-0.684
4.07244515419	0.664	-1.264	2.044
4.07524514198	0.664	-1.264	2.044
4.07804703712	-0.308	-0.152	-0.892
4.08084607124	-0.308	-0.152	-0.892
4.08365106583	-0.028	0.156	0.644
4.08644914627	-0.028	0.156	0.644
4.08925509453	0.14	0.188	2.044
4.092056036	0.252	0.348	-1.532
4.09485602379	0.252	0.348	-1.532
4.09766411781	0.624	-0.352	2.044
4.1004691124	0.624	-0.352	2.044
4.10326910019	0.024	-0.224	2.044
4.10607600212	0.024	-0.224	2.044
4.10887718201	0.3	0.544	-1.528
4.11167621613	0.3	0.544	-1.528
4.11447811127	-0.844	-0.52	2.044
4.11731600761	1.008	-0.36	0.812
4.12011909485	1.008	-0.36	0.812
4.12292098999	0.16	-0.26	-0.768
4.12573313713	0.16	-0.26	-0.768
4.1285340786	0.732	-0.576	2.044
4.13133502007	0.732	-0.576	2.044
4.13413500786	0.008	0.024	-0.62
4.13693714142	0.008	0.024	-0.62
4.13973712921	0.088	0.408	0.388
4.14253616333	0.088	0.408	0.388
4.14533400536	-0.012	-0.352	2.044
4.14814305305	-0.156	0.44	-1.44
4.15094518661	-0.156	0.44	-1.44
4.15376806259	-0.312	0.04	1.668
4.15657615662	-0.312	0.04	1.668
4.15937805176	-0.176	-0.272	2.044
4.1621901989	-0.176	-0.272	2.044
4.16499209404	-0.396	0.812	-1.676
4.16780400276	-0.396	0.812	-1.676
4.17060804367	-0.2	-0.5	2.044
4.17340517044	0.8	-0.312	1.128
4.17620706558	0.8	-0.312	1.128
4.17900800705	0.684	-0.004	-1.032
4.18180918694	0.684	-0.004	-1.032
4.1846101284	-0.044	-0.544	2.044
4.1874191761	-0.044	-0.544	2.044
4.19022011757	0.028	-0.228	-0.28
4.19302201271	0.028	-0.228	-0.28
4.19583010674	-0.06	0.392	-0.052
4.1986310482	-0.06	0.392	-0.052
4.20143318176	-0.368	-0.18	2.044
4.20423817635	-0.264	0.144	-1.292
4.20704507828	-0.264	0.144	-1.292
4.20984911919	-0.524	-0.4	1.356
4.21265411377	-0.524	-0.4	1.356
4.21546316147	-0.432	0.056	2.044
4.21832108498	-0.432	0.056	2.044
4.22112321854	-0.104	0.268	-1.688
4.22393798828	-0.104	0.268	-1.688
4.22674202919	0.26	-0.38	2.044
4.22954201698	-1.652	0.14	1.364
4.23234200478	-1.652	0.14	1.364
4.23514413834	-0.204	0.072	-1.248
4.23794817924	-0.204	0.072	-1.248
4.24077510834	0.22	-0.56	2.044
4.24357700348	0.22	-0.56	2.044
4.24638414383	0.844	0.168	0.096
4.24918413162	0.844	0.168	0.096
4.25198316574	-2.048	-0.432	-0.36
4.254789114	-0.208	-0.376	2.044
4.25759720802	-0.208	-0.376	2.044
4.26040005684	0.624	0.012	-1.012
4.26319909096	0.624	0.012	-1.012
4.26601600647	-0.32	-0.144	0.884
4.26881814003	-0.32	-0.144	0.884
4.27162003517	-0.528	0.02	2.044
4.27442407608	-0.528	0.02	2.044
4.27722501755	-0.412	0.724	-1.648
4.28001904488	-0.412	0.724	-1.648
4.28282618523	0.924	-0.12	2.044
4.28562617302	0.28	-0.452	1.884
4.28843402863	0.28	-0.452	1.884
4.29123711586	-0.208	0.008	-1.412
4.29404020309	-0.208	0.008	-1.412
4.29684400558	0.94	0.248	2.044
4.29964804649	0.94	0.248	2.044
4.30244708061	0.076	-0.184	0.408
4.30524802208	0.076	-0.184	0.408
4.30805206299	0.48	0.072	-0.592
4.31085300446	0.068	-0.78	2.044
4.31365299225	0.068	-0.78	2.044
4.31645512581	-0.936	0.556	-0.852
4.3192679882	-0.936	0.556	-0.852
4.32207107544	-0.104	0.592	0.56
4.32487201691	-0.104	0.592	0.56
4.32767701149	-0.312	-0.644	2.044
4.3304810524	-0.312	-0.644	2.044
4.33328318596	0.556	0.08	-1.46
4.33608412743	0.556	0.08	-1.46
4.33888411522	-0.12	0.028	1.9
4.34168720245	-0.656	0.16	2.044
4.34449005127	-0.656	0.16	2.044
4.34732818604	-0.5	0.444	-1.604
4.35013008118	-0.5	0.444	-1.604
4.35292720795	-0.164	-0.644	2.044
4.35573601723	-0.164	-0.644	2.044
4.35853815079	0.252	-0.188	0.872
4.36133813858	0.252	-0.188	0.872
4.36413812637	0.564	0.468	-0.884
4.36694407463	-0.384	-0.108	2.044
4.36974620819	-0.384	-0.108	2.044
4.37254810333	-0.184	0.232	-0.516
4.3753490448	-0.184	0.232	-0.516
4.37815904617	0.764	-0.64	0.188
4.38095998764	0.764	-0.64	0.188
4.38376021385	-0.512	0.324	2.044
4.38657307625	-0.512	0.324	2.044
4.38937306404	0.468	0.32	-1.34
4.39218521118	0.468	0.32	-1.34
4.39498710632	0.84	-0.176	1.588
4.39780402184	0.216	-0.356	2.044
4.40060520172	0.216	-0.356	2.044
4.40340614319	-0.636	0.36	-1.684
4.40621399879	-0.636	0.36	-1.684
4.40901613235	0.068	-0.28	2.044
4.4118180275	0.068	-0.28	2.044
4.41461801529	-0.488	0.016	1.104
4.41742515564	-0.488	0.016	1.104
4.42022514343	0.596	0.472	-1.004
4.42302513123	0.112	-0.484	2.044
4.4258480072	0.112	-0.484	2.044
4.42865300179	-0.348	0.004	-0.256
4.43145418167	-0.348	0.004	-0.256
4.43425607681	0.472	-0.224	-0.136
4.43706202507	0.472	-0.224	-0.136
4.43986320496	-0.144	-0.384	2.044
4.44266700745	-0.144	-0.384	2.044
4.44547510147	0.092	0.24	-1.212
4.44827508926	0.092	0.24	-1.212
4.45107603073	-0.304	-0.036	1.328
4.45387721062	0.392	-0.624	2.044
4.45667910576	0.392	-0.624	2.044
4.45948004723	0.14	-0.14	-1.632
4.46228003502	0.14	-0.14	-1.632
4.46508216858	-0.372	-0.456	2.044
4.46789002419	-0.372	-0.456	2.044
4.47069001198	-0.324	-0.5	1.568
4.47349214554	-0.324	-0.5	1.568
4.47630500793	-1.26	-0.988	-1.292
4.47909998894	-0.032	-0.38	2.044
4.48190712929	-0.032	-0.38	2.044
4.48470020294	-0.268	-0.144	0.148
4.48750710487	-0.268	-0.144	0.148
4.49031615257	-0.496	-0.204	-0.436
4.49311804771	-0.496	-0.204	-0.436
4.49593901634	-0.54	-0.732	2.044
4.49874210358	-0.54	-0.732	2.044
4.50154399872	0.16	0.012	-0.972
4.50434613228	1.196	0.132	0.924
4.50715208054	1.196	0.132	0.924
4.50995111465	-0.116	-0.128	2.044
4.5127530098	-0.116	-0.128	2.044
4.51556611061	0.128	-0.248	-1.56
4.51836800575	0.128	-0.248	-1.56
4.52117013931	-0.052	-0.24	2.044
4.52397203445	-0.052	-0.24	2.044
4.5267791748	0.292	-0.356	1.972
4.52958011627	0.292	-0.356	1.972
4.53238201141	0.904	0.504	-1.46
4.53518199921	-0.576	-0.364	2.044
4.53799009323	-0.576	-0.364	2.044
4.54084515572	0.7	-0.26	0.648
4.54364800453	0.7	-0.26	0.648
4.54645609856	0.208	-0.316	-0.596
4.5492579937	0.208	-0.316	-0.596
4.55207204819	0.8	-0.244	2.044
4.55488419533	0.8	-0.244	2.044
4.55769109726	0.46	0.028	-0.708
4.56049609184	0.664	0.576	0.512
4.56329512596	0.664	0.576	0.512
4.56609916687	-0.288	-0.556	2.044
4.56890106201	-0.288	-0.556	2.044
4.57170319557	-0.008	0.36	-1.492
4.57450509071	-0.008	0.36	-1.492
4.57734107971	0.044	-0.464	1.912
4.5801460743	0.044	-0.464	1.912
4.58294701576	0.112	-0.364	2.044
4.58575510979	0.112	-0.364	2.044
4.58855700493	-1.056	0.936	-1.68
4.59135913849	0.048	-0.804	2.044
4.59416103363	0.048	-0.804	2.044
4.59696817398	-1.032	0.064	0.852
4.5997672081	-1.032	0.064	0.852
4.60257315636	-0.072	0.272	-0.976
4.60537600517	-0.072	0.272	-0.976
4.6081840992	-0.456	-0.216	2.044
4.61098599434	-0.456	-0.216	2.044
4.6137881279	-0.212	-0.156	-0.436
4.61659216881	0.924	0.016	0.244
4.6193921566	0.924	0.016	0.244
4.62218999863	0.08	-0.444	2.044
4.62498998642	0.08	-0.444	2.044
4.62779808044	0.132	0.232	-1.292
4.63059902191	0.132	0.232	-1.292
4.63341021538	-0.72	0.312	1.48
4.63621902466	-0.72	0.312	1.48
4.63901901245	-0.572	0.052	2.044
4.64183306694	0.076	0.096	-1.608
4.64463305473	0.076	0.096	-1.608
4.64744520187	0.08	-0.508	2.044
4.65024614334	0.08	-0.508	2.044
4.65304613113	-0.044	-0.408	1.308
4.65585398674	-0.044	-0.408	1.308
4.65866208076	0.616	0.404	-1.232
4.66146206856	0.616	0.404	-1.232
4.66426301003	-0.744	-0.788	2.044
4.66707205772	-0.744	-0.788	2.044
4.66987419128	-0.136	-0.128	-0.104
4.67267608643	-1.404	0.756	-0.28
4.67548418045	-1.404	0.756	-0.28
4.67827820778	-0.056	-0.204	2.044
4.68107199669	-0.056	-0.204	2.044
4.68386602402	0.62	-0.056	-1.116
4.68666505814	0.62	-0.056	-1.116
4.68947410583	-0.316	-0.316	1.088
4.69227910042	-0.316	-0.316	1.088
4.69508004189	-0.44	-0.22	2.044
4.69789409637	-0.912	0.292	-1.668
4.70069718361	-0.912	0.292	-1.668
4.70349907875	0.496	-0.404	2.044
4.70630812645	0.496	-0.404	2.044
4.70910811424	0.084	-0.168	1.604
4.71191811562	0.084	-0.168	1.604
4.71472120285	1.104	0.392	-1.36
4.71753001213	1.104	0.392	-1.36
4.72032999992	-0.156	-0.404	2.044
4.72313213348	-0.156	-0.404	2.044
4.72594118118	0.168	-0.228	0.256
4.72874116898	1.104	0.3	-0.444
4.73154306412	1.104	0.3	-0.444
4.73434615135	-0.472	-0.212	2.044
4.73714804649	-0.472	-0.212	2.044
4.73994898796	0.472	-0.132	-0.872
4.74275016785	0.472	-0.132	-0.872
4.74555802345	-0.36	0.684	0.716
4.74835920334	-0.36	0.684	0.716
4.75115919113	0.676	-0.4	2.044
4.7539730072	-0.096	0.22	-1.552
4.75678110123	-0.096	0.22	-1.552
4.75958299637	-0.116	-0.652	2.044
4.76238703728	-0.116	-0.652	2.044
4.76518821716	-0.192	-0.2	2.012
4.76800298691	-0.192	-0.2	2.012
4.77080416679	0.888	0.16	-1.476
4.77360510826	0.888	0.16	-1.476
4.77641105652	0.164	-0.88	2.044
4.77921319008	0.164	-0.88	2.044
4.78201317787	0.276	-0.464	0.664
4.78481316566	-0.14	-0.584	-0.92
4.78761816025	-0.14	-0.584	-0.92
4.79043006897	-0.132	-0.788	2.044
4.7932331562	-0.132	-0.788	2.044
4.79604101181	0.404	-0.184	-0.648
4.79884314537	0.404	-0.184	-0.648
4.80164408684	-0.78	-0.484	0.472
4.80444598198	-0.78	-0.484	0.472
4.80725312233	-0.012	-0.264	2.044
4.81007313728	-0.096	0.404	-1.424
4.81287503242	-0.096	0.404	-1.424
4.81568217278	-0.264	-0.496	1.708
4.81848502159	-0.264	-0.496	1.708
4.82129001617	0.152	-0.164	2.044
4.82408905029	0.152	-0.164	2.044
4.82691121101	0.188	0.492	-1.584
4.82971119881	0.188	0.492	-1.584
4.83250999451	-0.02	-0.284	2.044
4.83531212807	-0.02	-0.284	2.044
4.83811903	0.372	0.056	0.996
4.84091806412	1.664	0.544	-1.048
4.84371805191	1.664	0.544	-1.048
4.84652400017	0.132	0.268	2.044
4.84932303429	0.132	0.268	2.044
4.85212111473	-0.3	-0.172	-0.376
4.85492300987	-0.3	-0.172	-0.376
4.85773515701	-1.408	-0.652	-0.016
4.86053919792	-1.408	-0.652	-0.016
4.86334514618	-0.344	0.212	2.044
4.86615300179	0.116	0.156	-1.312
4.86896419525	0.116	0.156	-1.312
4.87176418304	0.596	0.212	1.372
4.87456512451	0.596	0.212	1.372
4.87736701965	-0.12	-0.352	2.044
4.88016200066	-0.12	-0.352	2.044
4.88295602798	0.636	-0.68	-1.568
4.88575601578	0.636	-0.68	-1.568
4.88856816292	0.0	-0.912	2.044
4.89136314392	0.192	-0.54	1.392
4.89416313171	0.192	-0.54	1.392
4.89696407318	-0.032	0.04	-1.392
4.89976620674	-0.032	0.04	-1.392
4.90256810188	0.112	-0.164	2.044
4.90536904335	0.112	-0.164	2.044
4.90817403793	0.62	-0.148	0.064
4.91097617149	0.62	-0.148	0.064
4.91377615929	0.396	-0.084	-0.232
4.91658306122	0.396	-0.084	-0.232
4.91938519478	-0.188	-0.1	2.044
4.92218899727	0.048	0.0	-1.092
4.92498111725	0.048	0.0	-1.092
4.92778110504	-0.996	-0.428	0.924
4.93058300018	-0.996	-0.428	0.924
4.93338418007	0.472	-0.168	2.044
4.93618512154	0.472	-0.168	2.044
4.93898701668	0.34	0.448	-1.624
4.94178915024	0.34	0.448	-1.624
4.94458913803	0.38	-0.148	2.044
4.94740915298	0.204	-0.248	1.752
4.95021319389	0.204	-0.248	1.752
4.95301413536	-0.14	1.584	-1.504
4.95582318306	-0.14	1.584	-1.504
4.9586250782	0.556	-0.98	2.044
4.96142506599	0.556	-0.98	2.044
4.96422505379	0.072	-0.224	0.368
4.96703100204	0.072	-0.224	0.368
4.969851017	-0.484	0.004	-0.604
4.97265410423	-0.484	0.004	-0.604
4.97546100616	-0.088	-0.596	2.044
4.9851911068	-1.084	-0.112	0.66
4.9880900383	-1.084	-0.112	0.66
4.99089503288	-0.052	-0.036	2.044
4.99369812012	-0.004	0.096	-1.532
4.99650907516	-0.004	0.096	-1.532
4.9993121624	-0.716	-1.004	1.976
