Timestamp 	 X-Axis 	 Y-Axis 	 Z-Axis
0.000309944152832	-1.688	-0.436	-1.176
0.00294804573059	-0.94	0.168	2.044
0.00540399551392	-0.94	0.168	2.044
0.00784802436829	0.14	0.148	-0.28
0.0102910995483	0.14	0.148	-0.28
0.0127489566803	0.764	0.4	-0.036
0.0151929855347	0.764	0.4	-0.036
0.0176339149475	0.08	-0.44	2.044
0.0200750827789	0.08	-0.44	2.044
0.0225279331207	0.08	-0.44	2.044
0.0249710083008	-0.192	0.14	-1.264
0.0274150371552	-0.192	0.14	-1.264
0.0298569202423	0.136	0.756	1.308
0.0322959423065	0.136	0.756	1.308
0.0347580909729	-0.06	-0.1	2.044
0.0372018814087	-0.06	-0.1	2.044
0.0396449565887	-0.924	0.632	-1.676
0.0420949459076	-0.924	0.632	-1.676
0.0445430278778	0.272	-0.044	2.044
0.0469899177551	0.272	-0.044	2.044
0.0494320392609	0.392	0.076	1.468
0.0518720149994	0.392	0.076	1.468
0.0543138980865	-1.5	0.552	-1.52
0.0567579269409	-1.5	0.552	-1.52
0.0591959953308	-0.312	-0.096	2.044
0.061637878418	-0.312	-0.096	2.044
0.0640919208527	-0.128	-0.204	0.068
0.0665349960327	-0.128	-0.204	0.068
0.0689918994904	0.192	-0.184	-0.292
0.0714380741119	0.192	-0.184	-0.292
0.0738930702209	0.356	-0.256	2.044
0.0763440132141	0.356	-0.256	2.044
0.078794002533	0.06	-0.28	-1.032
0.0812449455261	0.06	-0.28	-1.032
0.0836970806122	0.06	-0.28	-1.032
0.086147069931	0.548	0.156	1.032
0.08860206604	0.548	0.156	1.032
0.0910499095917	-0.088	-0.068	2.044
0.0935029983521	-0.088	-0.068	2.044
0.0959539413452	0.136	0.016	-1.596
0.0984039306641	0.136	0.016	-1.596
0.100852012634	-0.212	0.124	2.044
0.103302955627	-0.212	0.124	2.044
0.105752944946	0.976	-0.248	1.904
0.108201980591	0.976	-0.248	1.904
0.110667943954	1.284	-0.016	-1.42
0.113126039505	1.284	-0.016	-1.42
0.115588903427	0.4	-0.936	2.044
0.118040084839	0.4	-0.936	2.044
0.120488882065	0.108	-0.096	0.44
0.122943878174	0.108	-0.096	0.44
0.125394105911	-0.592	-0.272	-0.676
0.127845048904	-0.592	-0.272	-0.676
0.130295991898	0.2	-0.48	2.044
0.132751941681	0.2	-0.48	2.044
0.135200977325	0.012	-0.02	-0.776
0.137660980225	0.012	-0.02	-0.776
0.140111923218	0.008	0.668	0.672
0.142565011978	0.008	0.668	0.672
0.145024061203	0.064	-0.148	2.044
0.147484064102	0.064	-0.148	2.044
0.14993596077	0.064	-0.148	2.044
0.152384996414	0.144	0.208	-1.532
0.154839992523	0.144	0.208	-1.532
0.157289028168	-0.836	-0.464	1.896
0.159739971161	-0.836	-0.464	1.896
0.162190914154	0.12	-0.192	2.044
0.16464805603	0.12	-0.192	2.044
0.167099952698	1.344	0.324	-1.504
0.169548988342	1.344	0.324	-1.504
0.171998977661	0.992	-0.34	2.044
0.17444896698	0.992	-0.34	2.044
0.176898002625	-0.244	-0.404	0.812
0.179363965988	-0.244	-0.404	0.812
0.181813955307	0.468	0.324	-0.904
0.1842648983	0.468	0.324	-0.904
0.186717987061	0.312	-0.232	2.044
0.189167022705	0.312	-0.232	2.044
0.19161605835	0.252	0.124	-0.488
0.194066047668	0.252	0.124	-0.488
0.19651889801	0.264	-0.616	0.312
0.19896697998	0.264	-0.616	0.312
0.201415061951	-0.156	-0.532	2.044
0.203871011734	-0.156	-0.532	2.044
0.206331014633	0.592	0.276	-1.332
0.208781003952	0.592	0.276	-1.332
0.211230039597	0.912	0.228	1.732
0.213684082031	0.912	0.228	1.732
0.216131925583	0.912	0.228	1.732
0.218591928482	-0.084	-0.184	2.044
0.221044063568	-0.084	-0.184	2.044
0.223509073257	-0.34	-0.372	-1.616
0.225962877274	-0.34	-0.372	-1.616
0.22841501236	0.576	-0.656	2.044
0.230864048004	0.576	-0.656	2.044
0.233319997787	-0.208	0.032	1.156
0.235769033432	-0.208	0.032	1.156
0.238218069077	0.808	0.224	-1.14
0.240665912628	0.808	0.224	-1.14
0.243115901947	-0.228	-0.86	2.044
0.245565891266	-0.228	-0.86	2.044
0.248015880585	-0.384	0.284	-0.22
0.250466108322	-0.384	0.284	-0.22
0.252922058105	-1.504	-0.228	-0.084
0.255373001099	-1.504	-0.228	-0.084
0.257823944092	0.064	-0.468	2.044
0.260272979736	0.064	-0.468	2.044
0.262737035751	0.052	0.228	-1.188
0.26518702507	0.052	0.228	-1.188
0.267636060715	0.26	-0.024	1.256
0.270085096359	0.26	-0.024	1.256
0.272540092468	0.352	-0.452	2.044
0.275001049042	0.352	-0.452	2.044
0.277450084686	-0.324	-0.108	-1.62
0.279901981354	-0.324	-0.108	-1.62
0.282352924347	-0.324	-0.108	-1.62
0.284810066223	-0.068	-0.58	2.044
0.287260055542	-0.068	-0.58	2.044
0.289710998535	0.24	-0.196	1.528
0.292159080505	0.24	-0.196	1.528
0.294612884521	0.264	-0.16	-1.36
0.297064065933	0.264	-0.16	-1.36
0.299519062042	-0.052	-0.668	2.044
0.301970005035	-0.052	-0.668	2.044
0.304425954819	-0.74	0.488	0.056
0.306874990463	-0.74	0.488	0.056
0.309324026108	0.28	-0.04	-0.528
0.31177687645	0.28	-0.04	-0.528
0.314232110977	0.408	0.204	2.044
0.316680908203	0.408	0.204	2.044
0.319128036499	0.36	0.004	-0.98
0.321575880051	0.36	0.004	-0.98
0.324028015137	0.176	-0.152	0.992
0.326478004456	0.176	-0.152	0.992
0.3289270401	0.048	-0.292	2.044
0.331376075745	0.048	-0.292	2.044
0.333831071854	0.36	0.072	-1.552
0.336280107498	0.36	0.072	-1.552
0.338732004166	0.9	-0.408	2.044
0.34118103981	0.9	-0.408	2.044
0.343641042709	0.108	-0.376	1.904
0.346091032028	0.108	-0.376	1.904
0.348541021347	0.108	-0.376	1.904
0.350991010666	0.996	0.244	-1.448
0.353446006775	0.996	0.244	-1.448
0.355895996094	0.172	-0.26	2.044
0.358345031738	0.172	-0.26	2.044
0.36079287529	0.764	-0.08	0.568
0.363248109818	0.764	-0.08	0.568
0.365700006485	-1.388	-0.5	-0.776
0.368146896362	-1.388	-0.5	-0.776
0.370594024658	-0.604	-0.196	2.044
0.373050928116	-0.604	-0.196	2.044
0.375509977341	0.204	-0.14	-0.748
0.377960920334	0.204	-0.14	-0.748
0.380410909653	0.74	0.44	0.472
0.382864952087	0.74	0.44	0.472
0.385313034058	-0.284	-0.2	2.044
0.387763023376	-0.284	-0.2	2.044
0.390213012695	0.176	0.264	-1.448
0.392668008804	0.176	0.264	-1.448
0.395116090775	-0.536	0.02	1.76
0.397564888	-0.536	0.02	1.76
0.400012969971	-0.156	-0.244	2.044
0.402470111847	-0.156	-0.244	2.044
0.404920101166	-0.704	0.192	-1.664
0.407368898392	-0.704	0.192	-1.664
0.409818887711	-0.296	-0.08	2.044
0.412277936935	-0.296	-0.08	2.044
0.41473698616	-0.296	-0.08	2.044
0.417187929153	0.12	-0.112	0.904
0.419636964798	0.12	-0.112	0.904
0.422085046768	0.968	-0.072	-1.108
0.424540042877	0.968	-0.072	-1.108
0.426992893219	0.276	-0.532	2.044
0.429441928864	0.276	-0.532	2.044
0.431890964508	-0.256	-0.104	-0.424
0.434346914291	-0.256	-0.104	-0.424
0.436799049377	-0.68	0.156	0.136
0.439245939255	-0.68	0.156	0.136
0.441694974899	-0.144	-0.46	2.044
0.444145917892	-0.144	-0.46	2.044
0.446599960327	0.22	0.052	-1.332
0.449048995972	0.22	0.052	-1.332
0.451502084732	-0.164	-0.272	1.636
0.454003095627	-0.164	-0.272	1.636
0.456453084946	0.288	0.076	2.044
0.458900928497	0.288	0.076	2.044
0.461348056793	0.668	-0.188	-1.584
0.463798999786	0.668	-0.188	-1.584
0.466248035431	0.108	-0.824	2.044
0.468695878983	0.108	-0.824	2.044
0.471143960953	-0.436	-0.588	1.292
0.473601102829	-0.436	-0.588	1.292
0.476051092148	0.572	0.236	-1.256
0.478499889374	0.572	0.236	-1.256
0.480957984924	0.572	0.236	-1.256
0.483412981033	-0.012	-0.064	2.044
0.485862970352	-0.012	-0.064	2.044
0.488313913345	0.172	-0.38	-0.132
0.490768909454	0.172	-0.38	-0.132
0.493225097656	-0.612	0.596	-0.344
0.495682001114	-0.612	0.596	-0.344
0.498131990433	-0.136	-0.632	2.044
0.500582933426	-0.136	-0.632	2.044
0.503032922745	0.128	-0.096	-1.156
0.505481958389	0.128	-0.096	-1.156
0.507930994034	-0.112	-1.008	1.108
0.510380983353	-0.112	-1.008	1.108
0.512836933136	-0.424	-0.228	2.044
0.515286922455	-0.424	-0.228	2.044
0.517738103867	0.532	0.396	-1.628
0.520185947418	0.532	0.396	-1.628
0.522640943527	-0.384	0.06	2.044
0.525089025497	-0.384	0.06	2.044
0.527548074722	0.176	-0.424	1.648
0.529998064041	0.176	-0.424	1.648
0.532479047775	-0.708	0.336	-1.524
0.534931898117	-0.708	0.336	-1.524
0.537383079529	0.54	-0.712	2.044
0.539831876755	0.54	-0.712	2.044
0.542279958725	-0.512	0.108	0.156
0.54473400116	-0.512	0.108	0.156
0.54718208313	-0.512	0.108	0.156
0.549639940262	-1.296	-0.384	-0.592
0.552090883255	-1.296	-0.384	-0.592
0.554548025131	0.24	0.044	2.044
0.556994915009	0.24	0.044	2.044
0.55944108963	-0.248	0.02	-0.948
0.561896085739	-0.248	0.02	-0.948
0.564349889755	-0.552	0.172	0.748
0.566802024841	-0.552	0.172	0.748
0.569250106812	0.468	-0.384	2.044
0.571697950363	0.468	-0.384	2.044
0.574155092239	0.056	0.088	-1.54
0.576603889465	0.056	0.088	-1.54
0.579051971436	-0.3	-0.4	2.044
0.58150100708	-0.3	-0.4	2.044
0.584022045135	-0.256	-0.144	1.984
0.586474895477	-0.256	-0.144	1.984
0.588923931122	-0.208	-0.528	-1.424
0.591375112534	-0.208	-0.528	-1.424
0.593831062317	0.052	-0.492	2.044
0.596280097961	0.052	-0.492	2.044
0.598727941513	-0.152	-0.232	0.556
0.601176977158	-0.152	-0.232	0.556
0.603641033173	0.344	0.916	-0.824
0.606091022491	0.344	0.916	-0.824
0.60854101181	-0.196	-0.336	2.044
0.610992908478	-0.196	-0.336	2.044
0.61344408989	-0.196	-0.336	2.044
0.615894079208	0.056	0.392	-0.672
0.618352890015	0.056	0.392	-0.672
0.620800971985	1.048	0.64	0.544
0.623249053955	1.048	0.64	0.544
0.625695943832	-0.412	0.02	2.044
0.628144025803	-0.412	0.02	2.044
0.630592107773	0.52	-0.168	-1.396
0.633047103882	0.52	-0.168	-1.396
0.635497093201	-0.076	-0.308	1.864
0.637945890427	-0.076	-0.308	1.864
0.640395879745	0.336	-0.128	2.044
0.64284992218	0.336	-0.128	2.044
0.645299911499	-1.036	-0.252	-1.616
0.647751092911	-1.036	-0.252	-1.616
0.65020108223	-0.348	-0.676	2.044
0.652657032013	-0.348	-0.676	2.044
0.655106067657	-1.572	0.04	0.86
0.657553911209	-1.572	0.04	0.86
0.660001993179	-0.972	-0.46	-1.064
0.662473917007	-0.972	-0.46	-1.064
0.664927005768	-0.016	-0.604	2.044
0.667377948761	-0.016	-0.604	2.044
0.669826030731	0.012	0.056	-0.392
0.672275066376	0.012	0.056	-0.392
0.67472410202	-1.024	-0.392	0.028
0.677174091339	-1.024	-0.392	0.028
0.679625988007	-1.024	-0.392	0.028
0.682075977325	-0.084	-0.52	2.044
0.684526920319	-0.084	-0.52	2.044
0.686986923218	0.324	-0.184	-1.268
0.689439058304	0.324	-0.184	-1.268
0.691889047623	-0.316	-0.64	1.464
0.694339990616	-0.316	-0.64	1.464
0.696789979935	0.296	-0.328	2.044
0.699239015579	0.296	-0.328	2.044
0.701689004898	0.196	-0.16	-1.596
0.704144001007	0.196	-0.16	-1.596
0.706593990326	-0.324	-0.652	2.044
0.709043979645	-0.324	-0.652	2.044
0.711493015289	0.152	-0.116	1.344
0.713984966278	0.152	-0.116	1.344
0.716434001923	-0.968	-0.536	-1.268
0.718887090683	-0.968	-0.536	-1.268
0.721338033676	-0.024	-0.488	2.044
0.723793983459	-0.024	-0.488	2.044
0.726244926453	-0.128	-0.324	-0.028
0.728694915771	-0.128	-0.324	-0.028
0.731146097183	-0.18	0.412	-0.376
0.733597040176	-0.18	0.412	-0.376
0.736046075821	-0.064	-0.316	2.044
0.73849606514	-0.064	-0.316	2.044
0.740946054459	0.144	0.56	-1.084
0.743395090103	0.144	0.56	-1.084
0.745845079422	0.144	0.56	-1.084
0.748292922974	0.6	0.296	1.148
0.750739097595	0.6	0.296	1.148
0.753185987473	0.828	-0.036	2.044
0.755655050278	0.828	-0.036	2.044
0.758105039597	-0.872	0.196	-1.636
0.760565042496	-0.872	0.196	-1.636
0.763024091721	-0.756	-0.744	2.044
0.765474081039	-0.756	-0.744	2.044
0.767924070358	-0.516	-0.4	1.692
0.770374059677	-0.516	-0.4	1.692
0.77283000946	0.228	-0.228	-1.34
0.775279998779	0.228	-0.228	-1.34
0.777729988098	-0.06	-0.344	2.044
0.780179977417	-0.06	-0.344	2.044
0.7826359272	0.332	-0.144	0.34
0.785084962845	0.332	-0.144	0.34
0.787534952164	2.044	0.116	-0.412
0.78998708725	2.044	0.116	-0.412
0.792434930801	-0.312	-0.672	2.044
0.794919967651	-0.312	-0.672	2.044
0.797370910645	-0.072	0.276	-0.896
0.799819946289	-0.072	0.276	-0.896
0.802268981934	-0.86	-0.328	0.688
0.804723978043	-0.86	-0.328	0.688
0.807173967361	0.132	-0.128	2.044
0.809622049332	0.132	-0.128	2.044
0.812069892883	0.132	-0.128	2.044
0.814522981644	0.096	0.54	-1.512
0.816972017288	0.096	0.54	-1.512
0.819421052933	-0.808	0.06	2.02
0.821870088577	-0.808	0.06	2.02
0.824333906174	0.596	-0.58	2.044
0.826785087585	0.596	-0.58	2.044
0.829233884811	0.508	0.496	-1.452
0.831685066223	0.508	0.496	-1.452
0.834140062332	0.104	-0.084	2.044
0.836590051651	0.104	-0.084	2.044
0.839039087296	-0.428	-0.364	0.644
0.841487884521	-0.428	-0.364	0.644
0.844002008438	-0.412	0.692	-1.0
0.846450090408	-0.412	0.692	-1.0
0.848896026611	-0.012	-0.276	2.044
0.851346969604	-0.012	-0.276	2.044
0.853802919388	-0.064	0.044	-0.632
0.856252908707	-0.064	0.044	-0.632
0.858702898026	0.076	0.204	0.328
0.861150026321	0.076	0.204	0.328
0.863596916199	0.016	-0.592	2.044
0.866045951843	0.016	-0.592	2.044
0.868494987488	-0.124	0.592	-1.464
0.870974063873	-0.124	0.592	-1.464
0.873431921005	0.86	0.768	1.676
0.875880002975	0.86	0.768	1.676
0.878325939178	0.86	0.768	1.676
0.880773067474	0.688	-0.228	2.044
0.883228063583	0.688	-0.228	2.044
0.885677099228	0.432	0.612	-1.576
0.88812494278	0.432	0.612	-1.576
0.89057302475	0.404	-0.408	2.044
0.893037080765	0.404	-0.408	2.044
0.895485877991	0.016	-0.092	1.024
0.897934913635	0.016	-0.092	1.024
0.900382995605	-1.376	-0.096	-1.092
0.902839899063	-1.376	-0.096	-1.092
0.905291080475	-0.268	-0.236	2.044
0.907743930817	-0.268	-0.236	2.044
0.910193920135	-0.344	-0.048	-0.312
0.912651062012	-0.344	-0.048	-0.312
0.915621042252	-0.564	-0.616	0.028
0.918080091476	-0.564	-0.616	0.028
0.92053103447	0.384	-0.456	2.044
0.922990083694	0.384	-0.456	2.044
0.92543888092	-0.08	0.068	-1.232
0.927891016006	-0.08	0.068	-1.232
0.930341005325	0.088	0.212	1.404
0.93279504776	0.088	0.212	1.404
0.935244083405	0.096	-0.356	2.044
0.93769288063	0.096	-0.356	2.044
0.940141916275	-0.296	0.216	-1.616
0.942593097687	-0.296	0.216	-1.616
0.945041894913	0.416	-0.056	2.044
0.947494029999	0.416	-0.056	2.044
0.949943065643	0.244	-0.424	1.44
0.952392101288	0.244	-0.424	1.44
0.954847097397	-1.204	-0.076	-1.244
0.95729804039	-1.204	-0.076	-1.244
0.959748029709	-1.204	-0.076	-1.244
0.962210893631	0.256	-0.22	2.044
0.96466588974	0.256	-0.22	2.044
0.967114925385	0.152	-0.252	0.068
0.969563961029	0.152	-0.252	0.068
0.972011089325	-0.696	0.632	-0.492
0.974466085434	-0.696	0.632	-0.492
0.976916074753	-0.46	-0.32	2.044
0.979365110397	-0.46	-0.32	2.044
0.981813907623	0.272	-0.176	-1.032
0.984272956848	0.272	-0.176	-1.032
0.986723899841	0.876	0.248	1.048
0.989170074463	0.876	0.248	1.048
0.99161696434	-0.232	-0.196	2.044
0.994071960449	-0.232	-0.196	2.044
0.996541976929	0.26	0.276	-1.564
0.998991966248	0.26	0.276	-1.564
1.00144004822	-0.084	-0.564	2.044
1.00389504433	-0.084	-0.564	2.044
1.00634503365	0.076	-0.052	1.792
1.0087928772	0.076	-0.052	1.792
1.01124095917	-0.272	1.392	-1.576
1.01369690895	-0.272	1.392	-1.576
1.01614689827	-0.08	-0.492	2.044
1.01859593391	-0.08	-0.492	2.044
1.02104592323	0.204	-0.172	0.384
1.02350306511	0.204	-0.172	0.384
1.02595210075	0.204	-0.172	0.384
1.02839994431	-0.32	-0.232	-0.596
1.03086996078	-0.32	-0.232	-0.596
1.03332901001	0.04	-0.72	2.044
1.03577899933	0.04	-0.72	2.044
1.0382270813	-0.416	0.068	-0.856
1.04067587852	-0.416	0.068	-0.856
1.04312610626	-0.368	0.08	0.572
1.04557490349	-0.368	0.08	0.572
1.04802298546	0.316	-0.552	2.044
1.0504720211	0.316	-0.552	2.044
1.05292701721	0.284	0.236	-1.484
1.05537509918	0.284	0.236	-1.484
1.05782794952	-0.412	-0.536	2.012
1.06028103828	-0.412	-0.536	2.012
1.06273698807	0.62	-0.348	2.044
1.06518602371	0.62	-0.348	2.044
1.06763410568	1.324	0.596	-1.516
1.07008290291	1.324	0.596	-1.516
1.07253909111	-0.208	-0.456	2.044
1.07498788834	-0.208	-0.456	2.044
1.07743787766	0.62	0.088	0.88
1.0798830986	0.62	0.088	0.88
1.08232998848	0.02	-0.272	-0.92
1.08478593826	0.02	-0.272	-0.92
1.08723402023	0.032	-0.48	2.044
1.0896821022	0.032	-0.48	2.044
1.09212994576	0.032	-0.48	2.044
1.09458303452	0.312	-0.096	-0.528
1.09703302383	0.312	-0.096	-0.528
1.09949493408	0.44	0.732	0.236
1.1019411087	0.44	0.732	0.236
1.10439109802	0.588	-0.632	2.044
1.10684108734	0.588	-0.632	2.044
1.10928988457	0.064	0.224	-1.392
1.11173796654	0.064	0.224	-1.392
1.11419200897	-0.172	-0.268	1.656
1.11664295197	-0.172	-0.268	1.656
1.11909198761	-0.168	-0.496	2.044
1.12154197693	-0.168	-0.496	2.044
1.12403702736	0.552	0.952	-1.596
1.126486063	0.552	0.952	-1.596
1.12893390656	0.084	-0.712	2.044
1.1313829422	0.084	-0.712	2.044
1.13383698463	-0.336	-0.46	1.072
1.13630104065	-0.336	-0.46	1.072
1.13875293732	-1.588	-0.3	-1.272
1.14120388031	-1.588	-0.3	-1.272
1.14365410805	-0.156	-0.596	2.044
1.14610505104	-0.156	-0.596	2.044
1.14855599403	-0.152	-0.144	-0.224
1.15100598335	-0.152	-0.144	-0.224
1.15346288681	-0.816	0.176	-0.22
1.15591287613	-0.816	0.176	-0.22
1.15836191177	-0.816	0.176	-0.22
1.16081094742	0.056	-0.728	2.044
1.16326808929	0.056	-0.728	2.044
1.16571807861	0.356	-0.02	-1.2
1.16817593575	0.356	-0.02	-1.2
1.17062687874	-0.108	0.432	1.236
1.17308187485	-0.108	0.432	1.236
1.17553400993	-0.228	-0.148	2.044
1.17798495293	-0.228	-0.148	2.044
1.18043494225	1.204	0.012	-1.576
1.18288898468	1.204	0.012	-1.576
1.18533706665	-0.932	-0.048	2.044
1.18778610229	-0.932	-0.048	2.044
1.19023489952	-0.068	-0.056	1.48
1.19268488884	-0.068	-0.056	1.48
1.19513487816	-0.572	-0.536	-1.304
1.1975851059	-0.572	-0.536	-1.304
1.20003604889	0.216	-0.616	2.044
1.202491045	0.216	-0.616	2.044
1.20493888855	0.152	0.072	0.128
1.20738506317	0.152	0.072	0.128
1.20983195305	-0.176	0.24	-0.312
1.21228408813	-0.176	0.24	-0.312
1.21474099159	-0.072	-0.532	2.044
1.21719193459	-0.072	-0.532	2.044
1.21964502335	0.12	0.012	-1.06
1.22209310532	0.12	0.012	-1.06
1.22454595566	0.12	0.012	-1.06
1.2269949913	-0.44	0.896	0.752
1.22944402695	-0.44	0.896	0.752
1.23189210892	0.092	-0.224	2.044
1.23434591293	0.092	-0.224	2.044
1.23680496216	0.22	0.152	-1.56
1.23925304413	0.22	0.152	-1.56
1.24170088768	-1.788	-0.252	2.044
1.24415302277	-1.788	-0.252	2.044
1.24660611153	0.06	-0.312	1.856
1.24905395508	0.06	-0.312	1.856
1.25151395798	0.064	0.1	-1.504
1.25399708748	0.064	0.1	-1.504
1.2564458847	-0.884	0.208	2.044
1.25889396667	-0.884	0.208	2.044
1.26134300232	-0.148	0.228	0.428
1.26379203796	-0.148	0.228	0.428
1.26623988152	-1.28	-0.744	-0.748
1.26869010925	-1.28	-0.744	-0.748
1.27114009857	-0.892	0.116	2.044
1.27359604836	-0.892	0.116	2.044
1.27604389191	-0.448	0.3	-0.784
1.27849388123	-0.448	0.3	-0.784
1.28094291687	0.42	-0.04	0.576
1.2833969593	0.42	-0.04	0.576
1.2858440876	-0.36	-0.32	2.044
1.28829598427	-0.36	-0.32	2.044
1.29074597359	-0.36	-0.32	2.044
1.29321408272	0.54	0.352	-1.464
1.29566502571	0.54	0.352	-1.464
1.29811310768	-0.28	0.236	1.9
1.30056190491	-0.28	0.236	1.9
1.30301690102	0.812	-0.172	2.044
1.30547595024	0.812	-0.172	2.044
1.30792593956	0.492	0.352	-1.556
1.31037402153	0.492	0.352	-1.556
1.31282806396	0.06	-0.088	2.044
1.31527709961	0.06	-0.088	2.044
1.31772589684	-1.248	-0.212	0.716
1.32017707825	-1.248	-0.212	0.716
1.32263302803	0.42	-0.124	-0.864
1.32508397102	0.42	-0.124	-0.864
1.32753610611	-0.192	0.156	2.044
1.32998490334	-0.192	0.156	2.044
1.33243393898	0.08	-0.156	-0.456
1.33491492271	0.08	-0.156	-0.456
1.33736610413	0.192	-0.38	0.212
1.339812994	0.192	-0.38	0.212
1.34226107597	0.008	-0.192	2.044
1.34471607208	0.008	-0.192	2.044
1.34716510773	0.12	0.36	-1.36
1.34961295128	0.12	0.36	-1.36
1.35206103325	1.224	-0.676	1.572
1.35451102257	1.224	-0.676	1.572
1.35695910454	1.224	-0.676	1.572
1.35940790176	0.408	-0.332	2.044
1.36185693741	0.408	-0.332	2.044
1.36431503296	0.396	-0.044	-1.608
1.36676597595	0.396	-0.044	-1.608
1.36921596527	-0.056	-0.128	2.044
1.37166500092	-0.056	-0.128	2.044
1.37412595749	0.548	-0.132	1.264
1.37656807899	0.548	-0.132	1.264
1.37900805473	1.308	0.568	-1.104
1.38144898415	1.308	0.568	-1.104
1.38389396667	0.264	-0.46	2.044
1.38634610176	0.264	-0.46	2.044
1.38879489899	-0.14	0.036	-0.188
1.39124488831	-0.14	0.036	-0.188
1.39370107651	-0.808	-0.224	-0.108
1.39615297318	-0.808	-0.224	-0.108
1.39860296249	-0.716	-0.18	2.044
1.40105199814	-0.716	-0.18	2.044
1.40352010727	0.184	0.192	-1.16
1.40597009659	0.184	0.192	-1.16
1.40841889381	-0.804	0.604	1.1
1.41086697578	-0.804	0.604	1.1
1.41331601143	0.032	-0.112	2.044
1.4157640934	0.032	-0.112	2.044
1.41821289062	0.128	-0.22	-1.608
1.42066287994	0.128	-0.22	-1.608
1.42311787605	0.128	-0.22	-1.608
1.42556810379	0.512	0.056	2.044
1.42801499367	0.512	0.056	2.044
1.43046092987	-0.184	-0.392	1.592
1.43291687965	-0.184	-0.392	1.592
1.4353659153	-0.648	0.116	-1.352
1.43781590462	-0.648	0.116	-1.352
1.4402680397	-0.008	-0.444	2.044
1.44272899628	-0.008	-0.444	2.044
1.44517993927	-0.232	-0.34	0.192
1.44762992859	-0.232	-0.34	0.192
1.45007896423	-0.276	0.024	-0.448
1.45253610611	-0.276	0.024	-0.448
1.45498490334	0.16	-0.296	2.044
1.45743393898	0.16	-0.296	2.044
1.45988202095	0.296	0.14	-0.976
1.46233010292	0.296	0.14	-0.976
1.46478390694	-0.716	0.336	0.748
1.46723198891	-0.716	0.336	0.748
1.46970009804	-0.376	-0.616	2.044
1.47215104103	-0.376	-0.616	2.044
1.47460603714	-0.232	-0.276	-1.604
1.47705698013	-0.232	-0.276	-1.604
1.47951006889	0.192	0.204	2.044
1.48195695877	0.192	0.204	2.044
1.48440909386	0.524	-0.444	1.988
1.48685908318	0.524	-0.444	1.988
1.48930692673	0.524	-0.444	1.988
1.4917550087	-0.508	-0.924	-1.512
1.49421000481	-0.508	-0.924	-1.512
1.49666190147	0.224	-0.74	2.044
1.49910998344	0.224	-0.74	2.044
1.50155806541	0.02	0.004	0.548
1.50400590897	0.02	0.004	0.548
1.50645208359	-0.068	-0.368	-0.752
1.50890302658	-0.068	-0.368	-0.752
1.51136302948	0.268	-0.3	2.044
1.51381897926	0.268	-0.3	2.044
1.51627087593	-0.104	0.408	-0.752
1.51871991158	-0.104	0.408	-0.752
1.52116990089	0.748	-0.496	0.424
1.52362394333	0.748	-0.496	0.424
1.5260720253	-0.168	-0.408	2.044
1.52852201462	-0.168	-0.408	2.044
1.53097105026	0.048	0.236	-1.464
1.5334250927	0.048	0.236	-1.464
1.53587293625	-1.104	-0.8	1.856
1.53832197189	-1.104	-0.8	1.856
1.54077100754	-0.44	-0.344	2.044
1.54322695732	-0.44	-0.344	2.044
1.54567694664	-0.28	-0.028	-1.62
1.54812693596	-0.28	-0.028	-1.62
1.55057692528	-0.28	-0.028	-1.62
1.55303406715	0.476	-0.52	2.044
1.55548596382	0.476	-0.52	2.044
1.55793404579	0.14	-0.236	0.92
1.56038188934	0.14	-0.236	0.92
1.5628349781	-0.936	-0.652	-1.004
1.5652859211	-0.936	-0.652	-1.004
1.56773591042	-0.432	-0.68	2.044
1.57018494606	-0.432	-0.68	2.044
1.57264089584	-0.364	0.244	-0.428
1.57508993149	-0.364	0.244	-0.428
1.57753992081	-0.648	0.46	0.044
1.5800280571	-0.648	0.46	0.044
1.58248400688	-0.228	-0.14	2.044
1.58493494987	-0.228	-0.14	2.044
1.58738398552	0.08	0.088	-1.336
1.58983302116	0.08	0.088	-1.336
1.59228491783	0.664	-0.432	1.488
1.59474110603	0.664	-0.432	1.488
1.59718990326	-0.168	-0.644	2.044
1.59963989258	-0.168	-0.644	2.044
1.6020898819	0.196	-0.252	-1.628
1.60454487801	0.196	-0.252	-1.628
1.60699510574	-0.436	-0.112	2.044
1.60944509506	-0.436	-0.112	2.044
1.61189508438	-0.136	-0.256	1.296
1.61435008049	-0.136	-0.256	1.296
1.61680006981	-1.352	0.396	-1.312
1.6192510128	-1.352	0.396	-1.312
1.62170100212	-1.352	0.396	-1.312
1.6241569519	0.208	0.02	2.044
1.6266040802	0.208	0.02	2.044
1.6290500164	0.184	-0.596	-0.032
1.63150310516	0.184	-0.596	-0.032
1.63402795792	-0.684	-0.808	-0.16
1.63651609421	-0.684	-0.808	-0.16
1.6389670372	0.528	-0.464	2.044
1.64142608643	0.528	-0.464	2.044
1.64387488365	0.332	0.0	-1.168
1.6463201046	0.332	0.0	-1.168
1.64877295494	-0.944	-0.76	1.088
1.65122509003	-0.944	-0.76	1.088
1.65368294716	-0.14	-0.128	2.044
1.65613389015	-0.14	-0.128	2.044
1.65858697891	0.324	0.156	-1.588
1.66103696823	0.324	0.156	-1.588
1.66349101067	-0.772	-0.956	2.044
1.66594195366	-0.772	-0.956	2.044
1.66844201088	-0.48	-0.172	1.6
1.67089390755	-0.48	-0.172	1.6
1.67336893082	0.936	0.304	-1.34
1.67582011223	0.936	0.304	-1.34
1.67826795578	-0.152	-0.988	2.044
1.68071889877	-0.152	-0.988	2.044
1.68317103386	-0.404	-0.44	0.228
1.68562102318	-0.404	-0.44	0.228
1.68807196617	-0.404	-0.44	0.228
1.69052290916	-0.484	-0.74	-0.46
1.69297504425	-0.484	-0.74	-0.46
1.69542503357	0.116	-0.748	2.044
1.69787597656	0.116	-0.748	2.044
1.70032501221	-0.036	0.332	-0.904
1.70278096199	-0.036	0.332	-0.904
1.70524787903	0.608	0.328	0.772
1.70769906044	0.608	0.328	0.772
1.71014595032	-0.384	-0.432	2.044
1.71260094643	-0.384	-0.432	2.044
1.71505308151	0.66	0.284	-1.468
1.71751093864	0.66	0.284	-1.468
1.71996593475	0.58	0.352	2.044
1.7224149704	0.58	0.352	2.044
1.72486400604	-0.52	-0.168	2.044
1.72731494904	-0.52	-0.168	2.044
1.72976708412	-0.392	0.7	-1.516
1.73221707344	-0.392	0.7	-1.516
1.73467302322	0.4	0.104	2.044
1.73712110519	0.4	0.104	2.044
1.73956990242	-0.588	-0.572	0.564
1.74201989174	-0.588	-0.572	0.564
1.74447989464	0.14	-0.052	-0.748
1.74693107605	0.14	-0.052	-0.748
1.74938011169	0.804	-0.636	2.044
1.75184392929	0.804	-0.636	2.044
1.75430107117	0.804	-0.636	2.044
1.75675106049	0.224	-0.1	-0.588
1.75920009613	0.224	-0.1	-0.588
1.76165103912	-0.012	0.4	0.276
1.76410508156	-0.012	0.4	0.276
1.76655101776	-0.2	-0.344	2.044
1.76900196075	-0.2	-0.344	2.044
1.77145195007	0.316	0.552	-1.428
1.77390789986	0.316	0.552	-1.428
1.77635598183	0.056	0.316	1.732
1.7788040638	0.056	0.316	1.732
1.78125095367	-0.492	0.16	2.044
1.78372788429	-0.492	0.16	2.044
1.78618907928	-0.748	0.364	-1.636
1.78864002228	-0.748	0.364	-1.636
1.7910900116	0.444	-0.704	2.044
1.79354596138	0.444	-0.704	2.044
1.79599499702	0.196	-0.636	1.008
1.79844498634	0.196	-0.636	1.008
1.80089402199	0.244	-0.436	-1.096
1.80335187912	0.244	-0.436	-1.096
1.80580210686	0.344	-0.596	2.044
1.80824995041	0.344	-0.596	2.044
1.81069898605	-0.264	0.076	-0.344
1.81315493584	-0.264	0.076	-0.344
1.81560492516	-0.848	-0.192	0.004
1.81805706024	-0.848	-0.192	0.004
1.82050991058	-0.848	-0.192	0.004
1.82296609879	-0.012	-0.672	2.044
1.82541894913	-0.012	-0.672	2.044
1.82786893845	-0.356	0.156	-1.304
1.83031892776	-0.356	0.156	-1.304
1.83277606964	1.52	-0.064	1.42
1.83521795273	1.52	-0.064	1.42
1.83766007423	0.252	0.444	2.044
1.84010004997	0.252	0.444	2.044
1.84254002571	0.108	0.468	-1.6
1.84499192238	0.108	0.468	-1.6
1.8474419117	-0.292	-0.32	2.044
1.84989500046	-0.292	-0.32	2.044
1.85234498978	0.008	-0.348	1.368
1.85481095314	0.008	-0.348	1.368
1.85726594925	-0.704	0.248	-1.284
1.8597240448	-0.704	0.248	-1.284
1.86217594147	0.096	-0.608	2.044
1.86463093758	0.096	-0.608	2.044
1.8670809269	0.364	-0.168	0.056
1.86952996254	0.364	-0.168	0.056
1.87197709084	-0.488	-0.296	-0.288
1.87443590164	-0.488	-0.296	-0.288
1.87688708305	0.396	-0.524	2.044
1.87933397293	0.396	-0.524	2.044
1.88178491592	0.0	0.164	-1.096
1.88423204422	0.0	0.164	-1.096
1.88667297363	0.0	0.164	-1.096
1.88911294937	-0.744	-0.42	0.98
1.89156293869	-0.744	-0.42	0.98
1.89404892921	0.076	-0.632	2.044
1.89650392532	0.076	-0.632	2.044
1.89895510674	0.188	0.012	-1.54
1.90140295029	0.188	0.012	-1.54
1.90386199951	-0.324	0.084	2.044
1.90631198883	-0.324	0.084	2.044
1.9087600708	0.264	-0.288	1.76
1.91120910645	0.264	-0.288	1.76
1.91366505623	0.456	0.728	-1.428
1.91611409187	0.456	0.728	-1.428
1.9185628891	0.104	-0.38	2.044
1.92101192474	0.104	-0.38	2.044
1.92347693443	0.464	-0.104	0.384
1.92592597008	0.464	-0.104	0.384
1.92837500572	-0.372	0.052	-0.608
1.93082594872	-0.372	0.052	-0.608
1.9332818985	0.116	-0.768	2.044
1.93574094772	0.116	-0.768	2.044
1.93819189072	-0.028	-0.096	-0.828
1.94064307213	-0.028	-0.096	-0.828
1.9430949688	-0.628	0.32	0.72
1.94554591179	-0.628	0.32	0.72
1.94799494743	-0.82	-0.32	2.044
1.95044493675	-0.82	-0.32	2.044
1.95290088654	-0.82	-0.32	2.044
1.95535087585	-0.468	0.116	-1.564
1.95780110359	-0.468	0.116	-1.564
1.96025109291	0.448	-0.548	2.044
1.96270895004	0.448	-0.548	2.044
1.96515703201	-0.352	-0.256	2.032
1.96760702133	-0.352	-0.256	2.032
1.97005796432	0.024	0.808	-1.608
1.9725151062	0.024	0.808	-1.608
1.97496509552	-0.176	-0.956	2.044
1.97741603851	-0.176	-0.956	2.044
1.97986698151	0.472	0.06	0.772
1.9823141098	0.472	0.06	0.772
1.98476696014	0.06	-0.292	-0.808
1.98721694946	0.06	-0.292	-0.808
1.98966598511	0.632	-0.56	2.044
1.99212503433	0.632	-0.56	2.044
1.99458098412	-0.044	-0.128	-0.56
1.99703192711	-0.044	-0.128	-0.56
1.99948191643	0.02	0.228	0.38
2.0019299984	0.02	0.228	0.38
2.00438404083	-0.524	-0.344	2.044
2.00683403015	-0.524	-0.344	2.044
2.00929093361	-0.152	0.284	-1.436
2.01174592972	-0.152	0.284	-1.436
2.01420307159	-0.052	-0.364	1.656
2.01665306091	-0.052	-0.364	1.656
2.01910305023	-0.052	-0.364	1.656
2.02155303955	-0.332	-0.152	2.044
2.02400994301	-0.332	-0.152	2.044
2.026460886	-1.612	-0.448	-1.672
2.02891206741	-1.612	-0.448	-1.672
2.03136205673	-0.236	-0.164	2.044
2.03381991386	-0.236	-0.164	2.044
2.03626298904	-0.192	0.264	1.112
2.03870391846	-0.192	0.264	1.112
2.04114508629	-0.44	0.692	-1.204
2.04359388351	-0.44	0.692	-1.204
2.04604887962	-0.084	-0.04	2.044
2.04850196838	-0.084	-0.04	2.044
2.05095291138	-0.356	0.236	-0.328
2.05340909958	-0.356	0.236	-0.328
2.0558719635	0.74	-0.152	0.064
2.05832195282	0.74	-0.152	0.064
2.06078100204	-0.152	-0.492	2.044
2.0632379055	-0.152	-0.492	2.044
2.06569099426	-0.176	0.096	-1.248
2.06814098358	-0.176	0.096	-1.248
2.0705909729	0.896	-0.016	1.372
2.07304596901	0.896	-0.016	1.372
2.07549500465	0.092	-0.128	2.044
2.0779440403	0.092	-0.128	2.044
2.08039188385	0.508	0.032	-1.608
2.08284687996	0.508	0.032	-1.608
2.0852971077	0.508	0.032	-1.608
2.08776402473	-0.116	-0.724	2.044
2.0902159214	-0.116	-0.724	2.044
2.09267306328	-0.112	0.084	1.492
2.09512090683	-0.112	0.084	1.492
2.09757089615	-0.312	0.528	-1.344
2.10001993179	-0.312	0.528	-1.344
2.1024749279	0.64	-0.82	2.044
2.10492491722	0.64	-0.82	2.044
2.10737490654	0.512	-0.084	0.092
2.10982203484	0.512	-0.084	0.092
2.11227107048	0.036	-0.644	-0.464
2.11472797394	0.036	-0.644	-0.464
2.11717700958	-0.268	-0.24	2.044
2.1196269989	-0.268	-0.24	2.044
2.12208509445	0.408	-0.076	-1.032
2.12454605103	0.408	-0.076	-1.032
2.12699604034	0.544	0.88	0.876
2.12945389748	0.544	0.88	0.876
2.1319000721	-0.008	0.008	2.044
2.13435506821	-0.008	0.008	2.044
2.13680291176	0.588	0.24	-1.564
2.13925290108	0.588	0.24	-1.564
2.14170193672	0.796	-0.22	2.044
2.14415693283	0.796	-0.22	2.044
2.14663696289	-0.368	-0.28	1.832
2.14908790588	-0.368	-0.28	1.832
2.1515378952	0.784	0.208	-1.464
2.15406298637	0.784	0.208	-1.464
2.15651488304	0.784	0.208	-1.464
2.15896296501	-0.22	-0.816	2.044
2.16142487526	-0.22	-0.816	2.044
2.16387891769	0.02	-0.336	0.42
2.16632890701	0.02	-0.336	0.42
2.16877794266	-1.024	0.68	-0.748
2.17123007774	-1.024	0.68	-0.748
2.17368602753	0.072	-0.28	2.044
2.17613506317	0.072	-0.28	2.044
2.17858290672	0.636	-0.2	-0.756
2.18103289604	0.636	-0.2	-0.756
2.18348908424	0.64	-0.392	0.584
2.18594002724	0.64	-0.392	0.584
2.18838810921	-0.188	-0.356	2.044
2.19083690643	-0.188	-0.356	2.044
2.1932990551	-0.356	0.412	-1.508
2.19574904442	-0.356	0.412	-1.508
2.19821691513	-1.732	-0.18	1.824
2.20067310333	-1.732	-0.18	1.824
2.20313000679	-0.108	0.052	2.044
2.20557904243	-0.108	0.052	2.044
2.20802807808	0.232	0.48	-1.6
2.21047687531	0.232	0.48	-1.6
2.21293210983	0.108	-0.348	2.044
2.21538090706	0.108	-0.348	2.044
2.21783089638	-0.116	-0.304	0.772
2.2202808857	-0.116	-0.304	0.772
2.2227370739	-0.116	-0.304	0.772
2.22518706322	-0.272	-0.044	-0.872
2.22763800621	-0.272	-0.044	-0.872
2.2300889492	-0.332	-0.088	2.044
2.23254489899	-0.332	-0.088	2.044
2.23498988152	0.176	0.028	-0.48
2.23743009567	0.176	0.028	-0.48
2.23988509178	-0.076	-0.212	0.204
2.24232792854	-0.076	-0.212	0.204
2.24478197098	-0.396	-0.016	2.044
2.24723291397	-0.396	-0.016	2.044
2.24968504906	0.484	0.776	-1.408
2.25213289261	0.484	0.776	-1.408
2.25458908081	-0.876	-0.516	1.54
2.25703907013	-0.876	-0.516	1.54
2.25948905945	0.82	-0.368	2.044
2.261936903	0.82	-0.368	2.044
2.26439404488	-0.324	0.592	-1.648
2.26685500145	-0.324	0.592	-1.648
2.26930594444	0.516	-0.556	2.044
2.27176904678	0.516	-0.556	2.044
2.27422499657	-0.2	-0.44	1.196
2.276679039	-0.2	-0.44	1.196
2.27912998199	-1.156	-0.392	-1.172
2.28158402443	-1.156	-0.392	-1.172
2.28404307365	-0.5	-0.916	2.044
2.28648900986	-0.5	-0.916	2.044
2.28893589973	-0.5	-0.916	2.044
2.29138207436	-0.488	-0.2	-0.196
2.29383993149	-0.488	-0.2	-0.196
2.29629302025	-0.044	-0.316	-0.124
2.29874491692	-0.044	-0.316	-0.124
2.30119490623	-0.204	-0.224	2.044
2.30364894867	-0.204	-0.224	2.044
2.30610704422	-0.384	0.352	-1.264
2.30855798721	-0.384	0.352	-1.264
2.31100702286	-0.848	-0.124	1.164
2.31346487999	-0.848	-0.124	1.164
2.3159198761	0.8	-0.248	2.044
2.31836795807	0.8	-0.248	2.044
2.32081699371	0.676	-0.136	-1.528
2.3232729435	0.676	-0.136	-1.528
2.32572293282	-0.424	-0.516	2.044
2.32817292213	-0.424	-0.516	2.044
2.33062291145	-0.064	-0.264	1.524
2.33307909966	-0.064	-0.264	1.524
2.33553791046	1.064	0.744	-1.356
2.33798789978	1.064	0.744	-1.356
2.34043693542	0.084	-0.332	2.044
2.34289193153	0.084	-0.332	2.044
2.34534406662	0.168	0.044	0.176
2.34779191017	0.168	0.044	0.176
2.35023808479	-0.152	-0.564	-0.452
2.35269904137	-0.152	-0.564	-0.452
2.35515093803	-0.152	-0.564	-0.452
2.35760307312	0.208	-0.324	2.044
2.36005210876	0.208	-0.324	2.044
2.36250805855	-0.136	0.416	-0.98
2.36495804787	-0.136	0.416	-0.98
2.36740708351	1.584	0.664	1.0
2.36985206604	1.584	0.664	1.0
2.37229394913	0.268	-0.164	2.044
2.37474989891	0.268	-0.164	2.044
2.37720108032	-0.144	0.268	-1.624
2.37965202332	-0.144	0.268	-1.624
2.38210201263	0.376	-0.328	2.044
2.38455200195	0.376	-0.328	2.044
2.38700199127	-0.112	-0.292	1.884
2.38945293427	-0.112	-0.292	1.884
2.39192008972	0.988	-0.66	-1.312
2.39437890053	0.988	-0.66	-1.312
2.39682888985	0.292	-0.52	2.044
2.39927792549	0.292	-0.52	2.044
2.40172696114	-0.392	0.072	0.48
2.40419197083	-0.392	0.072	0.48
2.4066400528	-0.332	0.308	-0.796
2.40910410881	-0.332	0.308	-0.796
2.4115729332	-0.124	-0.468	2.044
2.41402792931	-0.124	-0.468	2.044
2.41648197174	-0.484	-0.052	-0.776
2.41893410683	-0.484	-0.052	-0.776
2.42138409615	-0.484	-0.052	-0.776
2.42383503914	1.12	-0.64	0.648
2.42628598213	1.12	-0.64	0.648
2.42874789238	-0.264	-0.088	2.044
2.43122696877	-0.264	-0.088	2.044
2.4336810112	-0.144	0.7	-1.492
2.43612408638	-0.144	0.7	-1.492
2.43856596947	1.024	0.468	1.908
2.44100689888	1.024	0.468	1.908
2.44345188141	0.02	-0.032	2.044
2.44590497017	0.02	-0.032	2.044
2.44835400581	-1.252	-0.528	-1.592
2.45080709457	-1.252	-0.528	-1.592
2.45326399803	-0.156	-0.516	2.044
2.45571398735	-0.156	-0.516	2.044
2.45816588402	-0.716	0.056	0.872
2.46061491966	-0.716	0.056	0.872
2.46306610107	-0.188	0.432	-0.984
2.46551799774	-0.188	0.432	-0.984
2.4679710865	0.568	-0.632	2.044
2.47041893005	0.568	-0.632	2.044
2.47287988663	0.7	-0.148	-0.368
2.47533297539	0.7	-0.148	-0.368
2.47778201103	-0.604	0.336	0.056
2.48023200035	-0.604	0.336	0.056
2.48268795013	0.264	-0.816	2.044
2.48513793945	0.264	-0.816	2.044
2.48758602142	0.264	-0.816	2.044
2.49003601074	0.36	0.304	-1.388
2.49249196053	0.36	0.304	-1.388
2.49494099617	0.044	0.176	1.5
2.49739909172	0.044	0.176	1.5
2.49984288216	-0.112	-0.036	2.044
2.50229310989	-0.112	-0.036	2.044
2.504748106	-0.44	-0.912	-1.584
2.50720095634	-0.44	-0.912	-1.584
2.50965189934	-0.684	-0.04	2.044
2.51210188866	-0.684	-0.04	2.044
2.51455807686	-0.32	0.136	1.236
2.5170071125	-0.32	0.136	1.236
2.51945400238	-0.644	-0.008	-1.228
2.52190804482	-0.644	-0.008	-1.228
2.52436590195	0.184	-0.256	2.044
2.52681398392	0.184	-0.256	2.044
2.52927803993	0.08	0.148	-0.148
2.53172802925	0.08	0.148	-0.148
2.53418302536	-0.908	-0.452	-0.232
2.53663396835	-0.908	-0.452	-0.232
2.53908610344	0.244	-0.548	2.044
2.54154491425	0.244	-0.548	2.044
2.5440030098	-0.568	0.448	-1.18
2.54645395279	-0.568	0.448	-1.18
2.54890298843	-0.16	-0.336	1.192
2.55135297775	-0.16	-0.336	1.192
2.55381202698	-0.16	-0.336	1.192
2.55626106262	-0.336	-0.42	2.044
2.55871200562	-0.336	-0.42	2.044
2.56116199493	0.188	0.884	-1.644
2.56361889839	0.188	0.884	-1.644
2.56606888771	-0.176	-0.54	2.044
2.56852006912	-0.176	-0.54	2.044
2.57097101212	-0.764	0.016	1.568
2.57342600822	-0.764	0.016	1.568
2.57587504387	0.244	-0.444	-1.284
2.57832598686	0.244	-0.444	-1.284
2.5807800293	-0.176	-0.436	2.044
2.58323788643	-0.176	-0.436	2.044
2.58569002151	-0.236	-0.32	0.208
2.58814001083	-0.236	-0.32	0.208
2.59059000015	-0.244	-0.344	-0.416
2.59304594994	-0.244	-0.344	-0.416
2.59549808502	0.04	-0.02	2.044
2.59794592857	0.04	-0.02	2.044
2.60039496422	-0.048	0.036	-0.936
2.60285210609	-0.048	0.036	-0.936
2.60530304909	-0.08	-0.924	0.872
2.60775089264	-0.08	-0.924	0.872
2.61021089554	-0.112	-0.248	2.044
2.61266899109	-0.112	-0.248	2.044
2.61511802673	0.204	0.076	-1.568
2.61758208275	0.204	0.076	-1.568
2.62003397942	0.204	0.076	-1.568
2.62248897552	-0.388	-0.168	2.044
2.62493991852	-0.388	-0.168	2.044
2.62738990784	-0.172	-0.4	1.968
2.62983894348	-0.172	-0.4	1.968
2.6322889328	-0.304	-0.136	-1.536
2.63475608826	-0.304	-0.136	-1.536
2.63719892502	-0.168	-0.66	2.044
2.63964104652	-0.168	-0.66	2.044
2.64208507538	0.012	0.004	0.568
2.64453792572	0.012	0.004	0.568
2.64699006081	0.128	0.736	-0.836
2.64945292473	0.128	0.736	-0.836
2.65190196037	0.348	-0.084	2.044
2.65435791016	0.348	-0.084	2.044
2.65680909157	-0.764	0.448	-0.752
2.65926003456	-0.764	0.448	-0.752
2.66170907021	0.572	0.884	0.344
2.66416192055	0.572	0.884	0.344
2.66660904884	-0.756	0.272	2.044
2.66905808449	-0.756	0.272	2.044
2.67150592804	-0.772	0.648	-1.456
2.67399406433	-0.772	0.648	-1.456
2.67644500732	-0.384	-0.896	1.864
2.67890405655	-0.384	-0.896	1.864
2.68137097359	-0.188	-0.068	2.044
2.68383002281	-0.188	-0.068	2.044
2.68628001213	-0.188	-0.068	2.044
2.68873000145	-0.368	0.036	-1.628
2.69117903709	-0.368	0.036	-1.628
2.69362998009	-0.244	-0.412	2.044
2.69608402252	-0.244	-0.412	2.044
2.69853496552	0.348	0.084	0.98
2.70098304749	0.348	0.084	0.98
2.70343494415	-1.172	0.896	-1.16
2.70588707924	-1.172	0.896	-1.16
2.70833706856	0.068	-0.228	2.044
2.71078491211	0.068	-0.228	2.044
2.71324110031	0.176	-0.388	-0.372
2.71569299698	0.176	-0.388	-0.372
2.7181429863	-0.988	-0.588	0.04
2.72059297562	-0.988	-0.588	0.04
2.7230489254	-0.28	0.068	2.044
2.72549796104	-0.28	0.068	2.044
2.72796010971	0.048	0.276	-1.308
2.73041009903	0.048	0.276	-1.308
2.73286890984	0.488	-0.112	1.408
2.73532009125	0.488	-0.112	1.408
2.73777103424	0.248	-0.108	2.044
2.74021887779	0.248	-0.108	2.044
2.74267292023	-0.228	0.644	-1.652
2.74512290955	-0.228	0.644	-1.652
2.74758410454	0.012	-0.404	2.044
2.75008296967	0.012	-0.404	2.044
2.75254011154	-0.34	-0.472	1.328
2.75499105453	-0.34	-0.472	1.328
2.75744104385	-0.34	-0.472	1.328
2.75989103317	-0.868	-0.536	-1.24
2.76234388351	-0.868	-0.536	-1.24
2.76480197906	0.356	-0.42	2.044
2.76725006104	0.356	-0.42	2.044
2.76970005035	-0.624	-0.096	-0.092
2.77215409279	-0.624	-0.096	-0.092
2.77461099625	-0.588	0.176	-0.252
2.77706289291	-0.588	0.176	-0.252
2.77951407433	0.224	-0.62	2.044
2.78196191788	0.224	-0.62	2.044
2.78441691399	0.108	-0.096	-1.112
2.78686904907	0.108	-0.096	-1.112
2.78931689262	-0.28	-0.588	1.124
2.79176688194	-0.28	-0.588	1.124
2.79422688484	-0.276	0.068	2.044
2.7966799736	-0.276	0.068	2.044
2.79912805557	0.2	0.428	-1.616
2.80157804489	0.2	0.428	-1.616
2.80403399467	0.472	-0.236	2.044
2.80648207664	0.472	-0.236	2.044
2.80893301964	-0.264	-0.204	1.74
2.81138396263	-0.264	-0.204	1.74
2.81383991241	0.196	0.432	-1.44
2.81629800797	0.196	0.432	-1.44
2.81874799728	-0.136	-0.964	2.044
2.8211979866	-0.136	-0.964	2.044
2.82365298271	-0.136	-0.964	2.044
2.82610607147	0.312	0.268	0.356
2.828551054	0.312	0.268	0.356
2.83099603653	-0.476	-0.172	-0.588
2.83346796036	-0.476	-0.172	-0.588
2.83591198921	-0.356	-0.484	2.044
2.83835506439	-0.356	-0.484	2.044
2.84079694748	-0.464	0.032	-0.916
2.84324598312	-0.464	0.032	-0.916
2.84570097923	-0.168	-0.188	0.7
2.84815502167	-0.168	-0.188	0.7
2.85060501099	0.5	-0.408	2.044
2.85305690765	0.5	-0.408	2.044
2.8555059433	0.332	0.376	-1.52
2.85795998573	0.332	0.376	-1.52
2.86040902138	1.088	-0.032	2.032
2.86286306381	1.088	-0.032	2.032
2.86532688141	-0.124	0.052	2.044
2.86777496338	-0.124	0.052	2.044
2.87022399902	-0.416	0.616	-1.608
2.87267994881	-0.416	0.616	-1.608
2.87513208389	-0.244	-0.86	2.044
2.87758207321	-0.244	-0.86	2.044
2.88003206253	-0.064	-0.108	0.664
2.88248801231	-0.064	-0.108	0.664
2.88495206833	-0.628	0.316	-0.888
2.88740301132	-0.628	0.316	-0.888
2.88985395432	-0.628	0.316	-0.888
2.89230394363	0.54	-0.644	2.044
2.89475893974	0.54	-0.644	2.044
2.89720797539	0.872	-0.328	-0.532
2.89966106415	0.872	-0.328	-0.532
2.90211009979	-1.28	0.304	0.268
2.90456604958	-1.28	0.304	0.268
2.90701603889	0.012	-0.536	2.044
2.90946388245	0.012	-0.536	2.044
2.91191291809	-0.26	0.084	-1.48
2.91437005997	-0.26	0.084	-1.48
2.91681909561	0.372	-0.02	1.848
2.91926693916	0.372	-0.02	1.848
2.92171788216	-0.288	0.212	2.044
2.92417788506	-0.288	0.212	2.044
2.92662596703	-0.268	-0.148	-1.62
2.92907691002	-0.268	-0.148	-1.62
2.93152689934	0.4	0.004	2.044
2.93401002884	0.4	0.004	2.044
2.93645906448	-0.152	-0.116	1.04
2.93891000748	-0.152	-0.116	1.04
2.94136190414	0.064	0.064	-1.068
2.94381093979	0.064	0.064	-1.068
2.94627308846	-0.024	-0.528	2.044
2.94872188568	-0.024	-0.528	2.044
2.95117092133	-0.52	-0.048	-0.368
2.95365095139	-0.52	-0.048	-0.368
2.95610189438	-0.52	-0.048	-0.368
2.9585518837	-0.18	0.584	0.116
2.96100401878	-0.18	0.584	0.116
2.96345996857	-0.388	0.056	2.044
2.96590900421	-0.388	0.056	2.044
2.96835708618	-0.192	0.5	-1.336
2.97080397606	-0.192	0.5	-1.336
2.97325706482	-0.148	0.56	1.268
2.97570705414	-0.148	0.56	1.268
2.97815704346	-0.064	-0.164	2.044
2.98060798645	-0.064	-0.164	2.044
2.98306393623	-0.012	0.12	-1.64
2.9855260849	-0.012	0.12	-1.64
2.98798108101	0.12	-0.024	2.044
2.99042892456	0.12	-0.024	2.044
2.99288511276	-0.656	0.144	1.336
2.99533390999	-0.656	0.144	1.336
2.99778294563	-0.252	-0.468	-1.288
3.00023794174	-0.252	-0.468	-1.288
3.00269603729	0.052	-0.916	2.044
3.00514507294	0.052	-0.916	2.044
3.00759291649	0.056	-0.488	0.064
3.01004290581	0.056	-0.488	0.064
3.01249790192	-1.44	-0.344	-0.308
3.014950037	-1.44	-0.344	-0.308
3.01741099358	0.104	-0.204	2.044
3.01986193657	0.104	-0.204	2.044
3.02232003212	0.104	-0.204	2.044
3.02477502823	-0.62	0.228	-1.132
3.02722597122	-0.62	0.228	-1.132
3.02967596054	-0.444	0.616	0.896
3.03212499619	-0.444	0.616	0.896
3.03457689285	0.004	0.088	2.044
3.03701996803	0.004	0.088	2.044
3.03945803642	0.224	0.292	-1.572
3.0419011116	0.224	0.292	-1.572
3.04435896873	-0.28	-0.14	2.044
3.04681491852	-0.28	-0.14	2.044
3.04926490784	-0.364	-0.528	1.732
3.05171704292	-0.364	-0.528	1.732
3.05417299271	1.388	-0.06	-1.396
3.05662202835	1.388	-0.06	-1.396
3.05907201767	0.176	-0.512	2.044
3.06152200699	0.176	-0.512	2.044
3.06400299072	0.16	0.152	0.356
3.06645298004	0.16	0.152	0.356
3.06890010834	-0.96	0.676	-0.848
3.07135105133	-0.96	0.676	-0.848
3.07380890846	-0.32	-0.588	2.044
3.07626390457	-0.32	-0.588	2.044
3.07871389389	0.032	0.104	-0.812
3.08116292953	0.032	0.104	-0.812
3.08361792564	-0.112	0.256	0.528
3.08606600761	-0.112	0.256	0.528
3.08851504326	-0.112	0.256	0.528
3.09097290039	0.088	0.012	2.044
3.09342598915	0.088	0.012	2.044
3.0958840847	0.864	-0.272	-1.496
3.09833502769	0.864	-0.272	-1.496
3.10078501701	-0.152	0.04	1.992
3.10324001312	-0.152	0.04	1.992
3.10569095612	-0.288	0.228	2.044
3.10814189911	-0.288	0.228	2.044
3.11063289642	0.476	0.76	-1.468
3.11309409142	0.476	0.76	-1.468
3.11554503441	0.8	-1.132	2.044
3.11799287796	0.8	-1.132	2.044
3.1204419136	-0.08	-0.548	0.772
3.12289905548	-0.08	-0.548	0.772
3.1253490448	0.264	0.276	-1.012
3.12779688835	0.264	0.276	-1.012
3.13024687767	0.132	-0.06	2.044
3.1327021122	0.132	-0.06	2.044
3.13514995575	-0.272	0.236	-0.556
3.13760209084	-0.272	0.236	-0.556
3.14005208015	-0.872	0.336	0.22
3.14250588417	-0.872	0.336	0.22
3.14495491982	0.044	-0.092	2.044
3.14740490913	0.044	-0.092	2.044
3.1498529911	0.176	-0.008	-1.416
3.15230607986	0.176	-0.008	-1.416
3.154763937	0.176	-0.008	-1.416
3.15721392632	-0.812	-0.244	1.588
3.15967297554	-0.812	-0.244	1.588
3.1621260643	-0.712	0.044	2.044
3.16458392143	-0.712	0.044	2.044
3.16703510284	-0.2	0.132	-1.6
3.16950106621	-0.2	0.132	-1.6
3.17195010185	0.38	-0.6	2.044
3.17440509796	0.38	-0.6	2.044
3.17685389519	-0.152	-0.272	1.116
3.1793050766	-0.152	-0.272	1.116
3.18175411224	0.688	-0.328	-1.104
3.1842110157	0.688	-0.328	-1.104
3.18666100502	0.168	-0.132	2.044
3.18911290169	0.168	-0.132	2.044
3.19156193733	-0.156	-0.02	-0.264
3.19401597977	-0.156	-0.02	-0.264
3.19646692276	0.352	-0.048	-0.096
3.19891691208	0.352	-0.048	-0.096
3.20137906075	-0.02	-0.144	2.044
3.20383501053	-0.02	-0.144	2.044
3.20628499985	-0.18	0.112	-1.252
3.20873594284	-0.18	0.112	-1.252
3.21118688583	1.224	0.932	1.288
3.21364092827	1.224	0.932	1.288
3.21608901024	0.444	-0.112	2.044
3.21853804588	0.444	-0.112	2.044
3.22098708153	0.444	-0.112	2.044
3.22344088554	-0.46	0.68	-1.712
3.2258939743	-0.46	0.68	-1.712
3.22835803032	-0.004	-0.432	2.044
3.23080897331	-0.004	-0.432	2.044
3.23326587677	0.092	-0.188	1.508
3.23570799828	0.092	-0.188	1.508
3.23814988136	-0.856	-0.964	-1.284
3.24059391022	-0.856	-0.964	-1.284
3.24304294586	-0.564	-0.624	2.044
3.24549794197	-0.564	-0.624	2.044
3.24794793129	0.068	-0.108	0.072
3.25039792061	0.068	-0.108	0.072
3.25285291672	0.496	-0.02	-0.424
3.25530290604	0.496	-0.02	-0.424
3.25775504112	0.636	-0.48	2.044
3.26020503044	0.636	-0.48	2.044
3.26266002655	0.084	-0.308	-1.008
3.26511287689	0.084	-0.308	-1.008
3.2675640583	0.308	0.004	1.008
3.27001094818	0.308	0.004	1.008
3.27246403694	-0.456	0.048	2.044
3.27491497993	-0.456	0.048	2.044
3.27736401558	-0.592	0.172	-1.624
3.2798140049	-0.592	0.172	-1.624
3.28226590157	0.024	0.056	2.044
3.28471899033	0.024	0.056	2.044
3.2871658802	0.024	0.056	2.044
3.28962802887	-0.04	-0.124	1.876
3.29207801819	-0.04	-0.124	1.876
3.29453492165	-0.636	0.224	-1.52
3.29699492455	-0.636	0.224	-1.52
3.29944491386	0.18	-1.376	2.044
3.30189490318	0.18	-1.376	2.044
3.30435490608	-0.276	-0.188	0.484
3.30681109428	-0.276	-0.188	0.484
3.30925989151	0.444	0.744	-0.756
3.31170701981	0.444	0.744	-0.756
3.31416392326	0.26	-0.648	2.044
3.31661200523	0.26	-0.648	2.044
3.31906104088	-0.704	-0.6	-0.748
3.32152605057	-0.704	-0.6	-0.748
3.32401204109	-0.348	0.024	0.52
3.32646107674	-0.348	0.024	0.52
3.32891106606	0.104	-0.632	2.044
3.3313601017	0.104	-0.632	2.044
3.33381509781	0.196	-0.16	-1.444
3.3362660408	0.196	-0.16	-1.444
3.3387169838	-0.064	-0.292	1.832
3.34117007256	-0.064	-0.292	1.832
3.34362602234	-0.048	0.056	2.044
3.34607696533	-0.048	0.056	2.044
3.3485250473	-0.628	-0.684	-1.608
3.35097694397	-0.628	-0.684	-1.608
3.35345101357	-0.628	-0.684	-1.608
3.35590195656	-0.256	-0.888	2.044
3.35835194588	-0.256	-0.888	2.044
3.36080288887	0.4	-0.348	0.888
3.36325788498	0.4	-0.348	0.888
3.3657169342	0.148	-0.072	-0.928
3.3681678772	0.148	-0.072	-0.928
3.37061905861	0.644	-0.38	2.044
3.37307500839	0.644	-0.38	2.044
3.37552404404	-0.24	-0.012	-0.484
3.3779759407	-0.24	-0.012	-0.484
3.38043093681	-1.664	0.056	0.144
3.38287997246	-1.664	0.056	0.144
3.3853290081	-0.408	-0.356	2.044
3.3877799511	-0.408	-0.356	2.044
3.39022994041	-0.008	0.008	-1.36
3.39268493652	-0.008	0.008	-1.36
3.39513587952	0.416	0.18	1.56
3.39758396149	0.416	0.18	1.56
3.40003991127	-0.536	-0.028	2.044
3.40249800682	-0.536	-0.028	2.044
3.40494894981	0.656	0.808	-1.664
3.40739798546	0.656	0.808	-1.664
3.40984797478	0.136	0.124	2.044
3.41229391098	0.136	0.124	2.044
3.41474199295	0.544	-0.344	1.248
3.41719508171	0.544	-0.344	1.248
3.41964507103	0.544	-0.344	1.248
3.42209291458	-1.268	-0.188	-1.296
3.42455101013	-1.268	-0.188	-1.296
3.4270029068	-0.436	-0.252	2.044
3.42945408821	-0.436	-0.252	2.044
3.43192410469	-0.58	-0.032	-0.2
3.43438792229	-0.58	-0.032	-0.2
3.43683195114	0.388	0.132	0.008
3.43927288055	0.388	0.132	0.008
3.44171190262	0.256	-0.464	2.044
3.44416689873	0.256	-0.464	2.044
3.44662094116	-0.532	0.444	-1.216
3.44907188416	-0.532	0.444	-1.216
3.45152306557	0.672	-0.172	1.192
3.45400190353	0.672	-0.172	1.192
3.45645403862	0.42	-0.384	2.044
3.45890402794	0.42	-0.384	2.044
3.46135306358	-0.14	0.092	-1.596
3.46380996704	-0.14	0.092	-1.596
3.46626210213	-0.544	-0.264	2.044
3.46871209145	-0.544	-0.264	2.044
3.47116208076	-0.28	-0.248	1.588
3.4736199379	-0.28	-0.248	1.588
3.47606897354	0.116	0.648	-1.384
3.47851800919	0.116	0.648	-1.384
3.48096704483	-0.064	-0.408	2.044
3.48342394829	-0.064	-0.408	2.044
3.48587489128	0.408	-0.024	0.188
3.48832297325	0.408	-0.024	0.188
3.4907720089	0.408	-0.024	0.188
3.49323010445	1.024	-0.116	-0.496
3.49568009377	1.024	-0.116	-0.496
3.49813199043	0.296	-0.62	2.044
3.50058102608	0.296	-0.62	2.044
3.50305008888	0.524	-0.084	-0.892
3.50551390648	0.524	-0.084	-0.892
3.5079638958	0.8	0.192	0.856
3.51041007042	0.8	0.192	0.856
3.51286196709	-0.056	-0.344	2.044
3.51535511017	-0.056	-0.344	2.044
3.51780700684	0.236	-0.064	-1.544
3.52025699615	0.236	-0.064	-1.544
3.52271389961	0.468	-0.064	2.044
3.52516293526	0.468	-0.064	2.044
3.52761101723	0.116	-0.212	1.964
3.53006291389	0.116	-0.212	1.964
3.53252196312	-0.88	-0.084	-1.524
3.53497290611	-0.88	-0.084	-1.524
3.5374379158	0.216	-0.288	2.044
3.53988790512	0.216	-0.288	2.044
3.54233694077	0.176	-0.312	0.596
3.54479193687	0.176	-0.312	0.596
3.54724287987	-1.98	-0.08	-0.94
3.5496931076	-1.98	-0.08	-0.94
3.55214309692	-0.172	-0.228	2.044
3.55460000038	-0.172	-0.228	2.044
3.5570499897	-0.172	-0.228	2.044
3.55949997902	-0.172	-0.16	-0.712
3.56195402145	-0.172	-0.16	-0.712
3.56441187859	-0.488	-0.28	0.456
3.56686091423	-0.488	-0.28	0.456
3.56931400299	-0.176	0.028	2.044
3.57177495956	-0.176	0.028	2.044
3.57422590256	0.532	0.496	-1.42
3.5766749382	0.532	0.496	-1.42
3.57912397385	0.304	-0.932	1.84
3.58157300949	0.304	-0.932	1.84
3.58403897285	-0.772	-0.384	2.044
3.58649492264	-0.772	-0.384	2.044
3.58894491196	-1.024	0.016	-1.664
3.5913939476	-1.024	0.016	-1.664
3.59385204315	0.128	0.12	2.044
3.59629893303	0.128	0.12	2.044
3.59874606133	-0.224	-0.164	0.916
3.60119605064	-0.224	-0.164	0.916
3.60365200043	-1.4	-0.068	-1.172
3.60610604286	-1.4	-0.068	-1.172
3.6085600853	-0.156	0.228	2.044
3.61101007462	-0.156	0.228	2.044
3.61346387863	-0.388	-0.228	-0.372
3.61592888832	-0.388	-0.228	-0.372
3.61838102341	-1.108	-0.236	0.032
3.62083101273	-1.108	-0.236	0.032
3.62328600883	-1.108	-0.236	0.032
3.6257379055	0.388	-0.72	2.044
3.62818789482	0.388	-0.72	2.044
3.63063597679	0.188	0.072	-1.292
3.63309192657	0.188	0.072	-1.292
3.63553309441	1.008	0.204	1.524
3.63797187805	1.008	0.204	1.524
3.6404209137	0.212	-0.044	2.044
3.64286804199	0.212	-0.044	2.044
3.64532589912	0.488	0.108	-1.572
3.64777493477	0.488	0.108	-1.572
3.65022492409	1.104	0.172	2.044
3.65267801285	1.104	0.172	2.044
3.65512490273	-0.552	-0.044	1.34
3.65758800507	-0.552	-0.044	1.34
3.66003990173	1.124	0.112	-1.2
3.66249489784	1.124	0.112	-1.2
3.66494393349	-0.048	-0.12	2.044
3.66739487648	-0.048	-0.12	2.044
3.66984510422	-0.152	-0.072	-0.088
3.67229509354	-0.152	-0.072	-0.088
3.67475390434	-0.484	-0.008	-0.26
3.67720389366	-0.484	-0.008	-0.26
3.67965388298	0.104	-0.288	2.044
3.68210506439	0.104	-0.288	2.044
3.68456292152	0.308	-0.136	-1.128
3.68701791763	0.308	-0.136	-1.128
3.68948507309	0.308	-0.136	-1.128
3.69193506241	0.088	-0.096	1.076
3.69438505173	0.088	-0.096	1.076
3.69683289528	-0.832	0.192	2.044
3.6992828846	-0.832	0.192	2.044
3.70173192024	-0.316	0.528	-1.62
3.70420193672	-0.316	0.528	-1.62
3.70665287971	-0.08	-0.488	2.044
3.70911192894	-0.08	-0.488	2.044
3.71156311035	-0.744	-0.192	1.636
3.71402096748	-0.744	-0.192	1.636
3.7164709568	0.496	0.112	-1.46
3.71891903877	0.496	0.112	-1.46
3.72137093544	0.428	-0.796	2.044
3.72382807732	0.428	-0.796	2.044
3.72627687454	-1.124	0.012	0.192
3.72872591019	-1.124	0.012	0.192
3.73117494583	0.66	0.096	-0.532
3.73362898827	0.66	0.096	-0.532
3.73607897758	0.26	-0.328	2.044
3.7385289669	0.26	-0.328	2.044
3.74097800255	0.248	0.216	-0.88
3.74343204498	0.248	0.216	-0.88
3.7458820343	-0.476	0.512	0.764
3.74832987785	-0.476	0.512	0.764
3.75077700615	0.02	-0.488	2.044
3.75323200226	0.02	-0.488	2.044
3.75568199158	0.02	-0.488	2.044
3.75813007355	-0.012	0.048	-1.548
3.76058292389	-0.012	0.048	-1.548
3.76304006577	-0.012	-0.404	2.044
3.76548910141	-0.012	-0.404	2.044
3.7679579258	0.036	-0.316	2.044
3.77041101456	0.036	-0.316	2.044
3.77286696434	1.296	0.744	-1.504
3.77531599998	1.296	0.744	-1.504
3.77777504921	0.572	-0.852	2.044
3.78022408485	0.572	-0.852	2.044
3.78267908096	-0.12	-0.424	0.644
3.78512907028	-0.12	-0.424	0.644
3.78758096695	0.788	0.688	-0.9
3.79003000259	0.788	0.688	-0.9
3.7924849987	-0.164	-0.356	2.044
3.79493689537	-0.164	-0.356	2.044
3.79739093781	-0.096	-0.02	-0.636
3.7998418808	-0.096	-0.02	-0.636
3.80229496956	-0.032	0.096	0.332
3.80474996567	-0.032	0.096	0.332
3.80719804764	-0.328	-1.008	2.044
3.80964994431	-0.328	-1.008	2.044
3.81209802628	0.192	0.152	-1.44
3.81455302238	0.192	0.152	-1.44
3.81700205803	0.484	-0.1	1.72
3.81945204735	0.484	-0.1	1.72
3.8218998909	0.484	-0.1	1.72
3.8243560791	0.432	-0.16	2.044
3.82680487633	0.432	-0.16	2.044
3.82925391197	-1.092	-0.612	-1.572
3.83170390129	-1.092	-0.612	-1.572
3.83417606354	0.052	-0.652	2.044
3.83662009239	0.052	-0.652	2.044
3.8390610218	0.492	0.012	1.06
3.84150099754	0.492	0.012	1.06
3.84403204918	0.84	0.396	-1.1
3.84649395943	0.84	0.396	-1.1
3.84894394875	-0.26	-0.42	2.044
3.85139608383	-0.26	-0.42	2.044
3.85385203362	-0.024	-0.408	-0.304
3.85630393028	-0.024	-0.408	-0.304
3.85875606537	-1.428	-0.348	-0.072
3.86120700836	-1.428	-0.348	-0.072
3.86366391182	0.032	-0.576	2.044
3.86611509323	0.032	-0.576	2.044
3.86856389046	-0.1	0.24	-1.296
3.87101387978	-0.1	0.24	-1.296
3.87348794937	0.212	0.044	1.432
3.87593507767	0.212	0.044	1.432
3.87838196754	-0.492	-0.212	2.044
3.8808350563	-0.492	-0.212	2.044
3.88329100609	-0.6	-1.232	-1.592
3.88574290276	-0.6	-1.232	-1.592
3.88819289207	-0.552	0.192	2.044
3.89064288139	-0.552	0.192	2.044
3.8930978775	-0.552	0.192	2.044
3.89554905891	-0.668	0.068	1.404
3.89800000191	-0.668	0.068	1.404
3.90044808388	-0.752	-0.544	-1.312
3.90290498734	-0.752	-0.544	-1.312
3.905356884	-0.08	-0.772	2.044
3.90780591965	-0.08	-0.772	2.044
3.91025495529	-0.244	-0.036	-0.004
3.91271400452	-0.244	-0.036	-0.004
3.91517400742	0.036	0.192	-0.224
3.91762304306	0.036	0.192	-0.224
3.92008399963	0.448	-0.244	2.044
3.92253899574	0.448	-0.244	2.044
3.92498803139	0.1	0.012	-1.036
3.92743492126	0.1	0.012	-1.036
3.92988491058	-0.656	-0.244	0.892
3.9323348999	-0.656	-0.244	0.892
3.9347910881	-0.14	-0.496	2.044
3.93724298477	-0.14	-0.496	2.044
3.93969297409	0.024	0.392	-1.616
3.94214200974	0.024	0.392	-1.616
3.94459199905	-0.28	-0.376	2.044
3.94704294205	-0.28	-0.376	2.044
3.94949698448	-0.54	-0.236	1.724
3.9519610405	-0.54	-0.236	1.724
3.95441794395	-0.34	0.404	-1.524
3.95686793327	-0.34	0.404	-1.524
3.95931696892	-0.34	0.404	-1.524
3.96177005768	-0.004	-0.216	2.044
3.96422600746	-0.004	-0.216	2.044
3.96667599678	-0.152	-0.2	0.4
3.9691259861	-0.152	-0.2	0.4
3.97162699699	-1.076	-0.524	-0.72
3.97408604622	-1.076	-0.524	-0.72
3.97653794289	-0.18	-0.408	2.044
3.97899007797	-0.18	-0.408	2.044
3.98144006729	-0.228	-0.132	-0.824
3.98391604424	-0.228	-0.132	-0.824
3.98636889458	0.564	-0.364	0.688
3.98882007599	0.564	-0.364	0.688
3.99126911163	-0.376	-0.36	2.044
3.99374103546	-0.376	-0.36	2.044
3.99619197845	0.424	0.232	-1.496
3.9986410141	0.424	0.232	-1.496
4.00109004974	-1.58	-0.044	1.944
4.00354599953	-1.58	-0.044	1.944
4.00599598885	-0.66	-0.124	2.044
4.00844597816	-0.66	-0.124	2.044
4.01089692116	0.256	0.272	-1.524
4.01335096359	0.256	0.272	-1.524
4.01579904556	-0.616	0.024	2.044
4.01824808121	-0.616	0.024	2.044
4.02069687843	0.296	-0.292	0.748
4.02315092087	0.296	-0.292	0.748
4.02561593056	0.296	-0.292	0.748
4.0280649662	-1.456	-0.436	-0.96
4.03051590919	-1.456	-0.436	-0.96
4.03297400475	-0.396	-0.392	2.044
4.03541707993	-0.396	-0.392	2.044
4.03785896301	-0.108	-0.172	-0.52
4.04030203819	-0.108	-0.172	-0.52
4.04274988174	0.36	0.14	0.252
4.04520201683	0.36	0.14	0.252
4.04764795303	-0.208	-0.2	2.044
4.05009889603	-0.208	-0.2	2.044
4.05256700516	-0.04	0.448	-1.44
4.05501699448	-0.04	0.448	-1.44
4.05748796463	-0.408	0.116	1.584
4.05993795395	-0.408	0.116	1.584
4.06238698959	0.084	0.068	2.044
4.06484293938	0.084	0.068	2.044
4.06729006767	0.732	-0.116	-1.576
4.06974005699	0.732	-0.116	-1.576
4.07219004631	-0.22	0.044	2.044
4.07465910912	-0.22	0.044	2.044
4.07710909843	-0.088	0.0	1.096
4.07954907417	-0.088	0.0	1.096
4.08199000359	-0.652	0.028	-1.26
4.08444690704	-0.652	0.028	-1.26
4.08689808846	0.128	-0.776	2.044
4.08934807777	0.128	-0.776	2.044
4.091796875	0.128	-0.776	2.044
4.0942530632	1.3	-0.512	-0.08
4.09670305252	1.3	-0.512	-0.08
4.09915208817	-0.004	-0.464	-0.168
4.10160493851	-0.004	-0.464	-0.168
4.10406494141	-0.376	-0.112	2.044
4.1065299511	-0.376	-0.112	2.044
4.10897898674	-0.216	0.36	-1.24
4.11142802238	-0.216	0.36	-1.24
4.11388587952	-0.328	-0.692	1.22
4.11633610725	-0.328	-0.692	1.22
4.11878490448	0.26	-0.264	2.044
4.12124300003	0.26	-0.264	2.044
4.12369990349	-0.336	-0.248	-1.588
4.1261510849	-0.336	-0.248	-1.588
4.12860107422	-0.204	-0.192	2.044
4.13105010986	-0.204	-0.192	2.044
4.13350605965	-0.052	-0.396	1.5
4.13595509529	-0.052	-0.396	1.5
4.138422966	0.796	-0.232	-1.332
4.14087605476	0.796	-0.232	-1.332
4.14333295822	-0.356	-0.196	2.044
4.14578509331	-0.356	-0.196	2.044
4.14823389053	-0.016	-0.268	0.116
4.15068292618	-0.016	-0.268	0.116
4.15313887596	-0.104	0.304	-0.472
4.1555891037	-0.104	0.304	-0.472
4.15803909302	-0.104	0.304	-0.472
4.16048789024	-0.34	-0.344	2.044
4.16294789314	-0.34	-0.344	2.044
4.16539907455	-0.424	-0.188	-1.06
4.16784906387	-0.424	-0.188	-1.06
4.17030310631	0.544	0.284	0.864
4.17275691032	0.544	0.284	0.864
4.17520189285	0.924	-0.188	2.044
4.17766499519	0.924	-0.188	2.044
4.18011498451	0.348	0.168	-1.532
4.18256902695	0.348	0.168	-1.532
4.18501901627	-1.356	-0.336	2.044
4.18747091293	-1.356	-0.336	2.044
4.18993091583	-0.344	-0.02	1.852
4.19238090515	-0.344	-0.02	1.852
4.19483208656	-0.74	-0.284	-1.508
4.19728302956	-0.74	-0.284	-1.508
4.19973301888	-0.236	-0.556	2.044
4.20218610764	-0.236	-0.556	2.044
4.20464301109	-0.088	-0.06	0.48
4.20709204674	-0.088	-0.06	0.48
4.20954394341	-0.88	-0.448	-0.664
4.21199703217	-0.88	-0.448	-0.664
4.21445393562	-0.196	-0.528	2.044
4.21690797806	-0.196	-0.528	2.044
4.21935892105	0.072	-0.216	-0.708
4.22181010246	0.072	-0.216	-0.708
4.22426605225	0.072	-0.216	-0.708
4.22671890259	-0.628	0.0	0.516
4.22915792465	-0.628	0.0	0.516
4.23160004616	-0.16	-0.04	2.044
4.23405504227	-0.16	-0.04	2.044
4.23649787903	0.056	0.008	-1.516
4.23893904686	0.056	0.008	-1.516
4.2413790226	0.476	-0.5	1.94
4.24382090569	0.476	-0.5	1.94
4.24626994133	-0.056	-0.036	2.044
4.24872088432	-0.056	-0.036	2.044
4.25117206573	0.756	0.424	-1.54
4.25362992287	0.756	0.424	-1.54
4.25607895851	0.716	-0.028	2.044
4.25853800774	0.716	-0.028	2.044
4.26098704338	1.568	-0.176	0.984
4.26344203949	1.568	-0.176	0.984
4.26589298248	0.08	0.736	-1.06
4.26834392548	0.08	0.736	-1.06
4.27079296112	-0.056	-0.284	2.044
4.2732489109	-0.056	-0.284	2.044
4.27570009232	-0.24	-0.32	-0.448
4.27815103531	-0.24	-0.32	-0.448
4.2806019783	1.176	0.244	0.276
4.28305602074	1.176	0.244	0.276
4.28550291061	0.44	0.54	2.044
4.28795003891	0.44	0.54	2.044
4.29039788246	0.44	0.54	2.044
4.29285407066	0.312	0.052	-1.324
4.29530310631	0.312	0.052	-1.324
4.29776597023	-0.272	-0.624	1.54
4.30021691322	-0.272	-0.624	1.54
4.30267190933	0.436	-0.196	2.044
4.30512094498	0.436	-0.196	2.044
4.30756998062	-0.932	-0.048	-1.76
4.31002187729	-0.932	-0.048	-1.76
4.31247901917	0.16	-0.432	2.044
4.31492996216	0.16	-0.432	2.044
4.3173789978	-0.956	-0.036	1.16
4.31982803345	-0.956	-0.036	1.16
4.32227897644	-0.452	-0.14	-1.216
4.32473707199	-0.452	-0.14	-1.216
4.32719707489	0.26	-0.764	2.044
4.32966303825	0.26	-0.764	2.044
4.33211302757	-0.284	-0.148	-0.164
4.33456993103	-0.284	-0.148	-0.164
4.33702111244	-0.184	-0.208	-0.228
4.33947205544	-0.184	-0.208	-0.228
4.34192109108	-0.328	-0.04	2.044
4.34437799454	-0.328	-0.04	2.044
4.34682798386	0.856	0.136	-1.128
4.34927606583	0.856	0.136	-1.128
4.35172390938	0.672	0.136	1.18
4.36110401154	0.168	-0.34	2.044
4.36364603043	0.2	-0.332	-1.604
4.36610102654	0.2	-0.332	-1.604
4.36855196953	0.464	-0.56	2.044
4.37100195885	0.464	-0.56	2.044
4.37345600128	0.34	-0.352	1.724
4.37591409683	0.34	-0.352	1.724
4.3783659935	-0.82	0.108	-1.364
4.38081789017	-0.82	0.108	-1.364
4.38327407837	0.364	-0.512	2.044
4.38572502136	0.364	-0.512	2.044
4.38817405701	-0.308	-0.028	0.16
4.390625	-0.308	-0.028	0.16
4.39308190346	-1.536	-0.92	-0.556
4.39553499222	-1.536	-0.92	-0.556
4.39799404144	-0.172	-0.436	2.044
4.40044593811	-0.172	-0.436	2.044
4.40293288231	0.748	0.252	-0.9
4.40538311005	0.748	0.252	-0.9
4.4078309536	0.156	0.5	0.76
4.41027808189	0.156	0.5	0.76
4.412733078	0.156	0.5	0.76
4.41517710686	-0.264	-0.576	2.044
4.41764187813	-0.264	-0.576	2.044
4.42009210587	-0.04	0.0	-1.592
4.42254090309	-0.04	0.0	-1.592
4.42498493195	-0.112	0.08	2.044
4.42743587494	-0.112	0.08	2.044
4.42988395691	0.76	-0.292	2.0
4.43233108521	0.76	-0.292	2.0
4.43477988243	0.02	-0.004	-1.448
4.43722200394	0.02	-0.004	-1.448
4.43966293335	0.188	-0.312	2.044
4.4421069622	0.188	-0.312	2.044
4.44456195831	0.624	-0.104	0.58
4.44701504707	0.624	-0.104	0.58
4.44946408272	-0.972	0.116	-0.904
4.45192193985	-0.972	0.116	-0.904
4.45437908173	-0.292	-0.624	2.044
4.45683002472	-0.292	-0.624	2.044
4.45928001404	-0.008	-0.14	-0.668
4.46173191071	-0.008	-0.14	-0.668
4.46419000626	0.252	-0.356	0.364
4.4666390419	0.252	-0.356	0.364
4.46908807755	0.124	-0.384	2.044
4.47154593468	0.124	-0.384	2.044
4.47400403023	-0.056	0.14	-1.46
4.47645497322	-0.056	0.14	-1.46
4.47890400887	-0.056	0.14	-1.46
4.48135304451	0.18	-0.04	1.868
4.48380899429	0.18	-0.04	1.868
4.48625802994	0.096	-0.64	2.044
4.48870992661	0.096	-0.64	2.044
4.49121594429	-0.412	0.18	-1.604
4.49367499352	-0.412	0.18	-1.604
4.49613809586	0.224	-0.152	2.044
4.49858903885	0.224	-0.152	2.044
4.50103807449	-0.14	-0.284	0.908
4.50348806381	-0.14	-0.284	0.908
4.50593996048	0.348	-0.864	-0.992
4.5083899498	0.348	-0.864	-0.992
4.51083898544	-0.016	-0.232	2.044
4.51329398155	-0.016	-0.232	2.044
4.51574492455	-0.192	-0.044	-0.372
4.51819491386	-0.192	-0.044	-0.372
4.52064609528	0.244	-0.288	0.096
4.52310299873	0.244	-0.288	0.096
4.52555203438	0.12	-0.312	2.044
4.52801704407	0.12	-0.312	2.044
4.53046703339	-0.4	0.468	-1.384
4.53292393684	-0.4	0.468	-1.384
4.53537392616	0.108	0.136	1.552
4.53783297539	0.108	0.136	1.552
4.54028892517	0.056	-0.176	2.044
4.54274296761	0.056	-0.176	2.044
4.54519200325	-0.468	0.332	-1.684
4.54764294624	-0.468	0.332	-1.684
4.55009198189	-0.468	0.332	-1.684
4.55254888535	0.128	-0.4	2.044
4.55499887466	0.128	-0.4	2.044
4.55744695663	-0.48	-0.236	1.292
4.55989789963	-0.48	-0.236	1.292
4.56234908104	0.06	0.416	-1.076
4.56481003761	0.06	0.416	-1.076
4.56725907326	0.032	-0.308	2.044
4.56971287727	0.032	-0.308	2.044
4.57216310501	0.136	-0.196	-0.088
4.57462000847	0.136	-0.196	-0.088
4.57706904411	-0.52	0.568	-0.444
4.57951903343	-0.52	0.568	-0.444
4.58196902275	0.172	-0.208	2.044
4.58442401886	0.172	-0.208	2.044
4.5868730545	0.436	0.316	-1.096
4.58932209015	0.436	0.316	-1.096
4.5917699337	0.952	0.22	1.18
4.59422397614	0.952	0.22	1.18
4.59667110443	0.356	-0.18	2.044
4.59911894798	0.356	-0.18	2.044
4.60158801079	-0.008	-0.008	-1.592
4.60404992104	-0.008	-0.008	-1.592
4.60650205612	-0.076	-0.308	2.044
4.60896205902	-0.076	-0.308	2.044
4.61141300201	-0.272	0.04	1.636
4.61386704445	-0.272	0.04	1.636
4.61631608009	-0.272	0.04	1.636
4.61876606941	-1.384	-0.976	-1.364
4.62121605873	-1.384	-0.976	-1.364
4.62367296219	-0.208	-1.02	2.044
4.62612509727	-0.208	-1.02	2.044
4.62857508659	1.144	-0.14	0.384
4.63102293015	1.144	-0.14	0.384
4.63347697258	-0.72	-0.484	-0.512
4.63592100143	-0.72	-0.484	-0.512
4.63836407661	0.08	-1.072	2.044
4.64081001282	0.08	-1.072	2.044
4.64325690269	-0.32	-0.192	-0.94
4.6457130909	-0.32	-0.192	-0.94
4.64817810059	0.936	0.416	0.724
4.65062594414	0.936	0.416	0.724
4.65307998657	0.108	-0.16	2.044
4.65552806854	0.108	-0.16	2.044
4.65797710419	0.124	0.264	-1.524
4.66042709351	0.124	0.264	-1.524
4.66287994385	-0.48	-0.576	2.044
4.66533088684	-0.48	-0.576	2.044
4.66778206825	0.708	-0.504	2.04
4.6702311039	0.708	-0.504	2.04
4.67268490791	0.888	0.288	-1.556
4.67513489723	0.888	0.288	-1.556
4.67760300636	1.004	-0.528	2.044
4.68007206917	1.004	-0.528	2.044
4.6825299263	1.004	-0.528	2.044
4.68497991562	-0.024	0.172	0.636
4.68742799759	-0.024	0.172	0.636
4.68987894058	-0.96	0.176	-0.916
4.6923289299	-0.96	0.176	-0.916
4.69477891922	0.08	-0.568	2.044
4.69722795486	0.08	-0.568	2.044
4.69967699051	-0.216	0.244	-0.636
4.70212697983	-0.216	0.244	-0.636
4.70458388329	-1.324	0.052	0.288
4.70703291893	-1.324	0.052	0.288
4.7094810009	0.908	-0.532	2.044
4.71192908287	0.908	-0.532	2.044
4.71438503265	0.66	-0.028	-1.376
4.71683907509	0.66	-0.028	-1.376
4.71928906441	-0.22	-0.892	1.804
4.7217400074	-0.22	-0.892	1.804
4.72419810295	-0.1	-0.56	2.044
4.72664690018	-0.1	-0.56	2.044
4.7290968895	0.436	0.22	-1.584
4.73154687881	0.436	0.22	-1.584
4.73400306702	0.564	0.0	2.044
4.73644089699	0.564	0.0	2.044
4.73888111115	-0.288	-0.344	0.988
4.74133110046	-0.288	-0.344	0.988
4.74378705025	0.58	1.38	-1.088
4.74624896049	0.58	1.38	-1.088
4.74869704247	0.58	1.38	-1.088
4.75114488602	0.28	-0.288	2.044
4.75360989571	0.28	-0.288	2.044
4.75606203079	-0.056	0.452	-0.348
4.75851202011	-0.056	0.452	-0.348
4.76096200943	-0.688	0.144	-0.048
4.76341795921	-0.688	0.144	-0.048
4.76586794853	-0.196	-0.204	2.044
4.76831793785	-0.196	-0.204	2.044
4.77076888084	0.1	0.132	-1.32
4.77322292328	0.1	0.132	-1.32
4.77567195892	0.668	-0.06	1.38
4.77812290192	0.668	-0.06	1.38
4.78057098389	-0.044	-0.544	2.044
4.78302693367	-0.044	-0.544	2.044
4.78547692299	0.084	0.068	-1.62
4.78792595863	0.084	0.068	-1.62
4.7903740406	-0.548	-0.34	2.044
4.7928340435	-0.548	-0.34	2.044
4.79528594017	-0.272	-0.332	1.42
4.79773497581	-0.272	-0.332	1.42
4.80019807816	-0.58	-0.312	-1.312
4.80265593529	-0.58	-0.312	-1.312
4.80510807037	0.06	-0.332	2.044
4.80755710602	0.06	-0.332	2.044
4.81000804901	-0.224	-0.208	0.004
4.81246495247	-0.224	-0.208	0.004
4.81492495537	-0.224	-0.208	0.004
4.81737399101	0.708	-0.224	-0.348
4.81982493401	0.708	-0.224	-0.348
4.82227396965	0.132	-0.668	2.044
4.82472896576	0.132	-0.668	2.044
4.82717895508	0.528	0.168	-1.072
4.82962703705	0.528	0.168	-1.072
4.83208489418	0.128	-0.408	1.004
4.83453297615	0.128	-0.408	1.004
4.83697390556	-0.08	0.296	2.044
4.83941507339	-0.08	0.296	2.044
4.84186506271	0.56	0.504	-1.564
4.84432196617	0.56	0.504	-1.564
4.84677410126	0.472	0.612	2.044
4.84922194481	0.472	0.612	2.044
4.85166788101	-0.012	-0.6	1.776
4.85412406921	-0.012	-0.6	1.776
4.85657501221	0.216	0.088	-1.412
4.85902404785	0.216	0.088	-1.412
4.8614730835	0.148	-0.316	2.044
4.86392092705	0.148	-0.316	2.044
4.86637210846	0.116	-0.328	0.356
4.8688249588	0.116	-0.328	0.356
4.87127304077	0.008	0.768	-0.7
4.87374210358	0.008	0.768	-0.7
4.87618994713	0.532	-0.692	2.044
4.8786380291	0.532	-0.692	2.044
4.88108706474	0.532	-0.692	2.044
4.88355207443	0.328	-0.436	-0.756
4.88600301743	0.328	-0.436	-0.756
4.88845300674	-0.54	-0.288	0.644
4.89090394974	-0.54	-0.288	0.644
4.89335989952	0.096	-0.256	2.044
4.89580798149	0.096	-0.256	2.044
4.89825797081	-0.192	0.184	-1.532
4.90070700645	-0.192	0.184	-1.532
4.90316390991	-0.784	-0.388	1.996
4.90563106537	-0.784	-0.388	1.996
4.90808606148	-0.076	-0.848	2.044
4.91053700447	-0.076	-0.848	2.044
4.91299390793	-0.248	0.368	-1.612
4.91544389725	-0.248	0.368	-1.612
4.91789388657	0.068	-0.396	2.044
4.92034506798	0.068	-0.396	2.044
4.92280197144	-0.332	-0.656	0.708
4.92525291443	-0.332	-0.656	0.708
4.92770290375	0.616	0.348	-0.796
4.93015193939	0.616	0.348	-0.796
4.93260788918	-0.092	-0.364	2.044
4.93505787849	-0.092	-0.364	2.044
4.93750810623	-0.052	-0.184	-0.556
4.93996095657	-0.052	-0.184	-0.556
4.94241094589	0.952	-0.132	0.324
4.94486403465	0.952	-0.132	0.324
4.94731402397	0.952	-0.132	0.324
4.94976305962	0.064	-0.228	2.044
4.95222401619	0.064	-0.228	2.044
4.95468211174	-0.22	0.508	-1.46
4.95713305473	-0.22	0.508	-1.46
4.95958209038	-0.12	-0.136	1.684
4.96203398705	-0.12	-0.136	1.684
4.96448993683	-0.764	-0.868	2.044
4.96693992615	-0.764	-0.868	2.044
4.96938991547	0.676	0.0	-1.564
4.97183203697	0.676	0.0	-1.564
4.97427892685	0.324	-1.012	2.044
4.97672796249	0.324	-1.012	2.044
4.97917795181	0.36	-0.86	1.172
4.98162794113	0.36	-0.86	1.172
4.98410797119	0.22	0.844	-1.144
4.98655891418	0.22	0.844	-1.144
4.98900699615	-0.104	-0.728	2.044
4.99145698547	-0.104	-0.728	2.044
4.99391388893	0.024	-0.052	-0.244
4.99636507034	0.024	-0.052	-0.244
4.99881291389	0.58	0.092	-0.04
