Timestamp 	 X-Axis 	 Y-Axis 	 Z-Axis
0.000360012054443	-0.284	-0.436	1.532
0.00440812110901	-0.284	-0.436	1.532
0.00826597213745	0.192	-0.256	-1.348
0.0121209621429	0.328	-0.396	2.044
0.0159730911255	0.644	-0.008	0.116
0.0198409557343	0.644	-0.008	0.116
0.0236930847168	-0.168	0.16	-0.376
0.0275430679321	-0.024	-0.844	2.044
0.0313980579376	0.124	0.304	-1.032
0.0352680683136	0.124	0.304	-1.032
0.0391249656677	-0.188	0.692	0.844
0.0429830551147	-0.908	0.172	2.044
0.0468399524689	0.56	0.276	-1.536
0.0506989955902	0.56	0.276	-1.536
0.0545740127563	-0.292	0.048	2.044
0.058434009552	-0.104	-0.268	1.916
0.0622940063477	-0.444	0.056	-1.544
0.0661599636078	-0.088	-0.316	2.044
0.0700190067291	-0.088	-0.316	2.044
0.0738780498505	0.308	-0.52	0.472
0.0777349472046	0.228	0.212	-0.568
0.0815930366516	0.08	-0.316	2.044
0.0854511260986	0.08	-0.316	2.044
0.0893080234528	0.048	0.22	-0.752
0.0931711196899	-0.064	-0.56	0.468
0.0970280170441	-0.276	-0.028	2.044
0.10090303421	-0.276	-0.028	2.044
0.104761123657	-0.152	0.264	-1.516
0.108636140823	-0.008	0.032	1.824
0.112498044968	0.584	0.112	2.044
0.116359949112	0.584	0.112	2.044
0.120222091675	-0.204	0.384	-1.604
0.124081134796	0.392	0.292	2.044
0.127934932709	-0.4	0.076	0.84
0.131797075272	-0.4	0.076	0.84
0.1356549263	0.052	0.096	-1.056
0.139518022537	-0.228	-0.38	2.044
0.143382072449	-0.12	-0.052	-0.42
0.14724111557	-0.12	-0.052	-0.42
0.151104927063	0.528	0.128	0.2
0.154959917068	-0.52	-1.184	2.044
0.158817052841	0.244	0.224	-1.324
0.162675142288	0.244	0.224	-1.324
0.166531085968	1.672	0.548	1.604
0.170392036438	-0.068	-0.152	2.044
0.17426609993	-0.784	0.188	-1.7
0.178125143051	0.344	0.088	2.044
0.181998968124	0.344	0.088	2.044
0.18585395813	0.264	-0.384	1.24
0.189710140228	0.572	-0.18	-1.324
0.193573951721	0.232	-0.468	2.044
0.19743013382	0.232	-0.468	2.044
0.201293945312	-0.276	0.116	-0.108
0.205150127411	-0.808	-0.148	-0.288
0.209011077881	0.1	-0.316	2.044
0.212867975235	0.1	-0.316	2.044
0.216733932495	0.032	0.092	-1.188
0.220592975616	-0.424	0.204	1.112
0.224447965622	-0.7	0.152	2.044
0.228317022324	-0.7	0.152	2.044
0.232185125351	-0.364	0.58	-1.628
0.236043930054	-0.04	-0.592	2.044
0.239901065826	-0.152	-0.04	1.608
0.243763923645	-0.152	-0.04	1.608
0.247622013092	1.912	-0.492	-1.224
0.251486063004	0.456	-0.88	2.044
0.255342960358	-0.22	-0.1	0.204
0.25920009613	-0.22	-0.1	0.204
0.26312994957	0.936	-0.1	-0.396
0.266989946365	0.608	-0.42	2.044
0.270853042603	-0.324	-0.304	-0.944
0.274712085724	-0.324	-0.304	-0.944
0.278568983078	1.524	0.396	0.908
0.28244304657	0.252	-0.12	2.044
0.286299943924	-0.192	0.496	-1.568
0.290163993835	0.216	-0.408	2.044
0.294023990631	0.216	-0.408	2.044
0.297879934311	0.292	-0.36	2.024
0.301742076874	-1.072	-0.968	-1.42
0.305599927902	0.104	-0.404	2.044
0.309456110001	0.104	-0.404	2.044
0.313317060471	-0.656	0.416	0.572
0.317175149918	-0.272	0.192	-0.844
0.321033000946	-0.448	0.124	2.044
0.324900150299	-0.448	0.124	2.044
0.328756093979	-0.26	-0.156	-0.692
0.332621097565	-0.304	0.592	0.456
0.336477041245	-0.048	-0.22	2.044
0.340340137482	-0.048	-0.22	2.044
0.344212055206	0.26	0.028	-1.48
0.34806895256	-0.148	-0.284	1.832
0.351937055588	0.312	-0.036	2.044
0.355795145035	0.312	-0.036	2.044
0.35965013504	-0.268	0.992	-1.64
0.36351108551	-0.132	-0.404	2.044
0.367371082306	0.02	0.156	0.924
0.371231079102	0.02	0.156	0.924
0.375085115433	-0.68	0.184	-1.08
0.378942012787	-0.22	-0.332	2.044
0.382806062698	-0.176	0.612	-0.412
0.386662960052	-0.176	0.612	-0.412
0.39052605629	0.736	-0.088	0.112
0.394380092621	-0.392	-0.708	2.044
0.398237943649	0.12	-0.096	-1.364
0.402100086212	0.12	-0.096	-1.364
0.405956983566	-1.4	-0.316	1.428
0.409815073013	0.312	-0.224	2.044
0.413685083389	-0.548	-0.132	-1.68
0.417544126511	-0.084	-0.42	2.044
0.421406984329	-0.084	-0.42	2.044
0.425265073776	0.496	-0.296	1.312
0.429121017456	0.252	0.56	-1.288
0.432989120483	-0.328	-1.176	2.044
0.436846971512	-0.328	-1.176	2.044
0.440710067749	-0.384	0.392	-0.076
0.444567918777	0.336	0.644	-0.32
0.448423147202	-0.408	-0.624	2.044
0.452286958694	-0.408	-0.624	2.044
0.456145048141	0.344	-0.204	-1.104
0.460001945496	0.96	-0.12	1.124
0.463864088058	0.012	-0.396	2.044
0.467720031738	0.012	-0.396	2.044
0.471580982208	1.0	0.152	-1.564
0.475435018539	-0.58	-0.328	2.044
0.479293107986	-0.296	-0.364	1.632
0.483158111572	-0.296	-0.364	1.632
0.487018108368	-0.664	-0.44	-1.372
0.490885972977	-0.304	-0.58	2.044
0.494743108749	0.748	-0.152	0.316
0.498599052429	0.748	-0.152	0.316
0.502460002899	-0.464	-1.312	-0.42
0.506319046021	-0.388	-0.864	2.044
0.510178089142	-0.116	0.144	-0.944
0.514034986496	-0.116	0.144	-0.944
0.517892122269	0.452	0.644	0.672
0.521753072739	0.288	-0.536	2.044
0.525609970093	0.18	-0.336	-1.456
0.529467105865	0.18	-0.336	-1.456
0.533333063126	-0.332	-0.492	2.044
0.537192106247	-0.264	-0.16	2.024
0.541074037552	-1.216	-0.168	-1.564
0.544932126999	0.088	-0.576	2.044
0.548788070679	0.088	-0.576	2.044
0.552644968033	0.46	-0.812	0.72
0.556501150131	-0.396	-0.068	-0.96
0.560359954834	-0.016	-0.712	2.044
0.564218044281	-0.016	-0.712	2.044
0.568074941635	0.38	-0.216	-0.628
0.571939945221	0.452	-0.444	0.328
0.575798988342	0.432	-0.608	2.044
0.579654932022	0.432	-0.608	2.044
0.583516120911	-0.156	0.02	-1.424
0.587373018265	0.456	-0.448	1.7
0.591239929199	-0.36	0.02	2.044
0.595098018646	-0.36	0.02	2.044
0.598953008652	-0.648	0.22	-1.612
0.602818012238	-0.212	0.088	2.044
0.606673955917	-0.62	-0.416	1.004
0.610537052155	-0.62	-0.416	1.004
0.614395141602	0.94	-0.044	-0.976
0.618252038956	-0.544	-0.668	2.044
0.622115135193	-0.276	-0.108	-0.304
0.625972032547	-0.276	-0.108	-0.304
0.629828929901	-0.228	-0.192	0.008
0.633691072464	0.264	-0.356	2.044
0.637547016144	0.136	0.332	-1.332
0.641410112381	0.136	0.332	-1.332
0.645265102386	-0.296	-0.252	1.348
0.649132013321	-0.304	0.072	2.044
0.652997970581	0.12	0.512	-1.656
0.656854152679	0.136	0.108	2.044
0.660714149475	0.136	0.108	2.044
0.664567947388	-0.084	-0.492	1.46
0.668426036835	0.804	-0.168	-1.228
0.672285079956	0.056	-0.684	2.044
0.676141023636	0.056	-0.684	2.044
0.679996967316	-0.172	-0.244	0.016
0.683860063553	-0.244	-0.372	-0.36
0.687716960907	-0.116	-0.184	2.044
0.691580057144	-0.116	-0.184	2.044
0.695436954498	-0.38	0.328	-1.116
0.699295043945	-0.484	-0.076	0.876
0.703155994415	-0.068	0.584	2.044
0.707011938095	-0.068	0.584	2.044
0.710878133774	-0.148	0.224	-1.608
0.714735984802	-0.056	-0.092	2.044
0.718593120575	0.244	-0.42	1.812
0.722455024719	0.244	-0.42	1.812
0.726311922073	0.752	0.056	-1.48
0.730169057846	0.532	0.172	2.044
0.734023094177	-0.888	0.248	0.38
0.737878084183	-0.888	0.248	0.38
0.741739988327	0.004	-0.152	-0.744
0.7455971241	-0.216	-0.224	2.044
0.749454021454	0.088	-0.256	-0.82
0.753312110901	0.088	-0.256	-0.82
0.757175922394	-0.236	0.172	0.62
0.761033058167	-0.436	-0.54	2.044
0.764894008636	-0.26	0.644	-1.556
0.768751144409	-0.26	0.644	-1.556
0.772618055344	-0.292	-0.18	1.956
0.776474952698	0.32	-0.172	2.044
0.780344963074	0.232	1.26	-1.636
0.784202098846	-0.092	-0.884	2.044
0.788058042526	-0.092	-0.884	2.044
0.791913986206	0.124	-0.1	0.816
0.795769929886	-1.676	-0.484	-0.94
0.799627065659	-0.24	-0.34	2.044
0.803488969803	-0.24	-0.34	2.044
0.80734705925	-0.324	0.352	-0.548
0.811209917068	-0.184	0.596	0.228
0.815065145493	0.228	-0.54	2.044
0.818920135498	0.228	-0.54	2.044
0.822776079178	0.048	0.252	-1.412
0.826631069183	0.708	-0.12	1.736
0.830502986908	0.164	-0.096	2.044
0.834360122681	0.164	-0.096	2.044
0.838215112686	1.236	0.544	-1.552
0.84207701683	0.608	-0.152	2.044
0.84593296051	-0.1	-0.108	1.132
0.849790096283	-0.1	-0.108	1.132
0.853651046753	-0.18	0.012	-1.168
0.857507944107	-0.268	-0.744	2.044
0.861371994019	-0.244	-0.324	-0.28
0.865253925323	-0.244	-0.324	-0.28
0.869111061096	-1.04	-0.984	-0.024
0.87296795845	-0.032	-0.628	2.044
0.876826047897	-0.288	0.096	-1.284
0.880687952042	-0.288	0.096	-1.284
0.88454413414	-0.584	0.824	1.188
0.88840007782	0.352	-0.044	2.044
0.892265081406	0.5	0.008	-1.54
0.89611697197	0.5	0.008	-1.54
0.899969100952	-1.04	-0.032	2.044
0.903835058212	0.192	-0.38	1.516
0.907691955566	0.176	0.52	-1.384
0.911548137665	0.184	-0.376	2.044
0.915404081345	0.184	-0.376	2.044
0.919260025024	-0.256	-0.004	-0.004
0.923121929169	-0.284	-0.16	-0.376
0.926980018616	0.508	-0.392	2.044
0.930843114853	0.508	-0.392	2.044
0.934699058533	-0.38	0.0	-1.056
0.938548088074	-0.22	0.552	0.912
0.942409992218	-0.096	-0.424	2.044
0.946267127991	-0.096	-0.424	2.044
0.95020198822	0.352	0.128	-1.544
0.954064130783	0.768	-0.836	2.044
0.957921028137	0.136	-0.316	1.872
0.961777925491	0.136	-0.316	1.872
0.965635061264	-0.436	0.36	-1.528
0.969493150711	-0.104	-0.208	2.044
0.973365068436	-0.08	-0.504	0.48
0.97722196579	-0.08	-0.504	0.48
0.981086015701	-1.68	0.932	-0.9
0.984943151474	0.504	-0.336	2.044
0.988798141479	-0.216	-0.308	-0.82
0.992655992508	-0.216	-0.308	-0.82
0.996514081955	-0.144	0.484	0.44
1.00037503242	-0.376	-0.38	2.044
1.00423407555	0.44	0.392	-1.484
1.00809001923	0.44	0.392	-1.484
1.01195001602	0.156	-0.068	1.984
1.0158059597	-0.2	-0.3	2.044
1.01966309547	0.376	-0.036	-1.576
1.02352499962	0.376	-0.036	-1.576
1.02738213539	0.572	-0.392	2.044
1.03123903275	-0.048	-0.02	0.816
1.0350959301	-1.304	0.036	-0.904
1.03895306587	-0.44	-0.504	2.044
1.04282808304	-0.44	-0.504	2.044
1.04668593407	-0.08	-0.312	-0.484
1.05054998398	-0.552	0.448	0.056
1.05440497398	-0.3	-0.244	2.044
1.05826210976	-0.3	-0.244	2.044
1.06212496758	0.4	0.272	-1.372
1.06598114967	-0.652	-0.692	1.684
1.06984114647	-0.216	-0.256	2.044
1.07370400429	-0.216	-0.256	2.044
1.07756114006	-1.148	0.288	-1.7
1.08143496513	-0.032	-0.188	2.044
1.08529305458	-0.372	-0.208	1.18
1.08914899826	-0.372	-0.208	1.18
1.09301114082	1.02	-0.1	-1.064
1.09686803818	-0.04	-0.1	2.044
1.10072994232	-0.12	-0.024	-0.18
1.10458803177	-0.12	-0.024	-0.18
1.10844492912	0.2	-0.108	-0.124
1.11230111122	0.452	-0.248	2.044
1.1161570549	0.032	-0.06	-1.172
1.12001395226	0.032	-0.06	-1.172
1.12387609482	-0.648	-0.324	1.22
1.12773299217	0.524	-0.048	2.044
1.13159799576	0.744	0.176	-1.564
1.13545393944	0.744	0.176	-1.564
1.13931012154	-0.364	0.124	2.044
1.14316701889	0.972	-0.268	1.644
1.14702296257	-0.676	-0.392	-1.404
1.15088105202	-0.384	-1.708	2.044
1.1547369957	-0.384	-1.708	2.044
1.15859413147	-0.528	-0.732	0.136
1.16245102882	-0.172	0.62	-0.532
1.1663069725	0.484	-0.228	2.044
1.17016792297	0.484	-0.228	2.044
1.17402410507	0.1	0.24	-0.996
1.17787909508	-0.62	-0.924	0.912
1.18174314499	0.336	-0.192	2.044
1.18559813499	0.336	-0.192	2.044
1.18947505951	-0.424	-0.04	-1.6
1.1933400631	0.14	0.052	2.044
1.19720697403	-0.216	-0.132	1.916
1.20107102394	-0.216	-0.132	1.916
1.2049279213	-0.588	0.04	-1.544
1.20878505707	0.312	-0.464	2.044
1.21264815331	-0.292	-0.252	0.484
1.21650409698	-0.292	-0.252	0.484
1.2203669548	0.044	0.176	-0.772
1.22422194481	0.18	-0.636	2.044
1.22807812691	-0.132	-0.112	-0.732
1.23193502426	-0.132	-0.112	-0.732
1.23579192162	0.804	0.008	0.444
1.23964500427	-0.432	-0.5	2.044
1.24350309372	0.176	-0.084	-1.484
1.24735999107	0.176	-0.084	-1.484
1.25122714043	-0.36	-0.232	1.832
1.25508499146	-0.016	0.104	2.044
1.25893998146	-0.58	0.376	-1.644
1.26279807091	-0.58	0.376	-1.644
1.26665401459	1.012	0.164	2.044
1.27051496506	-0.256	-0.248	0.876
1.27437210083	1.264	1.52	-1.048
1.27822804451	-0.516	0.06	2.044
1.28208899498	-0.516	0.06	2.044
1.28594398499	0.044	0.044	-0.432
1.28979897499	-0.24	-0.032	0.216
1.29365992546	0.128	-0.288	2.044
1.29752707481	0.128	-0.288	2.044
1.30138897896	-0.112	0.12	-1.3
1.30524611473	-0.204	-1.096	1.508
1.30910801888	-0.02	-0.228	2.044
1.31296610832	-0.02	-0.228	2.044
1.31682300568	0.456	-0.06	-1.604
1.32068514824	0.072	-0.556	2.044
1.32454109192	-0.184	-0.344	1.272
1.32839798927	-0.184	-0.344	1.272
1.33226013184	1.02	0.004	-1.144
1.33611607552	0.58	-0.908	2.044
1.3399720192	-0.704	-0.012	-0.18
1.34383511543	-0.704	-0.012	-0.18
1.34769105911	-1.36	0.864	-0.376
1.35154795647	0.052	-0.064	2.044
1.35540413857	0.024	0.424	-1.144
1.35925912857	0.024	0.424	-1.144
1.3631169796	0.5	0.296	1.124
1.3669719696	-0.032	-0.384	2.044
1.37086200714	1.08	-0.456	-1.552
1.37471914291	1.08	-0.456	-1.552
1.37857604027	-0.492	-0.228	2.044
1.38243794441	-1.136	0.26	1.572
1.38629412651	-0.728	0.732	-1.448
1.390157938	-0.728	0.732	-1.448
1.3940141201	0.408	-0.804	2.044
1.39787006378	-0.104	0.412	0.26
1.40173006058	-0.024	-0.824	-0.584
1.40559792519	0.628	-1.34	2.044
1.40945410728	0.628	-1.34	2.044
1.41331410408	0.128	-0.044	-0.9
1.41717100143	0.604	0.088	0.772
1.42103004456	0.28	-0.316	2.044
1.42488598824	0.28	-0.316	2.044
1.42874503136	0.64	0.124	-1.552
1.43260192871	0.164	0.02	2.044
1.43645501137	0.14	-0.22	2.012
1.44083595276	0.14	-0.22	2.012
1.44470095634	0.312	-0.388	-1.504
1.44855999947	-0.496	-0.52	2.044
1.45242404938	0.408	-0.192	0.592
1.45627999306	0.408	-0.192	0.592
1.46021699905	-1.024	1.464	-1.048
1.4641160965	-0.068	-0.592	2.044
1.46798300743	0.016	0.184	-0.644
1.47184514999	0.044	1.068	0.276
1.47570204735	0.044	1.068	0.276
1.47957205772	-0.396	0.056	2.044
1.48343896866	0.28	0.228	-1.436
1.48731303215	-0.024	-0.172	1.712
1.49118304253	-0.024	-0.172	1.712
1.49504113197	-0.028	-0.472	2.044
1.49889993668	0.464	0.072	-1.568
1.50276494026	0.156	-1.064	2.044
1.50662302971	0.156	-1.064	2.044
1.51047992706	-0.1	-0.468	0.984
1.51436710358	-0.968	0.088	-1.092
1.5182261467	-0.688	-0.644	2.044
1.52208995819	-0.688	-0.644	2.044
1.52594900131	-0.308	-0.076	-0.356
1.52980899811	0.14	0.568	0.04
1.53367114067	0.224	-0.484	2.044
1.53752803802	0.224	-0.484	2.044
1.54138994217	-0.004	0.004	-1.308
1.54524803162	-1.028	-0.152	1.324
1.54911208153	0.128	-0.16	2.044
1.55297112465	0.128	-0.16	2.044
1.55682015419	-0.252	0.044	-1.628
1.56067609787	-0.136	0.088	2.044
1.56453704834	-0.212	-0.372	1.344
1.56841993332	-0.212	-0.372	1.344
1.572286129	0.912	0.184	-1.276
1.5761449337	0.112	0.136	2.044
1.57999992371	0.336	-0.368	0.016
1.58386397362	0.0	-0.192	-0.34
1.58771705627	0.0	-0.192	-0.34
1.59158110619	0.28	-0.056	2.044
1.59543895721	-0.16	0.236	-1.128
1.59930896759	-1.196	-0.228	0.944
1.60317611694	-1.196	-0.228	0.944
1.60703396797	-0.456	-0.128	2.044
1.61090397835	0.84	0.476	-1.528
1.61476111412	0.364	0.072	2.044
1.61861801147	0.364	0.072	2.044
1.62248897552	-0.236	-0.512	1.732
1.62636208534	1.02	-0.292	-1.392
1.63022708893	-0.18	-0.556	2.044
1.63408493996	-0.18	-0.556	2.044
1.63794207573	0.204	-0.436	0.376
1.64180493355	0.304	-0.052	-0.604
1.64566302299	-0.08	-0.708	2.044
1.64951992035	-0.08	-0.708	2.044
1.65338397026	0.516	0.072	-0.768
1.65724110603	0.616	0.48	0.788
1.6611020565	0.604	-0.528	2.044
1.66495800018	0.604	-0.528	2.044
1.66881895065	0.388	0.34	-1.52
1.67267608643	-0.212	-0.612	1.976
1.67653393745	0.988	-0.432	2.044
1.68039608002	0.988	-0.432	2.044
1.6842520237	-0.136	0.28	-1.584
1.68811011314	0.368	0.0	2.044
1.69196414948	0.12	-0.2	0.756
1.69582104683	0.072	0.34	-0.964
1.69967794418	0.072	0.34	-0.964
1.70353507996	0.404	-0.888	2.044
1.70739293098	-0.22	0.164	-0.6
1.71125602722	0.288	0.36	0.296
1.71511101723	0.288	0.36	0.296
1.71896409988	-0.664	-0.916	2.044
1.72283005714	-0.016	0.036	-1.444
1.72668814659	-0.352	-0.64	1.656
1.73056006432	-0.352	-0.64	1.656
1.73441815376	0.452	-0.408	2.044
1.7382941246	-1.348	-0.524	-1.7
1.7421541214	0.12	-0.596	2.044
1.74601006508	0.12	-0.596	2.044
1.74986600876	0.784	-0.172	1.192
1.75372505188	-0.352	-0.18	-1.12
1.7575750351	0.38	-0.268	2.044
1.76142907143	0.38	-0.268	2.044
1.76528906822	0.496	-0.408	-0.208
1.76914691925	1.292	0.248	0.012
1.77300810814	0.324	-0.436	2.044
1.77686500549	0.324	-0.436	2.044
1.7807290554	0.732	0.268	-1.212
1.78458499908	0.284	-0.6	1.428
1.78845691681	0.356	-0.156	2.044
1.79231595993	0.356	-0.156	2.044
1.79617404938	1.28	0.496	-1.632
1.80002999306	-0.712	-0.844	2.044
1.80389595032	-0.348	-0.248	1.452
1.80775308609	-0.348	-0.248	1.452
1.811617136	-0.568	0.244	-1.336
1.8154900074	0.564	-0.48	2.044
1.81934809685	-0.3	-0.428	0.084
1.82320809364	-0.888	0.964	-0.492
1.82707095146	-0.888	0.964	-0.492
1.8309340477	0.108	-0.588	2.044
1.83479309082	-0.308	0.4	-1.104
1.83866095543	-0.36	0.444	0.94
1.84252595901	-0.36	0.444	0.94
1.84638214111	0.336	0.12	2.044
1.85026597977	0.036	0.104	-1.556
1.85412311554	0.68	0.492	2.044
1.85797810555	0.68	0.492	2.044
1.86183905602	0.112	-0.076	1.844
1.86569595337	0.296	0.584	-1.452
1.86955308914	0.36	-0.068	2.044
1.87341594696	0.36	-0.068	2.044
1.87727308273	0.496	-0.232	0.5
1.88113307953	-0.752	-0.36	-0.648
1.88499307632	-0.028	-0.296	2.044
1.88884997368	-0.028	-0.296	2.044
1.89271402359	-0.336	0.224	-0.812
1.89657092094	-0.056	0.68	0.508
1.90043497086	-0.108	-0.268	2.044
1.90429210663	-0.108	-0.268	2.044
1.90815401077	-0.544	0.016	-1.548
1.91201210022	-0.216	-0.056	1.98
1.91587114334	-0.44	-0.188	2.044
1.9197280407	-0.44	-0.188	2.044
1.92359304428	0.02	-0.188	-1.596
1.92744994164	-0.464	-0.788	2.044
1.93132710457	-0.092	-0.316	0.712
1.9351849556	-0.76	0.784	-1.116
1.93904399872	-0.76	0.784	-1.116
1.94290304184	0.172	-0.788	2.044
1.94677114487	-0.468	0.348	-0.52
1.95063495636	-0.132	0.008	0.176
1.9544839859	-0.132	0.008	0.176
1.95833110809	-0.784	0.376	2.044
1.96218395233	0.232	0.356	-1.384
1.96604394913	-0.976	0.16	1.484
1.9699139595	-0.976	0.16	1.484
1.97377705574	-0.324	-0.236	2.044
1.97763609886	0.104	0.12	-1.612
1.98150014877	-0.132	0.228	2.044
1.98535704613	-0.132	0.228	2.044
1.98921394348	0.084	-0.752	1.228
1.99310302734	0.3	1.328	-1.272
1.99696207047	0.692	-0.52	2.044
2.00082397461	0.692	-0.52	2.044
2.00468111038	0.212	-0.332	-0.168
2.00853800774	-0.7	-0.524	-0.168
2.01239800453	-0.072	-0.368	2.044
2.0162551403	-0.072	-0.368	2.044
2.02011394501	-0.068	0.008	-1.208
2.02397298813	-0.056	0.02	1.152
2.0278339386	0.216	-0.2	2.044
2.03169202805	0.216	-0.2	2.044
2.03556013107	-0.096	0.02	-1.616
2.0394179821	-0.528	-0.408	2.044
2.04328393936	0.412	-0.308	1.576
2.04714107513	0.412	-0.308	1.576
2.05100512505	0.276	-0.284	-1.276
2.05487513542	0.872	-0.804	2.044
2.05873394012	0.408	-0.208	0.212
2.06259512901	0.632	0.012	-0.464
2.06646203995	0.632	0.012	-0.464
2.07032299042	0.312	-0.136	2.044
2.0741789341	0.072	0.264	-1.0
2.07803106308	-0.964	0.044	0.78
2.0818939209	-0.964	0.044	0.78
2.08574914932	-0.888	-0.088	2.044
2.08961009979	-0.544	0.292	-1.652
2.09347605705	0.204	-0.16	2.044
2.09733295441	0.204	-0.16	2.044
2.10119509697	0.396	-0.38	1.968
2.10505199432	0.116	0.236	-1.456
2.1089091301	0.296	0.056	2.044
2.1127641201	0.296	0.056	2.044
2.11662006378	-0.488	0.448	0.556
2.12048196793	-0.132	0.172	-0.752
2.12434101105	-0.048	-0.624	2.044
2.12819910049	-0.048	-0.624	2.044
2.13206315041	0.076	0.012	-0.716
2.13592004776	0.436	0.008	0.428
2.13977503777	-0.16	-0.676	2.044
2.14363908768	-0.16	-0.676	2.044
2.14750003815	-0.06	0.436	-1.496
2.15138196945	-0.532	-0.26	1.824
2.15523505211	0.324	-0.34	2.044
2.15908312798	0.324	-0.34	2.044
2.16294813156	-0.688	0.324	-1.652
2.16681003571	0.276	-0.676	2.044
2.17067813873	1.192	-0.416	1.016
2.17453598976	0.58	0.364	-1.008
2.17840600014	0.58	0.364	-1.008
2.1822681427	0.156	-0.76	2.044
2.18612408638	-0.048	-0.212	-0.436
2.1899831295	-0.328	0.068	0.196
2.19384598732	-0.328	0.068	0.196
2.19770312309	-0.28	-0.472	2.044
2.20156812668	0.12	0.332	-1.356
2.20542407036	-0.724	-0.664	1.496
2.20929503441	-0.724	-0.664	1.496
2.21316003799	-0.004	-0.268	2.044
2.21701812744	-0.504	0.168	-1.652
2.22088313103	-0.428	0.164	2.044
2.22474098206	-0.428	0.164	2.044
2.2285990715	-0.292	-0.216	1.288
2.23245811462	-0.712	0.584	-1.316
2.23631811142	-0.408	-0.72	2.044
2.24018096924	-0.408	-0.72	2.044
2.24404001236	-0.304	-0.232	-0.12
2.24789905548	-0.568	-1.328	-0.132
2.25176405907	-0.24	-0.472	2.044
2.25562214851	-0.24	-0.472	2.044
2.25947999954	0.088	-0.144	-1.152
2.26333808899	-0.668	-0.036	1.112
2.26719999313	-0.384	-0.272	2.044
2.2710750103	-0.384	-0.272	2.044
2.2749350071	-0.412	-0.332	-1.664
2.27879309654	0.168	-0.488	2.044
2.28265810013	-1.004	-0.24	1.564
2.28651595116	-1.004	-0.24	1.564
2.29038000107	-0.152	0.056	-1.356
2.29423713684	-0.192	-0.12	2.044
2.29809498787	-0.048	-0.048	0.236
2.30195903778	1.152	0.984	-0.568
2.30581593513	1.152	0.984	-0.568
2.30967211723	-0.052	-0.556	2.044
2.31355595589	0.052	0.092	-0.892
2.31741404533	-0.644	0.236	0.692
2.32127594948	-0.644	0.236	0.692
2.32513213158	-0.18	-0.588	2.044
2.32899212837	0.152	0.328	-1.588
2.33285593987	0.072	-0.188	2.044
2.33671307564	0.072	-0.188	2.044
2.34057497978	-0.324	-0.232	1.956
2.34443306923	0.036	0.44	-1.496
2.34828996658	0.016	-0.488	2.044
2.35214805603	0.016	-0.488	2.044
2.35599803925	-0.156	-0.008	0.572
2.35984802246	-1.244	-0.344	-0.868
2.36371207237	-0.768	-0.544	2.044
2.36757612228	-0.768	-0.544	2.044
2.37144112587	-0.516	0.172	-0.668
2.37529802322	-0.488	-0.076	0.4
2.37917208672	0.044	-0.332	2.044
2.38306093216	0.044	-0.332	2.044
2.3869240284	-0.028	0.472	-1.464
2.39078903198	0.848	-0.124	1.828
2.3946480751	-0.008	-0.08	2.044
2.39850497246	-0.008	-0.08	2.044
2.40237903595	-0.26	0.576	-1.62
2.40623807907	-0.032	-0.124	2.044
2.41009497643	-0.336	-0.436	1.016
2.41395998001	0.172	0.088	-1.124
2.41781711578	0.172	0.088	-1.124
2.42167901993	0.492	-0.464	2.044
2.42553591728	0.212	-0.428	-0.372
2.4293949604	0.236	-0.516	0.116
2.43325710297	0.236	-0.516	0.116
2.43711304665	0.512	-0.444	2.044
2.44097495079	0.116	0.052	-1.284
2.44483208656	0.4	0.176	1.34
2.44869112968	0.4	0.176	1.34
2.45255208015	0.996	-0.276	2.044
2.45640897751	0.472	0.624	-1.6
2.46027302742	-0.008	-0.04	2.044
2.46413302422	-0.008	-0.04	2.044
2.46799111366	-0.4	0.008	1.336
2.47184896469	1.36	0.408	-1.312
2.47570705414	0.264	-0.144	2.044
2.47956705093	0.264	-0.144	2.044
2.48343300819	0.796	-0.116	0.032
2.48733711243	-0.26	0.616	-0.328
2.49120402336	0.112	-0.384	2.044
2.49506092072	0.112	-0.384	2.044
2.49891901016	-0.068	0.068	-1.08
2.5027821064	0.064	0.364	1.112
2.5066421032	-0.692	0.088	2.044
2.51050114632	-0.692	0.088	2.044
2.51437211037	-0.104	0.096	-1.604
2.51822900772	0.128	-0.212	2.044
2.52209496498	-0.176	-0.244	1.72
2.5259540081	0.312	-0.02	-1.332
2.52981305122	0.312	-0.02	-1.332
2.53367900848	-0.16	-0.34	2.044
2.53753495216	-0.768	0.244	0.284
2.5413980484	0.204	-0.228	-0.608
2.54525613785	0.204	-0.228	-0.608
2.5491130352	0.236	-0.128	2.044
2.55297112465	-0.376	0.08	-0.908
2.55682206154	-0.2	0.228	0.748
2.56067609787	-0.2	0.228	0.748
2.56453514099	1.204	-0.128	2.044
2.56839513779	0.26	0.192	-1.532
2.57225799561	-0.064	0.36	1.964
2.57611513138	-0.064	0.36	1.964
2.57997202873	-0.076	0.192	2.044
2.58383607864	-1.228	0.668	-1.62
2.58769512177	-0.904	-0.912	2.044
2.59156394005	-0.904	-0.912	2.044
2.59543204308	-0.18	0.132	0.72
2.59928798676	0.676	0.62	-0.848
2.60315108299	0.252	-0.052	2.044
2.60700798035	0.252	-0.052	2.044
2.61087203026	-0.06	-0.14	-0.552
2.61473011971	1.068	0.804	0.464
2.61860013008	0.06	-0.804	2.044
2.62246203423	0.06	-0.804	2.044
2.62639212608	0.38	-0.012	-1.388
2.63025903702	-0.116	-0.164	1.66
2.63411712646	-0.128	-0.2	2.044
2.63797807693	-0.16	-0.032	-1.628
2.64184212685	-0.16	-0.032	-1.628
2.6456990242	-0.2	0.028	2.044
2.64955711365	-0.428	-0.128	1.044
2.65342211723	-0.216	1.54	-1.176
2.65727901459	-0.216	1.54	-1.176
2.66114401817	0.12	-0.736	2.044
2.66500115395	-0.444	0.412	-0.328
2.66885900497	0.736	0.248	0.056
2.67271494865	0.736	0.248	0.056
2.67656993866	-0.408	-0.596	2.044
2.68043398857	0.164	0.176	-1.28
2.68429207802	0.796	0.092	1.424
2.68814897537	0.796	0.092	1.424
2.69200992584	0.188	0.076	2.044
2.69586610794	-0.3	0.32	-1.704
2.69972395897	-0.116	-0.296	2.044
2.70359396935	-0.116	-0.296	2.044
2.70745205879	0.012	-0.284	1.444
2.71131491661	0.144	-0.2	-1.328
2.71517515182	-0.036	-0.476	2.044
2.71903300285	-0.036	-0.476	2.044
2.72289800644	0.228	-0.1	0.08
2.72675395012	1.328	0.152	-0.372
2.73063111305	0.712	-0.26	2.044
2.73448801041	0.712	-0.26	2.044
2.73835897446	0.336	0.172	-1.064
2.74222302437	-0.736	0.012	0.888
2.74608302116	0.036	-0.924	2.044
2.74993991852	0.036	-0.924	2.044
2.75380015373	0.58	0.228	-1.532
2.75764894485	-0.644	-0.528	2.044
2.76150393486	-0.428	-0.46	1.748
2.76536512375	-0.1	-0.212	-1.468
2.76922512054	-0.1	-0.212	-1.468
2.77311611176	-0.44	-0.008	2.044
2.77697491646	-0.608	-0.184	0.328
2.78083992004	-1.336	0.992	-0.772
2.78469800949	-1.336	0.992	-0.772
2.78855705261	-0.008	-0.448	2.044
2.79241514206	-0.736	-0.228	-0.904
2.79627513885	0.872	-0.552	0.576
2.8001639843	0.872	-0.552	0.576
2.80402112007	-0.26	0.06	2.044
2.80788111687	0.068	0.636	-1.496
2.81175804138	0.692	-0.416	2.012
2.81561613083	0.692	-0.416	2.012
2.81947302818	0.024	-0.204	2.044
2.82332992554	0.204	-0.136	-1.52
2.82718992233	-0.42	-0.404	2.044
2.83105397224	-0.42	-0.404	2.044
2.83491301537	0.32	-0.068	0.8
2.83876895905	-0.932	-0.132	-0.996
2.842648983	-0.22	-0.324	2.044
2.84650707245	-0.22	-0.324	2.044
2.85038614273	-1.0	0.188	-0.616
2.85423994064	-0.136	0.152	0.2
2.85809707642	-0.228	-0.428	2.044
2.86196208	-0.228	-0.428	2.044
2.86582398415	0.064	0.288	-1.432
2.86968111992	-0.044	-0.272	1.7
2.87354493141	0.052	-0.46	2.044
2.87740302086	-0.344	-0.14	-1.568
2.8812661171	-0.344	-0.14	-1.568
2.8851249218	-0.976	-0.1	2.044
2.88898301125	-0.24	-0.344	1.124
2.89284706116	-0.332	0.644	-1.192
2.89670610428	-0.332	0.644	-1.192
2.90057015419	-0.436	-0.46	2.044
2.90442800522	0.148	0.148	-0.232
2.90828514099	0.504	0.068	-0.108
2.912140131	0.504	0.068	-0.108
2.91599607468	0.18	-0.188	2.044
2.91986298561	0.548	0.16	-1.22
2.9237279892	-0.432	-0.088	1.208
2.92760109901	-0.432	-0.088	1.208
2.93146705627	0.456	-0.216	2.044
2.93532299995	-0.252	0.244	-1.636
2.93918204308	0.42	-0.036	2.044
2.94311404228	0.42	-0.036	2.044
2.94697499275	-0.488	-0.072	1.492
2.95083904266	0.044	0.948	-1.436
2.95468997955	0.288	0.08	2.044
2.95853710175	0.288	0.08	2.044
2.96240210533	-0.284	-0.264	0.128
2.96626114845	-0.672	-0.36	-0.44
2.97011899948	0.108	-0.548	2.044
2.97400903702	0.108	-0.548	2.044
2.97786402702	-0.152	0.104	-0.992
2.98175907135	-1.48	0.588	0.82
2.98562002182	-0.512	-0.348	2.044
2.98947906494	-0.1	-0.052	-1.584
2.99334406853	-0.1	-0.052	-1.584
2.99720191956	-0.164	-0.588	2.044
3.00106501579	-0.432	-0.12	1.852
3.00492310524	-0.272	1.18	-1.632
3.00877904892	-0.272	1.18	-1.632
3.01263713837	0.032	-0.456	2.044
3.01649308205	0.948	-0.36	0.568
3.02035593987	-0.652	0.184	-0.708
3.02421307564	-0.652	0.184	-0.708
3.0280790329	0.324	-0.84	2.044
3.03193593025	-0.076	-0.128	-0.772
3.03579497337	-0.164	0.02	0.572
3.03969311714	-0.164	0.02	0.572
3.04356002808	-0.28	-0.496	2.044
3.04742193222	-0.352	0.468	-1.5
3.05128312111	-0.144	-0.596	1.896
3.05514097214	-0.144	-0.596	1.896
3.05899906158	0.044	-0.436	2.044
3.0628619194	1.408	0.252	-1.52
3.06672000885	0.252	-0.752	2.044
3.07058215141	0.252	-0.752	2.044
3.07444906235	-0.44	-0.116	0.852
3.0783059597	0.828	0.044	-0.944
3.08216810226	0.148	-0.328	2.044
3.08602595329	0.148	-0.328	2.044
3.08988213539	0.328	0.048	-0.408
3.09374594688	0.164	0.096	0.116
3.09759998322	-0.248	-0.264	2.044
3.1014649868	0.356	-0.184	-1.312
3.10532903671	0.356	-0.184	-1.312
3.10918593407	-1.004	-0.216	1.44
3.11312007904	-0.588	0.08	2.044
3.11697793007	-0.252	-0.092	-1.612
3.12084293365	-0.252	-0.092	-1.612
3.12470197678	-0.336	-0.824	2.044
3.12856006622	-0.268	-0.068	1.244
3.13242506981	0.288	-0.148	-1.156
3.13629293442	0.288	-0.148	-1.156
3.140157938	0.032	-0.5	2.044
3.14401006699	0.096	-0.42	-0.132
3.14786911011	-0.432	0.392	-0.236
3.1517291069	-0.432	0.392	-0.236
3.15557909012	-0.292	-0.816	2.044
3.15942811966	-0.14	0.124	-1.204
3.16329312325	-0.436	0.832	1.088
3.16715812683	-0.436	0.832	1.088
3.17102193832	0.08	-0.04	2.044
3.1748790741	-0.06	0.12	-1.612
3.17873811722	-0.336	-0.472	2.044
3.18260097504	-0.336	-0.472	2.044
3.18646812439	0.768	-0.316	1.676
3.19033312798	1.544	0.328	-1.272
3.19419002533	0.064	-0.536	2.044
3.19804596901	0.064	-0.536	2.044
3.20190906525	0.224	-0.244	0.216
3.20576500893	-0.572	-0.548	-0.412
3.20962309837	0.2	-0.28	2.044
3.21348595619	0.148	0.308	-0.94
3.21734309196	0.148	0.308	-0.94
3.22120594978	0.028	0.152	0.748
3.2250649929	0.12	-0.268	2.044
3.22892212868	0.032	0.408	-1.56
3.23277997971	0.032	0.408	-1.56
3.23663711548	0.488	0.016	2.044
3.24049806595	-1.68	-0.052	1.824
3.24436593056	-0.956	0.276	-1.596
3.24822402	-0.956	0.276	-1.596
3.25208806992	0.648	-0.496	2.044
3.2559440136	-0.244	-0.372	0.588
3.25980114937	0.28	0.556	-0.868
3.26365804672	0.28	0.556	-0.868
3.2675139904	0.156	-0.676	2.044
3.27137494087	-0.396	0.036	-0.728
3.27523398399	-0.524	0.228	0.308
3.27909207344	-0.524	0.228	0.308
3.28295397758	-0.076	-0.788	2.044
3.28681397438	-0.208	0.276	-1.488
3.29069304466	-0.48	-0.004	1.716
3.29454994202	-0.48	-0.004	1.716
3.29842209816	-0.252	0.144	2.044
3.3022840023	-0.808	-0.152	-1.604
3.30614209175	-0.12	-0.184	2.044
3.31000113487	-0.12	-0.184	2.044
3.31386494637	0.064	-0.012	0.96
3.31771993637	-1.248	-0.444	-1.04
3.32158493996	-0.664	-0.372	2.044
3.32544398308	-0.664	-0.372	2.044
3.32930207253	-0.304	-0.116	-0.392
3.33316802979	-0.592	0.22	-0.012
3.33702611923	-0.264	-0.408	2.044
3.34089207649	-0.604	0.516	-1.356
3.34475398064	-0.604	0.516	-1.356
3.34861207008	0.104	0.492	1.464
3.35247802734	-0.248	-0.196	2.044
3.35632896423	0.076	0.5	-1.624
3.36022305489	0.076	0.5	-1.624
3.36408114433	0.244	-0.716	2.044
3.36793899536	0.084	-0.34	1.348
3.37180304527	-0.732	-0.18	-1.26
3.37567210197	-0.732	-0.18	-1.26
3.37956213951	-0.608	-0.968	2.044
3.38342213631	-0.168	-0.204	-0.064
3.3872821331	-0.192	0.136	-0.296
3.3911459446	-0.192	0.136	-0.296
3.39500403404	0.092	-0.256	2.044
3.3988609314	-0.056	-0.088	-1.148
3.402739048	1.1	0.184	1.076
3.40659809113	1.1	0.184	1.076
3.41047310829	-0.432	0.228	2.044
3.41433095932	-0.028	0.36	-1.632
3.41818809509	0.588	-0.384	2.044
3.422052145	0.588	-0.384	2.044
3.42590808868	0.008	-0.28	1.708
3.42976498604	0.896	0.884	-1.392
3.43362808228	-0.196	-0.292	2.044
3.4374871254	-0.196	-0.292	2.044
3.44135093689	-0.844	-0.116	0.196
3.44520902634	-0.8	-0.184	-0.54
3.44906711578	-0.712	0.064	2.044
3.45293092728	-0.408	0.5	-0.912
3.45678496361	-0.408	0.5	-0.912
3.46065402031	-1.612	-0.268	0.744
3.46451592445	-0.288	-0.08	2.044
3.4683740139	-0.364	0.28	-1.604
3.47223210335	-0.364	0.28	-1.604
3.4760890007	0.204	-0.308	2.044
3.47994613647	0.144	-0.26	2.044
3.48381400108	-0.46	-0.152	-1.476
3.48768496513	-0.46	-0.152	-1.476
3.49154996872	-0.428	-0.312	2.044
3.49540805817	0.58	-0.396	0.692
3.49926614761	0.44	0.08	-0.792
3.50312900543	0.44	0.08	-0.792
3.5069861412	0.084	-0.484	2.044
3.51084303856	0.204	-0.18	-0.616
3.51471495628	0.212	0.2	0.416
3.51856899261	0.212	0.2	0.416
3.52244210243	-0.38	-0.44	2.044
3.52630400658	0.492	0.284	-1.424
3.53016710281	-0.168	-0.092	1.816
3.53402614594	-0.168	-0.092	1.816
3.53788399696	0.064	-0.552	2.044
3.54174613953	-0.164	0.016	-1.66
3.54560399055	1.648	0.036	2.044
3.54945898056	1.648	0.036	2.044
3.55331707001	0.004	0.268	1.016
3.55716300011	-0.008	-0.036	-1.044
3.56101799011	-0.256	-0.464	2.044
3.56488108635	-0.456	-0.56	-0.312
3.56874895096	-0.456	-0.56	-0.312
3.57261514664	-0.472	0.9	-0.06
3.57647299767	-0.276	-0.04	2.044
3.58033704758	0.376	-0.092	-1.292
3.58419704437	0.376	-0.092	-1.292
3.58805704117	-0.036	-0.032	1.264
3.59191513062	0.28	-0.46	2.044
3.59577298164	0.08	-0.076	-1.576
3.59963011742	0.08	-0.076	-1.576
3.60349392891	0.492	-0.444	2.044
3.60735011101	-0.124	0.012	1.396
3.61121511459	0.032	0.688	-1.308
3.61507201195	0.032	0.688	-1.308
3.61892914772	-0.376	-0.072	2.044
3.62279200554	-0.384	0.324	0.0
3.62664198875	0.708	-0.152	-0.296
3.63050603867	0.708	-0.152	-0.296
3.63436293602	-0.708	-0.404	2.044
3.63822102547	0.284	-0.424	-1.036
3.6420841217	0.976	-0.044	1.1
3.64594507217	0.976	-0.044	1.1
3.64980101585	0.284	-0.336	2.044
3.65366411209	0.24	0.212	-1.62
3.65752005577	0.748	-0.168	2.044
3.66138410568	0.748	-0.168	2.044
3.66524100304	0.06	-0.532	1.792
3.66909694672	0.664	0.14	-1.42
3.67295408249	-0.156	-0.384	2.044
3.676831007	-0.156	-0.384	2.044
3.68069601059	-0.8	0.04	0.26
3.68455195427	-0.42	0.572	-0.708
3.68841004372	-0.172	-0.584	2.044
3.69227409363	-0.364	0.132	-0.876
3.69613099098	-0.364	0.132	-0.876
3.69998812675	-0.9	0.34	0.6
3.70385503769	0.176	-0.172	2.044
3.70771193504	0.164	0.52	-1.464
3.7115881443	0.164	0.52	-1.464
3.71544599533	0.18	-0.368	2.044
3.71930098534	0.216	-0.068	2.044
3.7231669426	1.104	0.108	-1.508
3.72702407837	1.104	0.108	-1.508
3.73088097572	0.008	-0.524	2.044
3.7347369194	-0.672	-0.108	0.672
3.73860907555	-1.876	-0.628	-1.06
3.74247503281	-1.876	-0.628	-1.06
3.74633693695	0.016	-0.08	2.044
3.75019907951	0.044	0.34	-0.588
3.75404810905	-0.1	-0.172	0.244
3.75789904594	-0.1	-0.172	0.244
3.76175403595	-0.192	-0.068	2.044
3.76561713219	0.276	0.472	-1.404
3.76947498322	-0.312	-1.1	1.66
3.7733399868	-0.312	-1.1	1.66
3.77719807625	-0.336	-0.076	2.044
3.78106212616	0.448	-0.168	-1.54
3.78492999077	0.48	-0.104	2.044
3.78878808022	0.48	-0.104	2.044
3.79264593124	-0.732	-0.424	1.096
3.79650497437	-0.772	-0.248	-1.148
3.80036997795	-0.216	-0.628	2.044
3.80422902107	0.092	0.088	-0.224
3.80808496475	0.092	0.088	-0.224
3.81194710732	-0.012	-0.252	-0.084
3.81580495834	-0.012	-0.46	2.044
3.81967592239	0.4	0.176	-1.212
3.82354593277	0.4	0.176	-1.212
3.82744598389	-0.488	-0.096	1.34
3.83131313324	0.008	-0.3	2.044
3.83517098427	-0.024	-0.032	-1.62
3.83903002739	-0.024	-0.032	-1.62
3.84289503098	0.272	-0.604	2.044
3.84675192833	-0.54	-0.148	1.464
3.85063195229	-0.956	-0.108	-1.436
3.85449099541	-0.956	-0.108	-1.436
3.85834813118	-0.18	-0.248	2.044
3.86221194267	1.132	-0.324	0.172
3.86606907845	-0.828	-0.38	-0.392
3.86992907524	-0.828	-0.38	-0.392
3.87379407883	0.44	-0.788	2.044
3.87765002251	0.092	-0.184	-1.02
3.88151311874	-0.148	0.528	1.016
3.88537406921	-0.148	0.528	1.016
3.88923001289	-0.16	-0.332	2.044
3.89316892624	0.144	0.112	-1.596
3.89702796936	-0.108	-0.14	2.044
3.90089511871	-0.108	-0.14	2.044
3.90475201607	0.364	-0.092	1.872
3.90860915184	0.884	-0.092	-1.372
3.91246795654	-0.516	-0.516	2.044
3.91632509232	-1.216	0.2	0.46
3.92018699646	-1.216	0.2	0.46
3.92404413223	-0.616	-0.136	-0.576
3.92790293694	-0.144	-0.624	2.044
3.93176794052	0.176	-0.204	-0.792
3.93562507629	0.176	-0.204	-0.792
3.93948292732	-1.276	-0.34	0.448
3.94335103035	0.036	-0.16	2.044
3.9472091198	0.012	0.352	-1.504
3.95107293129	0.012	0.352	-1.504
3.95492315292	0.156	0.044	1.908
3.9587700367	0.532	-0.24	2.044
3.96263813972	0.592	0.164	-1.516
3.96649909019	0.592	0.164	-1.516
3.97036194801	0.0	0.104	2.044
3.97421002388	0.196	-0.008	0.84
3.97806692123	-0.132	-0.24	-0.956
3.98193407059	-0.132	-0.24	-0.956
3.98579192162	-0.22	-0.212	2.044
3.98965001106	-0.252	-0.032	-0.508
3.99351501465	0.24	0.768	0.24
3.99736905098	0.24	0.768	0.24
4.00123906136	-0.42	-0.372	2.044
4.0051009655	0.672	-0.12	-1.384
4.00895810127	-0.548	-0.116	1.556
4.01281714439	-0.548	-0.116	1.556
4.01667404175	-0.444	0.016	2.044
4.02053594589	0.844	0.024	-1.572
4.0243909359	-0.612	0.244	2.044
4.02824807167	-0.612	0.244	2.044
4.03210496902	0.184	-0.3	1.224
4.0359621048	0.064	-0.58	-1.032
4.03981995583	-0.276	-0.132	2.044
4.04369711876	-0.14	0.02	-0.172
4.04755401611	-0.14	0.02	-0.172
4.0514190197	-0.364	0.072	-0.076
4.05527591705	0.216	-0.324	2.044
4.0591340065	-0.156	0.172	-1.224
4.06300091743	-0.156	0.172	-1.224
4.06685996056	0.192	0.08	1.216
4.07071900368	-0.208	-0.124	2.044
4.0745780468	-0.132	0.34	-1.62
4.07843613625	-0.132	0.34	-1.62
4.08229804039	-0.18	-0.232	2.044
4.08615612984	-0.004	-0.34	1.568
4.09001302719	0.416	0.02	-1.376
4.09387612343	0.416	0.02	-1.376
4.09773206711	-0.32	-0.416	2.044
4.10159492493	0.224	0.364	0.16
4.10545015335	-0.504	-0.108	-0.44
4.10931801796	-0.504	-0.108	-0.44
4.11318397522	-0.216	-0.708	2.044
4.11704111099	-0.536	0.32	-0.992
4.12090492249	-0.612	-0.068	0.812
4.12476611137	-0.612	-0.068	0.812
4.12862300873	-0.02	-0.592	2.044
4.13248610497	-0.02	0.76	-1.644
4.13634395599	0.068	0.052	2.044
4.14020514488	0.068	0.052	2.044
4.14405894279	-0.348	-0.104	1.88
4.14792895317	0.768	0.696	-1.432
4.15178799629	0.656	-0.024	2.044
4.15563893318	-0.316	-0.452	0.496
4.15948796272	-0.316	-0.452	0.496
4.16335105896	0.968	-1.392	-0.628
4.1672129631	-0.336	-0.368	2.044
4.17108011246	-0.112	-0.172	-0.696
4.17494010925	-0.112	-0.172	-0.696
4.17879796028	0.38	0.48	0.416
4.18266296387	-0.088	0.02	2.044
4.1865401268	-0.008	0.42	-1.448
4.19040513039	-0.008	0.42	-1.448
4.19426298141	0.188	-0.868	1.94
4.19811892509	0.132	-0.22	2.044
4.20198106766	0.548	0.152	-1.56
4.20583796501	0.548	0.152	-1.56
4.20969414711	0.232	-0.18	2.044
4.21356010437	-0.016	-0.492	0.904
4.21742606163	-0.012	0.396	-1.06
4.22129201889	-0.012	0.396	-1.06
4.22514891624	-0.208	-0.432	2.044
4.22900700569	-0.064	-0.32	-0.38
4.23286509514	-0.616	-0.128	0.092
4.23672294617	-0.616	-0.128	0.092
4.24058699608	0.188	-0.224	2.044
4.24444699287	-0.04	-0.108	-1.304
4.248306036	-1.44	-0.536	1.472
4.25217103958	-1.44	-0.536	1.472
4.25602912903	-0.252	-0.356	2.044
4.25988602638	0.42	-0.244	-1.576
4.26375603676	0.372	-0.036	2.044
4.26761293411	0.372	-0.036	2.044
4.27147603035	0.2	-0.324	1.268
4.2753329277	-0.556	0.276	-1.336
4.27919006348	-0.356	-0.552	2.044
4.28308701515	-0.392	-0.096	-0.12
4.28694605827	-0.392	-0.096	-0.12
4.29081201553	-0.952	-0.368	-0.252
4.29469513893	-0.072	-0.38	2.044
4.29857301712	-0.412	0.136	-1.208
4.30243706703	-0.412	0.136	-1.208
4.30629491806	-1.024	0.228	0.972
4.31015515327	-0.456	0.008	2.044
4.31401515007	0.372	-0.492	-1.52
4.31787610054	0.372	-0.492	-1.52
4.32173609734	0.128	-0.236	2.044
4.32560300827	-0.336	0.02	1.644
4.3294980526	-0.76	-0.292	-1.408
4.33336305618	-0.76	-0.292	-1.408
4.33722805977	-0.092	-0.744	2.044
4.34109210968	-0.228	-0.212	0.26
4.3449511528	-0.22	-0.276	-0.532
4.3488099575	-0.22	-0.276	-0.532
4.35266900063	0.264	-0.64	2.044
4.35651993752	-0.348	0.112	-0.924
4.36037397385	-0.636	-0.172	0.732
4.36423897743	-0.636	-0.172	0.732
4.36809706688	-0.324	-0.336	2.044
4.3719599247	0.076	0.196	-1.536
4.37581706047	0.248	0.024	2.044
4.37967300415	0.248	0.024	2.044
4.38353395462	-0.14	-0.256	2.032
4.38739705086	1.664	-0.276	-1.42
4.39126110077	-0.132	-0.408	2.044
4.39512109756	0.484	-0.212	0.696
4.39897608757	0.484	-0.212	0.696
4.40283894539	0.208	0.064	-0.708
4.40669608116	0.132	-0.408	2.044
4.41057801247	-0.692	0.668	-0.728
4.41443610191	-0.692	0.668	-0.728
4.41829395294	0.652	0.872	0.336
4.42215704918	0.332	-0.644	2.044
4.42601513863	0.04	-0.06	-1.46
4.42987394333	0.04	-0.06	-1.46
4.43374800682	0.112	-0.308	1.78
4.4376039505	0.304	-0.22	2.044
4.44146704674	0.4	0.2	-1.604
4.44532394409	0.4	0.2	-1.604
4.44918012619	-0.524	0.42	2.044
4.4530749321	0.044	-0.124	1.032
4.4569311142	0.448	0.1	-0.996
4.46079397202	0.448	0.1	-0.996
4.46464896202	-0.296	-0.268	2.044
4.46850705147	0.636	0.04	-0.312
4.47236299515	0.588	0.912	0.148
4.47621703148	0.588	0.912	0.148
4.48007202148	-0.98	-0.328	2.044
4.4839451313	-0.152	-0.016	-1.28
4.48780298233	-0.388	-0.708	1.364
4.49166798592	-0.388	-0.708	1.364
4.49552607536	-0.076	-0.248	2.044
4.49938511848	0.292	0.136	-1.564
4.5032479763	-0.5	-0.656	2.044
4.50710296631	-0.484	-0.124	1.368
4.51096200943	-0.484	-0.124	1.368
4.51482105255	-1.788	0.468	-1.368
4.51867794991	0.496	-0.092	2.044
4.52256011963	-0.168	0.332	-0.048
4.52641892433	-0.168	0.332	-0.048
4.53028106689	-0.044	-0.128	-0.304
4.53414011002	-0.144	-0.556	2.044
4.53799915314	0.248	0.08	-1.112
4.54188704491	0.248	0.08	-1.112
4.54574513435	0.072	0.024	1.028
4.54960012436	-0.128	-0.792	2.044
4.55346107483	0.436	0.504	-1.592
4.5573091507	0.436	0.504	-1.592
4.5611641407	-0.644	0.136	2.044
4.5650241375	-0.316	-0.116	1.752
4.5688829422	0.508	0.536	-1.476
4.57274603844	0.508	0.536	-1.476
4.57660198212	0.016	-0.772	2.044
4.58046412468	1.024	-0.116	0.384
4.58432102203	-0.292	0.604	-0.636
4.58818006516	-0.292	0.604	-0.636
4.59203791618	0.476	-0.296	2.044
4.59589600563	0.16	-0.14	-0.816
4.5997531414	-0.016	0.228	0.648
4.60362005234	-0.016	0.228	0.648
4.60747504234	-0.54	0.176	2.044
4.61133408546	0.14	0.42	-1.528
4.61518907547	0.712	-0.232	2.044
4.6190469265	0.712	-0.232	2.044
4.62290906906	-0.18	-0.632	2.044
4.62676811218	0.232	0.7	-1.524
4.63063001633	0.172	-0.456	2.044
4.6344871521	0.184	-0.092	0.744
4.63834309578	0.184	-0.092	0.744
4.64220499992	-0.292	-0.704	-0.96
4.64606404305	-0.168	0.016	2.044
4.64993000031	0.412	0.0	-0.532
4.65378904343	0.412	0.0	-0.532
4.65763711929	-0.688	0.028	0.324
4.66150212288	0.208	-0.188	2.044
4.66535902023	-0.08	0.34	-1.432
4.66921901703	-0.08	0.34	-1.432
4.67314600945	-0.552	0.108	1.692
4.67700600624	-0.316	-0.012	2.044
4.68087100983	-0.236	0.568	-1.636
4.68473005295	-0.236	0.568	-1.636
4.6885869503	0.884	-0.788	2.044
4.69244909286	0.02	-0.496	1.1
4.69630503654	-0.864	-0.248	-1.136
4.70017004013	-0.864	-0.248	-1.136
4.70402908325	-0.196	-0.896	2.044
4.70788693428	-0.54	-0.12	-0.348
4.71174502373	-0.792	0.356	-0.096
4.71560406685	-0.792	0.356	-0.096
4.7194609642	-0.096	-0.192	2.044
4.72332811356	0.432	0.34	-1.232
4.72718501091	1.068	-0.284	1.304
4.73105096817	1.068	-0.284	1.304
4.73490905762	0.48	-0.304	2.044
4.73877596855	0.48	0.244	-1.612
4.74263906479	0.404	0.16	2.044
4.74649310112	-0.236	-0.3	1.48
4.75035715103	-0.236	-0.3	1.48
4.75420808792	0.116	1.124	-1.424
4.75806713104	0.204	-0.296	2.044
4.76192307472	0.824	-0.28	0.164
4.76578307152	0.824	-0.28	0.164
4.7696390152	-0.256	-0.324	-0.376
4.77350497246	0.164	-0.24	2.044
4.77736091614	-0.192	0.588	-1.02
4.78122901917	-0.192	0.588	-1.02
4.78508710861	-0.532	-0.012	0.9
4.78894495964	0.516	-0.12	2.044
4.79280209541	0.656	0.748	-1.62
4.79665899277	0.656	0.748	-1.62
4.80052113533	2.044	-0.468	2.044
4.80437803268	-0.528	-0.548	1.784
4.80823397636	-0.084	0.248	-1.508
4.81209897995	-0.084	0.248	-1.508
4.8159570694	0.968	-0.792	2.044
4.8198120594	-0.264	-0.28	0.432
4.82366895676	-1.02	-0.484	-0.688
4.82755112648	-1.02	-0.484	-0.688
4.83141493797	-0.072	-0.336	2.044
4.83527302742	0.464	-0.144	-0.736
4.83912992477	0.864	-0.844	0.636
4.84299707413	0.864	-0.844	0.636
4.84685206413	0.216	-0.6	2.044
4.85072898865	-0.076	-0.228	-1.524
4.85458707809	0.34	0.16	1.952
4.8584420681	-0.32	-0.18	2.044
4.86230802536	-0.32	-0.18	2.044
4.86617398262	0.564	-0.088	-1.512
4.87003302574	-0.152	-0.896	2.044
4.87389707565	0.028	-0.468	0.804
4.87775397301	0.028	-0.468	0.804
4.88161492348	-0.172	0.048	-0.98
4.8854739666	-0.04	-0.708	2.044
4.88933205605	0.492	-0.076	-0.468
4.89319705963	0.492	-0.076	-0.468
4.89709496498	-0.74	-0.304	0.144
4.90096402168	-0.288	-0.152	2.044
4.9048230648	-0.452	0.232	-1.42
4.90868210793	-0.452	0.232	-1.42
4.91254115105	0.34	-0.144	1.612
4.9163980484	0.108	-0.128	2.044
4.92026114464	0.344	0.476	-1.632
4.92411804199	0.344	0.476	-1.632
4.92797493935	-0.052	0.032	2.044
4.93183708191	-0.272	0.036	1.164
4.93571209908	-0.888	0.3	-1.232
4.93957209587	-0.888	0.3	-1.232
4.94343614578	0.0	-0.38	2.044
4.94728708267	0.492	0.064	-0.172
4.95114803314	2.044	0.676	0.068
4.95499610901	2.044	0.676	0.068
4.95884299278	0.248	-0.264	2.044
4.96270012856	0.38	-0.024	-1.172
4.96656107903	0.396	0.356	1.208
4.97042393684	0.396	0.356	1.208
4.97428894043	-0.232	-0.076	2.044
4.97814702988	-0.148	0.332	-1.644
4.98201203346	-0.14	0.128	2.044
4.98586797714	-0.312	-0.14	1.504
4.98972511292	-0.312	-0.14	1.504
4.99358892441	0.684	-0.432	-1.26
4.99744701385	0.32	-0.328	2.044
