Timestamp 	 X-Axis 	 Y-Axis 	 Z-Axis
0.000312089920044	0.052	0.028	-0.588
0.00271701812744	-0.736	0.892	0.264
0.00493311882019	-0.736	0.892	0.264
0.00714206695557	-0.18	0.008	2.044
0.00935316085815	-0.18	0.008	2.044
0.011577129364	-0.18	0.008	2.044
0.0137841701508	0.192	0.232	-1.404
0.0159921646118	0.192	0.232	-1.404
0.0181980133057	0.016	0.124	1.672
0.0204150676727	0.016	0.124	1.672
0.0226190090179	0.228	-0.324	2.044
0.0248241424561	0.228	-0.324	2.044
0.0270290374756	0.228	-0.324	2.044
0.0292611122131	1.18	-0.004	-1.604
0.0314891338348	1.18	-0.004	-1.604
0.0336961746216	0.436	-0.476	2.044
0.0359032154083	0.436	-0.476	2.044
0.0381162166595	-0.904	-0.072	1.016
0.0403261184692	-0.904	-0.072	1.016
0.042533159256	-0.904	-0.072	1.016
0.0447390079498	0.616	0.956	-1.248
0.0469450950623	0.616	0.956	-1.248
0.0491881370544	-0.336	-0.236	2.044
0.0513951778412	-0.336	-0.236	2.044
0.0536022186279	-0.272	-0.288	-0.284
0.0558090209961	-0.272	-0.288	-0.284
0.0580260753632	-1.296	-0.848	0.072
0.0602340698242	-1.296	-0.848	0.072
0.0624551773071	-1.296	-0.848	0.072
0.064667224884	-0.14	-0.584	2.044
0.0668790340424	-0.14	-0.584	2.044
0.0690932273865	-0.144	0.504	-1.284
0.0713109970093	-0.144	0.504	-1.284
0.073527097702	1.332	0.236	1.344
0.0757391452789	1.332	0.236	1.344
0.0779511928558	1.332	0.236	1.344
0.0801701545715	-0.008	-0.384	2.044
0.0823850631714	-0.008	-0.384	2.044
0.0846011638641	-0.788	0.004	-1.696
0.0868170261383	-0.788	0.004	-1.696
0.0890331268311	0.644	-0.56	2.044
0.0912470817566	0.644	-0.56	2.044
0.0934600830078	0.644	-0.56	2.044
0.0956721305847	0.312	-0.22	1.456
0.0978860855103	0.312	-0.22	1.456
0.100148200989	0.424	0.152	-1.324
0.102362155914	0.424	0.152	-1.324
0.104589223862	0.412	-0.436	2.044
0.106805086136	0.412	-0.436	2.044
0.109025001526	-0.232	-0.324	0.064
0.111240148544	-0.232	-0.324	0.064
0.11345410347	-0.232	-0.324	0.064
0.115668058395	-0.324	0.092	-0.484
0.117882013321	-0.324	0.092	-0.484
0.120130062103	-0.744	-0.172	2.044
0.122346162796	-0.744	-0.172	2.044
0.124570131302	0.116	0.192	-1.028
0.126785039902	0.116	0.192	-1.028
0.129004001617	0.116	0.192	-1.028
0.131228208542	0.62	-0.972	1.048
0.133452177048	0.62	-0.972	1.048
0.135666131973	0.052	-0.096	2.044
0.137880086899	0.052	-0.096	2.044
0.14012503624	-0.26	0.672	-1.68
0.142342090607	-0.26	0.672	-1.68
0.144556045532	1.04	-0.44	2.044
0.146770000458	1.04	-0.44	2.044
0.148990154266	1.04	-0.44	2.044
0.151203155518	-0.144	-0.272	1.892
0.153418064117	-0.144	-0.272	1.892
0.155631065369	1.244	0.24	-1.344
0.15784406662	1.244	0.24	-1.344
0.160063028336	0.408	-0.924	2.044
0.162290096283	0.408	-0.924	2.044
0.164504051208	0.408	-0.924	2.044
0.16671705246	-0.184	-0.236	0.408
0.168941020966	-0.184	-0.236	0.408
0.17115521431	-0.96	0.016	-0.672
0.173369169235	-0.96	0.016	-0.672
0.175582170486	0.176	-0.568	2.044
0.177795171738	0.176	-0.568	2.044
0.180014133453	0.176	-0.568	2.044
0.182227134705	-0.148	-0.016	-0.752
0.184442043304	-0.148	-0.016	-0.752
0.18666601181	0.628	0.064	0.652
0.188883066177	0.628	0.064	0.652
0.191093206406	0.02	-0.668	2.044
0.193305015564	0.02	-0.668	2.044
0.195518016815	0.596	-0.232	-1.444
0.197745084763	0.596	-0.232	-1.444
0.199966192245	0.596	-0.232	-1.444
0.202189207077	-0.564	-0.32	1.9
0.204404115677	-0.564	-0.32	1.9
0.206618070602	-1.076	-0.144	2.044
0.208842992783	-1.076	-0.144	2.044
0.211058139801	-0.752	0.376	-1.652
0.213273048401	-0.752	0.376	-1.652
0.215487003326	-0.752	0.376	-1.652
0.217702150345	0.172	-0.436	2.044
0.219922065735	0.172	-0.436	2.044
0.22213602066	-0.448	-0.128	0.76
0.224350214005	-0.448	-0.128	0.76
0.22656416893	0.94	0.42	-0.9
0.22878408432	0.94	0.42	-0.9
0.230996131897	0.94	0.42	-0.9
0.233209133148	0.216	-0.52	2.044
0.235422134399	0.216	-0.52	2.044
0.237642049789	-0.6	0.284	-0.536
0.239858150482	-0.6	0.284	-0.536
0.242072105408	-0.352	-0.28	0.196
0.244286060333	-0.352	-0.28	0.196
0.246501207352	-0.096	-0.064	2.044
0.248730182648	-0.096	-0.064	2.044
0.250946044922	-0.096	-0.064	2.044
0.253159046173	0.148	0.344	-1.412
0.255374193192	0.148	0.344	-1.412
0.25758600235	-1.092	-0.088	1.536
0.259807109833	-1.092	-0.088	1.536
0.262022018433	0.556	-0.344	2.044
0.264235019684	0.556	-0.344	2.044
0.266449213028	0.556	-0.344	2.044
0.268668174744	0.364	0.152	-1.568
0.270885229111	0.364	0.152	-1.568
0.273099184036	0.08	-0.86	2.044
0.275313138962	0.08	-0.86	2.044
0.277525186539	-0.092	-0.76	1.204
0.279745101929	-0.092	-0.76	1.204
0.281964063644	-0.092	-0.76	1.204
0.28417801857	0.268	-0.52	-1.26
0.286391019821	0.268	-0.52	-1.26
0.288605213165	-0.612	-0.388	2.044
0.290821075439	-0.612	-0.388	2.044
0.293035030365	-0.24	0.136	-0.22
0.295249223709	-0.24	0.136	-0.22
0.297463178635	-0.456	0.456	-0.16
0.299683094025	-0.456	0.456	-0.16
0.30189704895	-0.456	0.456	-0.16
0.304111003876	0.056	-0.156	2.044
0.306328058243	0.056	-0.156	2.044
0.308547019958	-0.148	0.316	-1.232
0.310771226883	-0.148	0.316	-1.232
0.312986135483	0.724	0.38	1.22
0.31519818306	0.724	0.38	1.22
0.317408084869	0.724	0.38	1.22
0.319625139236	0.184	-0.212	2.044
0.321840047836	0.184	-0.212	2.044
0.324052095413	-0.376	0.448	-1.708
0.326266050339	-0.376	0.448	-1.708
0.328486204147	0.748	0.404	2.044
0.330701112747	0.748	0.404	2.044
0.33291220665	-0.548	-0.176	1.544
0.335126161575	-0.548	-0.176	1.544
0.337340116501	-0.548	-0.176	1.544
0.339568138123	0.888	0.036	-1.32
0.341783046722	0.888	0.036	-1.32
0.343996047974	0.144	-0.644	2.044
0.346209049225	0.144	-0.644	2.044
0.348427057266	-0.128	-0.236	0.156
0.350642204285	-0.128	-0.236	0.156
0.35285615921	-0.128	-0.236	0.156
0.355070114136	0.256	0.724	-0.496
0.357282161713	0.256	0.724	-0.496
0.359500169754	0.296	-0.472	2.044
0.361715078354	0.296	-0.472	2.044
0.363928079605	0.096	0.112	-1.0
0.36613702774	0.096	0.112	-1.0
0.368352174759	0.096	0.112	-1.0
0.37056016922	0.136	-0.204	0.804
0.372783184052	0.136	-0.204	0.804
0.374999046326	0.132	-0.792	2.044
0.377213001251	0.132	-0.792	2.044
0.379431009293	-0.52	0.056	-1.584
0.381646156311	-0.52	0.056	-1.584
0.383861064911	0.1	-0.788	2.044
0.386077165604	0.1	-0.788	2.044
0.388297080994	0.1	-0.788	2.044
0.390511035919	0.04	-0.34	1.896
0.39272403717	0.04	-0.34	1.896
0.394937038422	1.08	0.144	-1.444
0.397150993347	1.08	0.144	-1.444
0.399369001389	0.668	-0.008	2.044
0.401583194733	0.668	-0.008	2.044
0.403796195984	0.668	-0.008	2.044
0.406009197235	0.12	0.02	0.516
0.408230066299	0.12	0.02	0.516
0.410442113876	-0.452	0.044	-0.82
0.412656068802	-0.452	0.044	-0.82
0.41487121582	-0.008	-0.64	2.044
0.417085170746	-0.008	-0.64	2.044
0.419305086136	-0.008	-0.64	2.044
0.421519041061	-0.152	-0.004	-0.728
0.42373418808	-0.152	-0.004	-0.728
0.42594909668	0.976	-0.5	0.596
0.42816400528	0.976	-0.5	0.596
0.430373191833	-0.212	-0.204	2.044
0.432588100433	-0.212	-0.204	2.044
0.434812068939	-0.06	0.08	-1.444
0.437027215958	-0.06	0.08	-1.444
0.439246177673	-0.06	0.08	-1.444
0.441461086273	1.164	-0.248	1.956
0.44367814064	1.164	-0.248	1.956
0.445892095566	0.112	0.012	2.044
0.448116064072	0.112	0.012	2.044
0.450328111649	0.588	0.14	-1.664
0.452540159225	0.588	0.14	-1.664
0.454753160477	0.588	0.14	-1.664
0.456966161728	0.324	-0.516	2.044
0.459258079529	0.324	-0.516	2.044
0.461472034454	0.116	0.004	0.912
0.463684082031	0.116	0.004	0.912
0.46589422226	0.396	0.112	-0.984
0.46811413765	0.396	0.112	-0.984
0.470326185226	0.396	0.112	-0.984
0.472540140152	-0.276	-0.568	2.044
0.474754095078	-0.276	-0.568	2.044
0.476978063583	-0.176	-0.012	-0.456
0.47922706604	-0.176	-0.012	-0.456
0.481444120407	-0.548	-0.272	0.152
0.483658075333	-0.548	-0.272	0.152
0.485871076584	-0.304	-0.612	2.044
0.488085031509	-0.304	-0.612	2.044
0.490301132202	-0.304	-0.612	2.044
0.492515087128	0.672	-0.26	-1.328
0.494728088379	0.672	-0.26	-1.328
0.49695110321	-0.396	-0.208	1.472
0.499225139618	-0.396	-0.208	1.472
0.501441001892	-0.048	0.136	2.044
0.503655195236	-0.048	0.136	2.044
0.505869150162	-0.048	0.136	2.044
0.508088111877	0.18	-0.864	-1.532
0.510303020477	0.18	-0.864	-1.532
0.512521028519	0.044	-0.024	2.044
0.51473402977	0.044	-0.024	2.044
0.516947031021	1.088	-0.216	1.404
0.519199132919	1.088	-0.216	1.404
0.521414041519	0.78	0.344	-1.152
0.523626089096	0.78	0.344	-1.152
0.525839090347	0.78	0.344	-1.152
0.528058052063	-0.32	-0.712	2.044
0.530273199081	-0.32	-0.712	2.044
0.532487154007	0.18	-0.02	-0.128
0.534701108932	0.18	-0.02	-0.128
0.536914110184	-0.784	-0.596	-0.304
0.539135217667	-0.784	-0.596	-0.304
0.541350126266	-0.784	-0.596	-0.304
0.543565034866	-0.076	-0.624	2.044
0.545788049698	-0.076	-0.624	2.044
0.548005104065	0.168	-0.092	-1.124
0.550220012665	0.168	-0.092	-1.124
0.552433013916	-0.712	0.176	1.144
0.554646015167	-0.712	0.176	1.144
0.556858062744	-0.712	0.176	1.144
0.55908703804	-0.048	0.12	2.044
0.561300992966	-0.048	0.12	2.044
0.563513040543	0.144	0.192	-1.68
0.565726041794	0.144	0.192	-1.68
0.56794500351	0.42	0.28	2.044
0.570157051086	0.42	0.28	2.044
0.572368144989	-0.344	-0.34	1.636
0.57458114624	-0.344	-0.34	1.636
0.576794147491	-0.344	-0.34	1.636
0.579014062881	-1.348	-0.732	-1.348
0.58123421669	-1.348	-0.732	-1.348
0.583450078964	-0.132	-0.728	2.044
0.58566403389	-0.132	-0.728	2.044
0.587877035141	0.32	-0.22	0.256
0.590160131454	0.32	-0.22	0.256
0.59237408638	0.32	-0.22	0.256
0.594585180283	1.372	0.088	-0.54
0.596798181534	1.372	0.088	-0.54
0.599033117294	0.26	-0.228	2.044
0.601248025894	0.26	-0.228	2.044
0.603461027145	-0.132	0.38	-0.968
0.60567522049	-0.132	0.38	-0.968
0.607918024063	-0.132	0.38	-0.968
0.61013507843	0.768	0.64	0.748
0.612347126007	0.768	0.64	0.748
0.614561080933	0.128	-0.344	2.044
0.616774082184	0.128	-0.344	2.044
0.6189930439	-0.092	0.048	-1.576
0.621217012405	-0.092	0.048	-1.576
0.62343120575	-0.432	-0.38	2.044
0.625645160675	-0.432	-0.38	2.044
0.627860069275	-0.432	-0.38	2.044
0.630080223083	0.308	-0.184	2.044
0.632292032242	0.308	-0.184	2.044
0.634506225586	0.968	0.0	-1.452
0.63671207428	0.968	0.0	-1.452
0.638923168182	-0.008	-0.556	2.044
0.641137123108	-0.008	-0.556	2.044
0.643350124359	-0.008	-0.556	2.044
0.645564079285	0.116	-0.256	0.588
0.647776126862	0.116	-0.256	0.588
0.649996995926	-0.16	-0.416	-0.748
0.65221118927	-0.16	-0.416	-0.748
0.654425144196	-0.004	-0.812	2.044
0.656638145447	-0.004	-0.812	2.044
0.658858060837	-0.288	-0.056	-0.676
0.661072015762	-0.288	-0.056	-0.676
0.663286209106	-0.288	-0.056	-0.676
0.665501117706	-0.196	-0.092	0.396
0.667715072632	-0.196	-0.092	0.396
0.66993522644	-0.396	-0.208	2.044
0.672149181366	-0.396	-0.208	2.044
0.674363136292	0.496	0.224	-1.404
0.676576137543	0.496	0.224	-1.404
0.678795099258	0.496	0.224	-1.404
0.681009054184	-0.536	-0.412	1.692
0.68324303627	-0.536	-0.412	1.692
0.685459136963	0.56	-0.476	2.044
0.687683105469	0.56	-0.476	2.044
0.689905166626	0.4	0.136	-1.548
0.692122220993	0.4	0.136	-1.548
0.694336175919	0.4	0.136	-1.548
0.69654917717	0.56	0.056	2.044
0.698765993118	0.56	0.056	2.044
0.700977087021	0.28	-0.416	1.0
0.703187227249	0.28	-0.416	1.0
0.705396175385	0.676	-0.008	-1.092
0.70761013031	0.676	-0.008	-1.092
0.7098300457	0.34	-0.592	2.044
0.712043046951	0.34	-0.592	2.044
0.714256048203	0.34	-0.592	2.044
0.716469049454	0.648	-0.38	-0.308
0.71869301796	0.648	-0.38	-0.308
0.720908164978	-1.168	0.156	-0.064
0.723122119904	-1.168	0.156	-0.064
0.725336074829	-0.072	-0.328	2.044
0.72754907608	-0.072	-0.328	2.044
0.729768037796	-0.072	-0.328	2.044
0.731981992722	0.784	0.324	-1.236
0.734194993973	0.784	0.324	-1.236
0.736407995224	0.316	-0.224	1.368
0.738622188568	0.316	-0.224	1.368
0.740833997726	0.088	-0.588	2.044
0.743046998978	0.088	-0.588	2.044
0.745271205902	0.088	-0.588	2.044
0.747484207153	-0.62	0.724	-1.688
0.749704122543	-0.62	0.724	-1.688
0.751922130585	0.152	-0.328	2.044
0.754137039185	0.152	-0.328	2.044
0.756349086761	-0.32	-0.26	1.28
0.758570194244	-0.32	-0.26	1.28
0.76078414917	-0.952	0.476	-1.42
0.762998104095	-0.952	0.476	-1.42
0.765213012695	-0.952	0.476	-1.42
0.767426013947	0.108	-0.596	2.044
0.769645214081	0.108	-0.596	2.044
0.771859169006	-0.132	-0.252	-0.032
0.774073123932	-0.132	-0.252	-0.032
0.776286125183	-0.788	-0.144	-0.36
0.778506994247	-0.788	-0.144	-0.36
0.780721187592	-0.788	-0.144	-0.36
0.782935142517	-0.028	-0.7	2.044
0.785150051117	-0.028	-0.7	2.044
0.787389993668	-0.144	-0.084	-1.092
0.789611101151	-0.144	-0.084	-1.092
0.791827201843	-0.008	0.2	0.984
0.794040203094	-0.008	0.2	0.984
0.796252012253	-0.008	0.2	0.984
0.798470020294	1.02	-0.276	2.044
0.800683021545	1.02	-0.276	2.044
0.802895069122	-0.156	0.576	-1.604
0.805109024048	-0.156	0.576	-1.604
0.807332038879	0.416	-0.184	2.044
0.809551000595	0.416	-0.184	2.044
0.811765193939	0.252	-0.564	1.748
0.813977003098	0.252	-0.564	1.748
0.816189050674	0.252	-0.564	1.748
0.81840801239	-0.592	-0.756	-1.456
0.820628166199	-0.592	-0.756	-1.456
0.822843074799	0.308	-0.136	2.044
0.825057029724	0.308	-0.136	2.044
0.827759027481	0.048	0.084	0.34
0.82998418808	0.048	0.084	0.34
0.832195997238	0.356	0.344	-0.548
0.834411144257	0.356	0.344	-0.548
0.836624145508	0.356	0.344	-0.548
0.838844060898	-0.144	-0.512	2.044
0.841059207916	-0.144	-0.512	2.044
0.843273162842	-0.044	-0.16	-0.84
0.845488071442	-0.044	-0.16	-0.84
0.847702026367	-0.184	0.572	0.72
0.849922180176	-0.184	0.572	0.72
0.852135181427	-0.184	0.572	0.72
0.854347229004	0.148	-0.272	2.044
0.856564044952	0.148	-0.272	2.044
0.858783006668	0.036	0.144	-1.56
0.860997200012	0.036	0.144	-1.56
0.863208055496	-0.84	-0.264	2.0
0.865419149399	-0.84	-0.264	2.0
0.867629051208	-0.84	-0.264	2.0
0.869856119156	0.296	-0.052	2.044
0.872071027756	0.296	-0.052	2.044
0.8742852211	2.044	0.064	-1.316
0.876498222351	2.044	0.064	-1.316
0.878717184067	0.868	-0.516	2.044
0.880930185318	0.868	-0.516	2.044
0.883144140244	-0.64	0.172	0.648
0.885357141495	-0.64	0.172	0.648
0.887569189072	-0.64	0.172	0.648
0.889789104462	-0.2	-0.16	-0.748
0.892009019852	-0.2	-0.16	-0.748
0.894223213196	0.408	-0.264	2.044
0.896436214447	0.408	-0.264	2.044
0.898656129837	-0.196	-0.008	-0.588
0.900889158249	-0.196	-0.008	-0.588
0.903104066849	-0.196	-0.008	-0.588
0.905319213867	-0.04	0.448	0.268
0.907532215118	-0.04	0.448	0.268
0.909751176834	0.676	-0.44	2.044
0.91196513176	0.676	-0.44	2.044
0.914179086685	0.408	0.176	-1.42
0.916392087936	0.408	0.176	-1.42
0.918611049652	-1.104	-0.76	1.608
0.920825004578	-1.104	-0.76	1.608
0.923040151596	-1.104	-0.76	1.608
0.925257205963	0.328	-0.084	2.044
0.927470207214	0.328	-0.084	2.044
0.929688215256	1.156	0.504	-1.572
0.931923151016	1.156	0.504	-1.572
0.934137105942	0.444	-0.344	2.044
0.936350107193	0.444	-0.344	2.044
0.938569068909	0.444	-0.344	2.044
0.94078207016	-0.268	-0.4	1.064
0.942997217178	-0.268	-0.4	1.064
0.94521021843	0.82	0.08	-1.06
0.947422027588	0.82	0.08	-1.06
0.949640035629	0.032	-0.216	2.044
0.951854228973	0.032	-0.216	2.044
0.954067230225	0.032	-0.216	2.044
0.956279993057	-0.256	0.06	-0.276
0.958503007889	-0.256	0.06	-0.276
0.96071600914	0.268	0.904	-0.104
0.962930202484	0.268	0.904	-0.104
0.965141057968	0.38	-0.924	2.044
0.967355012894	0.38	-0.924	2.044
0.969570159912	0.496	0.136	-1.248
0.971782207489	0.496	0.136	-1.248
0.973994016647	0.496	0.136	-1.248
0.976207017899	-0.316	-0.528	1.332
0.978427171707	-0.316	-0.528	1.332
0.980641126633	0.012	-0.232	2.044
0.98285317421	0.012	-0.232	2.044
0.985066175461	-0.044	1.076	-1.712
0.987280130386	-0.044	1.076	-1.712
0.989495038986	-0.044	1.076	-1.712
0.991708040237	0.384	-0.856	2.044
0.993935108185	0.384	-0.856	2.044
0.996150016785	0.12	-0.588	1.468
0.998369216919	0.12	-0.588	1.468
1.00058221817	0.976	0.156	-1.204
1.00279521942	0.976	0.156	-1.204
1.00500822067	0.976	0.156	-1.204
1.00722122192	-0.256	0.044	2.044
1.00944018364	-0.256	0.044	2.044
1.01165318489	0.268	-0.1	0.036
1.01386499405	0.268	-0.1	0.036
1.01607704163	0.5	0.884	-0.352
1.01829218864	0.5	0.884	-0.352
1.02050209045	-0.148	-0.26	2.044
1.02271604538	-0.148	-0.26	2.044
1.02493000031	-0.148	-0.26	2.044
1.02715802193	-0.216	-0.016	-1.036
1.02937912941	-0.216	-0.016	-1.036
1.03159403801	0.824	0.492	1.02
1.03380513191	0.824	0.492	1.02
1.03601503372	-0.06	-0.16	2.044
1.03823518753	-0.06	-0.16	2.044
1.04044914246	-0.06	-0.16	2.044
1.04266309738	0.156	-0.072	-1.552
1.04487609863	0.156	-0.072	-1.552
1.04709005356	-0.484	-0.192	2.044
1.04930520058	-0.484	-0.192	2.044
1.0515191555	-0.34	-0.38	1.784
1.05373311043	-0.34	-0.38	1.784
1.05595612526	-0.34	-0.38	1.784
1.05817699432	0.236	0.796	-1.456
1.06039118767	0.236	0.796	-1.456
1.06260704994	0.772	-0.34	2.044
1.06482100487	0.772	-0.34	2.044
1.06703519821	0.732	-0.512	0.448
1.06925201416	0.732	-0.512	0.448
1.07146501541	-1.64	-0.744	-0.628
1.0736811161	-1.64	-0.744	-0.628
1.0758960247	-1.64	-0.744	-0.628
1.07811713219	-0.332	-0.604	2.044
1.08033108711	-0.332	-0.604	2.044
1.08254408836	-0.6	0.612	-0.836
1.08475708961	-0.6	0.612	-0.836
1.08697104454	0.108	-0.296	0.54
1.08926320076	0.108	-0.296	0.54
1.09147810936	0.108	-0.296	0.54
1.09369111061	0.272	-0.508	2.044
1.0959072113	0.272	-0.508	2.044
1.09812712669	0.324	0.008	-1.464
1.10034108162	0.324	0.008	-1.464
1.10255408287	-0.296	-0.084	1.984
1.10476922989	-0.296	-0.084	1.984
1.10698318481	-0.296	-0.084	1.984
1.1092300415	-0.108	-0.124	2.044
1.11144399643	-0.108	-0.124	2.044
1.11365818977	-0.152	-0.156	-1.504
1.1158721447	-0.152	-0.156	-1.504
1.11810421944	0.62	0.028	2.044
1.12031602859	0.62	0.028	2.044
1.1225271225	-0.036	-0.064	0.796
1.12473917007	-0.036	-0.064	0.796
1.12695217133	-0.036	-0.064	0.796
1.12920022011	-1.144	0.072	-1.0
1.13142299652	-1.144	0.072	-1.0
1.1336350441	-0.356	-0.536	2.044
1.13584899902	-0.356	-0.536	2.044
1.13806819916	-0.432	-0.42	-0.616
1.14028310776	-0.432	-0.42	-0.616
1.14249706268	-0.432	-0.42	-0.616
1.14471101761	1.288	-0.264	0.356
1.14692401886	1.288	-0.264	0.356
1.14913702011	-0.028	0.06	2.044
1.15135121346	-0.028	0.06	2.044
1.15356421471	-0.38	0.424	-1.428
1.15577721596	-0.38	0.424	-1.428
1.15799808502	0.724	0.256	1.536
1.16020822525	0.724	0.256	1.536
1.16241908073	0.724	0.256	1.536
1.16463303566	0.004	-0.268	2.044
1.16684508324	0.004	-0.268	2.044
1.16907501221	0.336	0.64	-1.58
1.17128920555	0.336	0.64	-1.58
1.1735022068	0.448	-0.288	2.044
1.17571520805	0.448	-0.288	2.044
1.17793321609	0.448	-0.288	2.044
1.18015503883	-0.588	0.148	1.148
1.18236804008	-0.588	0.148	1.148
1.18458008766	0.5	0.948	-1.248
1.18679022789	0.5	0.948	-1.248
1.18900513649	0.356	-0.448	2.044
1.19121813774	0.356	-0.448	2.044
1.19343113899	0.356	-0.448	2.044
1.19564414024	0.02	-0.312	-0.244
1.19785714149	0.02	-0.312	-0.244
1.20008015633	-1.252	-0.144	-0.176
1.20229506493	-1.252	-0.144	-0.176
1.20451021194	-0.032	-0.3	2.044
1.2067232132	-0.032	-0.3	2.044
1.2089381218	-0.004	0.508	-1.168
1.2111530304	-0.004	0.508	-1.168
1.21336603165	-0.004	0.508	-1.168
1.21558022499	1.112	0.32	1.328
1.21779203415	1.112	0.32	1.328
1.22000908852	0.168	-0.172	2.044
1.22222113609	0.168	-0.172	2.044
1.22443318367	-0.232	0.568	-1.632
1.2266471386	-0.232	0.568	-1.632
1.22886800766	-0.232	0.568	-1.632
1.231082201	0.312	-0.36	2.044
1.23329901695	0.312	-0.36	2.044
1.2355132103	-0.548	-0.32	1.476
1.23772716522	-0.548	-0.32	1.476
1.23994207382	-0.788	0.448	-1.584
1.24216604233	-0.788	0.448	-1.584
1.24437999725	-0.788	0.448	-1.584
1.2465941906	0.0	-0.276	2.044
1.24880599976	0.0	-0.276	2.044
1.25101113319	-0.268	-0.1	0.164
1.25322508812	-0.268	-0.1	0.164
1.25543904305	-0.924	0.208	-0.428
1.2576520443	-0.924	0.208	-0.428
1.25987100601	0.152	-0.684	2.044
1.26208400726	0.152	-0.684	2.044
1.26429605484	0.152	-0.684	2.044
1.26650905609	0.212	-0.176	-0.992
1.2687420845	0.212	-0.176	-0.992
1.2709569931	0.508	0.972	0.784
1.27316808701	0.508	0.972	0.784
1.27537822723	0.5	-0.048	2.044
1.27758717537	0.5	-0.048	2.044
1.27980208397	0.5	-0.048	2.044
1.2820110321	0.132	0.14	-1.552
1.28422522545	0.132	0.14	-1.552
1.28643703461	-0.02	-0.22	2.044
1.28865218163	-0.02	-0.22	2.044
1.29086613655	-0.028	-0.032	1.92
1.29308009148	-0.028	-0.032	1.92
1.29529309273	-0.028	-0.032	1.92
1.29750704765	-0.044	0.964	-1.62
1.29972720146	-0.044	0.964	-1.62
1.30194306374	-0.132	-0.656	2.044
1.30416703224	-0.132	-0.656	2.044
1.30638122559	0.384	-0.46	0.508
1.3086001873	0.384	-0.46	0.508
1.31081199646	-0.592	0.292	-0.84
1.31302905083	-0.592	0.292	-0.84
1.31524515152	-0.592	0.292	-0.84
1.31745910645	0.168	-0.548	2.044
1.31967616081	0.168	-0.548	2.044
1.32189106941	-0.508	-0.096	-0.76
1.32410502434	-0.508	-0.096	-0.76
1.32631921768	-1.248	-0.368	0.516
1.32856106758	-1.248	-0.368	0.516
1.33077502251	-1.248	-0.368	0.516
1.33298921585	0.208	-0.388	2.044
1.33520102501	0.208	-0.388	2.044
1.33741807938	0.512	0.364	-1.456
1.33963704109	0.512	0.364	-1.456
1.34185004234	0.364	-0.132	1.912
1.34406304359	0.364	-0.132	1.912
1.34627699852	0.364	-0.132	1.912
1.34849619865	0.42	-0.248	2.044
1.35070919991	0.42	-0.248	2.044
1.35292220116	-1.44	-0.684	-1.616
1.35513710976	-1.44	-0.684	-1.616
1.35735201836	-0.788	-0.536	2.044
1.3595700264	-0.788	-0.536	2.044
1.36178612709	-0.072	0.236	0.864
1.36399817467	-0.072	0.236	0.864
1.36621999741	-0.072	0.236	0.864
1.36843299866	0.648	0.608	-0.992
1.37065005302	0.648	0.608	-0.992
1.3728621006	0.02	-0.284	2.044
1.37507414818	0.02	-0.284	2.044
1.37728714943	0.06	-0.064	-0.416
1.37950515747	0.06	-0.064	-0.416
1.38172006607	0.06	-0.064	-0.416
1.383934021	-0.604	0.208	0.084
1.38614702225	-0.604	0.208	0.084
1.38836622238	0.112	-0.692	2.044
1.39057922363	0.112	-0.692	2.044
1.39279222488	0.36	0.436	-1.344
1.39500403404	0.36	0.436	-1.344
1.39721608162	0.36	0.436	-1.344
1.39943003654	-0.424	-0.816	1.532
1.40164422989	-0.424	-0.816	1.532
1.40385699272	-0.316	-0.112	2.044
1.40607309341	-0.316	-0.112	2.044
1.4082930088	0.604	0.56	-1.644
1.41050505638	0.604	0.56	-1.644
1.41271710396	0.492	-0.892	2.044
1.41492915154	0.492	-0.892	2.044
1.41714119911	0.492	-0.892	2.044
1.41935515404	-0.884	0.148	1.196
1.42156004906	-0.884	0.148	1.196
1.4237651825	0.856	-0.428	-1.136
1.42597103119	0.856	-0.428	-1.136
1.42822813988	0.044	-0.232	2.044
1.43044710159	0.044	-0.232	2.044
1.43266105652	0.044	-0.232	2.044
1.43487501144	-0.168	0.076	-0.152
1.43708920479	-0.168	0.076	-0.152
1.43931221962	0.28	0.14	-0.3
1.44152712822	0.28	0.14	-0.3
1.4437391758	0.036	-0.14	2.044
1.44595217705	0.036	-0.14	2.044
1.4481651783	0.036	-0.14	2.044
1.45037817955	-0.136	0.012	-1.176
1.4525911808	-0.136	0.012	-1.176
1.45480513573	0.008	0.004	1.128
1.45701622963	0.008	0.004	1.128
1.45922708511	0.02	-0.18	2.044
1.46143913269	0.02	-0.18	2.044
1.46365118027	-0.304	0.308	-1.616
1.46586513519	-0.304	0.308	-1.616
1.46808505058	-0.304	0.308	-1.616
1.47029805183	-0.444	0.144	2.044
1.47251105309	-0.444	0.144	2.044
1.4747262001	0.276	-0.504	1.652
1.47693920135	0.276	-0.504	1.652
1.47918510437	0.476	0.108	-1.332
1.4813990593	0.476	0.108	-1.332
1.48361110687	0.476	0.108	-1.332
1.48582315445	-0.372	-0.364	2.044
1.48803710938	-0.372	-0.364	2.044
1.49026107788	-0.528	0.104	0.164
1.49247407913	-0.528	0.104	0.164
1.49468517303	-1.228	0.168	-0.532
1.49689912796	-1.228	0.168	-0.532
1.49911904335	-1.228	0.168	-0.532
1.50133299828	0.088	-0.616	2.044
1.50354504585	0.088	-0.616	2.044
1.5057580471	-0.276	-0.108	-1.016
1.5080280304	-0.276	-0.108	-1.016
1.51024508476	-0.896	-0.928	0.784
1.51245999336	-0.896	-0.928	0.784
1.51467418671	-0.252	-0.372	2.044
1.51688718796	-0.252	-0.372	2.044
1.51910710335	-0.252	-0.372	2.044
1.52132105827	-0.38	0.156	-1.588
1.52353405952	-0.38	0.156	-1.588
1.52574706078	-0.372	0.22	2.036
1.52796602249	-0.372	0.22	2.036
1.53017807007	-0.784	-0.092	1.876
1.53239202499	-0.784	-0.092	1.876
1.53460502625	-0.784	-0.092	1.876
1.5368180275	-0.22	0.252	-1.576
1.5390381813	-0.22	0.252	-1.576
1.54125213623	-0.008	0.136	2.044
1.54346704483	-0.008	0.136	2.044
1.54567909241	-0.332	0.088	0.596
1.54792118073	-0.332	0.088	0.596
1.550137043	-0.66	0.168	-0.74
1.55238008499	-0.66	0.168	-0.74
1.55459618568	-0.66	0.168	-0.74
1.55680918694	-0.348	-0.28	2.044
1.55902814865	-0.348	-0.28	2.044
1.56124210358	-0.32	0.012	-0.672
1.56345510483	-0.32	0.012	-0.672
1.56566810608	0.508	0.648	0.356
1.56787919998	0.508	0.648	0.356
1.57012104988	0.508	0.648	0.356
1.57233119011	-0.092	-0.292	2.044
1.57454419136	-0.092	-0.292	2.044
1.57676100731	0.188	0.448	-1.432
1.57898116112	0.188	0.448	-1.432
1.58119320869	0.368	-0.124	1.84
1.58340620995	0.368	-0.124	1.84
1.5856192112	0.368	-0.124	1.84
1.58783102036	0.244	-0.012	2.044
1.59005022049	0.244	-0.012	2.044
1.59226202965	0.684	0.032	-1.52
1.5944750309	0.684	0.032	-1.52
1.59668707848	-0.412	-0.66	2.044
1.59890818596	-0.412	-0.66	2.044
1.60112118721	-0.42	0.248	0.948
1.60333299637	-0.42	0.248	0.948
1.60554504395	-0.42	0.248	0.948
1.60775709152	0.472	0.776	-1.128
1.60997509956	0.472	0.776	-1.128
1.61219000816	0.764	-0.76	2.044
1.61441206932	0.764	-0.76	2.044
1.61662507057	-0.556	0.036	-0.432
1.61884617805	-0.556	0.036	-0.432
1.62106013298	-0.556	0.036	-0.432
1.62327408791	-1.112	0.132	0.04
1.62548708916	-1.112	0.132	0.04
1.62769913673	-0.096	-0.284	2.044
1.62991905212	-0.096	-0.284	2.044
1.63213300705	0.364	0.144	-1.216
1.6343460083	0.364	0.144	-1.216
1.63655900955	0.364	0.144	-1.216
1.63877820969	0.632	0.156	1.344
1.64098906517	0.632	0.156	1.344
1.64320015907	0.196	-0.388	2.044
1.64541506767	0.196	-0.388	2.044
1.64762806892	-0.18	0.856	-1.672
1.64984822273	-0.18	0.856	-1.672
1.65206217766	-0.064	-0.268	2.044
1.65427613258	-0.064	-0.268	2.044
1.65649008751	-0.064	-0.268	2.044
1.65870904922	-0.64	-0.36	1.316
1.66092300415	-0.64	-0.36	1.316
1.66313719749	1.512	0.068	-1.264
1.66535115242	1.512	0.068	-1.264
1.6675632	-0.24	0.344	2.044
1.66978216171	-0.24	0.344	2.044
1.67199611664	-0.24	0.344	2.044
1.67420816422	-0.808	-0.04	-0.072
1.67643213272	-0.808	-0.04	-0.072
1.67865300179	-1.68	-0.14	-0.408
1.68087100983	-1.68	-0.14	-0.408
1.68308520317	-0.632	-0.256	2.044
1.68529820442	-0.632	-0.256	2.044
1.68751215935	-0.632	-0.256	2.044
1.68972706795	-0.12	0.104	-1.1
1.6919400692	-0.12	0.104	-1.1
1.69415402412	0.92	0.048	1.068
1.69636416435	0.92	0.048	1.068
1.69858121872	0.16	-0.084	2.044
1.70079421997	0.16	-0.084	2.044
1.70300602913	-0.556	-0.304	-1.604
1.70522117615	-0.556	-0.304	-1.604
1.70743513107	-0.556	-0.304	-1.604
1.70965504646	-0.768	-0.496	2.044
1.7118999958	-0.768	-0.496	2.044
1.71411800385	0.032	-0.264	1.732
1.7163310051	0.032	-0.264	1.732
1.71855020523	-0.596	0.136	-1.568
1.72076511383	-0.596	0.136	-1.568
1.72297906876	-0.596	0.136	-1.568
1.72519302368	-0.028	-1.04	2.044
1.72740602493	-0.028	-1.04	2.044
1.72962403297	0.024	-0.048	0.372
1.73183703423	0.024	-0.048	0.372
1.7340490818	-0.836	-0.14	-0.716
1.73626303673	-0.836	-0.14	-0.716
1.73848819733	-0.836	-0.14	-0.716
1.74070215225	0.132	-0.192	2.044
1.7429151535	0.132	-0.192	2.044
1.74512720108	-0.008	0.06	-0.896
1.74733901024	-0.008	0.06	-0.896
1.74956202507	-0.324	-0.236	0.72
1.75177621841	-0.324	-0.236	0.72
1.75399518013	-0.232	-0.14	2.044
1.75620818138	-0.232	-0.14	2.044
1.75842905045	-0.232	-0.14	2.044
1.76064300537	0.116	-0.24	-1.532
1.76285719872	0.116	-0.24	-1.532
1.76506900787	0.5	0.312	2.044
1.76727604866	0.5	0.312	2.044
1.76948404312	0.176	0.032	2.044
1.77169418335	0.176	0.032	2.044
1.77390408516	0.176	0.032	2.044
1.77611422539	-0.484	-0.1	-1.604
1.77833414078	-0.484	-0.1	-1.604
1.7805480957	-0.24	-0.604	2.044
1.78276515007	-0.24	-0.604	2.044
1.784979105	0.696	0.012	0.768
1.7871901989	0.696	0.012	0.768
1.7894051075	0.696	0.012	0.768
1.79161500931	-0.084	-0.08	-0.812
1.79383015633	-0.084	-0.08	-0.812
1.79604315758	-0.232	-0.72	2.044
1.79826307297	-0.232	-0.72	2.044
1.8004860878	-0.076	-0.36	-0.576
1.8027009964	-0.076	-0.36	-0.576
1.80491518974	-0.784	-0.436	0.392
1.8071269989	-0.784	-0.436	0.392
1.80934500694	-0.784	-0.436	0.392
1.81155800819	-0.02	-0.284	2.044
1.81377100945	-0.02	-0.284	2.044
1.81598305702	0.02	0.264	-1.444
1.81820416451	0.02	0.264	-1.444
1.82041811943	-0.472	-0.396	1.652
1.82263207436	-0.472	-0.396	1.652
1.82484507561	-0.472	-0.396	1.652
1.82705903053	0.16	-0.268	2.044
1.8292760849	0.16	-0.268	2.044
1.83149003983	0.932	-0.684	-1.456
1.83371305466	0.932	-0.684	-1.456
1.83592700958	-0.42	-0.892	2.044
1.83814120293	-0.42	-0.892	2.044
1.84035420418	-0.42	-0.892	2.044
1.8425681591	-0.464	-0.088	1.008
1.84478116035	-0.464	-0.088	1.008
1.84699416161	1.156	-0.316	-1.044
1.84921503067	1.156	-0.316	-1.044
1.8514380455	-0.224	-0.58	2.044
1.85365200043	-0.224	-0.58	2.044
1.85586619377	0.176	0.264	-0.3
1.85807919502	0.176	0.264	-0.3
1.86029005051	0.176	0.264	-0.3
1.86251306534	-0.436	-0.104	-0.028
1.86472702026	-0.436	-0.104	-0.028
1.86694216728	0.416	-0.92	2.044
1.8691971302	0.416	-0.92	2.044
1.8714120388	0.028	-0.092	-1.256
1.87362599373	0.028	-0.092	-1.256
1.87584018707	0.028	-0.092	-1.256
1.878054142	0.268	0.272	1.42
1.88026499748	0.268	0.272	1.42
1.88247513771	-0.196	0.204	2.044
1.88468718529	-0.196	0.204	2.044
1.88690304756	-0.052	0.384	-1.652
1.88911819458	-0.052	0.384	-1.652
1.89133310318	0.06	-0.18	2.044
1.89354515076	0.06	-0.18	2.044
1.89575719833	0.06	-0.18	2.044
1.89797616005	-0.52	-0.024	1.4
1.90019011497	-0.52	-0.024	1.4
1.90240216255	0.104	-0.024	-1.256
1.90461611748	0.104	-0.024	-1.256
1.9068300724	0.244	-0.372	2.044
1.90904903412	0.244	-0.372	2.044
1.91126203537	0.244	-0.372	2.044
1.91347503662	-0.536	0.18	-0.048
1.91568922997	-0.536	0.18	-0.048
1.91797113419	1.58	0.52	-0.252
1.92022705078	1.58	0.52	-0.252
1.92244911194	-0.08	-0.596	2.044
1.92467713356	-0.08	-0.596	2.044
1.92689204216	-0.08	-0.596	2.044
1.92911314964	0.452	0.092	-1.04
1.93133020401	0.452	0.092	-1.04
1.93354415894	0.62	0.64	1.036
1.93575620651	0.62	0.64	1.036
1.93798804283	0.004	-0.344	2.044
1.94023418427	0.004	-0.344	2.044
1.94244909286	0.344	0.284	-1.604
1.94466304779	0.344	0.284	-1.604
1.94687604904	0.344	0.284	-1.604
1.94909501076	0.792	-0.052	2.044
1.9513092041	0.792	-0.052	2.044
1.9535241127	-0.004	-0.264	1.816
1.95574116707	-0.004	-0.264	1.816
1.95796108246	0.316	0.708	-1.448
1.96017503738	0.316	0.708	-1.448
1.9623901844	0.316	0.708	-1.448
1.96460199356	0.32	-0.132	2.044
1.96681499481	0.32	-0.132	2.044
1.9690451622	-0.284	0.18	0.384
1.97125911713	-0.284	0.18	0.384
1.97347211838	0.108	0.344	-0.552
1.97568416595	0.108	0.344	-0.552
1.97793102264	0.204	-0.2	2.044
1.98014616966	0.204	-0.2	2.044
1.98235917091	0.204	-0.2	2.044
1.98457121849	-0.276	-0.248	-0.784
1.98679614067	-0.276	-0.248	-0.784
1.98901510239	-0.552	-0.228	0.64
1.99123001099	-0.552	-0.228	0.64
1.99344611168	-0.312	-0.684	2.044
1.99566102028	-0.312	-0.684	2.044
1.99787521362	-0.312	-0.684	2.044
2.0000910759	-0.1	0.488	-1.536
2.00230717659	-0.1	0.488	-1.536
2.00452113152	0.896	0.32	2.012
2.00673222542	0.896	0.32	2.012
2.00894618034	1.364	-0.104	2.044
2.01116013527	1.364	-0.104	2.044
2.01337218285	1.364	-0.104	2.044
2.0155851841	1.116	0.204	-1.472
2.0178000927	1.116	0.204	-1.472
2.02002000809	0.572	-0.444	2.044
2.02223205566	0.572	-0.444	2.044
2.02444911003	0.064	-0.532	0.744
2.02666211128	0.064	-0.532	0.744
2.028881073	1.032	0.032	-0.868
2.03109407425	1.032	0.032	-0.868
2.03330922127	1.032	0.032	-0.868
2.03552222252	0.184	-0.1	2.044
2.03773403168	0.184	-0.1	2.044
2.03995513916	0.008	0.136	-0.516
2.04216814041	0.008	0.136	-0.516
2.04438018799	0.096	-0.324	0.256
2.04659318924	0.096	-0.324	0.256
2.04881620407	0.096	-0.324	0.256
2.051030159	-0.188	0.228	2.044
2.05324316025	-0.188	0.228	2.044
2.05545520782	-0.044	0.296	-1.388
2.05767607689	-0.044	0.296	-1.388
2.05989813805	1.8	-0.42	1.816
2.0621111393	1.8	-0.42	1.816
2.06432414055	1.8	-0.42	1.816
2.0665371418	0.304	-0.32	2.044
2.06875610352	0.304	-0.32	2.044
2.07097005844	-0.288	0.56	-1.68
2.0732011795	-0.288	0.56	-1.68
2.07541513443	0.164	-0.432	2.044
2.07762813568	0.164	-0.432	2.044
2.07984519005	-0.276	-0.308	1.208
2.08205318451	-0.276	-0.308	1.208
2.0842590332	-0.276	-0.308	1.208
2.08646416664	0.664	-0.176	-0.976
2.08867621422	0.664	-0.176	-0.976
2.09089422226	0.428	-0.452	2.044
2.09311008453	0.428	-0.452	2.044
2.09532308578	-0.12	-0.292	-0.192
2.09754014015	-0.12	-0.292	-0.192
2.09976220131	-0.12	-0.292	-0.192
2.10197710991	-0.224	-0.216	-0.024
2.10419106483	-0.224	-0.216	-0.024
2.1064081192	0.06	-0.488	2.044
2.10862708092	0.06	-0.488	2.044
2.11084914207	0.324	0.352	-1.184
2.11307811737	0.324	0.352	-1.184
2.11529016495	0.324	0.352	-1.184
2.1175031662	-0.408	-0.496	1.308
2.11972308159	-0.408	-0.496	1.308
2.12194013596	-0.388	-0.06	2.044
2.12415504456	-0.388	-0.06	2.044
2.12637114525	0.472	0.312	-1.652
2.12858605385	0.472	0.312	-1.652
2.13080000877	0.72	0.28	2.044
2.13301110268	0.72	0.28	2.044
2.13522219658	0.72	0.28	2.044
2.13743519783	-0.148	0.044	1.504
2.13965511322	-0.148	0.044	1.504
2.1418671608	-1.528	0.856	-1.548
2.1440820694	-1.528	0.856	-1.548
2.14629912376	0.172	-0.66	2.044
2.14851808548	0.172	-0.66	2.044
2.15073204041	0.172	-0.66	2.044
2.15294599533	-0.092	-0.308	0.112
2.15516209602	-0.092	-0.308	0.112
2.15737605095	0.548	-0.268	-0.376
2.15959620476	0.548	-0.268	-0.376
2.16181516647	-0.064	-0.164	2.044
2.1640291214	-0.064	-0.164	2.044
2.16624212265	-0.064	-0.164	2.044
2.16845703125	0.468	0.084	-1.0
2.17066717148	0.468	0.084	-1.0
2.17288517952	-1.116	-0.472	0.876
2.17510008812	-1.116	-0.472	0.876
2.17731499672	0.28	-0.156	2.044
2.17953419685	0.28	-0.156	2.044
2.1817471981	-0.356	-0.2	-1.6
2.18396306038	-0.356	-0.2	-1.6
2.18618011475	-0.356	-0.2	-1.6
2.18840122223	0.144	0.264	2.044
2.19061207771	0.144	0.264	2.044
2.19282317162	0.344	-0.36	1.944
2.19504904747	0.344	-0.36	1.944
2.19729208946	0.948	1.016	-1.512
2.19951319695	0.948	1.016	-1.512
2.20172905922	0.948	1.016	-1.512
2.20394206047	-0.34	-0.628	2.044
2.20615506172	-0.34	-0.628	2.044
2.20837116241	-0.24	0.108	0.488
2.21058511734	-0.24	0.108	0.488
2.21279811859	-1.312	-0.204	-0.74
2.21501207352	-1.312	-0.204	-0.74
2.21724104881	0.344	-0.288	2.044
2.2194621563	0.344	-0.288	2.044
2.22167420387	0.344	-0.288	2.044
2.22388601303	-0.252	0.344	-0.792
2.22610116005	-0.252	0.344	-0.792
2.22832107544	0.404	-0.404	0.564
2.23053717613	0.404	-0.404	0.564
2.23274922371	-0.452	0.26	2.044
2.23497319221	-0.452	0.26	2.044
2.23718714714	-0.452	0.26	2.044
2.23940014839	-0.328	-0.024	-1.488
2.24161505699	-0.328	-0.024	-1.488
2.24383020401	-0.06	-0.448	1.96
2.24604320526	-0.06	-0.448	1.96
2.24825811386	-0.02	-0.768	2.044
2.25047302246	-0.02	-0.768	2.044
2.25268602371	-0.02	-0.768	2.044
2.25489902496	-0.252	0.216	-1.584
2.25712513924	-0.252	0.216	-1.584
2.2593460083	0.092	-0.256	2.044
2.26156020164	0.092	-0.256	2.044
2.26377511024	-0.06	-0.16	0.852
2.26599121094	-0.06	-0.16	0.852
2.26821112633	-0.472	-0.532	-0.948
2.27042603493	-0.472	-0.532	-0.948
2.27264118195	-0.472	-0.532	-0.948
2.27485513687	-0.284	-0.34	2.044
2.2770690918	-0.284	-0.34	2.044
2.27928614616	-0.828	-0.432	-0.488
2.28149604797	-0.828	-0.432	-0.488
2.28370213509	0.36	0.744	0.096
2.28590512276	0.36	0.744	0.096
2.28811311722	0.36	0.744	0.096
2.29032802582	-0.204	-0.184	2.044
2.29254317284	-0.204	-0.184	2.044
2.29475712776	-0.26	0.588	-1.388
2.29698109627	-0.26	0.588	-1.388
2.2992310524	-0.128	-0.808	1.628
2.30144619942	-0.128	-0.808	1.628
2.30366015434	-0.128	-0.808	1.628
2.30587506294	0.272	-0.02	2.044
2.30809402466	0.272	-0.02	2.044
2.31030702591	-0.252	0.088	-1.656
2.3125231266	-0.252	0.088	-1.656
2.31473708153	0.072	-0.48	2.044
2.31695008278	0.072	-0.48	2.044
2.31919717789	-0.156	0.164	1.22
2.32141208649	-0.156	0.164	1.22
2.32362413406	-0.156	0.164	1.22
2.32583713531	0.452	0.288	-1.22
2.32805109024	0.452	0.288	-1.22
2.33027815819	-0.46	-0.224	2.044
2.33249616623	-0.46	-0.224	2.044
2.33471012115	-0.276	0.18	-0.152
2.33692502975	-0.276	0.18	-0.152
2.33914017677	-0.276	0.18	-0.152
2.3413541317	0.348	0.68	-0.204
2.34356617928	0.348	0.68	-0.204
2.34578108788	-0.284	-0.296	2.044
2.34800100327	-0.284	-0.296	2.044
2.35021519661	0.056	0.04	-1.148
2.35242819786	0.056	0.04	-1.148
2.35464119911	0.056	0.04	-1.148
2.35685300827	-0.452	0.344	1.144
2.35908007622	-0.452	0.344	1.144
2.36129617691	-0.1	-0.7	2.044
2.36351013184	-0.1	-0.7	2.044
2.36572408676	0.032	0.576	-1.568
2.36795806885	0.032	0.576	-1.568
2.37017321587	-0.112	-0.536	2.044
2.37238717079	-0.112	-0.536	2.044
2.37460112572	-0.112	-0.536	2.044
2.37681818008	0.356	-0.3	1.632
2.37903809547	0.356	-0.3	1.632
2.38126301765	0.028	0.204	-1.44
2.383477211	0.028	0.204	-1.44
2.38569021225	0.412	-0.172	2.044
2.38796901703	0.412	-0.172	2.044
2.39018702507	0.412	-0.172	2.044
2.39240312576	-0.128	-0.052	0.216
2.39461922646	-0.128	-0.052	0.216
2.39683318138	0.584	-0.296	-0.584
2.39905309677	0.584	-0.296	-0.584
2.40128111839	-0.196	-0.108	2.044
2.40349602699	-0.196	-0.108	2.044
2.40571022034	-0.256	0.428	-0.984
2.4079310894	-0.256	0.428	-0.984
2.41015911102	-0.256	0.428	-0.984
2.41237306595	-0.636	-0.016	0.788
2.4145860672	-0.636	-0.016	0.788
2.41680002213	-0.048	-0.28	2.044
2.41902208328	-0.048	-0.28	2.044
2.42124605179	-0.212	0.076	-1.568
2.42346000671	-0.212	0.076	-1.568
2.42567706108	-0.212	0.076	-1.568
2.4279191494	0.008	-0.488	2.044
2.430134058	0.008	-0.488	2.044
2.43234705925	-0.616	-0.864	1.872
2.43456220627	-0.616	-0.864	1.872
2.43677902222	0.412	0.284	-1.512
2.43899703026	0.412	0.284	-1.512
2.44122505188	0.412	0.284	-1.512
2.44343900681	-0.116	-0.2	2.044
2.44565200806	-0.116	-0.2	2.044
2.44786715508	-1.168	0.0	0.556
2.45007514954	-1.168	0.0	0.556
2.45228099823	-0.472	-0.836	-0.728
2.45449519157	-0.472	-0.836	-0.728
2.45671010017	0.176	-0.08	2.044
2.4589240551	0.176	-0.08	2.044
2.46113705635	0.176	-0.08	2.044
2.46334910393	0.04	-0.184	-0.708
2.46556305885	0.04	-0.184	-0.708
2.4677760601	-0.516	0.308	0.332
2.46999907494	-0.516	0.308	0.332
2.47221112251	-0.284	-0.048	2.044
2.47442603111	-0.284	-0.048	2.044
2.47663807869	-0.284	-0.048	2.044
2.47885799408	0.448	0.176	-1.42
2.48106312752	0.448	0.176	-1.42
2.4832880497	-0.616	0.044	1.776
2.48553109169	-0.616	0.044	1.776
2.48773813248	-0.276	-0.3	2.044
2.48996520042	-0.276	-0.3	2.044
2.49218010902	-0.276	-0.3	2.044
2.49439311028	-0.364	-0.32	-1.56
2.49660801888	-0.364	-0.32	-1.56
2.49883008003	0.04	-0.8	2.044
2.50104308128	0.04	-0.8	2.044
2.50325512886	0.252	-0.356	0.98
2.5054731369	0.252	-0.356	0.98
2.50768613815	0.132	0.568	-1.188
2.50990605354	0.132	0.568	-1.188
2.51211810112	0.132	0.568	-1.188
2.51433110237	0.072	-0.044	2.044
2.51654314995	0.072	-0.044	2.044
2.51876211166	0.232	-0.236	-0.316
2.52097702026	0.232	-0.236	-0.316
2.52319216728	-0.104	-0.784	0.18
2.52540516853	-0.104	-0.784	0.18
2.52761816978	-0.104	-0.784	0.18
2.52983999252	-0.296	-0.004	2.044
2.53205299377	-0.296	-0.004	2.044
2.53426599503	-0.112	0.272	-1.316
2.53648114204	-0.112	0.272	-1.316
2.53870511055	0.496	-0.42	1.496
2.54091906548	0.496	-0.42	1.496
2.54313206673	0.496	-0.42	1.496
2.54535603523	0.012	-0.356	2.044
2.54757022858	0.012	-0.356	2.044
2.54978322983	-0.628	0.3	-1.716
2.55200409889	-0.628	0.3	-1.716
2.55421900749	0.412	-0.432	2.044
2.55643200874	0.412	-0.432	2.044
2.55865120888	-0.312	-0.46	1.332
2.56086421013	-0.312	-0.46	1.332
2.56307911873	-0.312	-0.46	1.332
2.56529211998	0.408	-0.32	-1.092
2.56751012802	0.408	-0.32	-1.092
2.56972813606	0.152	0.096	2.044
2.57193922997	0.152	0.096	2.044
2.5741519928	-0.016	-0.328	0.0
2.57635807991	-0.016	-0.328	0.0
2.57857108116	-0.016	-0.328	0.0
2.58077716827	0.232	-0.088	-0.272
2.58298921585	0.232	-0.088	-0.272
2.58520412445	0.224	-0.972	2.044
2.58741807938	0.224	-0.972	2.044
2.58963704109	0.268	-0.052	-1.112
2.59186410904	0.268	-0.052	-1.112
2.59407806396	0.268	-0.052	-1.112
2.59629106522	-0.736	-0.088	1.064
2.59851002693	-0.736	-0.088	1.064
2.60072517395	0.46	-0.62	2.044
2.60293912888	0.46	-0.62	2.044
2.6051530838	0.396	-0.228	-1.564
2.60737919807	0.396	-0.228	-1.564
2.60959720612	-0.452	-0.492	2.044
2.61181116104	-0.452	-0.492	2.044
2.61402320862	-0.452	-0.492	2.044
2.61623716354	-0.028	-0.256	1.764
2.61845803261	-0.028	-0.256	1.764
2.62067222595	0.112	0.848	-1.424
2.6228852272	0.112	0.848	-1.424
2.62511110306	0.804	-1.136	2.044
2.62732315063	0.804	-1.136	2.044
2.62954211235	0.804	-1.136	2.044
2.63175415993	-0.26	-0.084	0.296
2.63397407532	-0.26	-0.084	0.296
2.63618707657	-0.784	0.068	-0.588
2.63840603828	-0.784	0.068	-0.588
2.64061999321	0.584	-0.504	2.044
2.6428360939	0.584	-0.504	2.044
2.64504909515	-0.54	-0.056	-0.892
2.64726209641	-0.54	-0.056	-0.892
2.64948010445	-0.54	-0.056	-0.892
2.65169501305	-0.644	0.276	0.708
2.65390706062	-0.644	0.276	0.708
2.6561191082	-0.58	-0.28	2.044
2.65833902359	-0.58	-0.28	2.044
2.66055321693	-0.408	0.656	-1.612
2.66276812553	-0.408	0.656	-1.612
2.66498208046	-0.408	0.656	-1.612
2.66719722748	-0.184	-0.868	2.044
2.66942811012	-0.184	-0.868	2.044
2.67164206505	-0.08	-0.08	2.044
2.67386102676	-0.08	-0.08	2.044
2.67607808113	0.168	-0.208	-1.468
2.67829799652	0.168	-0.208	-1.468
2.68050503731	0.168	-0.208	-1.468
2.68271303177	-0.212	-0.096	2.044
2.68491911888	-0.212	-0.096	2.044
2.68712520599	0.488	-0.38	0.776
2.68934321404	0.488	-0.38	0.776
2.69156217575	0.436	-0.34	-0.696
2.69377613068	0.436	-0.34	-0.696
2.69600105286	0.076	-0.472	2.044
2.69822216034	0.076	-0.472	2.044
2.70043516159	0.076	-0.472	2.044
2.70264816284	-0.212	0.176	-0.58
2.70486211777	-0.212	0.176	-0.58
2.70707607269	-0.22	0.912	0.24
2.7092962265	-0.22	0.912	0.24
2.7115111351	0.12	-0.564	2.044
2.7137260437	0.12	-0.564	2.044
2.71593809128	0.12	-0.564	2.044
2.71815609932	0.004	-0.056	-1.4
2.72037005424	0.004	-0.056	-1.4
2.72258520126	-0.136	-0.38	1.732
2.72479915619	-0.136	-0.38	1.732
2.72701311111	0.144	-0.196	2.044
2.7292342186	0.144	-0.196	2.044
2.73145699501	0.144	-0.196	2.044
2.73366999626	0.488	0.6	-1.584
2.73589611053	0.488	0.6	-1.584
2.73811101913	0.552	-0.488	2.044
2.74032306671	0.552	-0.488	2.044
2.74253416061	-0.676	-0.096	1.028
2.74475121498	-0.676	-0.096	1.028
2.74696612358	-1.176	-0.144	-1.144
2.74921417236	-1.176	-0.144	-1.144
2.75143003464	-1.176	-0.144	-1.144
2.75364613533	0.112	-0.284	2.044
2.75585913658	0.112	-0.284	2.044
2.75808000565	-0.116	0.128	-0.288
2.76029419899	-0.116	0.128	-0.288
2.76250910759	-1.008	-0.568	-0.092
2.76472306252	-1.008	-0.568	-0.092
2.76693701744	-1.008	-0.568	-0.092
2.76919817924	0.42	-0.436	2.044
2.77141308784	0.42	-0.436	2.044
2.7736260891	0.344	0.336	-1.228
2.77583813667	0.344	0.336	-1.228
2.77805805206	-0.688	0.476	1.308
2.78027510643	-0.688	0.476	1.308
2.78248715401	-0.688	0.476	1.308
2.78470015526	-0.036	0.08	2.044
2.78691315651	-0.036	0.08	2.044
2.78913211823	-0.924	0.664	-1.736
2.79134702682	-0.924	0.664	-1.736
2.79357409477	0.844	0.012	2.044
2.79578900337	0.844	0.012	2.044
2.79800605774	0.248	-0.208	1.476
2.80022001266	0.248	-0.208	1.476
2.80243301392	0.248	-0.208	1.476
2.80464506149	0.304	-0.296	-1.264
2.80685901642	0.304	-0.296	-1.264
2.80907511711	0.528	-1.352	2.044
2.81132912636	0.528	-1.352	2.044
2.81354904175	-0.696	-0.604	0.02
2.815762043	-0.696	-0.604	0.02
2.81798315048	-0.696	-0.604	0.02
2.82019615173	0.532	-0.1	-0.424
2.82240819931	0.532	-0.1	-0.424
2.82462120056	0.3	-0.324	2.044
2.82683515549	0.3	-0.324	2.044
2.8290541172	-0.232	-0.144	-1.088
2.8312690258	-0.232	-0.144	-1.088
2.83348417282	-0.796	-0.116	1.016
2.83569908142	-0.796	-0.116	1.016
2.83791708946	-0.796	-0.116	1.016
2.84014415741	0.144	-0.432	2.044
2.84235906601	0.144	-0.432	2.044
2.84457206726	-0.192	0.2	-1.62
2.84678506851	-0.192	0.2	-1.62
2.84900307655	1.452	0.32	2.044
2.85121512413	1.452	0.32	2.044
2.85342621803	1.452	0.32	2.044
2.85564613342	0.008	0.004	1.816
2.85785913467	0.008	0.004	1.816
2.86007714272	-0.764	-0.052	-1.492
2.86229300499	-0.764	-0.052	-1.492
2.86450719833	-0.152	-0.26	2.044
2.86672210693	-0.152	-0.26	2.044
2.86894106865	-0.152	-0.26	2.044
2.87115502357	-0.14	0.668	0.348
2.87337017059	-0.14	0.668	0.348
2.87558221817	-0.896	-0.16	-0.548
2.87779521942	-0.896	-0.16	-0.548
2.88002204895	-0.176	-0.668	2.044
2.88223218918	-0.176	-0.668	2.044
2.88443922997	0.296	-0.112	-0.788
2.88664412498	0.296	-0.112	-0.788
2.88885402679	0.296	-0.112	-0.788
2.89107203484	-0.076	-0.176	0.612
2.89328408241	-0.076	-0.176	0.612
2.89549612999	-0.496	-0.076	2.044
2.89771103859	-0.496	-0.076	2.044
2.89992904663	0.156	0.34	-1.488
2.90214014053	0.156	0.34	-1.488
2.90435218811	0.156	0.34	-1.488
2.90656399727	-0.888	0.104	1.948
2.90878200531	-0.888	0.104	1.948
2.91099405289	-0.82	-0.484	2.044
2.91321802139	-0.82	-0.484	2.044
2.91543006897	0.004	0.832	-1.536
2.91765403748	0.004	0.832	-1.536
2.9198679924	0.004	0.832	-1.536
2.92210006714	0.6	0.056	2.044
2.92431020737	0.6	0.056	2.044
2.92651820183	-0.856	-0.232	0.676
2.92873001099	-0.856	-0.232	0.676
2.93094301224	0.404	0.924	-0.936
2.93315315247	0.404	0.924	-0.936
2.9353621006	-0.064	0.032	2.044
2.93757510185	-0.064	0.032	2.044
2.93979215622	-0.064	0.032	2.044
2.9420030117	-0.092	-0.152	-0.564
2.94421505928	-0.092	-0.152	-0.564
2.94642901421	-0.088	-0.088	0.176
2.94869112968	-0.088	-0.088	0.176
2.95090723038	-0.464	-0.484	2.044
2.9531211853	-0.464	-0.484	2.044
2.95533514023	-0.464	-0.484	2.044
2.95754718781	0.452	0.364	-1.328
2.95976519585	0.452	0.364	-1.328
2.961977005	1.38	-0.308	1.8
2.96418809891	1.38	-0.308	1.8
2.96639919281	0.284	-0.524	2.044
2.96860909462	0.284	-0.524	2.044
2.9708211422	0.284	-0.524	2.044
2.97303104401	0.312	0.56	-1.62
2.97524213791	0.312	0.56	-1.62
2.97745418549	0.628	0.06	2.044
2.97968816757	0.628	0.06	2.044
2.98189806938	-0.248	0.328	1.08
2.98410916328	-0.248	0.328	1.08
2.98632717133	-0.372	-0.164	-1.116
2.98854207993	-0.372	-0.164	-1.116
2.99075508118	-0.372	-0.164	-1.116
2.99296712875	0.2	-0.496	2.044
2.99517822266	0.2	-0.496	2.044
2.99738812447	-0.624	-0.048	-0.272
2.99960803986	-0.624	-0.048	-0.272
3.00182819366	0.284	-0.104	-0.048
3.00404119492	0.284	-0.104	-0.048
3.0062520504	0.284	-0.104	-0.048
3.00846600533	0.052	-0.612	2.044
3.01067709923	0.052	-0.612	2.044
3.01288819313	-0.108	0.08	-1.204
3.01509904861	-0.108	0.08	-1.204
3.01732516289	0.864	0.472	1.428
3.01954507828	0.864	0.472	1.428
3.02175521851	0.864	0.472	1.428
3.02396416664	0.108	-0.436	2.044
3.02617716789	0.108	-0.436	2.044
3.02839422226	0.268	0.28	-1.62
3.03060507774	0.268	0.28	-1.62
3.03281402588	-0.132	-0.464	2.044
3.03502702713	-0.132	-0.464	2.044
3.03723812103	0.016	-0.38	1.552
3.03945612907	0.016	-0.38	1.552
3.04167699814	0.016	-0.38	1.552
3.04388904572	0.488	0.072	-1.3
3.04609918594	0.488	0.072	-1.3
3.0483109951	0.316	-0.312	2.044
3.05052399635	0.316	-0.312	2.044
3.05273509026	-0.116	-0.456	0.128
3.05494999886	-0.116	-0.456	0.128
3.05717611313	-0.116	-0.456	0.128
3.05939507484	0.048	0.02	-0.332
3.06160521507	0.048	0.02	-0.332
3.06381416321	-0.324	0.016	2.044
3.06603217125	-0.324	0.016	2.044
3.06825017929	0.152	-0.012	-0.992
3.07046103477	0.152	-0.012	-0.992
3.07271718979	0.152	-0.012	-0.992
3.07493519783	0.504	0.168	0.976
3.07714605331	0.504	0.168	0.976
3.07935905457	-0.36	-0.116	2.044
3.0815680027	-0.36	-0.116	2.044
3.08377408981	-0.292	0.392	-1.604
3.08598017693	-0.292	0.392	-1.604
3.08819508553	0.108	0.012	2.044
3.09041118622	0.108	0.012	2.044
3.0926220417	0.108	0.012	2.044
3.09483218193	-0.02	-0.216	1.884
3.09704613686	-0.02	-0.216	1.884
3.09926819801	0.492	1.216	-1.504
3.10148000717	0.492	1.216	-1.504
3.10370206833	-0.064	-0.944	2.044
3.10591721535	-0.064	-0.944	2.044
3.10813617706	-0.064	-0.944	2.044
3.11034917831	-0.524	-0.032	0.476
3.11256217957	-0.524	-0.032	0.476
3.11477613449	-0.408	-0.416	-0.752
3.11699008942	-0.408	-0.416	-0.752
3.11923503876	-0.404	-0.944	2.044
3.12145018578	-0.404	-0.944	2.044
3.12366700172	-0.404	-0.944	2.044
3.12588000298	0.056	0.244	-0.772
3.12809419632	0.056	0.244	-0.772
3.13030815125	-0.712	-0.5	0.624
3.13251709938	-0.712	-0.5	0.624
3.13472604752	1.292	-0.424	2.044
3.13693809509	1.292	-0.424	2.044
3.13918209076	-0.12	0.12	-1.452
3.14139819145	-0.12	0.12	-1.452
3.1436111927	-0.12	0.12	-1.452
3.14582705498	-0.776	0.356	1.864
3.14804601669	-0.776	0.356	1.864
3.15026021004	-0.28	0.084	2.044
3.15247321129	-0.28	0.084	2.044
3.15468621254	0.22	-0.148	-1.544
3.15690422058	0.22	-0.148	-1.544
3.15912413597	0.22	-0.148	-1.544
3.16135311127	-0.384	-0.464	2.044
3.16356706619	-0.384	-0.464	2.044
3.1657910347	-0.316	-0.288	0.856
3.16800522804	-0.316	-0.288	0.856
3.17021918297	0.116	-0.12	-0.924
3.17243218422	0.116	-0.12	-0.924
3.17464518547	-0.144	0.036	2.044
3.17689919472	-0.144	0.036	2.044
3.17912006378	-0.144	0.036	2.044
3.18133306503	0.356	0.28	-0.428
3.18354511261	0.356	0.28	-0.428
3.18575906754	-0.612	-0.852	0.164
3.18798017502	-0.612	-0.852	0.164
3.19019508362	-0.12	-0.112	2.044
3.19241213799	-0.12	-0.112	2.044
3.19462704659	-0.12	-0.112	2.044
3.19684100151	0.224	0.492	-1.38
3.19905900955	0.224	0.492	-1.38
3.2012732029	-1.132	-0.532	1.504
3.20348715782	-1.132	-0.532	1.504
3.20570015907	-0.032	-0.156	2.044
3.20794200897	-0.032	-0.156	2.044
3.21015906334	-0.032	-0.156	2.044
3.21237301826	0.192	0.368	-1.624
3.21458506584	0.192	0.368	-1.624
3.21680021286	0.232	-0.416	2.044
3.21902012825	0.232	-0.416	2.044
3.22123217583	0.016	-0.204	1.248
3.2234442234	0.016	-0.204	1.248
3.22566199303	-0.26	0.08	-1.204
3.22788619995	-0.26	0.08	-1.204
3.23017120361	-0.26	0.08	-1.204
3.23238706589	-0.324	-0.432	2.044
3.23460221291	-0.324	-0.432	2.044
3.23681616783	0.396	-0.212	-0.108
3.23903012276	0.396	-0.212	-0.108
3.24126219749	-1.184	-0.744	-0.096
3.24347710609	-1.184	-0.744	-0.096
3.24569201469	-1.184	-0.744	-0.096
3.2479121685	0.068	-0.316	2.044
3.25013899803	0.068	-0.316	2.044
3.25235104561	0.364	0.088	-1.184
3.25456309319	0.364	0.088	-1.184
3.25677514076	-0.888	0.32	1.116
3.25899505615	-0.888	0.32	1.116
3.26121020317	-0.888	0.32	1.116
3.26342201233	-0.42	-0.136	2.044
3.26563715935	-0.42	-0.136	2.044
3.26785111427	0.416	0.168	-1.572
3.27007007599	0.416	0.168	-1.572
3.27228212357	-0.196	0.052	2.044
3.27449607849	-0.196	0.052	2.044
3.27670812607	-0.724	0.336	1.572
3.27892613411	-0.724	0.336	1.572
3.28113102913	-0.724	0.336	1.572
3.28333711624	-0.264	-0.368	-1.336
3.28554415703	-0.264	-0.368	-1.336
3.28775000572	-0.112	-0.684	2.044
3.28997921944	-0.112	-0.684	2.044
3.29219508171	0.156	0.564	0.136
3.29440808296	0.156	0.564	0.136
3.29661822319	0.156	0.564	0.136
3.29883503914	1.2	-0.332	-0.432
3.30105018616	1.2	-0.332	-0.432
3.30326414108	0.328	-0.716	2.044
3.30549120903	0.328	-0.716	2.044
3.30770516396	-0.216	0.352	-0.98
3.30992603302	-0.216	0.352	-0.98
3.31214022636	-0.216	0.352	-0.98
3.31435513496	0.096	-0.38	0.8
3.31656622887	0.096	-0.38	0.8
3.31878519058	-0.608	-0.316	2.044
3.32100009918	-0.608	-0.316	2.044
3.32321405411	0.144	0.108	-1.524
3.32542705536	0.144	0.108	-1.524
3.32763814926	-0.748	0.032	2.044
3.32985711098	-0.748	0.032	2.044
3.33207011223	-0.748	0.032	2.044
3.33428311348	0.048	-0.096	1.94
3.33649611473	0.048	-0.096	1.94
3.33871603012	-0.976	0.532	-1.564
3.34093022346	-0.976	0.532	-1.564
3.34314322472	0.068	-0.416	2.044
3.34536910057	0.068	-0.416	2.044
3.34758114815	0.068	-0.416	2.044
3.34979820251	0.016	-0.232	0.552
3.35202002525	0.016	-0.232	0.552
3.3542342186	-0.868	-0.932	-0.768
3.3564491272	-0.868	-0.932	-0.768
3.35866904259	0.184	-0.732	2.044
3.36088204384	0.184	-0.732	2.044
3.36309814453	-0.26	0.072	-0.724
3.36531209946	-0.26	0.072	-0.724
3.36752510071	-0.26	0.072	-0.724
3.36974215508	-0.008	0.896	0.36
3.37195515633	-0.008	0.896	0.36
3.3741672039	-0.056	0.02	2.044
3.37637901306	-0.056	0.02	2.044
3.37859916687	0.216	0.508	-1.524
3.38081121445	0.216	0.508	-1.524
3.38302302361	0.216	0.508	-1.524
3.38525414467	-0.728	-0.296	1.788
3.38746905327	-0.728	-0.296	1.788
3.38968920708	0.276	-0.308	2.044
3.39190220833	0.276	-0.308	2.044
3.39411520958	0.604	-0.084	-1.532
3.39632916451	0.604	-0.084	-1.532
3.39855217934	0.604	-0.084	-1.532
3.40076613426	0.212	-0.44	2.044
3.40298008919	0.212	-0.44	2.044
3.40519309044	0.228	-0.196	0.86
3.40740513802	0.228	-0.196	0.86
3.40962004662	0.896	0.328	-1.064
3.41183209419	0.896	0.328	-1.064
3.41405320168	-0.584	-0.196	2.044
3.41626811028	-0.584	-0.196	2.044
3.41848921776	-0.584	-0.196	2.044
3.42070317268	0.572	0.064	-0.38
3.42291522026	0.572	0.064	-0.38
3.42512702942	-0.024	0.04	0.04
3.42734003067	-0.024	0.04	0.04
3.42955207825	-0.24	-0.256	2.044
3.43177103996	-0.24	-0.256	2.044
3.43398809433	-0.24	-0.256	2.044
3.43620204926	0.324	0.34	-1.304
3.43842101097	0.324	0.34	-1.304
3.44063401222	-1.132	0.864	1.288
3.44284915924	-1.132	0.864	1.288
3.44506120682	-0.016	-0.324	2.044
3.44727420807	-0.016	-0.324	2.044
3.44950509071	-0.016	-0.324	2.044
3.45171809196	0.216	0.148	-1.66
3.45393013954	0.216	0.148	-1.66
3.45614218712	0.98	-0.628	2.044
3.45835709572	0.98	-0.628	2.044
3.4605691433	-0.148	-0.276	1.316
3.46278214455	-0.148	-0.276	1.316
3.46499609947	0.144	0.272	-1.232
3.46721220016	0.144	0.272	-1.232
3.46943211555	0.144	0.272	-1.232
3.47164320946	0.24	-0.316	2.044
3.47385716438	0.24	-0.316	2.044
3.47607803345	-0.804	-0.392	-0.072
3.47829818726	-0.804	-0.392	-0.072
3.48050618172	0.74	0.348	-0.288
3.48271203041	0.74	0.348	-0.288
3.48491621017	0.74	0.348	-0.288
3.48712015152	0.356	0.216	2.044
3.48935008049	0.356	0.216	2.044
3.49156618118	0.192	0.472	-1.156
3.49377918243	0.192	0.472	-1.156
3.49599814415	-0.64	-0.368	1.16
3.49822020531	-0.64	-0.368	1.16
3.50043916702	-0.64	-0.368	1.16
3.50265216827	-0.08	-0.16	2.044
3.50486707687	-0.08	-0.16	2.044
3.5070810318	0.484	0.504	-1.572
3.50929999352	0.484	0.504	-1.572
3.51151108742	0.448	-0.096	2.044
3.51372599602	0.448	-0.096	2.044
3.51593804359	-0.108	-0.264	1.696
3.5181581974	-0.108	-0.264	1.696
3.52037215233	-0.108	-0.264	1.696
3.52258706093	-0.34	-0.6	-1.372
3.52480220795	-0.34	-0.6	-1.372
3.5270152092	-0.1	-0.268	2.044
3.52925610542	-0.1	-0.268	2.044
3.53147006035	0.3	-0.02	0.308
3.53368115425	0.3	-0.02	0.308
3.53589510918	0.3	-0.02	0.308
3.53812408447	0.804	0.548	-0.564
3.54033613205	0.804	0.548	-0.564
3.54254817963	0.416	-0.424	2.044
3.5447602272	0.416	-0.424	2.044
3.54697418213	1.028	-0.024	-0.836
3.5492181778	1.028	-0.024	-0.836
3.55143404007	1.028	-0.024	-0.836
3.55364918709	0.656	0.836	0.816
3.55586004257	0.656	0.836	0.816
3.55807614326	-0.404	-0.512	2.044
3.56029009819	-0.404	-0.512	2.044
3.56250405312	0.496	0.172	-1.532
3.56471610069	0.496	0.172	-1.532
3.56692814827	-0.472	0.176	1.984
3.56914520264	-0.472	0.176	1.984
3.57136106491	-0.472	0.176	1.984
3.57357311249	-0.08	-0.284	2.044
3.57578611374	-0.08	-0.284	2.044
3.5780081749	0.284	0.444	-1.568
3.58022117615	0.284	0.444	-1.568
3.58243322372	0.804	-0.48	2.044
3.58464503288	0.804	-0.48	2.044
3.58685803413	0.804	-0.48	2.044
3.58913707733	-0.004	0.016	0.656
3.59135103226	-0.004	0.016	0.656
3.5935652256	-0.444	0.116	-0.912
3.59577918053	-0.444	0.116	-0.912
3.59799909592	0.144	-0.336	2.044
3.60022115707	0.144	-0.336	2.044
3.60243606567	0.144	-0.336	2.044
3.60465216637	-0.132	0.58	-0.668
3.60686612129	-0.132	0.58	-0.668
3.60908102989	-1.656	-0.5	0.352
3.61129307747	-1.656	-0.5	0.352
3.6135032177	-0.544	-0.384	2.044
3.61571502686	-0.544	-0.384	2.044
3.61793708801	0.02	0.168	-1.48
3.62015008926	0.02	0.168	-1.48
3.62236213684	0.02	0.168	-1.48
3.62457513809	0.2	-0.432	1.772
3.62678909302	0.2	-0.432	1.772
3.62900805473	0.756	-0.128	2.044
3.63122010231	0.756	-0.128	2.044
3.63343214989	0.18	0.416	-1.596
3.63564610481	0.18	0.416	-1.596
3.63786411285	0.18	0.416	-1.596
3.64007902145	0.472	-0.564	2.044
3.6423060894	0.472	-0.564	2.044
3.6445171833	1.324	-0.34	1.176
3.64672899246	1.324	-0.34	1.176
3.64894413948	0.18	-0.18	-1.012
3.65115904808	0.18	-0.18	-1.012
3.65337109566	0.18	-0.18	-1.012
3.65558409691	-0.584	-1.032	2.044
3.65780115128	-0.584	-1.032	2.044
3.66002202034	-0.048	-0.052	-0.308
3.66224622726	-0.048	-0.052	-0.308
3.66446113586	1.692	0.184	0.196
3.66667318344	1.692	0.184	0.196
3.66888999939	-0.12	-0.568	2.044
3.67110419273	-0.12	-0.568	2.044
3.67332220078	-0.12	-0.568	2.044
3.67554116249	0.28	-0.008	-1.264
3.67775511742	0.28	-0.008	-1.264
3.67998600006	-0.08	-0.572	1.384
3.68219304085	-0.08	-0.572	1.384
3.68440008163	-0.172	-0.184	2.044
3.68660616875	-0.172	-0.184	2.044
3.68881821632	-0.172	-0.184	2.044
3.69103622437	-0.868	0.004	-1.708
3.69325017929	-0.868	0.004	-1.708
3.69546318054	-0.044	-0.14	2.044
3.69767904282	-0.044	-0.14	2.044
3.69989919662	-0.288	0.312	1.436
3.70211005211	-0.288	0.312	1.436
3.70432209969	0.98	0.692	-1.316
3.70653915405	0.98	0.692	-1.316
3.70875906944	0.98	0.692	-1.316
3.71097207069	-0.78	-0.716	2.044
3.71318602562	-0.78	-0.716	2.044
3.71540117264	-0.048	-0.148	0.012
3.71761417389	-0.048	-0.148	0.012
3.71983408928	-1.708	-0.412	-0.284
3.72205114365	-1.708	-0.412	-0.284
3.72427606583	-1.708	-0.412	-0.284
3.72649216652	0.22	0.008	2.044
3.7287042141	0.22	0.008	2.044
3.73091506958	-0.272	0.32	-1.08
3.73312807083	-0.272	0.32	-1.08
3.73534107208	0.312	-0.472	1.04
3.73756504059	0.312	-0.472	1.04
3.73977804184	0.312	-0.472	1.04
3.74199318886	0.04	-0.488	2.044
3.74420619011	0.04	-0.488	2.044
3.74641799927	0.804	-0.304	-1.54
3.7486371994	0.804	-0.304	-1.54
3.75085020065	-0.88	-0.628	2.044
3.75306510925	-0.88	-0.628	2.044
3.75527906418	-1.264	0.072	1.708
3.75749111176	-1.264	0.072	1.708
3.75971007347	-1.264	0.072	1.708
3.7619240284	-0.028	-0.612	-1.372
3.76413917542	-0.028	-0.612	-1.372
3.76635408401	-0.164	-0.588	2.044
3.76856899261	-0.164	-0.588	2.044
3.77078509331	-0.1	-0.164	0.332
3.77299809456	-0.1	-0.164	0.332
3.77521300316	-0.1	-0.164	0.332
3.77744007111	0.328	-0.428	-0.576
3.77966022491	0.328	-0.428	-0.576
3.78187322617	-0.064	-0.552	2.044
3.78408503532	-0.064	-0.552	2.044
3.78630900383	-0.248	-0.332	-0.8
3.78853011131	-0.248	-0.332	-0.8
3.79074501991	-0.248	-0.332	-0.8
3.79295802116	0.02	-0.78	0.636
3.79517102242	0.02	-0.78	0.636
3.79738211632	-0.028	-0.072	2.044
3.7996032238	-0.028	-0.072	2.044
3.80181908607	0.1	0.268	-1.504
3.80403208733	0.1	0.268	-1.504
3.8062441349	0.052	0.152	2.04
3.80845618248	0.052	0.152	2.04
3.81067013741	0.052	0.152	2.04
3.81288099289	-0.32	0.04	2.044
3.81509304047	-0.32	0.04	2.044
3.8173251152	0.224	-0.148	-1.536
3.81954813004	0.224	-0.148	-1.536
3.82176113129	-0.032	-0.304	2.044
3.82397508621	-0.032	-0.304	2.044
3.82620310783	-0.032	-0.304	2.044
3.82842516899	-0.324	0.204	0.664
3.83063817024	-0.324	0.204	0.664
3.83284902573	-1.076	0.476	-1.036
3.83506417274	-1.076	0.476	-1.036
3.837277174	-0.436	-0.464	2.044
3.83949804306	-0.436	-0.464	2.044
3.84171319008	-0.436	-0.464	2.044
3.84393119812	0.112	0.072	-0.588
3.84614300728	0.112	0.072	-0.588
3.8483672142	-0.072	-0.408	0.34
3.85058307648	-0.072	-0.408	0.34
3.85279512405	-0.272	-0.02	2.044
3.85500812531	-0.272	-0.02	2.044
3.85722112656	0.284	0.236	-1.364
3.85944104195	0.284	0.236	-1.364
3.86165308952	0.284	0.236	-1.364
3.86386609077	-1.74	-0.396	1.636
3.86608409882	-1.74	-0.396	1.636
3.86830401421	-0.036	-0.308	2.044
3.87051820755	-0.036	-0.308	2.044
3.8727312088	0.064	0.648	-1.656
3.87494421005	0.064	0.648	-1.656
3.87715506554	0.064	0.648	-1.656
3.87937402725	0.62	-0.264	2.044
3.88158106804	0.62	-0.264	2.044
3.88378620148	-0.076	-0.308	1.068
3.88599205017	-0.076	-0.308	1.068
3.88820314407	0.816	-0.208	-1.016
3.89042115211	0.816	-0.208	-1.016
3.89263415337	0.816	-0.208	-1.016
3.89484715462	-0.06	-0.324	2.044
3.89706110954	-0.06	-0.324	2.044
3.89928221703	0.328	-0.244	-0.212
3.90149521828	0.328	-0.244	-0.212
3.90370821953	-0.004	0.356	-0.104
3.90592312813	-0.004	0.356	-0.104
3.90814304352	-0.04	-0.224	2.044
3.91036701202	-0.04	-0.224	2.044
3.91258502007	-0.04	-0.224	2.044
3.91479921341	-0.1	0.216	-1.204
3.91701316833	-0.1	0.216	-1.204
3.91923308372	-0.056	0.028	1.352
3.92145609856	-0.056	0.028	1.352
3.92366814613	0.712	0.028	2.044
3.92587804794	0.712	0.028	2.044
3.92808914185	0.712	0.028	2.044
3.9303021431	-0.448	0.184	-1.628
3.93251609802	-0.448	0.184	-1.628
3.94185400009	-0.468	-0.032	1.432
3.94416117668	-0.192	0.052	-1.364
3.94638204575	-0.192	0.052	-1.364
3.94861507416	-0.192	0.052	-1.364
3.95083022118	0.124	-0.372	2.044
3.95304512978	0.124	-0.372	2.044
3.95526719093	0.24	0.184	0.128
3.95747804642	0.24	0.184	0.128
3.95969319344	-0.992	-0.288	-0.492
3.96191120148	-0.992	-0.288	-0.492
3.9641251564	-0.344	-0.268	2.044
3.96633911133	-0.344	-0.268	2.044
3.96855521202	-0.344	-0.268	2.044
3.97077012062	-0.068	0.152	-0.98
3.97298502922	-0.068	0.152	-0.98
3.97519612312	0.496	0.256	0.964
3.97742319107	0.496	0.256	0.964
3.97966909409	-0.28	-0.556	2.044
3.98188304901	-0.28	-0.556	2.044
3.98409700394	-0.28	-0.556	2.044
3.98631501198	-0.024	-0.06	-1.568
3.98853421211	-0.024	-0.06	-1.568
3.99074912071	-0.456	0.004	2.044
3.99296116829	-0.456	0.004	2.044
3.99517512321	-0.404	-0.148	1.82
3.99738907814	-0.404	-0.148	1.82
3.99961018562	-0.404	-0.148	1.82
4.00182509422	-0.28	-0.096	-1.456
4.00404119492	-0.28	-0.096	-1.456
4.00625514984	-0.34	-0.428	2.044
4.00847101212	-0.34	-0.428	2.044
4.01068615913	0.168	-0.26	0.54
4.01289916039	0.168	-0.26	0.54
4.01511120796	-0.896	-0.036	-0.74
4.01733922958	-0.896	-0.036	-0.74
4.01956105232	-0.896	-0.036	-0.74
4.02177405357	0.008	-0.26	2.044
4.02399206161	0.008	-0.26	2.044
4.02620720863	0.188	0.408	-0.82
4.02842617035	0.188	0.408	-0.82
4.0306391716	-0.356	0.404	0.496
4.03285121918	-0.356	0.404	0.496
4.03506302834	-0.356	0.404	0.496
4.03727412224	0.172	-0.312	2.044
4.03949403763	0.172	-0.312	2.044
4.0417201519	-0.02	0.168	-1.496
4.0439350605	-0.02	0.168	-1.496
4.04615020752	-0.552	-0.292	1.884
4.04836606979	-0.552	-0.292	1.884
4.05058121681	-0.552	-0.292	1.884
4.05279517174	0.388	-0.116	2.044
4.05500721931	0.388	-0.116	2.044
4.05722403526	0.184	1.536	-1.612
4.05951309204	0.184	1.536	-1.612
4.06172800064	-0.392	-0.548	2.044
4.06394505501	-0.392	-0.548	2.044
4.0661611557	0.184	-0.288	0.812
4.06838107109	0.184	-0.288	0.812
4.07059407234	0.184	-0.288	0.812
4.07280611992	-0.18	-0.028	-0.916
4.07502222061	-0.18	-0.028	-0.916
4.07723617554	0.252	-0.468	2.044
4.07945108414	0.252	-0.468	2.044
4.08165812492	-0.068	-0.02	-0.472
4.08386611938	-0.068	-0.02	-0.472
4.0860722065	-0.068	-0.02	-0.472
4.08829522133	-0.736	-0.12	0.252
4.09051418304	-0.736	-0.12	0.252
4.09273219109	-0.104	-0.508	2.044
4.09494400024	-0.104	-0.508	2.044
4.09715819359	0.06	-0.056	-1.372
4.09937906265	0.06	-0.056	-1.372
4.10159301758	-0.124	-0.092	1.564
4.1038172245	-0.124	-0.092	1.564
4.10603308678	-0.124	-0.092	1.564
4.10825300217	0.456	-0.224	2.044
4.11046600342	0.456	-0.224	2.044
4.11267900467	1.052	0.676	-1.636
4.11489319801	1.052	0.676	-1.636
4.11710500717	0.12	-0.072	2.044
4.11932420731	0.12	-0.072	2.044
4.1215531826	0.12	-0.072	2.044
4.12376618385	0.12	-0.136	1.172
4.12598204613	0.12	-0.136	1.172
4.12819600105	0.468	0.02	-1.132
4.1304090023	0.468	0.02	-1.132
4.13262200356	0.552	-0.528	2.044
4.13483500481	0.552	-0.528	2.044
4.13704705238	0.552	-0.528	2.044
4.13926720619	-0.352	-0.056	-0.18
4.14148306847	-0.352	-0.056	-0.18
4.14369702339	0.256	0.18	-0.22
4.14591121674	0.256	0.18	-0.22
4.14813017845	0.156	-0.148	2.044
4.1503431797	0.156	-0.148	2.044
4.15255618095	0.5	0.292	-1.156
4.15476608276	0.5	0.292	-1.156
4.15697622299	0.5	0.292	-1.156
4.15922522545	-0.456	-0.248	1.216
4.16145610809	-0.456	-0.248	1.216
4.16367101669	-0.38	0.08	2.044
4.16589212418	-0.38	0.08	2.044
4.1681060791	0.152	0.652	-1.632
4.17032122612	0.152	0.652	-1.632
4.17253422737	0.152	0.652	-1.632
4.17474603653	-0.364	0.024	2.044
4.17695903778	-0.364	0.024	2.044
4.17920804024	-0.252	-0.208	1.596
4.18142199516	-0.252	-0.208	1.596
4.18363499641	-0.292	0.24	-1.364
4.18585205078	-0.292	0.24	-1.364
4.18807315826	-0.292	0.24	-1.364
4.19028711319	-0.048	-0.452	2.044
4.19250106812	-0.048	-0.452	2.044
4.19471907616	-0.244	0.06	0.184
4.19693112373	-0.244	0.06	0.184
4.19921112061	0.844	0.2	-0.388
4.20144319534	0.844	0.2	-0.388
4.20365619659	-0.724	-0.224	2.044
4.20587015152	-0.724	-0.224	2.044
4.20808601379	-0.724	-0.224	2.044
4.21030211449	0.388	-0.228	-0.896
4.21251606941	0.388	-0.228	-0.896
4.21473002434	-0.248	0.664	0.76
4.21694421768	-0.248	0.664	0.76
4.21919202805	0.212	-0.064	2.044
4.22140622139	0.212	-0.064	2.044
4.22361922264	0.212	-0.064	2.044
4.22583413124	0.0	0.344	-1.572
4.2280561924	0.0	0.344	-1.572
4.23026514053	0.996	-0.14	2.044
4.23247718811	0.996	-0.14	2.044
4.23469114304	-0.36	-0.44	1.952
4.23690509796	-0.36	-0.44	1.952
4.23911905289	-0.78	-0.24	-1.52
4.24134707451	-0.78	-0.24	-1.52
4.24356222153	-0.78	-0.24	-1.52
4.24577617645	-0.164	-0.28	2.044
4.24799609184	-0.164	-0.28	2.044
4.25021219254	-0.16	0.448	0.508
4.25242400169	-0.16	0.448	0.508
4.25463819504	-0.364	-0.712	-0.768
4.25685310364	-0.364	-0.712	-0.768
4.25907421112	-0.364	-0.712	-0.768
4.26128816605	-0.052	-0.424	2.044
4.26350522041	-0.052	-0.424	2.044
4.26572108269	-0.02	-0.12	-0.744
4.26794219017	-0.02	-0.12	-0.744
4.2701561451	1.468	0.6	0.476
4.27236604691	1.468	0.6	0.476
4.27457714081	1.468	0.6	0.476
4.27678704262	0.14	-0.612	2.044
4.27900505066	0.14	-0.612	2.044
4.28121113777	0.032	0.024	-1.456
4.28341722488	0.032	0.024	-1.456
4.2856221199	0.708	0.088	1.784
4.2878241539	0.708	0.088	1.784
4.29006099701	-0.16	-0.284	2.044
4.2922770977	-0.16	-0.284	2.044
4.29449105263	-0.16	-0.284	2.044
4.29670500755	-0.148	0.04	-1.636
4.29893016815	-0.148	0.04	-1.636
4.30114412308	0.388	-0.108	2.044
4.30335712433	0.388	-0.108	2.044
4.30557107925	-0.192	-0.248	0.924
4.30778408051	-0.192	-0.248	0.924
4.31000304222	-0.192	-0.248	0.924
4.31221604347	-1.2	-0.964	-0.96
4.31443214417	-1.2	-0.964	-0.96
4.31664609909	-0.432	-1.072	2.044
4.31886506081	-0.432	-1.072	2.044
4.32107901573	-0.364	-0.116	-0.468
4.32329511642	-0.364	-0.116	-0.468
4.32550907135	-0.364	-0.116	-0.468
4.32772111893	-0.828	-0.584	0.124
4.32994413376	-0.828	-0.584	0.124
4.3321621418	-0.44	0.26	2.044
4.33437418938	-0.44	0.26	2.044
4.33658599854	0.08	0.436	-1.324
4.33880519867	0.08	0.436	-1.324
4.34101700783	0.836	-0.42	1.592
4.3432290554	0.836	-0.42	1.592
4.34545707703	0.836	-0.42	1.592
4.34767007828	0.56	-0.3	2.044
4.34988903999	0.56	-0.3	2.044
4.35211205482	0.324	0.168	-1.564
4.35432505608	0.324	0.168	-1.564
4.35653614998	-0.196	0.08	2.044
4.35874915123	-0.196	0.08	2.044
4.36096119881	-0.196	0.08	2.044
4.36317515373	-0.196	-0.076	1.288
4.36538910866	-0.196	-0.076	1.288
4.36760401726	-1.084	-0.456	-1.192
4.36982321739	-1.084	-0.456	-1.192
4.37203812599	0.108	-0.408	2.044
4.37425112724	0.108	-0.408	2.044
4.37646317482	0.108	-0.408	2.044
4.37868309021	-1.152	-0.032	-0.176
4.38089704514	-1.152	-0.032	-0.176
4.38311100006	0.112	-0.18	-0.152
4.38533902168	0.112	-0.18	-0.152
4.38755321503	-0.156	-0.588	2.044
4.38977408409	-0.156	-0.588	2.044
4.39198708534	-0.204	0.108	-1.2
4.39420318604	-0.204	0.108	-1.2
4.39641714096	-0.204	0.108	-1.2
4.39863705635	-0.68	-0.176	1.052
4.40085506439	-0.68	-0.176	1.052
4.40306901932	-0.096	-0.164	2.044
4.40528202057	-0.096	-0.164	2.044
4.40749502182	-0.852	0.248	-1.676
4.40971302986	-0.852	0.248	-1.676
4.41192722321	-0.852	0.248	-1.676
4.41414999962	-0.1	-0.168	2.044
4.41636419296	-0.1	-0.168	2.044
4.41858506203	0.1	-0.24	1.636
4.42079806328	0.1	-0.24	1.636
4.42301011086	-0.1	0.5	-1.416
4.42522120476	-0.1	0.5	-1.416
4.42743110657	-0.1	0.5	-1.416
4.42964816093	0.196	-0.992	2.044
4.43186116219	0.196	-0.992	2.044
4.43407511711	0.244	-0.34	0.288
4.4362912178	0.244	-0.34	0.288
4.43850922585	1.432	-0.18	-0.396
4.44072318077	1.432	-0.18	-0.396
4.44293808937	0.152	-0.768	2.044
4.4451520443	0.152	-0.768	2.044
4.44736504555	0.152	-0.768	2.044
4.44958019257	0.204	-0.212	-0.928
4.45179414749	0.204	-0.212	-0.928
4.45400714874	0.432	-0.044	0.724
4.45623207092	0.432	-0.044	0.724
4.45844721794	0.112	-0.28	2.044
4.46066021919	0.112	-0.28	2.044
4.46287202835	0.112	-0.28	2.044
4.46508407593	0.032	-0.428	-1.56
4.46729922295	0.032	-0.428	-1.56
4.46952414513	-0.236	-0.408	2.044
4.47173810005	-0.236	-0.408	2.044
4.47395420074	0.932	-0.44	2.044
4.47617506981	0.932	-0.44	2.044
4.47839522362	0.932	-0.44	2.044
4.48060011864	0.248	0.208	-1.524
4.48280620575	0.248	0.208	-1.524
4.48501110077	-0.036	-0.676	2.044
4.48721599579	-0.036	-0.676	2.044
4.48943519592	1.16	-0.456	0.676
4.49165511131	1.16	-0.456	0.676
4.49386811256	-0.504	-0.08	-0.796
4.49609518051	-0.504	-0.08	-0.796
4.49831604958	-0.504	-0.08	-0.796
4.50053119659	-0.168	-0.228	2.044
4.50274300575	-0.168	-0.228	2.044
4.50496101379	-0.072	-0.224	-0.66
4.50717711449	-0.072	-0.224	-0.66
4.50939702988	-1.932	-0.696	0.404
4.51161122322	-1.932	-0.696	0.404
4.51382708549	-1.932	-0.696	0.404
4.51604008675	-0.68	-0.508	2.044
4.51825809479	-0.68	-0.508	2.044
4.52047300339	-0.228	0.204	-1.456
4.52268910408	-0.228	0.204	-1.456
4.52490305901	-0.564	-0.104	1.776
4.52711510658	-0.564	-0.104	1.776
4.52935099602	-0.564	-0.104	1.776
4.53156614304	0.064	-0.16	2.044
4.53377914429	0.064	-0.16	2.044
4.53599119186	1.492	0.62	-1.472
4.53822517395	1.492	0.62	-1.472
4.54043912888	-0.028	-0.52	2.044
4.5426530838	-0.028	-0.52	2.044
4.54486608505	0.164	-0.016	1.032
4.5470790863	0.164	-0.016	1.032
4.5492939949	0.164	-0.016	1.032
4.55150914192	-1.232	-0.404	-1.1
4.5537250042	-1.232	-0.404	-1.1
4.55594015121	0.384	-0.516	2.044
4.55815815926	0.384	-0.516	2.044
4.56037020683	-0.208	0.336	-0.36
4.56258416176	-0.208	0.336	-0.36
4.56479716301	-0.208	0.336	-0.36
4.56701016426	0.256	0.3	0.132
4.56922721863	0.256	0.3	0.132
4.57143807411	-0.084	-0.56	2.044
4.57366609573	-0.084	-0.56	2.044
4.57588005066	0.284	0.024	-1.228
4.57809901237	0.284	0.024	-1.228
4.58036613464	-0.368	0.64	1.36
4.58258199692	-0.368	0.64	1.36
4.58479619026	-0.368	0.64	1.36
4.58701109886	0.012	0.048	2.044
4.5892291069	0.012	0.048	2.044
4.59144020081	-0.376	-0.32	-1.64
4.59365701675	-0.376	-0.32	-1.64
4.59587216377	-0.624	-0.624	2.044
4.59809303284	-0.624	-0.624	2.044
4.60032606125	-0.624	-0.624	2.044
4.60255503654	-0.464	0.0	1.324
4.60476112366	-0.464	0.0	1.324
4.60697007179	-0.928	-0.556	-1.232
4.60925722122	-0.928	-0.556	-1.232
4.61147522926	0.028	-0.792	2.044
4.61368823051	0.028	-0.792	2.044
4.61590003967	0.028	-0.792	2.044
4.61812210083	-0.312	0.12	-0.036
4.62033605576	-0.312	0.12	-0.036
4.62255001068	1.112	0.668	-0.22
4.62476301193	1.112	0.668	-0.22
4.62697720528	-0.156	-0.22	2.044
4.62922310829	-0.156	-0.22	2.044
4.63143610954	0.056	-0.076	-1.068
4.63366413116	0.056	-0.076	-1.068
4.63587808609	0.056	-0.076	-1.068
4.63809800148	0.14	0.048	1.164
4.64030909538	0.14	0.048	1.164
4.64252400398	0.408	-0.608	2.044
4.64473605156	0.408	-0.608	2.044
4.64694809914	-0.248	0.252	-1.632
4.64919614792	-0.248	0.252	-1.632
4.65141201019	-0.248	0.252	-1.632
4.65362620354	-0.076	-0.488	2.044
4.65583920479	-0.076	-0.488	2.044
4.65806007385	-0.616	-0.376	1.676
4.66027522087	-0.616	-0.376	1.676
4.66249799728	0.928	0.608	-1.42
4.66471219063	0.928	0.608	-1.42
4.66692519188	0.284	-0.316	2.044
4.66913819313	0.284	-0.316	2.044
4.67135310173	0.284	-0.316	2.044
4.67356705666	-0.092	-0.152	0.3
4.67578721046	-0.092	-0.152	0.3
4.67800617218	0.896	0.688	-0.608
4.68021202087	0.896	0.688	-0.608
4.68243002892	-0.192	-0.468	2.044
4.68463611603	-0.192	-0.468	2.044
4.68684220314	-0.192	-0.468	2.044
4.68905305862	-0.096	0.168	-0.904
4.69127106667	-0.096	0.168	-0.904
4.69348406792	-0.028	0.644	0.736
4.69569611549	-0.028	0.644	0.736
4.69791913033	0.592	-0.492	2.044
4.70013213158	0.592	-0.492	2.044
4.70234417915	0.592	-0.492	2.044
4.70455622673	0.048	0.268	-1.548
4.70677018166	0.048	0.268	-1.548
4.7089881897	-1.44	0.316	1.92
4.71120405197	-1.44	0.316	1.92
4.71343612671	-0.696	-0.3	2.008
4.71565008163	-0.696	-0.3	2.008
4.71786403656	0.272	0.012	-1.528
4.72007918358	0.272	0.012	-1.528
4.72230601311	0.272	0.012	-1.528
4.72452902794	0.256	-0.244	2.044
4.72674107552	0.256	-0.244	2.044
4.72895407677	0.216	-0.18	0.7
4.73116922379	0.216	-0.18	0.7
4.73338007927	0.892	0.176	-0.912
4.73559212685	0.892	0.176	-0.912
4.73780608177	0.892	0.176	-0.912
4.74001908302	-0.124	-0.676	2.044
4.74223303795	-0.124	-0.676	2.044
4.74445104599	-0.548	-0.132	-0.632
4.74666714668	-0.548	-0.132	-0.632
4.74888706207	-1.04	-0.788	0.308
4.751101017	-1.04	-0.788	0.308
4.75331401825	-1.04	-0.788	0.308
4.75552821159	-0.64	-0.864	2.044
4.75774121284	-0.64	-0.864	2.044
4.75996112823	-0.264	0.448	-1.452
4.7621781826	-0.264	0.448	-1.452
4.76439213753	-0.184	0.428	1.6
4.76660609245	-0.184	0.428	1.6
4.76882004738	-0.108	-0.232	2.044
4.7710351944	-0.108	-0.232	2.044
4.77324819565	-0.108	-0.232	2.044
4.77546000481	-0.676	0.192	-1.64
4.77768921852	-0.676	0.192	-1.64
4.77991318703	-0.04	0.036	2.044
4.78212499619	-0.04	0.036	2.044
4.78433799744	-0.948	-0.088	0.972
4.78656220436	-0.948	-0.088	0.972
4.78878211975	-0.948	-0.088	0.972
4.79099607468	-0.38	0.104	-1.228
4.7932100296	-0.38	0.104	-1.228
4.79542613029	-0.376	-0.292	2.044
4.79763913155	-0.376	-0.292	2.044
4.79985904694	-0.144	0.036	-0.288
4.80207514763	-0.144	0.036	-0.288
4.80428814888	-0.144	0.036	-0.288
4.80650019646	0.236	0.488	-0.052
4.80871319771	0.236	0.488	-0.052
4.81092715263	0.036	-0.344	2.044
4.81314206123	0.036	-0.344	2.044
4.81535506248	0.348	0.176	-1.196
4.8175740242	0.348	0.176	-1.196
4.81979799271	-0.5	-0.996	1.396
4.82200717926	-0.5	-0.996	1.396
4.8242161274	-0.5	-0.996	1.396
4.82642912865	-0.032	-0.12	2.044
4.82864904404	-0.032	-0.12	2.044
4.83086204529	0.292	0.04	-1.604
4.83307409286	0.292	0.04	-1.604
4.83528614044	0.064	-0.316	2.044
4.83749699593	0.064	-0.316	2.044
4.83971619606	0.064	-0.316	2.044
4.84193110466	0.488	-0.604	1.512
4.84414410591	0.488	-0.604	1.512
4.84635615349	-0.46	0.82	-1.46
4.84858322144	-0.46	0.82	-1.46
4.85079908371	-0.192	-0.732	2.044
4.85301303864	-0.192	-0.732	2.044
4.85522603989	-0.192	-0.732	2.044
4.85745716095	0.232	-0.332	0.084
4.85967612267	0.232	-0.332	0.084
4.86188912392	-0.52	0.024	-0.416
4.86410212517	-0.52	0.024	-0.416
4.86633419991	-0.028	-0.088	2.044
4.86855316162	-0.028	-0.088	2.044
4.87076711655	-0.3	-0.168	-1.052
4.87298321724	-0.3	-0.168	-1.052
4.87519812584	-0.3	-0.168	-1.052
4.87741208076	-0.428	0.12	0.924
4.87962818146	-0.428	0.12	0.924
4.88184213638	0.584	-0.156	2.044
4.8840470314	0.584	-0.156	2.044
4.88625216484	0.604	0.612	-1.572
4.88846206665	0.604	0.612	-1.572
4.89067912102	0.604	0.612	-1.572
4.89289116859	1.06	-0.132	2.044
4.89510321617	1.06	-0.132	2.044
4.89731502533	0.496	-0.5	1.876
4.89953017235	0.496	-0.5	1.876
4.90173816681	0.768	0.28	-1.484
4.90395021439	0.768	0.28	-1.484
4.90616512299	0.768	0.28	-1.484
4.9083840847	0.196	-0.192	2.044
4.91060519218	0.196	-0.192	2.044
4.91281819344	0.116	0.056	0.432
4.91502809525	0.116	0.056	0.432
4.91724014282	-0.296	0.168	-0.72
4.91946101189	-0.296	0.168	-0.72
4.92168903351	-0.516	0.048	2.044
4.92390108109	-0.516	0.048	2.044
4.92611408234	-0.516	0.048	2.044
4.92832708359	0.004	-0.236	-0.812
4.93054223061	0.004	-0.236	-0.812
4.93275403976	-0.556	0.228	0.52
4.93496513367	-0.556	0.228	0.52
4.93717813492	-0.104	-0.3	2.044
4.93940019608	-0.104	-0.3	2.044
4.94161319733	-0.104	-0.3	2.044
4.94382810593	-0.024	-0.044	-1.524
4.94604420662	-0.024	-0.044	-1.524
4.94826412201	-0.212	-0.02	1.932
4.95048213005	-0.212	-0.02	1.932
4.95269608498	-0.332	-0.028	2.044
4.95491099358	-0.332	-0.028	2.044
4.95712518692	-0.332	-0.028	2.044
4.95934414864	0.612	0.348	-1.612
4.96156907082	0.612	0.348	-1.612
4.96378207207	0.48	-0.032	2.044
4.96599507332	0.48	-0.032	2.044
4.96820902824	-0.808	0.204	0.732
4.97042417526	-0.808	0.204	0.732
4.972645998	0.444	-0.012	-0.86
4.97485899925	0.444	-0.012	-0.86
4.9770720005	0.444	-0.012	-0.86
4.97929310799	0.236	-0.836	2.044
4.98150706291	0.236	-0.836	2.044
4.98371911049	0.136	-0.304	-0.504
4.9859380722	0.136	-0.304	-0.504
4.98815202713	0.252	-0.148	0.296
4.99036312103	0.252	-0.148	0.296
4.99257516861	0.252	-0.148	0.296
4.99478721619	-0.376	-0.248	2.044
4.99700021744	-0.376	-0.248	2.044
4.9992210865	-0.404	-0.096	-1.388
