Timestamp 	 X-Axis 	 Y-Axis 	 Z-Axis
0.00031304359436	-0.128	-0.24	2.044
0.00308299064636	0.192	-0.032	-1.76
0.00564503669739	0.192	-0.032	-1.76
0.00819897651672	-0.192	-0.444	2.044
0.0107510089874	-0.192	-0.444	2.044
0.0133190155029	-0.216	-0.028	-0.764
0.0158710479736	-0.216	-0.028	-0.764
0.0184211730957	0.564	-0.02	1.532
0.0209691524506	0.564	-0.02	1.532
0.0235271453857	0.172	-0.316	1.744
0.0260801315308	0.172	-0.316	1.744
0.0286281108856	-0.62	0.304	-1.028
0.0311760902405	-0.62	0.304	-1.028
0.0337390899658	0.044	0.072	2.044
0.036306142807	0.044	0.072	2.044
0.0388510227203	-0.176	0.312	-1.736
0.0414040088654	-0.176	0.312	-1.736
0.0439600944519	0.012	-0.028	2.044
0.0465080738068	0.012	-0.028	2.044
0.0490560531616	0.16	0.048	-0.132
0.0516030788422	0.16	0.048	-0.132
0.054151058197	-0.276	-0.212	0.728
0.0566999912262	-0.276	-0.212	0.728
0.059249162674	-0.06	-0.208	2.044
0.0617980957031	-0.06	-0.208	2.044
0.064346075058	0.02	0.148	-1.404
0.0669050216675	0.02	0.148	-1.404
0.0694530010223	-0.032	-1.14	2.044
0.0720181465149	-0.032	-1.14	2.044
0.0745711326599	0.14	0.132	-1.496
0.0771310329437	0.14	0.132	-1.496
0.0796790122986	-0.132	-0.156	2.044
0.0822281837463	-0.132	-0.156	2.044
0.0847761631012	-0.132	-0.188	0.556
0.0873370170593	-0.132	-0.188	0.556
0.0898790359497	0.232	-0.028	0.12
0.0924251079559	0.232	-0.028	0.12
0.0949640274048	-0.652	-0.304	2.044
0.0975379943848	-0.652	-0.304	2.044
0.100093126297	0.184	0.128	-1.648
0.102640151978	0.184	0.128	-1.648
0.105188131332	0.34	-0.472	2.044
0.107743024826	0.34	-0.472	2.044
0.110290050507	-0.188	0.132	-1.132
0.112851142883	-0.188	0.132	-1.132
0.115417003632	0.324	-0.008	2.024
0.117972135544	0.324	-0.008	2.024
0.120532035828	0.248	-0.4	1.28
0.123081207275	0.248	-0.4	1.28
0.125627040863	0.3	0.072	-0.54
0.128180027008	0.3	0.072	-0.54
0.130727052689	-0.12	-0.16	2.044
0.133275032043	-0.12	-0.16	2.044
0.135830163956	-0.296	-0.064	-1.756
0.138381004333	-0.296	-0.064	-1.756
0.140931129456	0.244	-0.392	2.044
0.143488168716	0.244	-0.392	2.044
0.146042108536	0.056	-0.232	-0.6
0.148590087891	0.056	-0.232	-0.6
0.1511490345	0.112	0.0	1.304
0.153699159622	0.112	0.0	1.304
0.156244039536	0.116	-0.416	1.952
0.158792972565	0.116	-0.416	1.952
0.161341190338	-0.268	0.14	-1.1
0.163889169693	-0.268	0.14	-1.1
0.166442155838	-0.268	-0.676	2.044
0.169001102448	-0.092	0.104	-1.652
0.171554088593	-0.092	0.104	-1.652
0.174102067947	0.6	-0.404	2.044
0.176655054092	0.6	-0.404	2.044
0.179203033447	0.204	-0.18	0.068
0.181750059128	0.204	-0.18	0.068
0.184297084808	0.556	-0.08	0.636
0.186860084534	0.556	-0.08	0.636
0.189407110214	0.212	-0.24	2.044
0.191954135895	0.212	-0.24	2.044
0.194504976273	0.088	0.224	-1.484
0.197058200836	0.088	0.224	-1.484
0.199606180191	-0.116	-0.272	2.044
0.20215511322	-0.116	-0.272	2.044
0.204703092575	-0.144	0.016	-1.412
0.207257032394	-0.144	0.016	-1.412
0.209807157516	-0.376	-0.408	2.044
0.212356090546	-0.376	-0.408	2.044
0.214913129807	0.18	-0.06	0.704
0.217465162277	0.18	-0.06	0.704
0.220016002655	-0.208	0.192	-0.152
0.222563028336	-0.208	0.192	-0.152
0.225113153458	0.152	-0.648	2.044
0.227680206299	0.152	-0.648	2.044
0.230226993561	-0.136	0.072	-1.712
0.232786178589	-0.136	0.072	-1.712
0.235336065292	0.452	-0.504	2.044
0.237890005112	0.452	-0.504	2.044
0.240436077118	0.08	0.012	-0.988
0.242983102798	0.08	0.012	-0.988
0.245529174805	0.008	0.084	1.76
0.248081207275	0.008	0.084	1.76
0.250626087189	0.24	-0.064	1.428
0.253173112869	0.24	-0.064	1.428
0.255719184875	0.032	-0.02	-0.704
0.258275032043	0.032	-0.02	-0.704
0.260822057724	-0.012	-0.488	2.044
0.263383150101	-0.012	-0.488	2.044
0.265938997269	-0.392	0.072	-1.784
0.268488168716	-0.392	0.072	-1.784
0.271036148071	0.26	-0.592	2.044
0.273593187332	0.26	-0.592	2.044
0.276146173477	-0.188	0.056	-0.472
0.278694152832	-0.188	0.056	-0.472
0.28124499321	0.2	-0.08	1.14
0.283791065216	0.2	-0.08	1.14
0.286353111267	-0.14	-0.1	2.044
0.288895130157	-0.14	-0.1	2.044
0.291435003281	-0.26	0.18	-1.256
0.293975114822	-0.26	0.18	-1.256
0.296521186829	-0.064	-0.364	2.044
0.299074172974	-0.064	-0.364	2.044
0.301623106003	0.032	0.084	-1.616
0.304170131683	0.032	0.084	-1.616
0.306724071503	-0.56	-0.604	2.044
0.309272050858	-0.56	-0.604	2.044
0.311825037003	-0.188	0.188	0.184
0.314373016357	-0.188	0.188	0.184
0.316925048828	0.176	0.096	0.404
0.31947016716	0.176	0.096	0.404
0.322015047073	-0.088	-0.388	2.044
0.324567079544	-0.088	-0.388	2.044
0.327121019363	0.008	0.16	-1.58
0.329668998718	0.008	0.16	-1.58
0.332215070724	-0.104	-0.192	2.044
0.334763050079	-0.104	-0.192	2.044
0.337319135666	0.16	0.152	-1.332
0.339867115021	0.16	0.152	-1.332
0.342413187027	-0.328	-0.204	2.044
0.344976186752	-0.328	-0.204	2.044
0.347525119781	0.016	0.056	0.88
0.350073099136	0.016	0.056	0.88
0.352621078491	0.18	0.14	-0.268
0.355169057846	0.18	0.14	-0.268
0.357731103897	0.356	-0.364	2.044
0.360278129578	0.356	-0.364	2.044
0.362826108932	-0.06	0.132	-1.768
0.365373134613	-0.06	0.132	-1.768
0.367927074432	0.032	-0.592	2.044
0.370475053787	0.032	-0.592	2.044
0.373020172119	0.368	-0.164	-0.824
0.375568151474	0.368	-0.164	-0.824
0.378123044968	-0.064	0.116	1.616
0.38067317009	-0.064	0.116	1.616
0.38322019577	0.0	-0.404	1.624
0.385845184326	0.0	-0.404	1.624
0.388388156891	0.02	0.036	-0.876
0.3909471035	0.02	0.036	-0.876
0.393496990204	-0.04	-0.432	2.044
0.396054029465	-0.04	-0.432	2.044
0.39860200882	-0.212	0.116	-1.76
0.401152133942	-0.212	0.116	-1.76
0.403701066971	0.016	-0.352	2.044
0.406256198883	0.016	-0.352	2.044
0.408802986145	0.08	0.26	-0.26
0.411351203918	0.08	0.26	-0.26
0.413896083832	0.408	0.248	0.896
0.416448116302	0.408	0.248	0.896
0.418992996216	0.02	-0.72	2.044
0.421540021896	0.02	-0.72	2.044
0.424087047577	0.044	0.056	-1.312
0.426640987396	0.044	0.056	-1.312
0.429198980331	0.672	-0.512	2.044
0.431749105453	0.672	-0.512	2.044
0.434297084808	-0.04	0.224	-1.56
0.436846971512	-0.04	0.224	-1.56
0.439405202866	-0.004	-0.244	2.044
0.441954135895	-0.004	-0.244	2.044
0.444504976273	-0.088	-0.128	0.372
0.447058200836	-0.088	-0.128	0.372
0.449607133865	-0.02	0.02	0.224
0.452154159546	-0.02	0.02	0.224
0.454699039459	0.216	-0.444	2.044
0.457254171371	0.216	-0.444	2.044
0.459802150726	-0.116	0.144	-1.644
0.462349176407	-0.116	0.144	-1.644
0.464909076691	0.128	-1.232	2.044
0.467457056046	0.128	-1.232	2.044
0.470012187958	0.388	-0.3	-1.188
0.472561120987	0.388	-0.3	-1.188
0.475109100342	-0.336	0.168	2.044
0.477662086487	-0.336	0.168	2.044
0.480210065842	-0.292	-0.172	1.072
0.482758998871	-0.292	-0.172	1.072
0.485306978226	-0.024	0.116	-0.476
0.487859010696	-0.024	0.116	-0.476
0.490400075912	-0.412	-0.296	2.044
0.492941141129	-0.412	-0.296	2.044
0.495481014252	-0.188	0.16	-1.764
0.498036146164	-0.188	0.16	-1.764
0.500598192215	0.228	-0.424	2.044
0.503144979477	0.228	-0.424	2.044
0.505695104599	-0.004	0.004	-0.708
0.508249998093	-0.004	0.004	-0.708
0.510801076889	0.296	-0.148	1.444
0.513349056244	0.296	-0.148	1.444
0.515910148621	0.332	-0.056	1.784
0.518458127975	0.332	-0.056	1.784
0.521020174026	0.308	0.212	-0.96
0.52357006073	0.308	0.212	-0.96
0.526123046875	0.392	-0.104	2.044
0.528670072556	0.392	-0.104	2.044
0.531217098236	-0.168	0.128	-1.708
0.533765077591	-0.168	0.128	-1.708
0.53631901741	0.136	-0.672	2.044
0.538868188858	0.136	-0.672	2.044
0.54141497612	0.232	-0.328	-0.08
0.543963193893	0.232	-0.328	-0.08
0.546517133713	-0.576	-0.284	0.704
0.549076080322	-0.576	-0.284	0.704
0.551625013351	0.004	-0.58	2.044
0.554172992706	0.004	-0.58	2.044
0.556725025177	0.324	-0.168	-1.412
0.559288024902	0.324	-0.168	-1.412
0.56183719635	0.372	-0.676	2.044
0.564383983612	0.372	-0.676	2.044
0.566936016083	-0.02	0.18	-1.472
0.569486141205	-0.02	0.18	-1.472
0.572043180466	0.168	-0.224	2.044
0.574590206146	0.168	-0.224	2.044
0.577144145966	0.148	-0.74	0.624
0.579689979553	0.148	-0.74	0.624
0.582237005234	-0.064	-0.136	0.02
0.584784984589	-0.064	-0.136	0.02
0.587341070175	-0.112	-0.508	2.044
0.589893102646	-0.112	-0.508	2.044
0.592441082001	-0.196	0.252	-1.684
0.59499001503	-0.196	0.252	-1.684
0.597543001175	0.104	-0.384	2.044
0.600095033646	0.104	-0.384	2.044
0.602644205093	-0.12	-0.076	-1.112
0.605192184448	-0.12	-0.076	-1.112
0.607747077942	-0.22	0.364	1.852
0.610296010971	-0.22	0.364	1.852
0.612843990326	0.212	-0.188	1.276
0.615401983261	0.212	-0.188	1.276
0.617953062057	0.08	0.092	-0.568
0.620499134064	0.08	0.092	-0.568
0.62304520607	-0.14	-0.188	2.044
0.625599145889	-0.14	-0.188	2.044
0.628164052963	-0.216	0.204	-1.796
0.630712985992	-0.216	0.204	-1.796
0.633264064789	-0.316	-0.424	2.044
0.635818004608	-0.316	-0.424	2.044
0.638367176056	-0.156	-0.032	-0.58
0.640928030014	-0.156	-0.032	-0.58
0.643486022949	-0.864	-0.208	1.192
0.646040201187	-0.864	-0.208	1.192
0.648588180542	0.424	-0.604	2.012
0.651137113571	0.424	-0.604	2.012
0.653684139252	0.152	0.228	-1.112
0.656237125397	0.152	0.228	-1.112
0.658785104752	0.228	-0.344	2.044
0.661331176758	0.228	-0.344	2.044
0.663878202438	-0.292	0.056	-1.652
0.666434049606	-0.292	0.056	-1.652
0.668987989426	0.028	-0.592	2.044
0.671535015106	0.028	-0.592	2.044
0.674082040787	0.364	0.036	0.088
0.676633119583	0.364	0.036	0.088
0.679170131683	-0.344	0.128	0.484
0.681710004807	-0.344	0.128	0.484
0.684249162674	0.276	-0.064	2.044
0.686789035797	0.276	-0.064	2.044
0.689347982407	0.14	-0.008	-1.472
0.691889047623	0.14	-0.008	-1.472
0.694429159164	0.064	-0.08	2.044
0.696974039078	0.064	-0.08	2.044
0.6995241642	-0.016	0.132	-1.428
0.702073097229	-0.016	0.132	-1.428
0.704621076584	-0.604	0.088	2.044
0.707179069519	-0.604	0.088	2.044
0.709727048874	-0.304	-0.156	0.76
0.712277173996	-0.304	-0.156	0.76
0.714835166931	-0.336	0.116	-0.172
0.717413187027	-0.336	0.116	-0.172
0.719961166382	-0.528	-0.492	2.044
0.722510099411	-0.528	-0.492	2.044
0.725057125092	-0.128	0.12	-1.728
0.72761297226	-0.128	0.12	-1.728
0.730162143707	-0.236	-0.716	2.044
0.732711076736	-0.236	-0.716	2.044
0.735259056091	0.064	0.072	-0.98
0.737826108932	0.064	0.072	-0.98
0.740373134613	0.448	-0.404	1.824
0.742920160294	0.448	-0.404	1.824
0.745470046997	-0.16	-0.24	1.456
0.748028993607	-0.16	-0.24	1.456
0.750578165054	-0.336	0.092	-0.756
0.753127098083	-0.336	0.092	-0.756
0.755675077438	0.252	-0.244	2.044
0.758229017258	0.252	-0.244	2.044
0.760776042938	-0.32	0.164	-1.784
0.76332616806	-0.32	0.164	-1.784
0.765882015228	0.084	-0.668	2.044
0.768429994583	0.084	-0.668	2.044
0.770977020264	-0.532	-0.012	-0.464
0.773527145386	-0.532	-0.012	-0.464
0.776082992554	-0.016	-0.092	1.04
0.778632164001	-0.016	-0.092	1.04
0.781181097031	-0.296	-0.096	2.044
0.783729076385	-0.296	-0.096	2.044
0.786318063736	-0.08	0.352	-1.24
0.788868188858	-0.08	0.352	-1.24
0.791440010071	0.064	-0.328	2.044
0.793989181519	0.064	-0.328	2.044
0.796542167664	-0.072	0.14	-1.608
0.799091100693	-0.072	0.14	-1.608
0.801640033722	-0.252	-0.252	2.044
0.80418920517	-0.252	-0.252	2.044
0.806743144989	-0.456	0.524	0.152
0.809292078018	-0.456	0.524	0.152
0.811838150024	0.34	0.22	0.412
0.814382076263	0.34	0.22	0.412
0.816946029663	0.596	-0.628	2.044
0.819492101669	0.596	-0.628	2.044
0.822038173676	0.032	0.028	-1.572
0.824588060379	0.032	0.028	-1.572
0.82714509964	-0.156	-0.384	2.044
0.829694032669	-0.156	-0.384	2.044
0.832242012024	0.164	-0.012	-1.284
0.834791183472	0.164	-0.012	-1.284
0.837345123291	-0.208	-0.348	2.044
0.83989405632	-0.208	-0.348	2.044
0.842442989349	-0.112	-0.232	0.924
0.844991207123	-0.112	-0.232	0.924
0.847540140152	-0.54	-0.02	-0.348
0.850093126297	-0.54	-0.02	-0.348
0.852641105652	0.344	-0.556	2.044
0.855187177658	0.344	-0.556	2.044
0.857752084732	0.256	0.088	-1.748
0.860300064087	0.256	0.088	-1.748
0.862846136093	-0.476	-0.408	2.044
0.865399122238	-0.476	-0.408	2.044
0.867954969406	-0.224	0.04	-0.88
0.87050318718	-0.224	0.04	-0.88
0.873064994812	0.464	-0.428	1.612
0.875612020493	0.464	-0.428	1.612
0.878165006638	0.164	-0.04	1.616
0.880712032318	0.164	-0.04	1.616
0.883260011673	0.056	0.14	-0.896
0.885812044144	0.056	0.14	-0.896
0.888352155685	0.0	-0.42	2.044
0.89088511467	0.0	-0.42	2.044
0.893414974213	-0.096	0.092	-1.756
0.895960092545	-0.096	0.092	-1.756
0.898512125015	0.116	-0.476	2.044
0.901059150696	0.116	-0.476	2.044
0.903607130051	-0.272	-0.212	-0.284
0.906189203262	-0.272	-0.212	-0.284
0.908739089966	-0.664	-0.084	0.864
0.911287069321	-0.664	-0.084	0.864
0.913850069046	-0.276	-0.568	2.044
0.916404008865	-0.276	-0.568	2.044
0.91895198822	-0.036	0.116	-1.344
0.921501159668	-0.036	0.116	-1.344
0.924049139023	-0.076	-0.316	2.044
0.926604032516	-0.076	-0.316	2.044
0.929162979126	0.0	-0.004	-1.548
0.931703090668	0.0	-0.004	-1.548
0.934242010117	0.268	0.092	2.044
0.936789989471	0.268	0.092	2.044
0.939335107803	-0.156	0.156	0.408
0.94188117981	-0.156	0.156	0.408
0.944431066513	-0.132	0.124	0.14
0.946985006332	-0.132	0.124	0.14
0.949532032013	-0.896	-0.392	2.044
0.952579021454	-0.896	-0.392	2.044
0.955136060715	-0.024	0.268	-1.66
0.95769405365	-0.024	0.268	-1.66
0.960247039795	-0.3	-0.456	2.044
0.962795972824	-0.3	-0.456	2.044
0.965344190598	-0.012	0.228	-1.216
0.967900037766	-0.012	0.228	-1.216
0.970448970795	-0.256	-0.264	2.044
0.972997188568	-0.256	-0.264	2.044
0.975545167923	0.316	-0.024	1.156
0.978099107742	0.316	-0.024	1.156
0.980646133423	-0.48	0.048	-0.488
0.983194112778	-0.48	0.048	-0.488
0.985747098923	0.236	-0.428	2.044
0.988298177719	0.236	-0.428	2.044
0.990846157074	-0.2	-0.016	-1.788
0.993396997452	-0.2	-0.016	-1.788
0.995954036713	0.2	0.08	2.044
0.998500108719	0.2	0.08	2.044
1.00107097626	-0.16	-0.028	-0.74
1.00362205505	-0.16	-0.028	-0.74
1.00617718697	-0.592	-0.724	1.408
1.00872516632	-0.592	-0.724	1.408
1.01127409935	0.096	-0.264	1.82
1.01382112503	0.096	-0.264	1.82
1.0163731575	-0.26	0.144	-1.06
1.01892209053	-0.26	0.144	-1.06
1.02147006989	-0.084	-0.476	2.044
1.02402210236	-0.084	-0.476	2.044
1.02657699585	-0.048	0.252	-1.724
1.0291249752	-0.048	0.252	-1.724
1.03167414665	-0.416	-0.252	2.044
1.03422403336	-0.416	-0.252	2.044
1.03679800034	-0.156	0.12	-0.08
1.03935408592	-0.156	0.12	-0.08
1.04190301895	0.476	-0.076	0.72
1.04444909096	0.476	-0.076	0.72
1.04700112343	0.388	-0.312	2.044
1.04955005646	0.388	-0.312	2.044
1.05209612846	0.036	0.076	-1.408
1.05464220047	0.036	0.076	-1.408
1.05719614029	-0.38	-0.376	2.044
1.05974411964	-0.38	-0.376	2.044
1.06229114532	-0.044	0.092	-1.468
1.0648431778	-0.044	0.092	-1.468
1.06742215157	-0.184	0.004	2.044
1.06997013092	-0.184	0.004	2.044
1.07252597809	0.208	-0.236	0.632
1.07507300377	0.208	-0.236	0.632
1.07762718201	0.412	0.064	0.032
1.08017206192	0.412	0.064	0.032
1.08271718025	0.048	-0.492	2.044
1.08526301384	0.048	-0.492	2.044
1.08781218529	0.052	-0.164	-1.692
1.09035420418	0.052	-0.164	-1.692
1.0928940773	0.048	-0.664	2.044
1.09543418884	0.048	-0.664	2.044
1.09800100327	0.076	0.064	-1.088
1.10055303574	0.076	0.064	-1.088
1.10310411453	-0.176	-0.764	1.948
1.10565805435	-0.176	-0.764	1.948
1.10821413994	0.436	-0.276	1.332
1.11076116562	0.436	-0.276	1.332
1.11331009865	-0.048	0.044	-0.664
1.11586403847	-0.048	0.044	-0.664
1.11841201782	0.124	-0.576	2.044
1.1209731102	0.124	-0.576	2.044
1.12352204323	0.02	0.152	-1.764
1.1260740757	0.02	0.152	-1.764
1.12862110138	-0.112	-0.46	2.044
1.13117218018	-0.112	-0.46	2.044
1.13371920586	-0.244	0.328	-0.532
1.13627314568	-0.244	0.328	-0.532
1.1388220787	0.508	-0.016	1.264
1.14136815071	0.508	-0.016	1.264
1.14392709732	0.1	-0.368	2.004
1.14648318291	0.1	-0.368	2.004
1.14902901649	0.328	0.18	-1.132
1.15157699585	0.328	0.18	-1.132
1.1541249752	0.988	-0.352	2.044
1.15667819977	0.988	-0.352	2.044
1.15922498703	0.048	0.108	-1.66
1.1617732048	0.048	0.108	-1.66
1.16431999207	0.088	-0.156	2.044
1.16687607765	0.088	-0.156	2.044
1.16942501068	0.168	-0.116	0.096
1.17197108269	0.168	-0.116	0.096
1.17451620102	0.388	-0.38	0.536
1.17708516121	0.388	-0.38	0.536
1.17963218689	-0.236	-0.26	2.044
1.18219399452	-0.236	-0.26	2.044
1.18474411964	0.08	0.028	-1.532
1.18729114532	0.08	0.028	-1.532
1.18983697891	-0.232	-0.332	2.044
1.19238615036	-0.232	-0.332	2.044
1.19493508339	-0.132	0.12	-1.388
1.19748902321	-0.132	0.12	-1.388
1.20003819466	-0.088	-0.104	2.044
1.20258617401	-0.088	-0.104	2.044
1.20513415337	0.06	-0.14	0.784
1.20768713951	0.06	-0.14	0.784
1.21023511887	-0.196	-0.048	-0.208
1.21278309822	-0.196	-0.048	-0.208
1.21535301208	0.12	-0.324	2.044
1.21790719032	0.12	-0.324	2.044
1.22045397758	-0.052	0.2	-1.728
1.22300601006	-0.052	0.2	-1.728
1.22555613518	0.428	-0.344	2.044
1.22811102867	0.428	-0.344	2.044
1.23065900803	0.512	0.292	-0.924
1.23320603371	0.512	0.292	-0.924
1.23575210571	0.336	0.1	1.716
1.23833203316	0.336	0.1	1.716
1.24087810516	0.392	0.02	1.5
1.24342012405	0.392	0.02	1.5
1.24596714973	-0.376	-0.048	-0.76
1.24851703644	-0.376	-0.048	-0.76
1.25106811523	0.544	-0.552	2.044
1.25361514091	0.544	-0.552	2.044
1.25616812706	0.08	0.1	-1.736
1.25871706009	0.08	0.1	-1.736
1.26126718521	-0.244	-0.368	2.044
1.26381611824	-0.244	-0.368	2.044
1.26637101173	0.108	0.148	-0.42
1.26891708374	0.108	0.148	-0.42
1.27147603035	0.024	-0.112	1.076
1.27402615547	-0.472	-0.36	2.044
1.27658009529	-0.472	-0.36	2.044
1.27912807465	0.124	0.012	-1.268
1.281676054	0.124	0.012	-1.268
1.28422307968	0.104	-0.456	2.044
1.28678607941	0.104	-0.456	2.044
1.2893280983	0.0	0.392	-1.62
1.29186010361	0.0	0.392	-1.62
1.29439401627	0.192	-0.32	2.044
1.29695415497	0.192	-0.32	2.044
1.29950499535	-0.188	-0.168	0.26
1.30206418037	-0.188	-0.168	0.26
1.3046131134	0.012	-0.108	0.316
1.30716705322	0.012	-0.108	0.316
1.3097140789	-0.004	-0.128	2.044
1.31226205826	-0.004	-0.128	2.044
1.31481003761	0.084	0.248	-1.604
1.31738400459	0.084	0.248	-1.604
1.31993198395	0.824	-0.484	2.044
1.3224811554	0.824	-0.484	2.044
1.32502698898	0.14	0.108	-1.284
1.32757997513	0.14	0.108	-1.284
1.33012914658	-0.164	-0.008	2.044
1.33267617226	-0.164	-0.008	2.044
1.33522319794	-0.312	0.152	0.944
1.3377790451	-0.312	0.152	0.944
1.3403301239	0.288	0.112	-0.312
1.34287500381	0.288	0.112	-0.312
1.34543418884	-0.152	0.036	2.044
1.34798812866	-0.152	0.036	2.044
1.35053515434	-0.012	0.176	-1.764
1.35309815407	-0.012	0.176	-1.764
1.3556470871	0.016	-0.316	2.044
1.35821008682	0.016	-0.316	2.044
1.36075806618	-0.484	-0.044	-0.848
1.3633081913	-0.484	-0.044	-0.848
1.36586308479	0.212	0.076	1.524
1.3684091568	0.212	0.076	1.524
1.37095618248	0.136	-0.296	1.704
1.37350296974	0.136	-0.296	1.704
1.37605619431	-0.32	0.208	-0.968
1.37860512733	-0.32	0.208	-0.968
1.38115501404	-0.124	-0.424	2.044
1.38370299339	-0.124	-0.424	2.044
1.38625812531	0.172	-0.036	-1.728
1.38880705833	0.172	-0.036	-1.728
1.39136815071	0.148	-0.16	2.044
1.39391613007	0.148	-0.16	2.044
1.39646911621	-0.248	-0.04	-0.216
1.39901709557	-0.248	-0.04	-0.216
1.40156817436	0.156	-0.168	0.836
1.40411520004	0.156	-0.168	0.836
1.40667009354	0.032	-0.184	2.044
1.40921807289	0.032	-0.184	2.044
1.41176509857	0.032	0.036	-1.356
1.41431117058	0.032	0.036	-1.356
1.41686415672	0.26	-0.328	2.044
1.41941618919	0.26	-0.328	2.044
1.42196416855	-0.064	0.18	-1.552
1.4245121479	-0.064	0.18	-1.552
1.4270670414	-0.148	0.02	2.044
1.42962312698	-0.148	0.02	2.044
1.43217015266	0.044	-0.124	0.472
1.43471813202	0.044	-0.124	0.472
1.4372651577	-0.712	-0.292	0.148
1.43981218338	-0.712	-0.292	0.148
1.44236111641	-0.56	-0.348	2.044
1.44490814209	-0.56	-0.348	2.044
1.44746208191	-0.004	0.128	-1.672
1.45001220703	-0.004	0.128	-1.672
1.45256018639	-0.092	-0.376	2.044
1.45510816574	-0.092	-0.376	2.044
1.45766401291	-0.104	0.056	-1.168
1.46022605896	-0.104	0.056	-1.168
1.46277403831	0.06	-0.004	2.04
1.46532511711	0.06	-0.004	2.04
1.46787905693	-0.556	-0.34	1.16
1.47042608261	-0.556	-0.34	1.16
1.47298812866	-0.472	0.004	-0.54
1.47553706169	-0.472	0.004	-0.54
1.47809100151	0.308	-0.028	2.044
1.48063898087	0.308	-0.028	2.044
1.48318719864	-0.072	0.268	-1.78
1.48573613167	-0.072	0.268	-1.78
1.48828601837	0.088	-0.2	2.044
1.49082612991	0.088	-0.2	2.044
1.49336504936	-0.18	-0.024	-0.648
1.49591112137	-0.18	-0.024	-0.648
1.49846720695	-0.328	-0.112	1.3
1.50102519989	-0.328	-0.112	1.3
1.50357317924	0.008	-0.46	1.904
1.50612807274	0.008	-0.46	1.904
1.50867509842	0.056	0.188	-1.04
1.51122307777	0.056	0.188	-1.04
1.51377105713	0.032	-0.148	2.044
1.51632404327	0.032	-0.148	2.044
1.51887202263	-0.024	0.124	-1.708
1.52142119408	-0.024	0.124	-1.708
1.52396917343	-0.276	-0.46	2.044
1.52652311325	-0.276	-0.46	2.044
1.52910518646	-0.076	-0.056	-0.072
1.53165507317	-0.076	-0.056	-0.072
1.53420305252	0.328	0.06	0.648
1.53675317764	0.328	0.06	0.648
1.53930211067	-0.232	-0.404	2.044
1.5418510437	-0.232	-0.404	2.044
1.54439997673	-0.096	0.124	-1.48
1.54695606232	-0.096	0.124	-1.48
1.54950404167	-0.116	-0.364	2.044
1.55205202103	-0.116	-0.364	2.044
1.55460119247	-0.04	0.148	-1.444
1.55715417862	-0.04	0.148	-1.444
1.55970311165	-0.404	-0.676	2.044
1.56225204468	-0.404	-0.676	2.044
1.56480002403	-0.116	0.024	0.64
1.56734609604	-0.116	0.024	0.64
1.56989502907	0.604	-0.136	-0.024
1.572453022	0.604	-0.136	-0.024
1.57500004768	0.116	-0.068	2.044
1.57756018639	0.116	-0.068	2.044
1.58010816574	0.112	0.252	-1.7
1.58265399933	0.112	0.252	-1.7
1.58520197868	0.252	-0.708	2.044
1.58775615692	0.252	-0.708	2.044
1.5903031826	0.14	0.012	-1.032
1.59284996986	0.14	0.012	-1.032
1.59539818764	-0.196	0.12	1.864
1.59794616699	-0.196	0.12	1.864
1.60049319267	0.108	-0.316	1.356
1.60303997993	0.108	-0.316	1.356
1.60558700562	0.084	0.304	-0.664
1.60813999176	0.084	0.304	-0.664
1.61068797112	-0.1	-0.264	2.044
1.6132349968	-0.1	-0.264	2.044
1.61578917503	-0.38	0.108	-1.804
1.61834216118	-0.38	0.108	-1.804
1.62089014053	0.404	-0.412	2.044
1.62343502045	0.404	-0.412	2.044
1.62598514557	-0.076	-0.316	-0.508
1.62853312492	-0.076	-0.316	-0.508
1.6310801506	0.6	0.008	1.208
1.63362407684	0.6	0.008	1.208
1.63617420197	-0.096	-0.124	2.044
1.63872218132	-0.096	-0.124	2.044
1.64128398895	-0.008	0.056	-1.188
1.64388203621	-0.008	0.056	-1.188
1.64643716812	-0.208	-0.556	2.044
1.64900016785	-0.208	-0.556	2.044
1.6515481472	-0.184	0.104	-1.66
1.65409398079	-0.184	0.104	-1.66
1.65664720535	-0.496	-0.552	2.044
1.65919613838	-0.496	-0.552	2.044
1.66174316406	0.168	-0.456	0.164
1.66428899765	0.168	-0.456	0.164
1.6668419838	-0.076	0.064	0.428
1.6693880558	-0.076	0.064	0.428
1.67193412781	-0.292	0.16	2.044
1.67448210716	-0.292	0.16	2.044
1.67703008652	-0.212	0.16	-1.544
1.67957305908	-0.212	0.16	-1.544
1.68211507797	-0.6	-0.276	2.044
1.68465614319	-0.6	-0.276	2.044
1.68719601631	0.34	0.12	-1.344
1.68974018097	0.34	0.12	-1.344
1.69227910042	0.748	-0.7	2.044
1.69481801987	0.748	-0.7	2.044
1.69746017456	0.088	-0.1	0.852
1.70001101494	0.088	-0.1	0.852
1.70255899429	-0.264	0.064	-0.248
1.70512318611	-0.264	0.064	-0.248
1.70767307281	0.22	-0.4	2.044
1.7102200985	0.22	-0.4	2.044
1.71276807785	-0.016	0.048	-1.756
1.71532702446	-0.016	0.048	-1.756
1.71787810326	0.356	-0.348	2.044
1.72042608261	0.356	-0.348	2.044
1.72297501564	0.156	0.056	-0.884
1.72552108765	0.156	0.056	-0.884
1.72807502747	-0.276	-0.376	1.664
1.73062419891	-0.276	-0.376	1.664
1.73317098618	0.056	-0.372	1.584
1.73580312729	0.056	-0.372	1.584
1.73835515976	-0.024	-0.08	-0.844
1.74090409279	-0.024	-0.08	-0.844
1.74345302582	-0.08	-0.584	2.044
1.74600815773	-0.08	-0.584	2.044
1.74855709076	-0.048	0.02	-1.748
1.75110411644	-0.048	0.02	-1.748
1.75365519524	0.344	-0.52	2.044
1.75620818138	0.344	-0.52	2.044
1.75875520706	0.096	0.296	-0.312
1.76130199432	0.096	0.296	-0.312
1.76384806633	-0.056	-0.032	0.98
1.7664000988	-0.056	-0.032	0.98
1.76894807816	-0.052	-0.316	2.044
1.77149701118	-0.052	-0.316	2.044
1.77404403687	-0.116	0.02	-1.288
1.77660012245	-0.116	0.02	-1.288
1.77914905548	0.076	-0.36	2.044
1.78169608116	0.076	-0.36	2.044
1.78424406052	-0.16	0.34	-1.592
1.78680801392	-0.16	0.34	-1.592
1.78935599327	0.476	-0.276	2.044
1.79190301895	0.476	-0.276	2.044
1.79445004463	0.1	-0.128	0.368
1.7970020771	0.1	-0.128	0.368
1.79956316948	0.22	0.016	0.24
1.80210900307	0.22	0.016	0.24
1.80465316772	0.244	-0.348	2.044
1.8072052002	0.244	-0.348	2.044
1.80975413322	-0.088	0.324	-1.644
1.81230306625	-0.088	0.324	-1.644
1.81485414505	-0.772	-0.86	2.044
1.81746912003	-0.772	-0.86	2.044
1.8200211525	-0.332	0.26	-1.26
1.82257008553	-0.332	0.26	-1.26
1.8251311779	-0.1	0.096	2.044
1.82768511772	-0.1	0.096	2.044
1.8302321434	-0.16	-0.3	1.024
1.83278203011	-0.16	-0.3	1.024
1.83533120155	-0.028	0.056	-0.42
1.83788514137	-0.028	0.056	-0.42
1.84043216705	-0.172	-0.66	2.044
1.84298110008	-0.172	-0.66	2.044
1.84552907944	-0.012	0.048	-1.736
1.84808397293	-0.012	0.048	-1.736
1.85063314438	0.352	-0.352	2.044
1.85318017006	0.352	-0.352	2.044
1.85573005676	0.232	0.028	-0.724
1.85829305649	0.232	0.028	-0.724
1.86083912849	-0.188	-0.24	1.468
1.86338615417	-0.188	-0.24	1.468
1.86594200134	0.436	-0.34	1.764
1.8684899807	0.436	-0.34	1.764
1.8710360527	0.156	0.06	-0.948
1.87358307838	0.156	0.06	-0.948
1.87613606453	-0.32	-0.348	2.044
1.87868309021	-0.32	-0.348	2.044
1.88123202324	-0.328	0.092	-1.736
1.88378000259	-0.328	0.092	-1.736
1.88633513451	-0.36	-0.516	2.044
1.88887619972	-0.36	-0.516	2.044
1.89141607285	0.004	-0.16	-0.14
1.89395904541	0.004	-0.16	-0.14
1.89650416374	-0.788	-0.252	0.728
1.89905619621	-0.788	-0.252	0.728
1.90160417557	-0.196	-0.084	2.044
1.90415120125	-0.196	-0.084	2.044
1.90670609474	0.06	-0.064	-1.416
1.9092540741	0.06	-0.064	-1.416
1.91180109978	0.432	-0.904	2.044
1.91434812546	0.432	-0.904	2.044
1.9169011116	-0.036	0.056	-1.496
1.91946101189	-0.036	0.056	-1.496
1.92201018333	0.048	-0.508	2.044
1.9245569706	0.048	-0.508	2.044
1.92710804939	0.224	-0.196	0.548
1.929666996	0.224	-0.196	0.548
1.93221306801	-0.14	-0.02	0.048
1.9347641468	-0.14	-0.02	0.048
1.93731403351	-0.16	-0.588	2.044
1.93986320496	-0.16	-0.588	2.044
1.94241118431	-0.008	0.324	-1.676
1.94496011734	-0.008	0.324	-1.676
1.94751620293	0.016	-0.124	2.044
1.95006108284	0.016	-0.124	2.044
1.95260715485	0.032	0.048	-1.136
1.9551551342	0.032	0.048	-1.136
1.95770812035	-0.168	0.036	1.956
1.9602560997	-0.168	0.036	1.956
1.96280407906	-0.184	-0.704	1.252
1.96535301208	-0.184	-0.704	1.252
1.967908144	0.264	0.136	-0.508
1.97048711777	0.264	0.136	-0.508
1.97303700447	-0.032	-0.18	2.044
1.97559309006	-0.032	-0.18	2.044
1.97814917564	0.016	0.112	-1.756
1.98069620132	0.016	0.112	-1.756
1.98324108124	0.012	-0.548	2.044
1.98579502106	0.012	-0.548	2.044
1.98834204674	0.116	-0.008	-0.596
1.99089002609	0.116	-0.008	-0.596
1.99343919754	-0.616	-0.16	1.252
1.99599313736	-0.616	-0.16	1.252
1.99854207039	0.124	-0.584	1.92
2.00110816956	0.124	-0.584	1.92
2.00365805626	-0.024	0.168	-1.104
2.00621414185	-0.024	0.168	-1.104
2.0087621212	-0.188	-0.752	2.044
2.01131105423	-0.188	-0.752	2.044
2.0138630867	-0.304	0.26	-1.696
2.01641702652	-0.304	0.26	-1.696
2.01896810532	-0.052	-0.404	2.044
2.02151608467	-0.052	-0.404	2.044
2.0240650177	-0.156	-0.164	0.008
2.02661919594	-0.156	-0.164	0.008
2.0291659832	0.02	-0.164	0.56
2.03171205521	0.02	-0.164	0.56
2.03425908089	-0.032	-0.16	2.044
2.03681302071	-0.032	-0.16	2.044
2.03936004639	-0.012	0.056	-1.48
2.04191017151	-0.012	0.056	-1.48
2.04445719719	-0.584	-0.516	2.044
2.04701304436	-0.584	-0.516	2.044
2.04956412315	-0.148	0.092	-1.424
2.05211520195	-0.148	0.092	-1.424
2.0546631813	0.032	-0.176	2.044
2.05722498894	0.032	-0.176	2.044
2.05977201462	0.236	-0.056	0.72
2.06231808662	0.236	-0.056	0.72
2.06486201286	-0.436	-0.008	-0.12
2.06744599342	-0.436	-0.008	-0.12
2.06999516487	-0.3	-0.18	2.044
2.07255220413	-0.3	-0.18	2.044
2.07510113716	0.012	0.22	-1.732
2.07765412331	0.012	0.22	-1.732
2.08020019531	-0.608	-0.228	2.044
2.08274817467	-0.608	-0.228	2.044
2.08529615402	-0.216	0.1	-1.012
2.08784818649	-0.216	0.1	-1.012
2.09039020538	0.672	-0.44	1.864
2.09293317795	0.672	-0.44	1.864
2.09547710419	-0.236	-0.072	1.428
2.09803009033	-0.236	-0.072	1.428
2.10058307648	0.056	0.144	-0.712
2.10312914848	0.056	0.144	-0.712
2.10567712784	-0.228	-0.304	2.044
2.10823202133	-0.228	-0.304	2.044
2.11078000069	-0.044	0.1	-1.76
2.11333012581	-0.044	0.1	-1.76
2.11588406563	-0.108	-0.68	2.044
2.11843204498	-0.108	-0.68	2.044
2.12098002434	-0.288	-0.084	-0.476
2.12353014946	-0.288	-0.084	-0.476
2.12608504295	-0.272	-0.192	1.052
2.12863302231	-0.272	-0.192	1.052
2.13118720055	0.104	-0.448	2.044
2.13373398781	0.104	-0.448	2.044
2.13628697395	0.132	0.188	-1.212
2.1388361454	0.132	0.188	-1.212
2.14138197899	0.368	-0.328	2.044
2.1439371109	0.368	-0.328	2.044
2.14649105072	-0.024	0.208	-1.612
2.14903903008	-0.024	0.208	-1.612
2.15159797668	-0.092	-0.584	2.044
2.15414810181	-0.092	-0.584	2.044
2.15670204163	-0.612	0.012	0.22
2.15924811363	-0.612	0.012	0.22
2.16179609299	-0.2	0.132	0.356
2.16434216499	-0.2	0.132	0.356
2.16689300537	-0.224	-0.236	2.044
2.16944408417	-0.224	-0.236	2.044
2.17199397087	0.092	0.128	-1.56
2.17458415031	0.092	0.128	-1.56
2.17713999748	-0.28	-0.408	2.044
2.17968916893	-0.28	-0.408	2.044
2.18223714828	-0.052	-0.084	-1.3
2.18478608131	-0.052	-0.084	-1.3
2.18733716011	-0.28	-0.244	2.044
2.18988418579	-0.28	-0.244	2.044
2.19243097305	0.06	-0.2	0.904
2.19497799873	0.06	-0.2	0.904
2.19753098488	-0.536	-0.044	-0.332
2.20008015633	-0.536	-0.044	-0.332
2.20262908936	0.16	-0.14	2.044
2.20517516136	0.16	-0.14	2.044
2.20772814751	0.208	0.016	-1.732
2.21027803421	0.208	0.016	-1.732
2.21282505989	-0.132	0.208	2.044
2.21538305283	-0.132	0.208	2.044
2.21794009209	0.028	0.04	-0.836
2.22048711777	0.028	0.04	-0.836
2.22303199768	-0.18	-0.076	1.608
2.2255821228	-0.18	-0.076	1.608
2.22813606262	-0.028	-0.132	1.632
2.2306830883	-0.028	-0.132	1.632
2.23328304291	-0.144	0.136	-0.876
2.23584508896	-0.144	0.136	-0.876
2.23839306831	0.332	-0.308	2.044
2.24094009399	0.332	-0.308	2.044
2.24348807335	0.096	0.128	-1.736
2.24604105949	0.096	0.128	-1.736
2.24858903885	0.072	-0.556	2.044
2.25113916397	0.072	-0.556	2.044
2.25368618965	0.336	-0.312	-0.248
2.2562391758	0.336	-0.312	-0.248
2.25878715515	0.124	-0.056	0.916
2.26133418083	0.124	-0.056	0.916
2.26388001442	0.24	-0.308	2.044
2.26643419266	0.24	-0.308	2.044
2.26898097992	-0.032	0.032	-1.332
2.2715280056	-0.032	0.032	-1.332
2.27407717705	-0.048	-0.424	2.044
2.27663111687	-0.048	-0.424	2.044
2.2791800499	-0.044	0.064	-1.576
2.28172898293	-0.044	0.064	-1.576
2.28427815437	-0.008	0.104	2.044
2.28684020042	-0.008	0.104	2.044
2.28938412666	-0.064	-0.036	0.396
2.29192399979	-0.064	-0.036	0.396
2.29446315765	-0.372	-0.06	0.168
2.29700899124	-0.372	-0.06	0.168
2.29956007004	-0.072	-0.132	2.044
2.30210804939	-0.072	-0.132	2.044
2.30465602875	0.06	0.156	-1.624
2.30721116066	0.06	0.156	-1.624
2.30975818634	-0.604	-0.336	2.044
2.31230807304	-0.604	-0.336	2.044
2.3148560524	-0.064	0.096	-1.232
2.31743097305	-0.064	0.096	-1.232
2.3199801445	-0.176	0.06	2.044
2.32252717018	-0.176	0.06	2.044
2.32507205009	-0.152	-0.116	1.092
2.32763719559	-0.152	-0.116	1.092
2.33019018173	0.128	0.196	-0.456
2.33273601532	0.128	0.196	-0.456
2.33528208733	-0.112	-0.612	2.044
2.33783698082	-0.112	-0.612	2.044
2.34038519859	0.172	-0.048	-1.764
2.34293413162	0.172	-0.048	-1.764
2.34548401833	-0.048	-0.464	2.044
2.34803819656	-0.048	-0.464	2.044
2.35058617592	-0.364	0.064	-0.732
2.35314416885	-0.364	0.064	-0.732
2.35569119453	0.004	-0.176	1.432
2.35825300217	0.004	-0.176	1.432
2.36080098152	0.18	-0.22	1.836
2.3633480072	0.18	-0.22	1.836
2.36590099335	-0.144	0.156	-1.048
2.36845207214	-0.144	0.156	-1.048
2.37100100517	-0.132	-0.396	2.044
2.37354898453	-0.132	-0.396	2.044
2.37610197067	-0.2	0.144	-1.716
2.37865018845	-0.2	0.144	-1.716
2.3811981678	0.088	-0.188	2.044
2.38374400139	0.088	-0.188	2.044
2.38629698753	-0.604	0.06	-0.116
2.38884520531	-0.604	0.06	-0.116
2.39139103889	-0.28	0.1	0.68
2.39393997192	-0.28	0.1	0.68
2.39649319649	0.524	-0.224	2.044
2.39903903008	0.524	-0.224	2.044
2.40158820152	0.284	0.212	-1.372
2.40413403511	0.284	0.212	-1.372
2.40668916702	-0.224	-0.104	2.044
2.40925502777	-0.224	-0.104	2.044
2.41180300713	0.176	0.088	-1.48
2.41434907913	0.176	0.088	-1.48
2.41690301895	0.068	-0.324	2.044
2.41945099831	0.068	-0.324	2.044
2.42199802399	-0.272	0.032	0.56
2.42454409599	-0.272	0.032	0.56
2.42709612846	0.288	-0.204	0.052
2.42965102196	0.288	-0.204	0.052
2.43219709396	0.06	-0.584	2.044
2.43474507332	0.06	-0.584	2.044
2.437292099	-0.1	-0.112	-1.692
2.43984103203	-0.1	-0.112	-1.692
2.44239115715	0.644	-0.256	2.044
2.44493818283	0.644	-0.256	2.044
2.44750714302	0.24	0.144	-1.12
2.45005512238	0.24	0.144	-1.12
2.45260214806	-0.608	-0.68	1.964
2.45515012741	-0.608	-0.68	1.964
2.45770597458	0.092	-0.272	1.284
2.46025419235	0.092	-0.272	1.284
2.46280002594	0.012	0.076	-0.632
2.46534705162	0.012	0.076	-0.632
2.46790003777	-0.04	-0.464	2.044
2.47044801712	-0.04	-0.464	2.044
2.47299599648	-0.008	0.112	-1.756
2.47554397583	-0.008	0.112	-1.756
2.47809910774	0.18	-0.252	2.044
2.48064517975	0.18	-0.252	2.044
2.48319101334	-0.036	-0.068	-0.54
2.48573803902	-0.036	-0.068	-0.54
2.48829197884	0.408	0.084	1.24
2.4908311367	0.408	0.084	1.24
2.49336719513	0.08	-0.34	1.996
2.49591016769	0.08	-0.34	1.996
2.49846220016	-0.068	0.068	-1.12
2.50101900101	-0.068	0.068	-1.12
2.50356602669	-0.56	-0.216	2.044
2.50612211227	-0.56	-0.216	2.044
2.50867009163	0.156	0.292	-1.668
2.51121711731	0.156	0.292	-1.668
2.51376509666	0.096	-0.348	2.044
2.51631808281	0.096	-0.348	2.044
2.51886510849	0.212	-0.032	0.068
2.52142000198	0.212	-0.032	0.068
2.52396917343	0.472	0.04	0.572
2.52653217316	0.472	0.04	0.572
2.52912116051	0.092	-0.144	2.044
2.53167009354	0.092	-0.144	2.044
2.53421616554	0.236	0.084	-1.52
2.53676915169	0.236	0.084	-1.52
2.53931713104	-0.816	-0.208	2.044
2.5418651104	-0.816	-0.208	2.044
2.54441308975	-0.208	0.188	-1.416
2.54696798325	-0.208	0.188	-1.416
2.54951715469	-0.152	-0.124	2.044
2.55206513405	-0.152	-0.124	2.044
2.55461406708	-0.196	-0.192	0.744
2.5571680069	-0.196	-0.192	0.744
2.55971503258	-0.036	-0.02	-0.168
2.56226301193	-0.036	-0.02	-0.168
2.56481099129	0.248	-0.236	2.044
2.56739401817	0.248	-0.236	2.044
2.5699441433	0.0	0.116	-1.712
2.57249307632	0.0	0.116	-1.712
2.57503199577	-0.128	-0.492	2.044
2.57758617401	-0.128	-0.492	2.044
2.58013415337	0.06	0.112	-0.956
2.58267998695	0.06	0.112	-0.956
2.58524107933	-0.088	0.18	1.76
2.58779501915	0.54	0.12	1.452
2.59033918381	0.54	0.12	1.452
2.59288311005	0.54	0.12	1.452
2.59542703629	-0.924	0.076	-0.788
2.5979809761	0.056	-0.12	2.044
2.60052800179	0.056	-0.12	2.044
2.60307502747	-0.068	0.096	-1.756
2.60562610626	-0.068	0.096	-1.756
2.60818099976	-0.48	-0.476	2.044
2.6107301712	-0.48	-0.476	2.044
2.61327719688	-0.192	-0.08	-0.412
2.61582708359	-0.192	-0.08	-0.412
2.61837816238	0.412	0.028	1.056
2.6209230423	0.412	0.028	1.056
2.62346601486	0.356	-0.632	2.044
2.6260201931	0.356	-0.632	2.044
2.62856602669	-0.088	0.24	-1.256
2.63111400604	-0.088	0.24	-1.256
2.63366508484	-0.06	-0.332	2.044
2.63621807098	-0.06	-0.332	2.044
2.63876509666	-0.228	0.328	-1.632
2.64131498337	-0.228	0.328	-1.632
2.64387106895	0.032	0.008	2.044
2.64642620087	0.032	0.008	2.044
2.64897203445	-0.176	0.032	0.244
2.65151906013	-0.176	0.032	0.244
2.65406513214	0.16	-0.116	0.364
2.65661811829	0.16	-0.116	0.364
2.65916514397	-0.104	-0.196	2.044
2.66171216965	-0.104	-0.196	2.044
2.664260149	-0.004	0.18	-1.584
2.66681003571	-0.004	0.18	-1.584
2.66935706139	0.0	-0.472	2.044
2.67189717293	0.0	-0.472	2.044
2.67443609238	0.192	0.188	-1.292
2.67698907852	0.192	0.188	-1.292
2.67954707146	0.068	-0.356	2.044
2.68209314346	0.068	-0.356	2.044
2.68463611603	0.1	-0.136	0.932
2.68717598915	0.1	-0.136	0.932
2.68971920013	0.396	0.064	-0.284
2.69225907326	0.396	0.064	-0.284
2.69479703903	-0.62	-0.332	2.044
2.69734406471	-0.62	-0.332	2.044
2.69989514351	-0.06	0.152	-1.764
2.70244407654	-0.06	0.152	-1.764
2.70499205589	-0.228	-0.156	2.044
2.70754718781	-0.228	-0.156	2.044
2.71009516716	-0.192	-0.06	-0.856
2.71264410019	-0.192	-0.06	-0.856
2.7152030468	0.02	-0.068	1.572
2.71775603294	0.02	-0.068	1.572
2.72030210495	-0.212	-0.312	1.64
2.7228500843	-0.212	-0.312	1.64
2.72539997101	-0.28	0.228	-0.956
2.72795605659	-0.28	0.228	-0.956
2.73050498962	-0.072	-0.228	2.044
2.7330520153	-0.072	-0.228	2.044
2.73559904099	-0.124	0.052	-1.752
2.7381529808	-0.124	0.052	-1.752
2.74071216583	0.148	-0.264	2.044
2.74325919151	0.148	-0.264	2.044
2.74581503868	-0.128	-0.164	-0.236
2.74836397171	-0.128	-0.164	-0.236
2.75091218948	0.032	-0.16	0.84
2.75345897675	0.032	-0.16	0.84
2.75601100922	0.084	-0.396	2.044
2.7585580349	0.084	-0.396	2.044
2.76112318039	-0.092	-0.048	-1.328
2.76367616653	-0.092	-0.048	-1.328
2.7662320137	0.148	-0.288	2.044
2.76877999306	0.148	-0.288	2.044
2.77132701874	-0.136	0.24	-1.56
2.77387714386	-0.136	0.24	-1.56
2.77642703056	-0.38	-0.168	2.044
2.77897620201	-0.38	-0.168	2.044
2.78152513504	-0.08	0.084	0.448
2.78407001495	-0.08	0.084	0.448
2.786632061	0.268	0.032	0.176
2.78917717934	0.268	0.032	0.176
2.79172205925	-0.308	-0.488	2.044
2.79427218437	-0.308	-0.488	2.044
2.79682612419	-0.304	0.216	-1.668
2.79937410355	-0.304	0.216	-1.668
2.80192303658	0.08	-0.304	2.044
2.8044719696	0.08	-0.304	2.044
2.80702400208	-0.08	0.176	-1.184
2.80957508087	-0.08	0.176	-1.184
2.81212306023	-0.796	-0.276	2.04
2.81467103958	-0.796	-0.276	2.04
2.81722617149	-0.008	0.08	1.108
2.81977319717	-0.008	0.08	1.108
2.82231998444	0.04	-0.124	-0.46
2.82486820221	0.04	-0.124	-0.46
2.82748103142	0.504	-0.416	2.044
2.83003020287	0.504	-0.416	2.044
2.83257699013	0.108	0.192	-1.76
2.83512401581	0.108	0.192	-1.76
2.83767819405	-0.056	-0.336	2.044
2.84022712708	-0.056	-0.336	2.044
2.84278011322	0.104	0.1	-0.684
2.8453271389	0.104	0.1	-0.684
2.84788012505	-0.444	-0.22	1.332
2.8504281044	-0.444	-0.22	1.332
2.85297513008	0.48	-0.504	1.884
2.85552215576	0.48	-0.504	1.884
2.85810112953	0.196	0.26	-1.016
2.86069512367	0.196	0.26	-1.016
2.8632440567	0.076	-0.264	2.044
2.86580014229	0.076	-0.264	2.044
2.86834812164	-0.156	0.108	-1.712
2.87089514732	-0.156	0.108	-1.712
2.87345504761	0.1	-0.068	2.044
2.87600708008	0.1	-0.068	2.044
2.87855505943	-0.18	0.064	-0.08
2.88110303879	-0.18	0.064	-0.08
2.88365411758	0.012	0.064	0.704
2.88620519638	0.012	0.064	0.704
2.88874101639	-0.236	-0.036	2.044
2.89128303528	-0.236	-0.036	2.044
2.89382314682	-0.136	0.224	-1.448
2.89636802673	-0.136	0.224	-1.448
2.89891910553	-0.072	-0.436	2.044
2.90146899223	-0.072	-0.436	2.044
2.90401506424	-0.084	0.14	-1.468
2.90656805038	-0.084	0.14	-1.468
2.90911412239	-0.2	-0.784	2.044
2.91166114807	-0.2	-0.784	2.044
2.91422104836	0.656	-0.3	0.68
2.91677117348	0.656	-0.3	0.68
2.91931700706	0.304	-0.144	0.008
2.92186808586	0.304	-0.144	0.008
2.92441415787	-0.744	-0.532	2.044
2.92696714401	-0.744	-0.532	2.044
2.92952418327	-0.16	0.176	-1.724
2.93207216263	-0.16	0.176	-1.724
2.93461799622	-0.16	-0.548	2.044
2.93718409538	-0.16	-0.548	2.044
2.93973112106	0.112	-0.06	-1.08
2.94229102135	0.112	-0.06	-1.08
2.94484019279	0.056	-0.2	1.9
2.94742298126	0.056	-0.2	1.9
2.94996905327	0.38	-0.26	1.308
2.95251512527	0.38	-0.26	1.308
2.95506119728	0.224	0.208	-0.592
2.95760917664	0.224	0.208	-0.592
2.96015501022	-0.096	-0.256	2.044
2.96270513535	-0.096	-0.256	2.044
2.96525216103	-0.132	0.444	-1.816
2.96781897545	-0.132	0.444	-1.816
2.97036600113	0.128	-0.172	2.044
2.97291207314	0.128	-0.172	2.044
2.97545719147	-0.056	-0.316	-0.576
2.97801804543	-0.056	-0.316	-0.576
2.98056602478	-0.008	0.336	1.208
2.98311114311	-0.008	0.336	1.208
2.98565912247	-0.124	-0.636	2.012
2.98821306229	-0.124	-0.636	2.012
2.99075913429	-0.016	-0.024	-1.18
2.99331998825	-0.016	-0.024	-1.18
2.99587416649	0.228	-0.32	2.044
2.9984190464	0.228	-0.32	2.044
3.0009791851	-0.08	0.08	-1.668
3.00352716446	-0.08	0.08	-1.668
3.00608110428	-0.156	-0.496	2.044
3.00862812996	-0.156	-0.496	2.044
3.01117515564	-0.072	-0.032	0.116
3.01372003555	-0.072	-0.032	0.116
3.01626706123	-0.188	0.124	0.448
3.01881408691	-0.188	0.124	0.448
3.02136015892	0.64	-0.324	2.044
3.0239071846	0.64	-0.324	2.044
3.02645897865	0.292	0.392	-1.524
3.02900505066	0.292	0.392	-1.524
3.03155016899	-0.5	-0.232	2.044
3.03411197662	-0.5	-0.232	2.044
3.03666210175	-0.256	0.064	-1.396
3.03920698166	-0.256	0.064	-1.396
3.04180002213	0.052	-0.352	2.044
3.0443520546	0.052	-0.352	2.044
3.04690599442	-0.028	-0.292	0.812
3.04946899414	-0.028	-0.292	0.812
3.05201816559	-0.156	0.02	-0.188
3.05456519127	-0.156	0.02	-0.188
3.05712008476	0.524	-0.344	2.044
3.05966901779	0.524	-0.344	2.044
3.06221604347	-0.004	0.128	-1.752
3.06476712227	-0.004	0.128	-1.752
3.06732296944	0.4	-0.6	2.044
3.06986904144	0.4	-0.6	2.044
3.07242512703	0.32	-0.324	-0.9
3.07497406006	0.32	-0.324	-0.9
3.07752418518	-0.184	-0.076	1.724
3.08008098602	-0.184	-0.076	1.724
3.08263111115	-0.048	-0.088	1.508
3.0851790905	-0.048	-0.088	1.508
3.0877301693	-0.136	0.084	-0.816
3.09027004242	-0.136	0.084	-0.816
3.09281015396	-0.308	-0.564	2.044
3.09534907341	-0.308	-0.564	2.044
3.09791517258	-0.052	0.224	-1.752
3.10047101974	-0.052	0.224	-1.752
3.10302019119	0.232	-0.48	2.044
3.10556912422	0.232	-0.48	2.044
3.1081161499	-0.028	0.2	-0.38
3.11066412926	-0.028	0.2	-0.38
3.1132311821	0.344	0.236	1.004
3.11580109596	0.344	0.236	1.004
3.11836099625	-0.624	-0.584	2.044
3.12091302872	-0.624	-0.584	2.044
3.12346315384	-0.408	0.092	-1.26
3.12601709366	-0.408	0.092	-1.26
3.12856602669	0.012	-0.324	2.044
3.13111615181	0.012	-0.324	2.044
3.13366317749	-0.064	0.156	-1.6
3.13621997833	-0.064	0.156	-1.6
3.13877105713	0.404	-0.516	2.044
3.14131808281	0.404	-0.516	2.044
3.14387512207	-0.044	-0.08	0.284
3.14643001556	-0.044	-0.08	0.284
3.14897704124	-0.648	-0.136	0.272
3.1515250206	-0.648	-0.136	0.272
3.15407299995	0.54	-0.608	2.044
3.1566259861	0.54	-0.608	2.044
3.15917611122	-0.072	0.012	-1.616
3.16172719002	-0.072	0.012	-1.616
3.16427397728	-0.152	-0.456	2.044
3.16682815552	-0.152	-0.456	2.044
3.16937804222	-0.076	0.36	-1.28
3.17193102837	-0.076	0.36	-1.28
3.17447900772	-0.188	-0.692	2.044
3.17702817917	-0.188	-0.692	2.044
3.17957806587	-0.124	-0.088	0.984
3.18212819099	-0.124	-0.088	0.984
3.18467497826	-0.12	0.288	-0.396
3.18722510338	-0.12	0.288	-0.396
3.18977308273	0.204	-0.2	2.044
3.19232010841	0.204	-0.2	2.044
3.19486713409	0.204	0.108	-1.732
3.19744801521	0.204	0.108	-1.732
3.19999909401	0.016	-0.06	2.044
3.20254611969	0.016	-0.06	2.044
3.2050909996	-0.232	0.316	-0.804
3.20764613152	-0.232	0.316	-0.804
3.21019506454	-0.584	0.1	1.532
3.21274209023	-0.584	0.1	1.532
3.21529817581	0.332	-0.24	1.696
3.21785402298	0.332	-0.24	1.696
3.22040104866	0.232	0.088	-0.884
3.22294807434	0.232	0.088	-0.884
3.22550606728	-0.116	-0.18	2.044
3.22806119919	-0.116	-0.18	2.044
3.23060917854	0.012	0.184	-1.72
3.23315501213	0.012	0.184	-1.72
3.23574709892	-0.252	-0.464	2.044
3.23830199242	-0.252	-0.464	2.044
3.24085116386	-0.128	0.0	-0.22
3.24339199066	-0.128	0.0	-0.22
3.24593806267	0.324	-0.08	0.856
3.24848508835	0.324	-0.08	0.856
3.25103211403	-0.096	-0.62	2.044
3.25358009338	-0.096	-0.62	2.044
3.25612902641	0.228	-0.236	-1.364
3.25867819786	0.228	-0.236	-1.364
3.26122617722	-0.12	-0.768	2.044
3.26377415657	-0.12	-0.768	2.044
3.26633000374	0.144	0.128	-1.512
3.26887607574	0.144	0.128	-1.512
3.27142214775	-0.14	-0.4	2.044
3.27397203445	-0.14	-0.4	2.044
3.2765250206	-0.044	-0.136	0.488
3.27907705307	-0.044	-0.136	0.488
3.2816259861	-0.076	0.028	0.116
3.28417205811	-0.076	0.028	0.116
3.28673315048	-0.18	-0.22	2.044
3.28927516937	-0.18	-0.22	2.044
3.29181599617	-0.028	0.2	-1.656
3.29435610771	-0.028	0.2	-1.656
3.29690098763	-0.016	-0.044	2.044
3.2994530201	-0.016	-0.044	2.044
3.30200099945	-0.448	0.192	-1.2
3.30454897881	-0.448	0.192	-1.2
3.30710411072	-0.208	-0.468	2.044
3.30965209007	-0.208	-0.468	2.044
3.31220006943	-0.024	0.128	1.168
3.31474709511	-0.024	0.128	1.168
3.31730413437	-0.22	0.132	-0.516
3.31986403465	-0.22	0.132	-0.516
3.3224132061	0.012	-0.348	2.044
3.32495999336	0.012	-0.348	2.044
3.32750916481	-0.116	-0.004	-1.768
3.33006215096	-0.116	-0.004	-1.768
3.33261013031	-0.444	-0.356	2.044
3.33515810966	-0.444	-0.356	2.044
3.33771014214	0.044	-0.192	-0.644
3.34025907516	0.044	-0.192	-0.644
3.34280610085	0.348	-0.048	1.348
3.34536504745	0.348	-0.048	1.348
3.34791898727	-0.24	-0.184	1.868
3.35046720505	-0.24	-0.184	1.868
3.3530151844	-0.208	0.028	-1.068
3.35556411743	-0.208	0.028	-1.068
3.35813212395	1.016	-0.66	2.044
3.3606801033	1.016	-0.66	2.044
3.36322808266	0.116	0.064	-1.692
3.36580514908	0.116	0.064	-1.692
3.36835408211	0.096	-0.372	2.044
3.37090206146	0.096	-0.372	2.044
3.37344908714	0.048	-0.104	-0.036
3.37600398064	0.048	-0.104	-0.036
3.37855315208	0.14	0.084	0.628
3.38109707832	0.14	0.084	0.628
3.38364720345	-0.148	-0.324	2.044
3.38620209694	-0.148	-0.324	2.044
3.38875102997	0.08	0.26	-1.452
3.39129710197	0.08	0.26	-1.452
3.39384412766	-0.14	-0.464	2.044
3.39640307426	-0.14	-0.464	2.044
3.39895105362	0.296	0.168	-1.436
3.40151119232	0.296	0.168	-1.436
3.40405797958	0.42	-0.568	2.044
3.4066131115	0.42	-0.568	2.044
3.40916109085	-0.296	0.136	0.616
3.41170716286	-0.296	0.136	0.616
3.41425204277	-0.184	0.016	-0.108
3.4168009758	-0.184	0.016	-0.108
3.41935014725	-0.028	-0.576	2.044
3.42189717293	-0.028	-0.576	2.044
3.42444419861	0.068	0.18	-1.708
3.42699813843	0.068	0.18	-1.708
3.4295539856	-0.132	-0.416	2.044
3.43210220337	-0.132	-0.416	2.044
3.4346511364	0.12	0.08	-1.024
3.4372010231	0.12	0.08	-1.024
3.43975996971	0.024	-0.264	1.908
3.44230699539	0.024	-0.264	1.908
3.4448530674	0.136	-0.216	1.36
3.44743299484	0.136	-0.216	1.36
3.44998311996	-0.128	0.108	-0.676
3.45253014565	-0.128	0.108	-0.676
3.455078125	-0.208	-0.432	2.044
3.45763301849	-0.208	-0.432	2.044
3.46018218994	-0.26	0.116	-1.78
3.4627289772	-0.26	0.116	-1.78
3.46529102325	-0.052	-0.556	2.044
3.46784806252	-0.052	-0.556	2.044
3.4703950882	0.056	0.04	-0.488
3.47294211388	0.056	0.04	-0.488
3.47549200058	0.288	0.032	1.168
3.47804498672	0.288	0.032	1.168
3.48059010506	0.3	-0.276	2.044
3.48313808441	0.3	-0.276	2.044
3.48568415642	-0.084	0.384	-1.2
3.4882349968	-0.084	0.384	-1.2
3.49077510834	0.252	-0.416	2.044
3.49331307411	0.252	-0.416	2.044
3.49587917328	-0.34	0.064	-1.668
3.49843406677	-0.34	0.064	-1.668
3.50099420547	0.348	-0.3	2.044
3.50354218483	0.348	-0.3	2.044
3.50609517097	0.224	-0.236	0.192
3.50864219666	0.224	-0.236	0.192
3.51118803024	-0.02	0.024	0.416
3.51373815536	-0.02	0.024	0.416
3.51629519463	-0.196	-0.404	2.044
3.51884412766	-0.196	-0.404	2.044
3.52140498161	-0.016	0.272	-1.56
3.52395319939	-0.016	0.272	-1.56
3.52650618553	-0.02	-0.396	2.044
3.52905607224	-0.02	-0.396	2.044
3.53160500526	-0.252	0.0	-1.348
3.53414607048	-0.252	0.0	-1.348
3.53669214249	-0.552	-0.096	2.044
3.53924107552	-0.552	-0.096	2.044
3.54179000854	0.02	-0.228	0.864
3.54433608055	0.02	-0.228	0.864
3.54689002037	-0.484	0.056	-0.304
3.54943799973	-0.484	0.056	-0.304
3.55198597908	0.072	-0.248	2.044
3.55453705788	0.072	-0.248	2.044
3.55709004402	-0.144	0.116	-1.74
3.55965805054	-0.144	0.116	-1.74
3.56221318245	0.94	-0.588	2.044
3.56475996971	0.94	-0.588	2.044
3.56731200218	0.004	0.016	-0.9
3.56986117363	0.004	0.016	-0.9
3.57242298126	-0.216	-0.068	1.668
3.57497215271	-0.216	-0.068	1.668
3.57753801346	-0.052	-0.236	1.56
3.5800909996	-0.052	-0.236	1.56
3.58263802528	-0.176	0.168	-0.82
3.58518719673	-0.176	0.168	-0.82
3.58773517609	-0.076	-0.644	2.044
3.59028315544	-0.076	-0.644	2.044
3.59283208847	0.06	0.116	-1.74
3.59538412094	0.06	0.116	-1.74
3.59793710709	0.836	-0.036	2.044
3.60048413277	0.836	-0.036	2.044
3.60303115845	0.168	-0.2	-0.3
3.6055791378	0.168	-0.2	-0.3
3.60813307762	0.172	-0.368	0.98
3.6106801033	0.172	-0.368	0.98
3.61322617531	0.22	-0.04	2.044
3.61579012871	0.22	-0.04	2.044
3.61834001541	-0.1	0.2	-1.332
3.62088799477	-0.1	0.2	-1.332
3.62343502045	-0.26	-0.724	2.044
3.62599205971	-0.26	-0.724	2.044
3.62854003906	-0.144	0.032	-1.58
3.63108801842	-0.144	0.032	-1.58
3.63364100456	0.08	-0.188	2.044
3.6361951828	0.08	-0.188	2.044
3.63874197006	-0.016	-0.392	0.364
3.64130711555	-0.016	-0.392	0.364
3.64386415482	-0.308	-0.14	0.224
3.64641809464	-0.308	-0.14	0.224
3.64896607399	-0.492	0.1	2.044
3.65151309967	-0.492	0.1	2.044
3.65406012535	0.26	0.332	-1.616
3.65664815903	0.26	0.332	-1.616
3.65919804573	-0.056	-0.708	2.044
3.66174507141	-0.056	-0.708	2.044
3.66429305077	-0.192	0.148	-1.268
3.66684818268	-0.192	0.148	-1.268
3.66939711571	0.188	0.0	2.044
3.67193508148	0.188	0.0	2.044
3.67447710037	0.136	-0.24	1.084
3.67702913284	0.136	-0.24	1.084
3.67956900597	0.208	0.124	-0.364
3.68210911751	0.208	0.124	-0.364
3.68464708328	-0.268	-0.364	2.044
3.6871881485	-0.268	-0.364	2.044
3.68973398209	0.02	-0.044	-1.784
3.69227409363	0.02	-0.044	-1.784
3.69481515884	-0.164	-0.24	2.044
3.6974401474	-0.164	-0.24	2.044
3.6999900341	0.116	0.268	-0.784
3.70253705978	0.116	0.268	-0.784
3.70508503914	0.228	-0.616	1.568
3.70763897896	0.228	-0.616	1.568
3.71018600464	0.108	-0.252	1.764
3.71273708344	0.108	-0.252	1.764
3.7152941227	0.06	-0.076	-1.0
3.71784615517	0.06	-0.076	-1.0
3.72038912773	-0.14	-0.484	2.044
3.72293806076	-0.14	-0.484	2.044
3.72548604012	-0.18	0.152	-1.712
3.7280421257	-0.18	0.152	-1.712
3.73059201241	-0.576	-0.524	2.044
3.73313999176	-0.576	-0.524	2.044
3.73570299149	0.172	0.168	-0.148
3.73825502396	0.172	0.168	-0.148
3.74080204964	0.364	-0.016	0.74
3.74334812164	0.364	-0.016	0.74
3.74590802193	-0.32	-0.212	2.044
3.74845719337	-0.32	-0.212	2.044
3.75100517273	-0.132	0.164	-1.4
3.75356817245	-0.132	0.164	-1.4
3.75612306595	0.532	-0.696	2.044
3.75866913795	0.532	-0.696	2.044
3.76121711731	0.172	0.112	-1.464
3.76376605034	0.172	0.112	-1.464
3.76631999016	0.112	-0.144	2.044
3.76886701584	0.112	-0.144	2.044
3.77141618729	0.12	0.08	0.54
3.77396011353	0.12	0.08	0.54
3.77650499344	-0.096	-0.212	0.076
3.77905416489	-0.096	-0.212	0.076
3.78160119057	-0.428	-0.188	2.044
3.78414916992	-0.428	-0.188	2.044
3.78671503067	-0.092	0.1	-1.692
3.78926420212	-0.092	0.1	-1.692
3.79181909561	0.18	-0.188	2.044
3.79436707497	0.18	-0.188	2.044
3.79691910744	0.276	0.26	-1.112
3.79946613312	0.276	0.26	-1.112
3.80201411247	-0.044	-0.348	2.012
3.80456113815	-0.044	-0.348	2.012
3.80711507797	-0.044	-0.112	1.228
3.809664011	-0.044	-0.112	1.228
3.81221199036	0.072	0.052	-0.588
3.81475806236	0.072	0.052	-0.588
3.81732296944	-0.156	-0.296	2.044
3.81987214088	-0.156	-0.296	2.044
3.82242107391	-0.268	0.136	-1.772
3.82496809959	-0.268	0.136	-1.772
3.82752299309	-0.272	-0.652	2.044
3.83007001877	-0.272	-0.652	2.044
3.83262109756	-0.06	-0.084	-0.568
3.83517098427	-0.06	-0.084	-0.568
3.83772516251	0.496	0.052	1.292
3.84026908875	0.496	0.052	1.292
3.84281516075	-0.02	-0.024	1.932
3.84536218643	-0.02	-0.024	1.932
3.84792399406	0.02	0.096	-1.084
3.85047197342	0.02	0.096	-1.084
3.85301804543	0.364	-0.324	2.044
3.85556507111	0.364	-0.324	2.044
3.85812401772	0.212	0.192	-1.676
3.86067199707	0.212	0.192	-1.676
3.86321902275	-0.408	-0.36	2.044
3.86584019661	-0.408	-0.36	2.044
3.86839199066	-0.06	-0.016	-0.008
3.87094402313	-0.06	-0.016	-0.008
3.87349414825	-0.14	-0.228	0.588
3.8760471344	-0.14	-0.228	0.588
3.87859416008	-0.252	-0.108	2.044
3.88114213943	-0.252	-0.108	2.044
3.88369107246	0.076	0.168	-1.528
3.88624405861	0.076	0.168	-1.528
3.88878297806	0.076	-0.644	2.044
3.8913230896	0.076	-0.644	2.044
3.89386105537	0.196	0.264	-1.408
3.89640498161	0.196	0.264	-1.408
3.89895510674	-0.064	0.096	2.044
3.90150308609	-0.064	0.096	2.044
3.90405011177	0.004	-0.048	0.76
3.90660405159	0.004	-0.048	0.76
3.9091501236	0.004	-0.144	-0.124
3.91171216965	0.004	-0.144	-0.124
3.91426110268	-0.036	-0.392	2.044
3.9168150425	-0.036	-0.392	2.044
3.91936302185	-0.18	0.228	-1.704
3.9219121933	-0.18	0.228	-1.704
3.92445898056	0.264	-0.488	2.044
3.92701220512	0.264	-0.488	2.044
3.92958211899	0.22	-0.064	-0.964
3.93213009834	0.1	-0.128	1.832
3.93467617035	0.1	-0.128	1.832
3.93722319603	0.276	-0.432	1.468
3.93976998329	0.276	-0.432	1.468
3.9423160553	0.276	0.152	-0.692
3.9448621273	0.276	0.152	-0.692
3.94744110107	0.032	-0.34	2.044
3.94999217987	0.032	-0.34	2.044
3.95253920555	0.052	0.056	-1.768
3.95508599281	0.052	0.056	-1.768
3.95763897896	-0.248	-0.212	2.044
3.96018719673	-0.248	-0.212	2.044
3.96273612976	-0.144	-0.12	-0.46
3.96528506279	-0.144	-0.12	-0.46
3.96783900261	0.024	-0.072	1.092
3.97038698196	0.024	-0.072	1.092
3.97293400764	-0.052	-0.264	2.044
3.97548007965	-0.052	-0.264	2.044
3.97803211212	0.04	0.204	-1.264
3.9805791378	0.04	0.204	-1.264
3.98312616348	-0.432	-0.52	2.044
3.98567819595	-0.432	-0.52	2.044
3.98823308945	-0.072	0.096	-1.636
3.99078416824	-0.072	0.096	-1.636
3.99335002899	0.084	-0.06	2.044
3.99590301514	0.084	-0.06	2.044
3.99845099449	-0.088	-0.004	0.2
4.00100803375	-0.088	-0.004	0.2
4.00355601311	0.02	-0.02	0.36
4.00610804558	0.02	-0.02	0.36
4.00865507126	0.06	-0.264	2.044
4.01120305061	0.06	-0.264	2.044
4.01374912262	0.056	0.112	-1.552
4.01629710197	0.056	0.112	-1.552
4.01884508133	0.044	-0.504	2.044
4.02139210701	0.044	-0.504	2.044
4.02395009995	0.068	0.14	-1.336
4.02650403976	0.068	0.14	-1.336
4.02905607224	-0.38	-0.016	2.044
4.03160500526	-0.38	-0.016	2.044
4.03415203094	0.48	-0.156	0.936
4.03670597076	0.48	-0.156	0.936
4.03925299644	-0.172	0.048	-0.288
4.04180216789	-0.172	0.048	-0.288
4.04434919357	-0.136	-0.256	2.044
4.04690217972	-0.136	-0.256	2.044
4.04946303368	-0.08	0.252	-1.768
4.05201220512	-0.08	0.252	-1.768
4.05455899239	0.184	-0.688	2.044
4.05710697174	0.184	-0.688	2.044
4.05965518951	-0.084	0.104	-0.868
4.06220316887	-0.084	0.104	-0.868
4.06475019455	-0.384	-0.096	1.56
4.06730413437	-0.384	-0.096	1.56
4.06985497475	0.472	-0.532	1.664
4.07241106033	0.472	-0.532	1.664
4.07495903969	0.112	-0.204	-0.88
4.07750916481	0.112	-0.204	-0.88
4.08006119728	0.416	-0.028	2.044
4.08260798454	0.416	-0.028	2.044
4.08515501022	-0.044	0.164	-1.74
4.08772397041	-0.044	0.164	-1.74
4.0902659893	0.048	-0.42	2.044
4.09280610085	0.048	-0.42	2.044
4.09534406662	0.052	-0.092	-0.26
4.09789800644	0.052	-0.092	-0.26
4.10045003891	-0.012	-0.06	0.856
4.10299706459	-0.012	-0.06	0.856
4.10556006432	0.26	-0.316	2.044
4.10811805725	0.26	-0.316	2.044
4.11066508293	0.076	-0.02	-1.324
4.11321306229	0.076	-0.02	-1.324
4.11576104164	-0.588	-0.232	2.044
4.11834096909	-0.588	-0.232	2.044
4.12088918686	-0.184	0.204	-1.58
4.12343811989	-0.184	0.204	-1.58
4.12599110603	-0.232	-0.256	2.044
4.12853908539	-0.232	-0.256	2.044
4.13114714622	0.084	-0.14	0.396
4.13369703293	0.084	-0.14	0.396
4.13624405861	0.216	-0.012	0.236
4.13879203796	0.216	-0.012	0.236
4.1413371563	-0.496	-0.328	2.044
4.14389419556	-0.496	-0.328	2.044
4.14644813538	-0.128	0.068	-1.644
4.14900016785	-0.128	0.068	-1.644
4.15154719353	-0.2	-0.388	2.044
4.15409708023	-0.2	-0.388	2.044
4.15665316582	-0.028	0.08	-1.204
4.15920114517	-0.028	0.08	-1.204
4.1617500782	-0.408	-0.628	2.044
4.16429710388	-0.408	-0.628	2.044
4.16685009003	0.036	-0.192	1.108
4.16939902306	0.036	-0.192	1.108
4.17194700241	0.02	0.032	-0.464
4.17449402809	0.02	0.032	-0.464
4.17704105377	-0.292	-0.244	2.044
4.1795899868	-0.292	-0.244	2.044
4.18213820457	0.0	-0.1	-1.78
4.18467712402	0.0	-0.1	-1.78
4.18722200394	0.316	-0.616	2.044
4.18976902962	0.316	-0.616	2.044
4.1923160553	0.224	-0.112	-0.716
4.19486403465	0.224	-0.112	-0.716
4.19744300842	0.14	-0.152	1.416
4.19999313354	0.14	-0.152	1.416
4.20254015923	0.26	-0.148	1.812
4.20508718491	0.26	-0.148	1.812
4.20764017105	0.132	0.092	-0.992
4.21018719673	0.132	0.092	-0.992
4.21273398399	0.024	-0.08	2.044
4.21528911591	0.024	-0.08	2.044
4.21783804893	0.188	0.528	-1.72
4.22038507462	0.188	0.528	-1.72
4.22293114662	0.092	-0.264	2.044
4.22549104691	0.092	-0.264	2.044
4.22804713249	0.068	-0.28	-0.104
4.23059415817	0.068	-0.28	-0.104
4.23314118385	0.516	0.224	0.752
4.23568701744	0.516	0.224	0.752
4.23823714256	0.46	-0.468	2.044
4.24078416824	0.46	-0.468	2.044
4.24333119392	-0.02	0.132	-1.452
4.24588298798	-0.02	0.132	-1.452
4.24843215942	-0.004	-0.388	2.044
4.25098109245	-0.004	-0.388	2.044
4.25352811813	0.072	0.112	-1.484
4.25607609749	0.072	0.112	-1.484
4.25862312317	0.584	-0.564	2.044
4.26116919518	0.584	-0.564	2.044
4.26373410225	0.216	-0.204	0.596
4.26629209518	0.216	-0.204	0.596
4.26883912086	0.032	0.108	0.024
4.2713830471	0.032	0.108	0.024
4.27392816544	-0.032	0.088	2.044
4.27648019791	-0.032	0.088	2.044
4.27902817726	-0.084	0.332	-1.696
4.28159213066	-0.084	0.332	-1.696
4.28413915634	-0.284	-0.188	2.044
4.28670215607	-0.284	-0.188	2.044
4.28924202919	-0.104	0.164	-1.104
4.29178309441	-0.104	0.164	-1.104
4.29432201385	-0.224	-0.184	1.916
4.29686713219	-0.224	-0.184	1.916
4.29941916466	0.016	0.032	1.276
4.30196499825	0.016	0.032	1.276
4.30450797081	-0.192	0.056	-0.628
4.30706620216	-0.192	0.056	-0.628
4.30961513519	0.544	-0.48	2.044
4.3121612072	0.544	-0.48	2.044
4.31470799446	-0.136	0.048	-1.796
4.3172621727	-0.136	0.048	-1.796
4.31980800629	-0.196	-0.456	2.044
4.32235717773	-0.196	-0.456	2.044
4.32490420341	-0.008	-0.016	-0.552
4.32745409012	-0.008	-0.016	-0.552
4.33000898361	0.224	0.16	1.288
4.33255410194	0.224	0.16	1.288
4.33509898186	0.516	-0.532	2.024
4.33764815331	0.516	-0.532	2.024
4.34019398689	-0.116	0.128	-1.132
4.34274101257	-0.116	0.128	-1.132
4.34529209137	-0.06	-0.596	2.044
4.34784817696	-0.06	-0.596	2.044
4.35039615631	-0.016	0.06	-1.648
4.35294318199	-0.016	0.06	-1.648
4.35549116135	0.352	-0.696	2.044
4.35805416107	0.352	-0.696	2.044
4.36060214043	0.072	0.036	0.076
4.36314702034	0.072	0.036	0.076
4.365691185	0.108	0.288	0.54
4.3682410717	0.108	0.288	0.54
4.37078499794	-0.052	-0.828	2.044
4.37333106995	-0.052	-0.828	2.044
4.37589406967	-0.124	-0.08	-1.508
4.37844419479	-0.124	-0.08	-1.508
4.38099312782	-0.32	-0.272	2.044
4.3835401535	-0.32	-0.272	2.044
4.38609814644	-0.024	0.136	-1.376
4.38864707947	-0.024	0.136	-1.376
4.39119505882	0.44	-0.292	2.044
4.3937420845	0.44	-0.292	2.044
4.39629507065	-0.076	-0.132	0.768
4.39884209633	-0.076	-0.132	0.768
4.40139913559	0.068	0.104	-0.176
4.40394806862	0.068	0.104	-0.176
4.40650320053	0.604	-0.316	2.044
4.40905117989	0.604	-0.316	2.044
4.41159915924	-0.132	0.096	-1.744
4.4141471386	-0.132	0.096	-1.744
4.41669607162	-0.036	-0.408	2.044
4.41924405098	-0.036	-0.408	2.044
4.42179107666	0.196	-0.036	-0.968
4.42434310913	0.196	-0.036	-0.968
4.42689919472	-0.44	-0.364	1.724
4.42945718765	-0.44	-0.364	1.724
4.43200612068	-0.312	-0.208	1.464
4.43455410004	-0.312	-0.208	1.464
4.43710303307	0.016	0.104	-0.776
4.43964910507	0.016	0.104	-0.776
4.44219708443	-0.144	-0.604	2.044
4.44474411011	-0.144	-0.604	2.044
4.44729804993	-0.08	0.112	-1.752
4.44984698296	-0.08	0.112	-1.752
4.45239400864	0.164	-0.108	2.044
4.45494008064	0.164	-0.108	2.044
4.45750212669	-0.084	-0.076	-0.36
4.46005511284	-0.084	-0.076	-0.36
4.46260309219	-0.412	-0.012	1.024
4.46515417099	-0.412	-0.012	1.024
4.46771001816	-0.012	-0.404	2.044
4.47025609016	-0.012	-0.404	2.044
4.47280502319	0.104	0.12	-1.232
4.47535300255	0.104	0.12	-1.232
4.47790598869	0.232	-0.056	2.044
4.48045301437	0.232	-0.056	2.044
4.48299908638	-0.076	0.148	-1.592
4.48554706573	-0.076	0.148	-1.592
4.48809719086	0.372	-0.496	2.044
4.49063706398	0.372	-0.496	2.044
4.49317598343	-0.044	-0.152	0.26
4.4957151413	-0.044	-0.152	0.26
4.49826812744	-0.128	-0.072	0.34
4.50082707405	-0.128	-0.072	0.34
4.50337815285	0.052	-0.528	2.044
4.50593304634	0.052	-0.528	2.044
4.5084810257	0.348	0.036	-1.6
4.51102805138	0.348	0.036	-1.6
4.51357603073	-0.088	-0.66	2.044
4.51612997055	-0.088	-0.66	2.044
4.51867699623	0.272	0.236	-1.264
4.52122306824	0.272	0.236	-1.264
4.52377009392	0.084	-0.264	2.044
4.52632308006	0.084	-0.264	2.044
4.53590917587	-0.076	0.004	-0.36
4.5385351181	0.088	-0.364	2.044
4.54108715057	0.088	-0.364	2.044
4.5436360836	-0.064	0.156	-1.756
4.54619407654	-0.064	0.156	-1.756
4.54874420166	-0.148	0.036	2.044
4.55130004883	-0.148	0.036	2.044
4.55385017395	-0.052	-0.112	-0.8
4.55640697479	-0.052	-0.112	-0.8
4.55895614624	-0.288	-0.108	1.536
4.56151819229	-0.288	-0.108	1.536
4.56406712532	0.004	-0.308	1.7
4.56662011147	0.004	-0.308	1.7
4.56916713715	0.084	0.024	-0.884
4.5717151165	0.084	0.024	-0.884
4.57426118851	0.132	-0.412	2.044
4.57680797577	0.132	-0.412	2.044
4.57938504219	0.028	0.124	-1.736
4.58193206787	0.028	0.124	-1.736
4.58447909355	-0.116	-0.104	2.044
4.58703517914	-0.116	-0.104	2.044
4.58958697319	-0.008	-0.208	-0.24
4.59213805199	-0.008	-0.208	-0.24
4.59468698502	-0.056	-0.144	0.864
4.59723997116	-0.056	-0.144	0.864
4.59979605675	-0.152	-0.512	2.044
4.60234618187	-0.152	-0.512	2.044
4.60489416122	0.048	0.068	-1.38
4.60744214058	0.048	0.068	-1.38
4.60999298096	-0.028	-0.764	2.044
4.61254119873	-0.028	-0.764	2.044
4.61508798599	-0.192	0.304	-1.552
4.61765313148	-0.192	0.304	-1.552
4.62020611763	-0.056	-0.244	2.044
4.62275409698	-0.056	-0.244	2.044
4.62530112267	0.384	-0.036	0.448
4.62785601616	0.384	-0.036	0.448
4.63040709496	-0.036	0.108	0.096
4.63295316696	-0.036	0.108	0.096
4.63550019264	-0.12	-0.248	2.044
4.63805508614	-0.12	-0.248	2.044
4.64060306549	-0.06	0.272	-1.636
4.64315199852	-0.06	0.272	-1.636
4.64569997787	0.22	-0.288	2.044
4.64825415611	0.22	-0.288	2.044
4.65081214905	-0.028	0.3	-1.2
4.6533601284	-0.028	0.3	-1.2
4.65592503548	0.052	0.076	2.044
4.65847110748	0.052	0.076	2.044
4.66101503372	0.288	-0.136	1.188
4.6635620594	0.288	-0.136	1.188
4.66611599922	-0.308	0.012	-0.508
4.66866803169	-0.308	0.012	-0.508
4.67127299309	-0.24	-0.46	2.044
4.67382407188	-0.24	-0.46	2.044
4.67638015747	0.08	0.2	-1.792
4.67891907692	0.08	0.2	-1.792
4.68146014214	0.052	-0.376	2.044
4.68399906158	0.052	-0.376	2.044
4.68653917313	0.076	-0.004	-0.668
4.68908214569	0.076	-0.004	-0.668
4.69162201881	0.416	-0.26	1.396
4.69416117668	0.416	-0.26	1.396
4.69670510292	-0.092	-0.544	1.816
4.69925713539	-0.092	-0.544	1.816
4.70180511475	0.136	0.108	-1.052
4.70435214043	0.136	0.108	-1.052
4.70690512657	-0.308	-0.604	2.044
4.70945715904	-0.308	-0.604	2.044
4.7120051384	-0.104	-0.024	-1.704
4.71456813812	-0.104	-0.024	-1.704
4.71712303162	-0.12	-0.388	2.044
4.71967101097	-0.12	-0.388	2.044
4.7222340107	0.052	0.108	-0.064
4.72478103638	0.052	0.108	-0.064
4.72733211517	-0.128	-0.204	0.64
4.72988319397	-0.128	-0.204	0.64
4.73242998123	-0.048	-0.296	2.044
4.73497700691	-0.048	-0.296	2.044
4.73754119873	-0.144	0.236	-1.448
4.74009418488	-0.144	0.236	-1.448
4.74264001846	-0.212	-0.468	2.044
4.74518799782	-0.212	-0.468	2.044
4.74774813652	-0.152	0.164	-1.464
4.75029706955	-0.152	0.164	-1.464
4.7528450489	-0.024	-0.568	2.044
4.75539302826	-0.024	-0.568	2.044
4.75794219971	-0.132	0.116	0.592
4.76048898697	-0.132	0.116	0.592
4.76303601265	-0.072	0.296	-0.02
4.7655851841	-0.072	0.296	-0.02
4.76814103127	-0.296	-0.236	2.044
4.77068901062	-0.296	-0.236	2.044
4.77323698997	0.028	0.08	-1.692
4.77580809593	0.028	0.08	-1.692
4.77835607529	-0.2	-0.548	2.044
4.78090405464	-0.2	-0.548	2.044
4.783452034	-0.132	-0.084	-1.044
4.78600716591	-0.132	-0.084	-1.044
4.78856015205	-0.2	-0.16	1.932
4.79110717773	-0.2	-0.16	1.932
4.79369115829	-0.136	-0.1	1.32
4.79624605179	-0.136	-0.1	1.32
4.79879307747	-0.608	0.22	-0.72
4.80134105682	-0.608	0.22	-0.72
4.80388903618	0.44	-0.32	2.044
4.80644202232	0.44	-0.32	2.044
4.80898809433	0.06	-0.064	-1.76
4.81153607368	0.06	-0.064	-1.76
4.81408405304	-0.156	-0.548	2.044
4.81663203239	-0.156	-0.548	2.044
4.81918001175	-0.168	-0.052	-0.556
4.8217279911	-0.168	-0.052	-0.556
4.82427597046	-0.196	-0.216	1.144
4.82683515549	-0.196	-0.216	1.144
4.82938408852	-0.012	-0.36	2.044
4.8319439888	-0.012	-0.36	2.044
4.83449220657	0.044	0.124	-1.156
4.83704519272	0.044	0.124	-1.156
4.83959197998	0.156	-0.4	2.044
4.84214019775	0.156	-0.4	2.044
4.84468698502	0.04	0.032	-1.648
4.84723901749	0.04	0.032	-1.648
4.84978604317	-0.052	-0.344	2.044
4.8523349762	-0.052	-0.344	2.044
4.85488200188	-0.688	-0.18	0.068
4.85745120049	-0.688	-0.18	0.068
4.85999798775	-0.628	-0.2	0.452
4.86254620552	-0.628	-0.2	0.452
4.86510300636	-0.272	-0.2	2.044
4.8676609993	-0.272	-0.2	2.044
4.87020897865	-0.116	0.168	-1.544
4.8727581501	-0.116	0.168	-1.544
4.87530708313	-0.276	-0.332	2.044
4.87786102295	-0.276	-0.332	2.044
4.88040804863	-0.18	0.136	-1.38
4.88295698166	-0.18	0.136	-1.38
4.88550400734	0.224	0.052	2.044
4.88806700706	0.224	0.052	2.044
4.89061117172	-0.04	-0.172	0.776
4.89315104485	-0.04	-0.172	0.776
4.89569020271	-0.792	-0.056	-0.256
4.89824318886	-0.792	-0.056	-0.256
4.90078997612	-0.272	-0.036	2.044
4.90333509445	-0.272	-0.036	2.044
4.90589308739	0.272	0.124	-1.728
4.90843915939	0.272	0.124	-1.728
4.91098308563	-0.4	-0.388	2.044
4.91354203224	-0.4	-0.388	2.044
4.91609501839	-0.036	0.096	-0.94
4.91864109039	-0.036	0.096	-0.94
4.9211871624	0.08	0.076	1.724
4.92373108864	0.08	0.076	1.724
4.92628002167	0.068	-0.064	1.524
4.92882514	0.068	-0.064	1.524
4.93137001991	-0.02	0.02	-0.792
4.93391609192	-0.02	0.02	-0.792
4.93647098541	-0.168	-0.664	2.044
4.93901801109	-0.168	-0.664	2.044
4.94156503677	0.06	0.184	-1.772
4.94411015511	0.06	0.184	-1.772
4.9466650486	0.144	-0.292	2.044
4.94920897484	0.144	-0.292	2.044
4.9517531395	-0.256	-0.352	-0.352
4.95430016518	-0.256	-0.352	-0.352
4.95709204674	0.708	-0.24	1.072
4.95964813232	0.708	-0.24	1.072
4.96219110489	0.34	-0.208	2.044
4.96473097801	0.34	-0.208	2.044
4.96727013588	-0.316	0.152	-1.316
4.96981406212	-0.316	0.152	-1.316
4.97235512733	0.136	-0.392	2.044
4.97489500046	0.136	-0.392	2.044
4.97747612	0.14	0.12	-1.58
4.98002815247	0.14	0.12	-1.58
4.98257517815	-0.144	-0.388	2.044
4.98512816429	-0.144	-0.388	2.044
4.98767900467	-0.08	-0.016	0.324
4.99022698402	-0.08	-0.016	0.324
4.9927752018	0.54	0.04	0.284
4.99531912804	0.54	0.04	0.284
4.99786901474	-0.016	-0.372	2.044
