Timestamp 	 X-Axis 	 Y-Axis 	 Z-Axis
0.000310897827148	-0.096	0.148	-1.52
0.00399589538574	0.148	-0.52	2.044
0.00745105743408	-0.22	0.088	-1.412
0.0109000205994	-0.22	0.088	-1.412
0.0143489837646	-0.672	-0.336	2.044
0.0178160667419	0.184	-0.168	0.744
0.0212700366974	0.184	-0.168	0.744
0.0247139930725	0.32	-0.036	-0.148
0.0281589031219	-0.224	-0.172	2.044
0.0316150188446	-0.224	-0.172	2.044
0.0350620746613	-0.16	0.368	-1.74
0.0385069847107	-0.456	-0.52	2.044
0.0419499874115	-0.456	-0.52	2.044
0.0453939437866	-0.148	0.192	-0.988
0.0488560199738	-0.2	-0.284	1.748
0.0523009300232	-0.2	-0.284	1.748
0.0557470321655	-0.16	-0.048	1.476
0.0591979026794	-0.096	-0.052	-0.728
0.0626430511475	-0.096	-0.052	-0.728
0.0660879611969	0.12	-0.408	2.044
0.0695309638977	0.152	0.12	-1.756
0.0729780197144	0.152	0.12	-1.756
0.0764310359955	-0.136	-0.68	2.044
0.0798830986023	-0.452	0.004	-0.452
0.0833349227905	0.5	-0.28	1.164
0.0867838859558	0.5	-0.28	1.164
0.0902419090271	0.38	-0.472	2.044
0.0936930179596	0.032	-0.076	-1.244
0.0971620082855	0.032	-0.076	-1.244
0.10061788559	0.156	-0.504	2.044
0.104075908661	-0.084	0.052	-1.608
0.107527971268	-0.084	0.052	-1.608
0.1109790802	-0.392	-0.44	2.044
0.114432096481	0.16	-0.244	0.284
0.117882013321	0.16	-0.244	0.284
0.121337890625	0.64	-0.048	0.384
0.124795913696	-0.452	-0.064	2.044
0.128247976303	-0.452	-0.064	2.044
0.131705999374	0.06	0.496	-1.6
0.135155916214	-0.136	-0.224	2.044
0.138607978821	-0.136	-0.224	2.044
0.142065048218	0.088	0.152	-1.312
0.145515918732	-0.32	0.0	2.044
0.148958921432	-0.32	0.0	2.044
0.152400970459	-0.188	-0.068	0.956
0.155869007111	-0.2	-0.076	-0.28
0.159321069717	-0.2	-0.076	-0.28
0.162791967392	-0.136	-0.416	2.044
0.166243076324	-0.052	0.132	-1.772
0.169694900513	-0.052	0.132	-1.772
0.173152923584	-0.248	-0.396	2.044
0.176604032516	0.356	-0.004	-0.844
0.180053949356	-0.14	0.06	1.548
0.183504104614	-0.14	0.06	1.548
0.186954021454	-0.264	-0.048	1.66
0.190404891968	0.012	-0.068	-0.912
0.193867921829	0.012	-0.068	-0.912
0.197323083878	-0.016	-0.528	2.044
0.200773954391	-0.144	0.032	-1.756
0.204242944717	-0.144	0.032	-1.756
0.207705974579	-0.296	-0.652	2.044
0.21115899086	-0.368	-0.188	-0.244
0.214612960815	-0.368	-0.188	-0.244
0.218065023422	0.052	0.056	0.856
0.221518993378	-0.336	-0.092	2.044
0.224971055984	-0.336	-0.092	2.044
0.228421926498	-0.096	0.268	-1.344
0.23187494278	0.004	-0.66	2.044
0.235325098038	0.004	-0.66	2.044
0.238775014877	-0.048	0.14	-1.556
0.242232084274	0.08	-0.336	2.044
0.245682954788	0.08	-0.336	2.044
0.249131917953	-0.088	-0.208	0.428
0.252603054047	-0.036	0.024	0.148
0.256052017212	-0.036	0.024	0.148
0.259500980377	0.128	-0.044	2.044
0.262953996658	-0.24	0.076	-1.648
0.266406059265	-0.24	0.076	-1.648
0.269857883453	-0.92	-1.136	2.044
0.273308992386	0.1	-0.192	-1.168
0.276761054993	-0.048	-0.22	2.044
0.280211925507	-0.048	-0.22	2.044
0.283669948578	0.164	-0.192	1.088
0.28712105751	-0.244	0.092	-0.504
0.29058098793	-0.244	0.092	-0.504
0.294032096863	0.272	-0.34	2.044
0.297485113144	0.116	0.236	-1.748
0.300935983658	0.116	0.236	-1.748
0.304385900497	-0.204	-0.632	2.044
0.307849884033	0.052	-0.276	-0.668
0.311307907104	0.052	-0.276	-0.668
0.31476688385	-0.148	0.284	1.412
0.318217992783	-0.252	-0.336	1.84
0.32167506218	-0.252	-0.336	1.84
0.325126886368	-0.104	0.192	-0.984
0.328578948975	-0.136	-0.344	2.044
0.332036018372	-0.136	-0.344	2.044
0.335485935211	-0.204	0.18	-1.724
0.338937044144	0.068	-0.676	2.044
0.342391967773	0.068	-0.676	2.044
0.345840930939	-0.192	-0.076	-0.088
0.349292039871	-0.68	-0.284	0.708
0.352742910385	-0.68	-0.284	0.708
0.356193065643	-0.02	-0.26	2.044
0.359643936157	-0.028	-0.072	-1.452
0.363102912903	-0.028	-0.072	-1.452
0.366554021835	-0.56	-0.364	2.044
0.370012998581	-0.196	0.352	-1.504
0.373471021652	-0.196	0.352	-1.504
0.376921892166	-0.012	-0.488	2.044
0.380373001099	-0.032	-0.136	0.604
0.383825063705	0.068	-0.14	0.012
0.387288093567	0.068	-0.14	0.012
0.390737056732	-0.096	-0.22	2.044
0.394191980362	-0.156	0.284	-1.7
0.397644996643	-0.156	0.284	-1.7
0.401094913483	-0.376	-0.172	2.044
0.404551029205	-0.04	-0.044	-1.088
0.408003091812	-0.04	-0.044	-1.088
0.411453962326	0.16	-0.44	2.016
0.414904117584	0.296	-0.116	1.312
0.418354034424	0.296	-0.116	1.312
0.421813964844	0.22	-0.004	-0.588
0.425265073776	-0.036	-0.548	2.044
0.42871594429	-0.036	-0.548	2.044
0.432167053223	-0.18	0.1	-1.788
0.435617923737	-0.216	-0.552	2.044
0.439071893692	-0.216	-0.552	2.044
0.442528963089	0.3	-0.036	-0.54
0.445980072021	-0.776	-0.488	1.204
0.449430942535	-0.776	-0.488	1.204
0.452888011932	0.312	-0.332	2.0
0.456334114075	0.056	-0.1	-1.116
0.459784984589	0.056	-0.1	-1.116
0.463242053986	-0.564	-0.568	2.044
0.466691970825	-0.432	0.088	-1.688
0.470143079758	-0.432	0.088	-1.688
0.473594903946	0.072	-0.468	2.044
0.47704911232	-0.344	-0.056	0.044
0.480499982834	-0.372	0.08	0.5
0.483961105347	-0.372	0.08	0.5
0.48740696907	0.172	-0.176	2.044
0.490863084793	-0.14	0.264	-1.512
0.494318962097	-0.14	0.264	-1.512
0.49777007103	0.128	-0.152	2.044
0.501270055771	0.072	0.008	-1.392
0.50475692749	0.072	0.008	-1.392
0.508208036423	-0.104	-0.672	2.044
0.51166009903	-0.012	-0.296	0.772
0.515115022659	-0.012	-0.296	0.772
0.518565893173	-0.672	0.104	-0.236
0.522026062012	0.548	-0.456	2.044
0.525476932526	0.548	-0.456	2.044
0.528935909271	0.056	-0.052	-1.716
0.532394886017	-0.044	-0.42	2.044
0.535845041275	-0.044	-0.42	2.044
0.539297103882	-0.264	-0.088	-1.004
0.542754888535	0.212	-0.46	1.816
0.546209096909	0.212	-0.46	1.816
0.549660921097	0.068	-0.26	1.46
0.553112030029	0.084	0.188	-0.728
0.556560993195	0.084	0.188	-0.728
0.560010910034	0.472	-0.356	2.044
0.563467025757	-0.144	0.088	-1.76
0.566917896271	-0.144	0.088	-1.76
0.570369005203	0.092	-0.008	2.044
0.57382106781	0.128	0.088	-0.428
0.577274084091	0.084	0.056	1.044
0.58073091507	0.084	0.056	1.044
0.584187984467	-0.068	-0.18	2.044
0.587641000748	-0.064	0.476	-1.264
0.59109210968	-0.064	0.476	-1.264
0.594549894333	0.272	-0.392	2.044
0.597999095917	0.16	0.24	-1.632
0.601459026337	0.16	0.24	-1.632
0.604909896851	-0.548	-0.224	2.044
0.608360052109	-0.256	-0.392	0.232
0.611812114716	-0.256	-0.392	0.232
0.615263938904	0.32	0.168	0.412
0.61871099472	-0.052	-0.452	2.044
0.622168064117	-0.052	-0.452	2.044
0.625621080399	-0.172	0.092	-1.58
0.629071950912	0.148	-0.404	2.044
0.632522106171	0.148	-0.404	2.044
0.635976076126	0.004	0.016	-1.316
0.639425992966	-0.008	-0.404	2.044
0.642889022827	-0.008	-0.404	2.044
0.646339893341	-0.08	-0.28	0.912
0.649790048599	0.056	0.148	-0.304
0.653245925903	0.056	0.148	-0.304
0.656693935394	0.76	0.072	2.044
0.66014289856	-0.064	0.252	-1.744
0.663594007492	-0.064	0.252	-1.744
0.667045116425	-0.664	-0.548	2.044
0.670495986938	-0.012	0.1	-0.86
0.673948049545	-0.012	0.1	-0.86
0.677411079407	0.156	-0.304	1.612
0.680860996246	0.0	-0.26	1.604
0.684309005737	0.108	0.024	-0.864
0.687758922577	0.108	0.024	-0.864
0.691211938858	0.148	-0.416	2.044
0.694695949554	0.04	0.136	-1.744
0.698153018951	0.04	0.136	-1.744
0.701610088348	-0.252	0.096	2.044
0.705060958862	-0.336	0.056	-0.324
0.708512067795	-0.336	0.056	-0.324
0.711963891983	0.168	-0.476	0.936
0.715414047241	0.112	-0.12	2.044
0.718863964081	0.112	-0.12	2.044
0.722320079803	-0.028	0.204	-1.344
0.725770950317	-0.136	-0.212	2.044
0.72922205925	-0.136	-0.212	2.044
0.732677936554	0.004	0.176	-1.56
0.736129045486	0.096	-0.08	2.044
0.739578008652	0.096	-0.08	2.044
0.743042945862	-0.324	-0.056	0.38
0.746495008469	-0.588	-0.06	0.148
0.749947071075	-0.588	-0.06	0.148
0.753398895264	0.092	-0.292	2.044
0.756849050522	0.0	0.172	-1.62
0.760291099548	0.0	0.172	-1.62
0.763809919357	-0.364	-0.228	2.044
0.767263889313	-0.012	0.1	-1.224
0.77071595192	0.084	-0.004	2.044
0.77418088913	0.084	-0.004	2.044
0.777631044388	0.048	0.148	1.084
0.781079053879	0.1	0.124	-0.42
0.784534931183	0.1	0.124	-0.42
0.787985086441	0.412	-0.416	2.044
0.791440010071	-0.072	-0.024	-1.784
0.794893980026	-0.072	-0.024	-1.784
0.798350095749	0.064	-0.32	2.044
0.801799058914	0.34	-0.068	-0.704
0.805250883102	0.34	-0.068	-0.704
0.808703899384	-0.568	-0.488	1.416
0.812156915665	0.064	-0.232	1.768
0.815608024597	0.064	-0.232	1.768
0.819056987762	-0.052	0.076	-1.02
0.822514057159	-0.08	-0.504	2.044
0.825963973999	-0.08	-0.504	2.044
0.829413890839	-0.112	0.048	-1.712
0.832865953445	0.12	-0.028	2.044
0.836316108704	0.12	-0.028	2.044
0.839764118195	-0.872	0.512	-0.172
0.843219995499	-0.164	-0.24	0.712
0.846671104431	-0.164	-0.24	0.712
0.850128889084	-0.204	-0.152	2.044
0.853590011597	0.132	0.388	-1.404
0.857039928436	0.132	0.388	-1.404
0.860490083694	0.076	-0.472	2.044
0.863941907883	0.06	0.188	-1.504
0.867394924164	0.06	0.188	-1.504
0.870853900909	-0.364	0.176	2.044
0.874305963516	0.188	-0.184	0.584
0.877754926682	0.228	-0.42	0.068
0.881203889847	0.228	-0.42	0.068
0.884655952454	0.212	-0.22	2.044
0.888107061386	-0.016	0.028	-1.692
0.89156293869	-0.016	0.028	-1.692
0.895015001297	-0.172	-0.58	2.044
0.898466110229	0.364	0.048	-1.096
0.901920080185	0.364	0.048	-1.096
0.90537405014	-0.116	0.02	1.944
0.90882396698	0.144	-0.236	1.284
0.91227388382	0.144	-0.236	1.284
0.915724039078	-0.156	0.148	-0.636
0.919173955917	-0.148	-0.628	2.044
0.922631025314	-0.148	-0.628	2.044
0.926081895828	-0.14	0.168	-1.772
0.929533004761	-0.364	-0.424	2.044
0.933006048203	-0.364	-0.424	2.044
0.936458110809	-0.072	0.18	-0.552
0.939909934998	0.616	-0.024	1.296
0.943367004395	0.616	-0.024	1.296
0.94681596756	0.18	-0.184	1.956
0.950264930725	0.052	-0.112	-1.092
0.953778982162	0.052	-0.112	-1.092
0.957237005234	0.62	-0.3	2.044
0.960686922073	0.132	0.104	-1.656
0.964142084122	0.132	0.104	-1.656
0.967601060867	0.04	-0.616	2.044
0.971051931381	-0.14	-0.064	0.028
0.974508047104	0.044	-0.228	0.56
0.977957010269	0.044	-0.228	0.56
0.981411933899	-0.092	-0.096	2.044
0.984863042831	0.068	0.228	-1.504
0.988312959671	0.068	0.228	-1.504
0.991763114929	0.416	-0.596	2.044
0.995212078094	-0.16	0.22	-1.42
0.998661994934	-0.16	0.22	-1.42
1.00211811066	-0.132	-0.38	2.044
1.00556898117	-0.152	-0.144	0.732
1.00901889801	-0.152	-0.144	0.732
1.01247310638	-0.008	-0.108	-0.132
1.01592493057	-0.112	-0.228	2.044
1.01937603951	-0.112	-0.228	2.044
1.02283096313	0.028	0.136	-1.72
1.0262799263	0.192	-0.584	2.044
1.02972888947	0.192	-0.584	2.044
1.03317809105	0.18	0.148	-0.976
1.03662800789	-0.22	0.272	1.74
1.04007697105	-0.22	0.272	1.74
1.04353308678	0.408	-0.112	1.46
1.04698204994	0.18	0.132	-0.7
1.05043196678	0.18	0.132	-0.7
1.05388092995	0.164	0.276	2.044
1.05732703209	0.004	0.332	-1.76
1.06077694893	0.004	0.332	-1.76
1.06424808502	0.1	-0.416	2.044
1.06769895554	0.7	-0.076	-0.384
1.0711619854	0.7	-0.076	-0.384
1.07461810112	0.476	-0.036	1.108
1.07806706429	0.208	-0.476	2.044
1.08152294159	-0.068	0.096	-1.252
1.08497405052	-0.068	0.096	-1.252
1.08842396736	0.404	-0.284	2.044
1.09187889099	-0.22	0.044	-1.62
1.09532999992	-0.22	0.044	-1.62
1.09877991676	0.204	-0.468	2.044
1.10223388672	-0.096	-0.172	0.232
1.10568499565	-0.096	-0.172	0.232
1.10913491249	0.092	-0.236	0.38
1.11258506775	-0.156	-0.58	2.044
1.11603498459	-0.156	-0.58	2.044
1.11948990822	0.004	0.132	-1.56
1.12294507027	-0.396	-0.428	2.044
1.12639689445	-0.396	-0.428	2.044
1.12984800339	0.22	0.152	-1.312
1.13330292702	-0.172	-0.508	2.044
1.13675308228	-0.172	-0.508	2.044
1.14020395279	-0.064	0.048	0.912
1.14365291595	-0.264	0.044	-0.288
1.14710402489	-0.264	0.044	-0.288
1.1505548954	-0.016	-0.504	2.044
1.15401005745	0.004	0.168	-1.768
1.15745902061	0.004	0.168	-1.768
1.16091895103	-0.264	-0.264	2.044
1.16437005997	0.016	0.04	-0.856
1.16781806946	0.016	0.04	-0.856
1.17127609253	-0.368	-0.3	1.58
1.17472791672	-0.364	-0.16	1.592
1.17817902565	-0.192	0.224	-0.9
1.18163394928	-0.192	0.224	-0.9
1.18508410454	0.052	-0.592	2.044
1.1885330677	-0.368	-0.12	-1.772
1.19198393822	-0.368	-0.12	-1.772
1.19543600082	0.32	-0.2	2.044
1.19888401031	-0.124	-0.048	-0.28
1.20234203339	-0.124	-0.048	-0.28
1.2057929039	-0.04	0.072	0.872
1.20924091339	0.124	-0.32	2.044
1.21269106865	0.124	-0.32	2.044
1.21614098549	-0.148	0.116	-1.332
1.21959090233	-0.648	-0.532	2.044
1.22304606438	-0.648	-0.532	2.044
1.22652602196	-0.064	0.136	-1.568
1.22997808456	-0.004	-0.704	2.044
1.2334280014	-0.004	-0.704	2.044
1.23687911034	0.036	-0.012	0.36
1.24032688141	0.272	0.14	0.264
1.24378108978	0.272	0.14	0.264
1.24722599983	0.116	-0.732	2.044
1.25067400932	-0.024	0.12	-1.644
1.25412988663	-0.024	0.12	-1.644
1.25759005547	-0.608	-0.548	2.044
1.26104211807	-0.184	0.064	-1.224
1.26449990273	-0.184	0.064	-1.224
1.26795101166	-0.68	-0.516	2.044
1.27141308784	-0.128	-0.144	1.056
1.27486395836	-0.128	-0.144	1.056
1.2783229351	0.12	-0.076	-0.468
1.28177905083	0.224	-0.236	2.044
1.28523111343	-0.08	0.116	-1.764
1.28924608231	-0.08	0.116	-1.764
1.29270911217	0.076	-0.76	2.044
1.29616093636	-0.104	0.08	-0.728
1.29961299896	-0.104	0.08	-0.728
1.30306410789	-0.216	-0.192	1.42
1.30651593208	0.032	-0.36	1.784
1.30996489525	0.032	-0.36	1.784
1.31341505051	-0.024	0.388	-0.992
1.31686592102	0.212	-0.208	2.044
1.32031488419	0.212	-0.208	2.044
1.32381296158	0.044	0.056	-1.712
1.32726407051	0.36	-0.412	2.044
1.33071494102	0.36	-0.412	2.044
1.33417510986	0.22	0.112	-0.104
1.3376250267	0.52	0.112	0.752
1.34107303619	-0.256	-0.376	2.044
1.34453010559	-0.256	-0.376	2.044
1.3479809761	-0.04	0.14	-1.436
1.35143709183	0.132	-0.42	2.044
1.35490298271	0.132	-0.42	2.044
1.35835289955	-0.024	0.144	-1.488
1.36181092262	-0.244	-0.492	2.044
1.36526203156	-0.244	-0.492	2.044
1.36871099472	-0.12	-0.196	0.56
1.37216806412	0.076	-0.064	0.028
1.37561702728	0.076	-0.064	0.028
1.37906503677	0.3	-0.672	2.044
1.38252091408	-0.036	-0.08	-1.664
1.3859770298	-0.036	-0.08	-1.664
1.38942790031	-0.292	-0.4	2.044
1.39287996292	0.176	0.248	-1.1
1.39633011818	0.176	0.248	-1.1
1.39977908134	-0.176	-0.324	1.936
1.40325808525	-0.392	-0.116	1.256
1.40670990944	-0.392	-0.116	1.256
1.4101600647	-0.576	-0.116	-0.584
1.41361308098	0.38	-0.412	2.044
1.41706204414	0.38	-0.412	2.044
1.42051100731	-0.044	-0.008	-1.776
1.42396807671	-0.344	-0.148	2.044
1.42741894722	-0.344	-0.148	2.044
1.43086910248	0.172	0.008	-0.58
1.43432092667	-0.112	-0.524	1.308
1.43777394295	-0.112	-0.524	1.308
1.44125890732	0.144	-0.428	2.008
1.44471096992	0.012	-0.004	-1.144
1.44816088676	-0.016	-0.584	2.044
1.451638937	-0.016	-0.584	2.044
1.4550909996	0.052	0.02	-1.668
1.45854091644	0.056	-0.24	2.044
1.46199607849	0.056	-0.24	2.044
1.46544694901	0.232	-0.2	0.084
1.46889591217	-0.272	0.092	0.524
1.47234511375	-0.272	0.092	0.524
1.47579503059	0.204	0.08	2.044
1.47924304008	0.012	0.268	-1.48
1.48269796371	0.012	0.268	-1.48
1.48614907265	-0.22	-0.632	2.044
1.48959994316	0.188	0.296	-1.432
1.49305891991	0.188	0.296	-1.432
1.49650907516	0.144	-0.26	2.044
1.49995708466	0.28	-0.188	0.776
1.50341200829	0.28	-0.188	0.776
1.50686192513	-0.228	-0.088	-0.128
1.51031208038	0.152	-0.476	2.044
1.51383090019	0.152	-0.476	2.044
1.5172829628	-0.356	0.14	-1.748
1.52073502541	-0.392	-0.584	2.044
1.52419400215	-0.392	-0.584	2.044
1.52764797211	0.032	0.136	-1.0
1.53109407425	0.224	-0.016	1.792
1.53454995155	0.224	-0.016	1.792
1.53799891472	-0.332	-0.136	1.448
1.54145693779	-0.088	0.08	-0.764
1.54490709305	-0.1	-0.792	2.044
1.54837107658	-0.1	-0.792	2.044
1.55182290077	0.004	0.176	-1.752
1.55527305603	-0.164	-0.32	2.044
1.55872392654	-0.164	-0.32	2.044
1.56218099594	0.096	0.0	-0.416
1.56562399864	-0.34	-0.008	1.064
1.56907510757	-0.34	-0.008	1.064
1.57253098488	-0.092	-0.552	2.044
1.57598209381	0.088	0.08	-1.228
1.57943296432	0.088	0.08	-1.228
1.58288788795	0.72	-0.376	2.044
1.58633995056	0.064	0.12	-1.62
1.58979201317	0.064	0.12	-1.62
1.59324288368	-0.492	-0.188	2.044
1.59669399261	-0.064	-0.004	0.248
1.60015797615	-0.064	-0.004	0.248
1.60361504555	0.056	0.004	0.376
1.60706210136	-0.02	-0.268	2.044
1.61051297188	-0.02	-0.268	2.044
1.61396598816	0.232	-0.16	-1.576
1.61741995811	0.036	-0.708	2.044
1.62086892128	0.036	-0.708	2.044
1.62432408333	0.1	0.176	-1.292
1.62777304649	-0.04	-0.54	2.044
1.63125896454	-0.04	-0.54	2.044
1.63471293449	-0.244	-0.064	0.86
1.63816404343	-0.06	0.144	-0.316
1.64161992073	-0.388	-0.4	2.044
1.64508104324	-0.388	-0.4	2.044
1.64853191376	-0.108	0.188	-1.744
1.65198802948	0.18	-0.128	2.044
1.65544104576	0.18	-0.128	2.044
1.65889000893	0.008	0.224	-0.828
1.66234493256	-0.68	-0.004	1.564
1.66579389572	-0.68	-0.004	1.564
1.66924405098	-0.532	-0.452	1.6
1.67269396782	-0.06	-0.092	-0.844
1.67614603043	-0.06	-0.092	-0.844
1.67959499359	0.22	-0.364	2.044
1.68304991722	-0.1	0.104	-1.748
1.68650102615	-0.1	0.104	-1.748
1.68994998932	0.568	-0.336	2.044
1.69340491295	0.16	-0.04	-0.276
1.69685411453	0.16	-0.04	-0.276
1.70030498505	0.32	0.268	0.912
1.70381402969	0.22	-0.584	2.044
1.70726895332	0.22	-0.584	2.044
1.71071791649	0.292	-0.024	-1.32
1.71417093277	-0.16	-0.7	2.044
1.7176220417	-0.16	-0.7	2.044
1.72107100487	0.128	0.128	-1.56
1.72452688217	-0.24	-0.428	2.044
1.72797703743	-0.24	-0.428	2.044
1.73142910004	0.208	-0.1	0.396
1.73487210274	-0.024	-0.016	0.184
1.73831605911	-0.2	-0.176	2.044
1.74177289009	-0.2	-0.176	2.044
1.74522590637	-0.044	0.204	-1.624
1.74867796898	-0.028	-0.428	2.044
1.75213003159	-0.028	-0.428	2.044
1.75557994843	-0.072	0.38	-1.236
1.75903010368	-0.06	-0.116	2.044
1.76250004768	-0.06	-0.116	2.044
1.7659509182	0.516	0.044	1.104
1.76939892769	-0.512	-0.096	-0.436
1.7728509903	-0.512	-0.096	-0.436
1.7763030529	-0.7	-0.456	2.044
1.77975392342	0.124	0.124	-1.752
1.78320288658	0.124	0.124	-1.752
1.78665208817	-0.064	-0.784	2.044
1.79010295868	0.324	-0.104	-0.696
1.79355311394	0.324	-0.104	-0.696
1.79700303078	0.168	-0.172	1.44
1.80045294762	0.0	-0.444	1.776
1.80389690399	0.0	-0.444	1.776
1.80734205246	-0.184	0.136	-1.008
1.8107919693	-0.324	-0.336	2.044
1.81424808502	-0.324	-0.336	2.044
1.81770205498	-0.34	0.172	-1.744
1.82116389275	-0.12	-0.14	2.044
1.82462191582	-0.12	-0.14	2.044
1.82807302475	0.064	0.044	-0.116
1.83152794838	-0.244	-0.336	0.74
1.83497810364	-0.244	-0.336	0.74
1.83843708038	0.012	-0.476	2.044
1.84189295769	0.016	0.076	-1.4
1.84534192085	-0.496	-0.712	2.044
1.84879302979	-0.496	-0.712	2.044
1.85225105286	0.168	0.32	-1.476
1.8557009697	0.188	-0.072	2.044
1.85914993286	0.188	-0.072	2.044
1.86260509491	0.12	0.052	0.532
1.86605095863	-0.812	-0.152	0.0
1.86949706078	-0.812	-0.152	0.0
1.87294101715	0.116	-0.168	2.044
1.87638998032	0.204	0.132	-1.676
1.87983894348	0.204	0.132	-1.676
1.8832950592	-0.264	-0.276	2.044
1.88674497604	-0.116	0.052	-1.112
1.89019489288	-0.116	0.052	-1.112
1.89365196228	0.128	-0.016	2.0
1.89709806442	-0.036	-0.092	1.256
1.90054798126	-0.036	-0.092	1.256
1.90399909019	-0.7	0.196	-0.664
1.90745401382	0.696	0.112	2.044
1.91090202332	0.696	0.112	2.044
1.91435003281	0.264	0.252	-1.772
1.91779899597	-0.08	-0.216	2.044
1.92125892639	-0.08	-0.216	2.044
1.924710989	-0.192	-0.164	-0.568
1.92816209793	-0.024	0.308	1.236
1.93161702156	-0.024	0.308	1.236
1.93507695198	-0.164	-0.296	1.948
1.93852806091	-0.08	0.028	-1.112
1.94198489189	-0.08	0.028	-1.112
1.94543504715	0.204	-0.58	2.044
1.94888496399	0.06	0.14	-1.676
1.95233511925	0.16	-0.552	2.044
1.95578503609	0.16	-0.552	2.044
1.95923399925	-0.2	-0.212	0.048
1.96269202232	0.392	0.132	0.58
1.96613907814	0.392	0.132	0.58
1.96958589554	0.072	-0.476	2.044
1.97304201126	-0.088	0.116	-1.504
1.9765059948	-0.088	0.116	-1.504
1.97995591164	0.012	-0.34	2.044
1.98341202736	-0.188	0.192	-1.404
1.9868619442	-0.188	0.192	-1.404
1.99031209946	-0.248	-0.268	2.044
1.99382591248	0.176	-0.104	0.748
1.99727797508	0.176	-0.104	0.748
2.00072693825	0.056	0.052	-0.14
2.0041809082	0.192	-0.38	2.044
2.00763010979	0.192	-0.38	2.044
2.01108002663	0.06	0.084	-1.708
2.01452994347	-0.256	-0.292	2.044
2.01798009872	-0.256	-0.292	2.044
2.0214369297	-0.06	0.176	-1.008
2.02488708496	-0.136	-0.416	1.78
2.02834105492	-0.136	-0.416	1.78
2.03180193901	0.12	-0.172	1.432
2.03525209427	0.052	0.084	-0.704
2.03870105743	0.052	0.084	-0.704
2.04215598106	-0.212	-0.792	2.044
2.04560709	-0.516	0.184	-1.808
2.04905700684	0.156	-0.628	2.044
2.05250811577	0.156	-0.628	2.044
2.05595588684	-0.244	-0.236	-0.456
2.05940794945	-0.016	-0.236	1.124
2.06286501884	-0.016	-0.236	1.124
2.06631493568	-0.012	-0.176	2.044
2.0697851181	0.112	0.048	-1.228
2.07323694229	0.112	0.048	-1.228
2.07668590546	-0.14	-0.352	2.044
2.08013606071	-0.168	0.128	-1.62
2.08359503746	-0.168	0.128	-1.62
2.0870449543	-0.24	-0.296	2.044
2.09049606323	0.032	0.088	0.2
2.0939450264	0.032	0.088	0.2
2.09739494324	0.084	0.156	0.364
2.10084199905	0.304	0.132	2.044
2.10429406166	0.304	0.132	2.044
2.10774207115	-0.012	0.576	-1.596
2.11119198799	0.392	-0.148	2.044
2.11464691162	0.392	-0.148	2.044
2.11809492111	0.228	0.116	-1.308
2.12155008316	0.256	-0.208	2.044
2.12499904633	0.256	-0.208	2.044
2.1284570694	-0.016	-0.268	0.916
2.1319129467	0.376	0.176	-0.272
2.13536596298	0.376	0.176	-0.272
2.13881611824	-0.236	-0.284	2.044
2.14227199554	-0.128	0.14	-1.772
2.14572191238	0.352	-0.152	2.044
2.14917111397	0.352	-0.152	2.044
2.15262103081	-0.028	-0.072	-0.856
2.15607190132	-0.36	-0.272	1.596
2.15952301025	-0.36	-0.272	1.596
2.16297793388	-0.132	-0.292	1.596
2.16642808914	-0.072	-0.04	-0.904
2.16987895966	-0.072	-0.04	-0.904
2.17333602905	0.236	-0.58	2.044
2.17678499222	-0.044	0.148	-1.744
2.18023490906	-0.044	0.148	-1.744
2.18369102478	0.168	-0.588	2.044
2.18714094162	0.032	0.064	-0.256
2.19059300423	0.032	0.064	-0.256
2.19404411316	0.072	-0.116	0.884
2.19749689102	-0.248	-0.212	2.044
2.20094704628	-0.248	-0.212	2.044
2.20440292358	-0.228	0.124	-1.336
2.20785403252	-0.296	-0.152	2.044
2.21130490303	-0.296	-0.152	2.044
2.21475601196	-0.336	0.08	-1.552
2.2182059288	0.144	-0.108	2.044
2.22166204453	0.144	-0.108	2.044
2.22515106201	0.264	0.0	0.424
2.22859191895	0.252	0.208	0.236
2.23203992844	0.252	0.208	0.236
2.23548698425	0.156	-0.06	2.044
2.23893594742	-0.324	0.184	-1.668
2.24239706993	-0.324	0.184	-1.668
2.24584794044	-0.236	-1.228	2.044
2.2492980957	0.144	-0.056	-1.168
2.25275492668	-0.344	0.076	2.044
2.25620508194	-0.344	0.076	2.044
2.25965499878	0.024	-0.084	1.104
2.26310896873	-0.116	-0.032	-0.472
2.26656103134	-0.116	-0.032	-0.472
2.27001190186	0.032	-0.352	2.044
2.27346205711	-0.088	0.116	-1.76
2.27691197395	-0.088	0.116	-1.76
2.28036308289	0.196	-0.588	2.044
2.28381800652	-0.04	0.06	-0.716
2.28726911545	-0.04	0.06	-0.716
2.29071903229	0.072	-0.204	1.452
2.29417300224	-0.064	-0.264	1.772
2.2976269722	-0.064	-0.264	1.772
2.30107688904	0.312	-0.104	-0.984
2.30452799797	-0.432	-0.672	2.044
2.30797791481	-0.432	-0.672	2.044
2.31143403053	-0.308	0.152	-1.724
2.31488609314	0.192	-0.4	2.044
2.3183350563	0.192	-0.4	2.044
2.32179999352	-0.2	-0.16	-0.14
2.32525205612	-0.892	-0.18	0.672
2.32870197296	-0.892	-0.18	0.672
2.33215904236	-0.272	-0.044	2.044
2.33560991287	0.116	-0.088	-1.444
2.33906006813	0.116	-0.088	-1.444
2.34251594543	-0.428	-0.716	2.044
2.34596705437	0.228	0.044	-1.488
2.34946298599	0.02	-0.568	2.044
2.35291695595	0.02	-0.568	2.044
2.35636711121	0.212	-0.492	0.616
2.35981607437	0.08	-0.076	0.016
2.36327195168	0.08	-0.076	0.016
2.36672091484	-0.236	-0.104	2.044
2.3701710701	-0.2	0.224	-1.672
2.37362790108	-0.2	0.224	-1.672
2.37707805634	0.04	0.04	2.044
2.38052606583	-0.304	-0.024	-1.136
2.38397908211	-0.304	-0.024	-1.136
2.38743400574	0.412	-0.396	2.024
2.3908829689	0.384	0.088	1.276
2.39433288574	0.384	0.088	1.276
2.39777994156	0.292	0.236	-0.592
2.40129899979	0.028	-0.576	2.044
2.40475797653	0.028	-0.576	2.044
2.40820908546	-0.052	0.116	-1.784
2.41166090965	-0.052	-0.316	2.044
2.41511201859	-0.052	-0.316	2.044
2.41858291626	-0.132	0.052	-0.588
2.42203998566	-0.636	-0.356	1.24
2.42549109459	-0.636	-0.356	1.24
2.4289419651	0.324	-0.404	1.988
2.43239188194	0.216	-0.096	-1.108
2.4358420372	0.216	-0.096	-1.108
2.43929195404	-0.184	-0.876	2.044
2.44274902344	0.088	-0.096	-1.644
2.44619989395	0.108	-0.584	2.044
2.44965004921	0.108	-0.584	2.044
2.45310592651	0.06	-0.024	0.044
2.45655798912	-0.344	0.196	0.488
2.46000695229	-0.344	0.196	0.488
2.46346092224	0.196	-0.14	2.044
2.4669110775	-0.252	0.24	-1.5
2.47035598755	-0.252	0.24	-1.5
2.47380304337	0.036	-0.128	2.044
2.47725605965	-0.128	0.168	-1.42
2.48070693016	-0.128	0.168	-1.42
2.48416304588	-0.16	-0.264	2.044
2.4876139164	0.104	-0.088	0.744
2.49106192589	0.104	-0.088	0.744
2.49451589584	-0.504	-0.06	-0.164
2.49796700478	0.58	-0.572	2.044
2.50142192841	0.58	-0.572	2.044
2.50487089157	0.168	0.064	-1.716
2.50832104683	0.348	-0.5	2.044
2.51177501678	0.348	-0.5	2.044
2.51522994041	-0.064	-0.036	-0.976
2.51868200302	0.444	-0.384	1.816
2.52213907242	0.444	-0.384	1.816
2.52558898926	0.088	-0.316	1.44
2.52903795242	0.14	0.036	-0.708
2.53249311447	0.14	0.036	-0.708
2.53594207764	0.076	-0.436	2.044
2.53939199448	-0.296	0.292	-1.784
2.54284906387	-0.296	0.292	-1.784
2.54629898071	0.092	-0.236	2.044
2.54974889755	0.128	0.212	-0.428
2.55320000648	-0.116	-0.152	1.056
2.55665111542	-0.116	-0.152	1.056
2.56010103226	-0.004	-0.388	2.044
2.56356096268	-0.08	0.26	-1.224
2.56701302528	-0.08	0.26	-1.224
2.57046508789	-0.384	-0.264	2.044
2.57391810417	-0.016	0.156	-1.652
2.57737207413	-0.016	0.156	-1.652
2.58082294464	-0.244	-0.328	2.044
2.58427810669	-0.192	-0.06	0.168
2.5877289772	-0.192	-0.06	0.168
2.59117794037	0.312	0.256	0.424
2.59463000298	-0.064	-0.34	2.044
2.59808111191	-0.064	-0.34	2.044
2.60153698921	0.06	0.156	-1.56
2.60498690605	0.092	-0.62	2.044
2.60843610764	0.092	-0.62	2.044
2.61189603806	-0.048	0.02	-1.316
2.61534690857	0.348	-0.628	2.044
2.61879992485	0.348	-0.628	2.044
2.6222550869	0.492	-0.076	0.956
2.62570405006	-0.076	0.184	-0.304
2.6291539669	-0.076	0.184	-0.304
2.63260507584	0.396	-0.568	2.044
2.636054039	0.172	-0.052	-1.744
2.63950490952	0.172	-0.052	-1.744
2.64296102524	-0.056	-0.54	2.044
2.64641189575	0.0	0.136	-0.86
2.6498529911	0.0	0.136	-0.86
2.65330004692	-0.204	-0.1	1.62
2.65674901009	-0.16	-0.228	1.612
2.66020011902	-0.116	0.12	-0.888
2.66365599632	-0.116	0.12	-0.888
2.66713809967	0.128	-0.732	2.044
2.6705930233	-0.088	-0.008	-1.756
2.67404603958	-0.088	-0.008	-1.756
2.67750096321	-0.176	-0.372	2.044
2.68095207214	-0.152	-0.124	-0.304
2.68440794945	-0.152	-0.124	-0.304
2.68786001205	0.328	-0.152	0.94
2.69131493568	-0.252	-0.032	2.044
2.69476509094	-0.252	-0.032	2.044
2.69821500778	0.108	0.188	-1.336
2.70167088509	-0.02	-0.34	2.044
2.70512104034	-0.02	-0.34	2.044
2.70858097076	-0.108	0.18	-1.56
2.71203398705	0.144	-0.068	2.044
2.71548295021	0.144	-0.068	2.044
2.71893191338	0.192	-0.056	0.424
2.72238707542	-0.52	0.004	0.14
2.72583794594	-0.52	0.004	0.14
2.72928595543	-0.22	-0.34	2.044
2.73273801804	-0.036	0.052	-1.636
2.73618102074	-0.036	0.052	-1.636
2.73962306976	-0.456	-0.856	2.044
2.74307107925	0.096	-0.04	-1.2
2.74652409554	0.096	-0.04	-1.2
2.74997496605	-0.084	-0.024	2.044
2.75342702866	-0.024	0.0	1.088
2.75687003136	-0.124	0.196	-0.456
2.7603199482	-0.124	0.196	-0.456
2.76380109787	0.612	-0.428	2.044
2.76725101471	0.008	-0.096	-1.768
2.77070307732	0.008	-0.096	-1.768
2.77415394783	-0.396	0.04	2.044
2.77760696411	-0.164	0.32	-0.744
2.78105807304	-0.164	0.32	-0.744
2.78451490402	-0.348	-0.452	1.388
2.78796505928	0.032	-0.124	1.828
2.79142093658	0.032	-0.124	1.828
2.79487109184	-0.008	0.024	-1.032
2.79832100868	0.016	-0.672	2.044
2.80177092552	0.016	-0.672	2.044
2.80522990227	0.06	0.14	-1.704
2.80867910385	0.088	0.168	2.044
2.81212902069	0.088	0.168	2.044
2.81557703018	0.124	0.2	-0.096
2.81902599335	-0.012	0.124	0.7
2.82247591019	-0.012	0.124	0.7
2.82592511177	0.26	-0.32	2.044
2.82937502861	0.052	0.408	-1.448
2.83282804489	0.052	0.408	-1.448
2.83627796173	0.724	-0.62	2.044
2.8397269249	0.08	0.024	-1.46
2.84318304062	0.08	0.024	-1.46
2.84663200378	-0.188	0.144	2.044
2.85008096695	0.1	0.008	0.584
2.85353398323	0.1	0.008	0.584
2.85698103905	0.548	-0.208	0.032
2.86042904854	0.056	-0.304	2.044
2.86387991905	-0.068	0.116	-1.712
2.8673350811	-0.068	0.116	-1.712
2.87078595161	0.248	-0.516	2.044
2.87423992157	0.152	0.276	-1.092
2.87769007683	0.152	0.276	-1.092
2.88113903999	-0.18	0.0	1.916
2.88458991051	0.004	-0.056	1.3
2.88803792	0.004	-0.056	1.3
2.89149403572	-0.004	0.176	-0.66
2.89494395256	-0.424	-0.48	2.044
2.89839410782	-0.424	-0.48	2.044
2.9018599987	-0.052	0.136	-1.764
2.90531110764	-0.228	-0.388	2.044
2.90876197815	-0.228	-0.388	2.044
2.91221308708	0.124	-0.096	-0.54
2.9156639576	-0.292	-0.076	1.2
2.91911411285	-0.292	-0.076	1.2
2.92256999016	-0.364	-0.604	1.964
2.926019907	-0.02	0.216	-1.136
2.92947006226	-0.02	0.216	-1.136
2.93292689323	0.844	-0.312	2.044
2.93637609482	-0.144	0.112	-1.656
2.93983006477	-0.144	0.112	-1.656
2.94328594208	-0.404	-0.352	2.044
2.94673705101	-0.172	0.084	0.084
2.95018601418	-0.172	0.084	0.084
2.95363497734	0.456	-0.008	0.54
2.95708298683	0.408	-0.556	2.044
2.96053195	0.188	-0.128	-1.492
2.96398806572	0.188	-0.128	-1.492
2.96743893623	-0.04	-0.332	2.044
2.97088909149	0.04	0.42	-1.404
2.97434306145	0.04	0.42	-1.404
2.97779297829	-0.376	-0.62	2.044
2.98124790192	0.016	-0.404	0.792
2.98469591141	0.016	-0.404	0.792
2.98814511299	0.0	-0.14	-0.196
2.99159693718	-0.012	-0.276	2.044
2.99504899979	-0.012	-0.276	2.044
2.99850797653	-0.032	0.24	-1.732
3.00196504593	-0.284	-0.312	2.044
3.00541591644	-0.284	-0.312	2.044
3.0088660717	-0.172	0.26	-0.948
3.01231789589	-0.176	0.236	1.712
3.01576709747	-0.176	0.236	1.712
3.01921701431	0.26	-0.288	1.516
3.02271199226	0.024	0.26	-0.764
3.0261631012	0.024	0.26	-0.764
3.02961301804	-0.368	-0.352	2.044
3.03306388855	0.144	0.196	-1.748
3.03651404381	0.144	0.196	-1.748
3.03996300697	-0.18	-0.556	2.044
3.04341888428	0.656	-0.112	-0.332
3.04687309265	0.656	-0.112	-0.332
3.05032396317	0.352	-0.12	1.104
3.05380606651	0.14	-0.484	2.044
3.05725598335	-0.136	0.328	-1.316
3.06070590019	-0.136	0.328	-1.316
3.06416296959	-0.644	-0.204	2.044
3.06761789322	-0.232	0.192	-1.624
3.07106804848	-0.232	0.192	-1.624
3.07452392578	0.028	-0.08	2.044
3.07797408104	-0.284	0.028	0.24
3.08142900467	-0.284	0.028	0.24
3.08487892151	0.056	-0.112	0.32
3.08832788467	0.04	-0.516	2.044
3.09178209305	0.04	-0.516	2.044
3.09524202347	0.072	0.008	-1.572
3.09869408607	-0.228	-0.704	2.044
3.10215210915	-0.228	-0.704	2.044
3.10560297966	0.308	0.124	-1.264
3.1090528965	0.084	-0.56	2.044
3.11250305176	0.084	-0.56	2.044
3.1159529686	0.104	0.02	0.976
3.11940002441	-0.62	-0.12	-0.336
3.12285804749	-0.62	-0.12	-0.336
3.12631011009	0.072	-0.236	2.044
3.12976002693	0.112	0.14	-1.752
3.13321590424	0.112	0.14	-1.752
3.13666510582	-0.112	-0.276	2.044
3.14011502266	-0.024	0.06	-0.804
3.14357209206	-0.024	0.06	-0.804
3.14702296257	0.212	-0.028	1.556
3.15047311783	-0.044	-0.104	1.64
3.15392804146	-0.044	-0.104	1.64
3.15738296509	-0.632	0.264	-0.992
3.16083288193	0.008	-0.468	2.044
3.16428804398	0.116	0.192	-1.756
3.16773796082	0.116	0.192	-1.756
3.17118811607	0.084	0.028	2.044
3.17464208603	0.016	-0.14	-0.208
3.17809200287	0.016	-0.14	-0.208
3.18154811859	0.152	-0.068	0.852
3.18499803543	0.196	-0.248	2.044
3.1884469986	0.196	-0.248	2.044
3.19190597534	0.052	0.076	-1.352
3.19535493851	0.344	-0.76	2.044
3.19880390167	0.344	-0.76	2.044
3.20225906372	0.14	0.04	-1.516
3.20571208	-0.188	-0.444	2.044
3.20916390419	-0.188	-0.444	2.044
3.21261501312	-0.08	-0.1	0.448
3.21606492996	0.288	0.076	0.188
3.21951293945	0.288	0.076	0.188
3.22296595573	-0.168	-0.684	2.044
3.2264149189	-0.156	0.124	-1.668
3.22986602783	-0.156	0.124	-1.668
3.23331689835	-0.388	-0.528	2.044
3.2367670536	-0.184	0.116	-1.176
3.24021697044	-0.184	0.116	-1.176
3.24367308617	-0.748	-0.292	2.012
3.24712300301	0.22	-0.052	1.112
3.25057291985	0.22	-0.052	1.112
3.2540230751	0.316	-0.064	-0.484
3.25747704506	0.452	-0.34	2.044
3.26093006134	0.032	0.032	-1.756
3.2643840313	0.032	0.032	-1.756
3.26783299446	0.2	-0.736	2.044
3.27128911018	-0.096	0.076	-0.692
3.27473902702	-0.096	0.076	-0.692
3.27818799019	-0.132	-0.192	1.356
3.28164505959	0.104	-0.152	1.82
3.28509402275	0.104	-0.152	1.82
3.28855204582	0.056	0.32	-1.024
3.29200601578	0.08	-0.584	2.044
3.29545688629	0.08	-0.584	2.044
3.29890608788	0.044	0.06	-1.696
3.30235505104	0.384	-0.74	2.044
3.30580401421	0.384	-0.74	2.044
3.30925297737	-0.216	0.052	-0.068
3.31270694733	0.44	0.128	0.712
3.31615591049	0.44	0.128	0.712
3.31960201263	0.212	-0.4	2.044
3.32305908203	0.112	0.14	-1.456
3.3265080452	0.112	0.14	-1.456
3.32995700836	-0.128	-0.368	2.044
3.33341288567	-0.084	0.164	-1.48
3.3368639946	-0.084	0.164	-1.48
3.34031510353	-0.5	-0.372	2.044
3.34379911423	0.072	-0.248	0.592
3.34724998474	0.072	-0.248	0.592
3.35069799423	-0.012	0.096	-0.02
3.35415291786	0.064	-0.18	2.044
3.35760307312	0.064	-0.18	2.044
3.36105108261	-0.152	0.18	-1.696
3.36450910568	-0.108	-0.372	2.044
3.36796307564	0.076	0.268	-1.068
3.37141895294	0.076	0.268	-1.068
3.37486791611	0.152	-0.484	1.912
3.3783159256	0.156	-0.32	1.336
3.38177204132	0.156	-0.32	1.336
3.38524007797	-0.024	0.052	-0.636
3.38869094849	0.132	-0.296	2.044
3.39214205742	0.132	-0.296	2.044
3.39559102058	-0.052	0.108	-1.764
3.39904093742	0.28	-0.064	2.044
3.40249609947	0.28	-0.064	2.044
3.40594506264	0.008	-0.14	-0.528
3.40939497948	-0.468	-0.38	1.196
3.41284608841	-0.468	-0.38	1.196
3.41629695892	-0.004	-0.296	1.992
3.41975903511	-0.068	0.112	-1.18
3.42324590683	-0.068	0.112	-1.18
3.4267001152	0.0	-0.652	2.044
3.43014097214	-0.152	0.056	-1.664
3.43359208107	-0.152	0.056	-1.664
3.43704199791	0.364	-0.556	2.044
3.44049096107	0.204	0.156	0.128
3.44394302368	0.204	0.156	0.128
3.44738793373	-0.132	-0.06	0.508
3.4508368969	0.056	-0.328	2.044
3.45429110527	0.056	-0.328	2.044
3.45774006844	0.164	0.164	-1.512
3.4611890316	-0.128	-0.404	2.044
3.46464490891	0.064	0.264	-1.396
3.46809411049	0.064	0.264	-1.396
3.47154998779	-0.212	-0.416	2.044
3.47500395775	-0.16	-0.284	0.776
3.47845411301	-0.16	-0.284	0.776
3.48191905022	0.024	0.036	-0.192
3.48536896706	0.072	-0.46	2.044
3.4888188839	0.072	-0.46	2.044
3.49227499962	0.112	0.216	-1.744
3.49572491646	-0.4	-0.756	2.044
3.49917507172	-0.4	-0.756	2.044
3.50263094902	-0.376	0.184	-1.0
3.50607800484	0.168	0.128	1.764
3.50952601433	0.168	0.128	1.764
3.51297402382	-0.3	-0.28	1.476
3.51642489433	-0.044	0.048	-0.8
3.51987504959	-0.044	0.048	-0.8
3.52333402634	-0.052	-0.612	2.044
3.52678799629	0.012	0.08	-1.76
3.53023791313	0.012	0.08	-1.76
3.53369402885	-0.084	-0.484	2.044
3.53714394569	0.024	0.024	-0.372
3.54059290886	0.024	0.024	-0.372
3.54404306412	-0.544	-0.008	0.964
3.54749798775	0.764	-0.484	2.044
3.55094599724	0.764	-0.484	2.044
3.55439710617	0.428	0.216	-1.228
3.55784606934	0.476	-0.432	2.044
3.56130099297	0.476	-0.432	2.044
3.56474900246	-0.236	0.128	-1.612
3.5681989193	-0.34	-0.368	2.044
3.57165598869	0.104	-0.112	0.288
3.57510495186	0.104	-0.112	0.288
3.5785639286	-0.484	-0.076	0.304
3.58202290535	-0.424	-0.216	2.044
3.58547401428	-0.424	-0.216	2.044
3.58892393112	0.016	-0.024	-1.628
3.59237504005	-0.488	-0.788	2.044
3.59582495689	-0.488	-0.788	2.044
3.59927606583	-0.072	0.16	-1.284
3.60273194313	-0.264	-0.652	2.044
3.60618209839	-0.264	-0.652	2.044
3.60963201523	0.156	-0.2	0.984
3.61308097839	-0.072	-0.072	-0.344
3.61653208733	-0.072	-0.072	-0.344
3.61998295784	0.016	-0.712	2.044
3.62343788147	-0.04	0.176	-1.752
3.6268889904	-0.04	0.176	-1.752
3.63034009933	0.128	0.012	2.044
3.63379192352	-0.08	0.236	-0.808
3.63724803925	-0.08	0.236	-0.808
3.64069795609	-0.168	-0.332	1.58
3.64415311813	-0.448	-0.736	1.684
3.64760398865	-0.448	-0.736	1.684
3.65105390549	0.196	0.168	-0.864
3.65450811386	-0.276	-0.132	2.044
3.6579580307	-0.276	-0.132	2.044
3.661413908	-0.08	0.156	-1.72
3.66486501694	-0.156	-0.452	2.044
3.66831588745	-0.156	-0.452	2.044
3.67177009583	0.216	0.096	-0.24
3.67523002625	-0.048	0.092	0.892
3.67867898941	0.016	-0.616	2.044
3.68213510513	0.016	-0.616	2.044
3.6855840683	-0.06	0.112	-1.344
3.68903708458	-0.128	-0.52	2.044
3.69249296188	-0.128	-0.52	2.044
3.69594311714	-0.396	0.04	-1.572
3.69939398766	-0.016	-0.436	2.044
3.70284891129	-0.016	-0.436	2.044
3.70630002022	-0.32	-0.092	0.424
3.70976090431	-0.1	-0.164	0.152
3.71321201324	-0.1	-0.164	0.152
3.71666193008	0.196	-0.424	2.044
3.72011089325	-0.132	0.136	-1.648
3.72356796265	-0.132	0.136	-1.648
3.7270181179	-0.332	-0.592	2.044
3.73047304153	0.116	0.072	-1.172
3.73392105103	0.116	0.072	-1.172
3.73736310005	-0.064	-0.092	2.044
3.74080991745	0.336	-0.092	1.148
3.74426293373	0.336	-0.092	1.148
3.74771499634	-0.176	0.148	-0.488
3.75116610527	-0.272	-0.248	2.044
3.75462293625	-0.272	-0.248	2.044
3.75807309151	-0.024	0.104	-1.76
3.76152992249	0.132	-0.412	2.044
3.76498103142	0.132	-0.412	2.044
3.76842999458	0.076	0.076	-0.688
3.77189707756	0.508	-0.184	1.416
3.7753469944	-0.06	-0.004	1.812
3.77879691124	-0.06	-0.004	1.812
3.78225302696	0.02	-0.012	-1.004
3.78570389748	-0.496	-0.524	2.044
3.78915405273	-0.496	-0.524	2.044
3.79260492325	-0.344	0.228	-1.728
3.7960600853	0.072	-0.168	2.044
3.79950904846	0.072	-0.168	2.044
3.8029589653	-0.152	-0.024	-0.08
3.80641007423	-0.24	-0.116	0.66
3.8098590374	-0.24	-0.116	0.66
3.81330990791	0.332	-0.308	2.044
3.8167591095	0.008	-0.012	-1.416
3.82020998001	0.008	-0.012	-1.416
3.82366490364	-0.228	-0.836	2.044
3.82711601257	0.332	0.232	-1.472
3.83056497574	0.332	0.232	-1.472
3.83401608467	0.304	-0.58	2.044
3.83746910095	0.04	-0.096	0.628
3.84091711044	0.04	-0.096	0.628
3.8443710804	-0.796	-0.216	-0.028
3.84782600403	-0.092	-0.196	2.044
3.85128307343	-0.092	-0.196	2.044
3.85473394394	0.14	0.188	-1.676
3.8581840992	-0.18	-0.504	2.044
3.8616399765	-0.18	-0.504	2.044
3.86509108543	-0.216	0.06	-1.096
3.86855006218	0.08	-0.068	1.984
3.87203788757	0.08	-0.068	1.984
3.87548995018	0.136	-0.332	1.308
3.87894010544	-0.112	0.096	-0.644
3.88239693642	-0.148	-0.352	2.044
3.88584899902	-0.148	-0.352	2.044
3.88929891586	0.044	-0.064	-1.772
3.89275598526	0.168	-0.58	2.044
3.89620494843	0.168	-0.58	2.044
3.89965391159	-0.12	-0.048	-0.572
3.9031150341	-0.2	-0.352	1.236
3.90656590462	-0.2	-0.352	1.236
3.91001605988	0.36	-0.372	2.008
3.91346693039	-0.124	0.024	-1.128
3.91691708565	-0.124	0.024	-1.128
3.92036604881	-0.308	-0.404	2.044
3.92382192612	-0.092	0.164	-1.672
3.92727398872	-0.092	0.164	-1.672
3.93072509766	-0.144	-0.496	2.044
3.93417692184	-0.304	-0.18	0.052
3.93762803078	-0.304	-0.18	0.052
3.94107890129	-0.212	-0.168	0.516
3.94453501701	-0.06	-0.204	2.044
3.94798493385	-0.06	-0.204	2.044
3.95144104958	-0.016	0.164	-1.52
3.95489501953	-0.076	-0.38	2.044
3.95834708214	-0.076	-0.38	2.044
3.96180295944	-0.064	0.088	-1.4
3.96526408195	-0.056	-0.172	2.044
3.96871399879	-0.056	-0.172	2.044
3.97217106819	-0.08	-0.248	0.736
3.97562193871	-0.52	0.168	-0.208
3.97907090187	0.224	0.52	2.044
3.98252511024	0.224	0.52	2.044
3.98597192764	0.004	0.304	-1.736
3.98941993713	0.408	-0.392	2.044
3.99287009239	0.408	-0.392	2.044
3.99632000923	0.02	0.044	-0.984
3.99976801872	0.516	-0.068	1.78
4.00322198868	0.516	-0.068	1.78
4.00667095184	0.18	-0.18	1.476
4.01012396812	-0.04	0.032	-0.732
4.01357603073	-0.04	0.032	-0.732
4.01702594757	-0.204	-0.592	2.044
4.02047610283	-0.02	0.152	-1.748
4.02393293381	-0.02	0.152	-1.748
4.02738308907	-0.168	-0.068	2.044
4.03083205223	-0.632	0.152	-0.464
4.03428697586	-0.632	0.152	-0.464
4.03773808479	0.236	0.024	1.076
4.04118490219	-0.008	-0.304	2.044
4.04464197159	-0.008	-0.304	2.044
4.04809188843	-0.176	0.028	-1.26
4.05154204369	-0.068	-0.312	2.044
4.0549929142	-0.068	-0.312	2.044
4.05844306946	-0.156	0.248	-1.616
4.06191301346	-0.336	-0.496	2.044
4.06536507607	-0.336	-0.496	2.044
4.0688149929	-0.096	0.088	0.224
4.07226490974	0.288	-0.012	0.352
4.07571411133	0.288	-0.012	0.352
4.0791618824	0.088	-0.44	2.044
4.08261799812	0.152	0.168	-1.564
4.08606696129	-0.228	-0.46	2.044
4.08951711655	-0.228	-0.46	2.044
4.09297394753	0.068	0.184	-1.316
4.09642291069	-0.272	-0.048	2.044
4.09987306595	-0.272	-0.048	2.044
4.10332393646	0.092	-0.204	0.952
4.10677409172	0.128	0.124	-0.252
4.11022090912	0.128	0.124	-0.252
4.1136701107	0.3	-0.44	2.044
4.11712193489	-0.348	-0.008	-1.784
4.12057304382	-0.348	-0.008	-1.784
4.12403011322	-0.892	-0.324	2.044
4.12748003006	-0.16	0.324	-0.884
4.13093090057	-0.16	0.324	-0.884
4.13438510895	-0.172	0.024	1.58
4.13783502579	0.252	-0.216	1.636
4.14128994942	0.252	-0.216	1.636
4.14473891258	-0.096	0.072	-0.908
4.14819002151	0.204	-0.28	2.044
4.15164494514	0.204	-0.28	2.044
4.15509605408	-0.08	0.196	-1.728
4.15856194496	0.024	-0.796	2.044
4.16201901436	0.024	-0.796	2.044
4.1654689312	0.292	-0.024	-0.2
4.16892194748	0.636	0.108	0.896
4.17237496376	0.636	0.108	0.896
4.17582297325	0.156	-0.816	2.044
4.17927098274	-0.236	-0.048	-1.32
4.18272805214	-0.152	-0.184	2.044
4.18617796898	-0.152	-0.184	2.044
4.18962907791	-0.004	0.172	-1.564
4.19307994843	0.24	-0.16	2.044
4.19652891159	0.24	-0.16	2.044
4.19997811317	-0.004	-0.104	0.392
4.20343399048	0.336	0.132	0.252
4.2068810463	0.336	0.132	0.252
4.21032691002	0.516	-0.316	2.044
4.21377706528	-0.124	0.184	-1.668
4.21722698212	-0.124	0.184	-1.668
4.22067809105	0.032	-0.272	2.044
4.22413611412	0.16	0.056	-1.192
4.22758507729	0.16	0.056	-1.192
4.23103404045	0.012	0.112	2.044
4.23448610306	-0.384	-0.248	1.076
4.2379360199	-0.384	-0.248	1.076
4.2413918972	0.016	0.04	-0.472
4.24484109879	0.04	-0.376	2.044
4.24829006195	0.04	-0.376	2.044
4.25174498558	-0.232	0.3	-1.78
4.255204916	0.116	-0.672	2.044
4.25865411758	0.116	-0.672	2.044
4.26210808754	0.156	0.032	-0.68
4.2655570507	0.316	-0.196	1.448
4.26900601387	0.316	-0.196	1.448
4.27245593071	0.38	-0.128	1.816
4.27590990067	0.032	0.232	-1.0
4.27935504913	0.032	0.232	-1.0
4.28280496597	0.284	-0.068	2.044
4.28625607491	-0.104	0.104	-1.708
4.28970503807	0.06	-0.432	2.044
4.29316091537	0.06	-0.432	2.044
4.29660892487	-0.052	-0.136	-0.124
4.30006098747	-0.46	-0.12	0.696
4.30351209641	-0.46	-0.12	0.696
4.30696201324	0.168	-0.248	2.044
4.31041097641	0.204	0.04	-1.412
4.31386494637	0.204	0.04	-1.412
4.31731390953	0.484	-0.632	2.044
4.32076406479	-0.144	0.044	-1.484
4.32421994209	-0.144	0.044	-1.484
4.32767105103	0.188	-0.224	2.044
4.33112311363	-0.156	-0.04	0.576
4.33457994461	-0.156	-0.04	0.576
4.33802890778	-0.124	0.004	-0.02
4.3414850235	-0.156	-0.36	2.044
4.34493494034	-0.156	-0.36	2.044
4.34838700294	0.024	0.208	-1.672
4.35185003281	-0.452	-0.264	2.044
4.35530090332	-0.452	-0.264	2.044
4.35875201225	-0.364	-0.064	-1.088
4.36220908165	-0.288	0.2	1.9
4.36565804482	-0.288	0.2	1.9
4.36910700798	0.088	-0.108	1.28
4.37256193161	0.348	0.148	-0.588
4.37601089478	0.348	0.148	-0.588
4.37949991226	-0.064	-0.46	2.044
4.38296198845	-0.216	0.152	-1.792
4.38641405106	-0.428	-0.228	2.044
4.38986492157	-0.428	-0.228	2.044
4.3933160305	0.068	-0.148	-0.548
4.39676594734	-0.58	-0.468	1.252
4.40021705627	-0.58	-0.468	1.252
4.40367388725	-0.016	-0.332	1.968
4.40712308884	0.192	0.312	-1.128
4.410572052	0.192	0.312	-1.128
4.41402411461	0.128	-0.404	2.044
4.4174759388	-0.204	0.104	-1.68
4.4209280014	-0.204	0.104	-1.68
4.42438292503	-0.044	-0.52	2.044
4.42783308029	0.48	0.044	0.088
4.43128490448	0.48	0.044	0.088
4.43473291397	-0.284	0.108	0.488
4.43818497658	0.216	-0.18	2.044
4.4416410923	0.216	-0.18	2.044
4.44509100914	0.324	0.152	-1.488
4.44854903221	0.34	-0.176	2.044
4.45200300217	0.34	-0.176	2.044
4.45545196533	0.024	0.144	-1.408
4.45890188217	-0.532	0.024	2.044
4.46235704422	-0.532	0.024	2.044
4.46580600739	0.22	0.024	0.76
4.46925401688	-0.14	0.188	-0.164
4.47270488739	-0.14	0.188	-0.164
4.47615599632	-0.436	-0.376	2.044
4.47960591316	0.016	0.22	-1.748
4.48306202888	0.016	0.22	-1.748
4.48651099205	-0.228	-0.444	2.044
4.48996400833	-0.056	0.004	-0.98
4.4934220314	0.452	-0.368	1.824
4.49687099457	0.452	-0.368	1.824
4.50031995773	0.576	-0.324	1.484
4.50384402275	0.06	0.032	-0.732
4.50733089447	0.06	0.032	-0.732
4.51078796387	-0.068	-0.62	2.044
4.51424908638	-0.012	0.036	-1.752
4.51770710945	-0.012	0.036	-1.752
4.52115988731	0.132	-0.336	2.044
4.52461910248	-0.076	0.108	-0.432
4.52807092667	-0.076	0.108	-0.432
4.5315310955	-0.048	-0.28	1.032
4.53498196602	0.056	-0.336	2.044
4.53843307495	0.056	-0.336	2.044
4.54188990593	-0.152	0.308	-1.224
4.54535698891	-0.116	-0.464	2.044
4.54880905151	-0.116	-0.464	2.044
4.55227303505	-0.3	0.216	-1.632
4.55572509766	-0.028	-0.78	2.044
4.55917692184	-0.028	-0.78	2.044
4.56265091896	0.264	0.336	0.224
4.56609988213	0.056	0.224	0.432
4.56954693794	0.056	0.224	0.432
4.5730009079	-0.052	-0.568	2.044
4.5764529705	0.012	0.144	-1.568
4.57990407944	0.012	0.144	-1.568
4.58335900307	-0.336	-0.4	2.044
4.58682107925	-0.352	-0.016	-1.316
4.59027290344	-0.148	-0.304	2.044
4.59375905991	-0.148	-0.304	2.044
4.59721589088	0.04	-0.232	0.896
4.60066699982	-0.548	-0.004	-0.34
4.60412311554	-0.548	-0.004	-0.34
4.60756802559	0.392	-0.212	2.044
4.61101198196	-0.124	0.252	-1.772
4.61447095871	-0.124	0.252	-1.772
4.61792898178	-0.568	-0.192	2.044
4.62138795853	-0.316	0.044	-0.868
4.62484002113	-0.316	0.044	-0.868
4.62829208374	0.284	-0.38	1.628
4.63174891472	0.004	-0.164	1.6
4.63520097733	0.004	-0.164	1.6
4.63865089417	-0.172	0.064	-0.88
4.64211797714	0.04	-0.36	2.044
4.64556789398	0.04	-0.36	2.044
4.64901900291	0.024	0.164	-1.752
4.65247988701	0.176	-0.184	2.044
4.65593099594	0.176	-0.184	2.044
4.65938305855	-0.032	-0.164	-0.296
4.66284203529	-0.428	-0.288	0.884
4.6662940979	-0.428	-0.288	0.884
4.66974902153	-0.252	-0.532	2.044
4.67320108414	-0.012	0.112	-1.332
4.67665195465	-0.012	0.112	-1.332
4.68010401726	-0.084	-0.36	2.044
4.683562994	-0.048	0.028	-1.56
4.68701505661	0.344	0.044	2.044
4.69046401978	0.344	0.044	2.044
4.69391393661	-0.184	0.16	0.332
4.69736909866	-0.592	-0.008	0.156
4.70082092285	-0.592	-0.008	0.156
4.70428109169	-0.544	0.008	2.044
4.7077319622	-0.236	0.26	-1.652
4.71118402481	-0.236	0.26	-1.652
4.71465706825	-0.14	-0.384	2.044
4.71811008453	0.068	0.076	-1.236
4.72156596184	0.068	0.076	-1.236
4.72501707077	-0.032	-0.388	2.044
4.72846889496	0.18	-0.056	1.132
4.73192095757	0.18	-0.056	1.132
4.73536992073	-0.272	0.164	-0.492
4.73883104324	0.136	-0.408	2.044
4.74228310585	0.136	-0.408	2.044
4.74573206902	0.044	0.0	-1.76
4.74917507172	-0.108	0.136	2.044
4.75262594223	-0.108	0.136	2.044
4.75607609749	-0.32	-0.092	-0.768
4.75953102112	-0.42	-0.844	1.468
4.76298999786	-0.42	-0.844	1.468
4.7664411068	-0.28	-0.14	1.744
4.76989197731	-0.224	0.128	-1.044
4.77335000038	-0.224	0.128	-1.044
4.77680110931	0.032	-0.58	2.044
4.7802529335	-0.224	0.156	-1.72
4.78370404243	-0.46	-0.304	2.044
4.78715801239	-0.46	-0.304	2.044
4.79060792923	-0.088	0.216	-0.112
4.79406309128	0.572	0.012	0.72
4.79750394821	0.572	0.012	0.72
4.8009428978	-0.104	-0.38	2.044
4.80439090729	-0.088	0.124	-1.428
4.80783891678	-0.088	0.124	-1.428
4.81130003929	-0.132	-0.444	2.044
4.81475710869	-0.284	0.272	-1.504
4.81820893288	-0.284	0.272	-1.504
4.82166600227	-0.176	-0.304	2.044
4.82511806488	0.012	-0.06	0.564
4.82856893539	0.012	-0.06	0.564
4.83202409744	0.268	-0.288	0.056
4.83549904823	-0.248	-0.24	2.044
4.83894991875	-0.248	-0.24	2.044
4.84240794182	-0.496	0.176	-1.728
4.84586000443	0.312	-0.46	2.044
4.84931111336	0.312	-0.46	2.044
4.85276794434	-0.004	0.416	-1.108
4.85621905327	-0.356	-0.432	1.952
4.85967111588	-0.356	-0.432	1.952
4.86312794685	0.028	-0.496	1.292
4.86659407616	0.008	0.028	-0.624
4.87005805969	0.008	0.028	-0.624
4.87350893021	0.28	-0.412	2.044
4.87696003914	-0.024	0.136	-1.756
4.88041210175	0.208	-0.3	2.044
4.88386797905	0.208	-0.3	2.044
4.88731789589	-0.408	0.364	-0.58
4.89077091217	0.24	-0.192	1.292
4.89422893524	0.24	-0.192	1.292
4.8976790905	-0.324	-0.312	1.916
4.90112996101	0.268	0.212	-1.104
4.90458703041	0.268	0.212	-1.104
4.90803599358	0.044	-0.224	2.044
4.91149091721	0.04	0.148	-1.656
4.91494297981	0.04	0.148	-1.656
4.91839694977	-0.76	-0.212	2.044
4.92185401917	-0.032	0.096	0.044
4.925303936	-0.032	0.096	0.044
4.92875289917	0.016	-0.432	0.552
4.9322180748	-0.192	-0.144	2.044
4.93566894531	-0.192	-0.144	2.044
4.93912291527	-0.024	0.052	-1.548
4.94257903099	0.388	-0.268	2.044
4.94602894783	0.388	-0.268	2.044
4.94952106476	0.252	0.084	-1.388
4.95297408104	-0.048	-0.1	2.044
4.95642805099	-0.048	-0.1	2.044
4.95987892151	-0.168	-0.248	0.748
4.96333694458	0.044	-0.22	-0.128
4.96678805351	0.044	-0.22	-0.128
4.97023892403	-0.032	-0.356	2.044
4.97370004654	-0.128	0.24	-1.716
4.97715210915	0.036	-0.464	2.044
4.98060297966	0.036	-0.464	2.044
4.98407292366	-0.116	-0.152	-0.968
4.98753094673	-0.18	-0.576	1.796
4.99098300934	-0.18	-0.576	1.796
4.99444293976	-0.108	-0.264	1.428
4.99789500237	-0.172	0.168	-0.744
