Timestamp 	 X-Axis 	 Y-Axis 	 Z-Axis
0.000332832336426	0.036	0.012	2.044
0.00758099555969	0.244	0.332	-1.428
0.0146498680115	0.288	0.136	-1.48
0.021714925766	-0.08	-0.172	2.044
0.0287759304047	0.488	0.064	0.056
0.0358519554138	0.292	-0.46	2.044
0.0429120063782	0.016	0.052	-1.692
0.0499708652496	0.092	0.076	-1.08
0.0570318698883	0.088	0.064	1.924
0.0640988349915	0.164	-0.432	1.296
0.071163892746	-0.044	-0.32	2.044
0.0782330036163	-0.132	0.028	-1.788
0.0853018760681	-0.336	-0.104	-0.564
0.0923709869385	-0.476	-0.172	1.244
0.099457025528	0.128	-0.256	1.972
0.10652589798	-0.016	-0.488	2.044
0.113593816757	0.036	0.316	-1.676
0.120672941208	0.048	-0.276	0.056
0.127738952637	0.636	-0.032	0.6
0.134812831879	-0.212	-0.408	2.044
0.141880989075	0.136	-0.468	2.044
0.148945808411	-0.204	0.0	-1.416
0.156004905701	-0.156	-0.208	2.044
0.163071870804	0.108	-0.104	-0.128
0.170143842697	-0.056	-0.152	2.044
0.1772108078	-0.052	-0.672	2.044
0.184288024902	-0.016	0.14	-0.988
0.19136095047	-0.144	0.092	1.732
0.198439836502	0.032	0.252	-0.732
0.205515861511	-0.004	-0.444	2.044
0.212589979172	1.0	-0.368	2.044
0.219652891159	-0.068	0.044	-0.448
0.226724863052	0.292	0.02	1.1
0.233788013458	0.004	-0.012	-1.228
0.240859985352	-0.136	-0.432	2.044
0.247926950455	-0.356	-0.672	2.044
0.255004882812	0.116	0.12	0.204
0.262069940567	0.336	0.052	0.392
0.26913189888	-0.224	0.348	-1.596
0.276201963425	-0.128	-0.084	2.044
0.283273935318	0.392	0.16	-1.308
0.290340900421	-0.136	-0.212	0.884
0.297405958176	0.38	0.204	-0.228
0.304469823837	-0.08	0.136	-1.776
0.311537027359	-0.368	-0.528	2.044
0.318619012833	-0.02	-0.076	-0.88
0.325690984726	0.088	-0.3	1.596
0.332773923874	-0.26	0.016	-0.888
0.339839935303	-0.044	0.212	-1.744
0.346905946732	0.072	-0.448	2.044
0.353971004486	0.084	0.012	-0.272
0.361037015915	-0.372	-0.416	2.044
0.368103027344	-0.024	0.06	-1.288
0.375170946121	0.388	0.22	-1.572
0.382241010666	-0.12	0.048	2.044
0.389305830002	0.004	-0.032	0.352
0.396380901337	-0.288	-0.428	2.044
0.40345287323	0.06	0.256	-1.656
0.41051697731	-0.308	-0.676	2.044
0.417595863342	0.112	-0.236	2.044
0.424671888351	0.008	-0.192	1.076
0.43173789978	-0.16	-0.352	2.044
0.438802957535	-0.14	0.224	-1.756
0.445874929428	-0.292	-0.264	2.044
0.452945947647	-0.212	-0.316	1.48
0.460040807724	0.276	0.008	1.728
0.467104911804	0.28	-0.256	2.044
0.474170923233	0.016	0.132	-1.728
0.481241941452	0.1	-0.464	2.044
0.488306999207	-0.144	-0.22	0.78
0.495378017426	-0.256	-0.364	2.044
0.502444982529	-0.728	-0.912	2.044
0.509509801865	0.088	-0.04	-1.516
0.516593933105	-0.172	-0.536	2.044
0.523665904999	0.028	0.1	0.068
0.530730009079	-0.256	-0.204	2.044
0.537799835205	-0.032	0.224	-1.676
0.544866800308	-0.288	0.016	-1.176
0.55193400383	-0.256	-0.524	2.004
0.559000015259	0.096	0.108	-0.476
0.566069841385	0.084	-0.336	2.044
0.57313990593	-0.052	0.08	-1.784
0.580206871033	0.108	0.104	-0.648
0.587270975113	0.412	-0.244	1.348
0.594344854355	-0.328	0.172	-1.096
0.601418018341	0.252	-0.28	2.044
0.608482837677	-0.148	0.284	-1.7
0.615547895432	-0.116	0.08	-0.028
0.622619867325	-0.024	0.128	0.604
0.629695892334	0.168	0.244	-1.448
0.636762857437	0.328	-0.412	2.044
0.643845796585	0.196	0.224	-1.448
0.650911808014	0.096	-0.204	0.648
0.65797495842	-0.18	0.1	-0.092
0.665041923523	-0.044	-0.284	2.044
0.672106981277	-0.112	-0.544	2.044
0.679172992706	0.044	0.1	-1.04
0.686240911484	0.296	-0.404	1.36
0.693311929703	-0.36	-0.116	-0.708
0.700378894806	0.58	-0.24	2.044
0.707442998886	-0.068	-0.46	2.044
0.714509010315	0.14	-0.056	-0.512
0.721580028534	0.36	-0.064	2.024
0.728642940521	0.204	0.228	-1.184
0.735707998276	0.276	-0.632	2.044
0.742777824402	0.284	-0.532	2.044
0.749841928482	-0.16	-0.168	0.108
0.75691485405	0.312	0.176	0.504
0.763983011246	0.02	0.072	-1.532
0.771046876907	-0.204	-0.428	2.044
0.778111934662	0.136	-0.044	2.044
0.785175800323	-0.02	-0.104	0.808
0.792251825333	-0.448	-0.168	-0.252
0.799319028854	-0.028	0.168	-1.752
0.806389808655	-0.016	0.028	2.044
0.813454866409	-0.372	-0.208	1.712
0.820528030396	0.124	-0.172	1.512
0.827591896057	-0.12	-0.004	-0.768
0.834657907486	-0.144	0.288	-1.78
0.841727972031	0.216	-0.244	2.044
0.848793029785	0.332	-0.204	1.076
0.855857849121	-0.116	-0.436	2.044
0.862931966782	-0.144	0.064	-1.288
0.869998931885	-0.084	0.108	-1.608
0.877102851868	-0.36	-0.4	2.044
0.884173870087	-0.1	0.024	0.276
0.89124083519	0.244	-0.292	2.044
0.898307800293	0.192	-0.1	-1.564
0.905373811722	-0.112	0.104	-1.292
0.912439823151	-0.304	-0.396	2.044
0.919503927231	-0.12	-0.132	0.972
0.926573991776	0.36	-0.484	2.044
0.933645009995	0.12	-0.012	-1.772
0.940712928772	0.004	0.28	-0.816
0.947777032852	-0.208	0.2	1.572
0.954840898514	0.484	-0.152	1.696
0.961911916733	0.156	-0.216	2.044
0.968976020813	-0.088	0.152	-1.74
0.976046800613	0.164	0.128	-0.216
0.983117818832	0.36	-0.008	0.852
0.990193843842	0.036	-0.78	2.044
0.997258901596	-0.596	-0.256	2.044
1.00432991982	0.196	0.188	-1.54
1.01139497757	0.784	-0.712	2.044
1.01845979691	0.22	0.068	0.216
1.02552294731	0.316	-0.42	2.044
1.03258800507	-0.292	-0.412	2.044
1.0396528244	0.3	-0.068	-1.188
1.04672384262	-0.276	-0.18	2.044
1.05379891396	-0.04	0.068	-0.492
1.06086683273	-0.296	-0.444	2.044
1.06793189049	0.08	-0.612	2.044
1.07499599457	-0.004	0.008	-0.696
1.0820748806	0.2	-0.084	1.412
1.08914089203	0.004	0.072	-0.98
1.09620881081	-0.004	0.108	2.044
1.10327982903	-0.088	0.016	-1.692
1.11034703255	0.04	0.036	-0.104
1.11740994453	-0.588	-0.348	0.696
1.12448382378	0.268	-0.108	-1.424
1.1315510273	-0.252	-0.528	2.044
1.13861584663	-0.056	0.144	-1.488
1.14568185806	-0.096	-0.024	0.56
1.15274691582	0.12	0.064	0.016
1.15980792046	0.072	0.232	-1.668
1.16687393188	-0.208	0.004	2.044
1.17394399643	0.14	0.096	-1.1
1.18100881577	-0.24	-0.14	1.26
1.1880838871	-0.04	-0.068	-0.556
1.19515490532	-0.224	0.016	-1.776
1.20222091675	0.06	-0.556	2.044
1.20928382874	-0.144	0.068	-0.6
1.21634888649	0.248	-0.392	2.004
1.22341799736	0.016	0.04	-1.116
1.23048591614	0.644	-0.368	2.044
1.23754882812	0.028	-0.152	2.044
1.24461889267	-0.236	0.008	0.024
1.25168299675	-0.028	-0.116	2.044
1.25874781609	0.12	0.184	-1.484
1.26581192017	-0.068	-0.136	2.044
1.27287793159	-0.42	-0.452	2.044
1.27994298935	0.364	0.2	0.744
1.28700995445	-0.308	-0.116	2.044
1.29408097267	0.064	0.2	-1.724
1.3011507988	0.232	-0.548	2.044
1.30821490288	0.616	-0.352	1.816
1.31527996063	-0.108	-0.06	1.424
1.32234692574	-0.148	0.048	-0.728
1.32941198349	-0.26	0.028	-1.792
1.33648300171	0.056	-0.54	2.044
1.34355282784	0.008	-0.384	1.104
1.35061383247	0.092	-0.124	2.044
1.3576798439	0.092	0.192	-1.204
1.36475086212	0.116	0.12	-1.632
1.37181687355	-0.324	-0.364	2.044
1.3788819313	0.316	0.004	0.436
1.38595485687	0.168	-0.288	2.044
1.3930208683	-0.112	0.12	-1.58
1.40009284019	-0.008	0.088	-1.32
1.40715789795	-0.02	-0.128	2.044
1.41422700882	-0.488	-0.08	-0.304
1.42129993439	-0.076	-0.108	2.044
1.42837285995	-0.292	0.32	-1.768
1.43543982506	-0.26	-0.008	-0.884
1.44251084328	-0.48	-0.004	1.596
1.44957494736	0.144	-0.36	1.6
1.45664000511	-0.076	-0.516	2.044
1.46370983124	-0.02	0.18	-1.772
1.47078180313	0.048	-0.28	-0.304
1.47784590721	0.136	-0.492	0.996
1.48491597176	-0.128	-0.312	2.044
1.49198293686	0.06	-0.62	2.044
1.49904680252	-0.232	0.048	-1.572
1.50614380836	0.056	0.028	0.352
1.51320695877	0.312	0.056	0.22
1.5202858448	-0.352	-0.48	2.044
1.52735280991	-0.26	-0.108	2.044
1.53442502022	0.152	0.12	-1.248
1.54148983955	0.052	-0.004	1.052
1.54855394363	0.016	-0.128	-0.4
1.55561900139	-0.16	-0.276	2.044
1.56269001961	0.072	-0.732	2.044
1.56975483894	0.236	-0.392	-0.752
1.57682085037	-0.272	-0.42	1.54
1.58389997482	-0.008	0.1	-0.988
1.59096693993	0.096	-0.62	2.044
1.59803199768	-0.268	-0.588	2.044
1.60510182381	-0.124	0.004	-0.172
1.61216783524	0.38	-0.004	0.792
1.61923098564	-0.22	0.008	-1.4
1.62630081177	0.316	-0.292	2.044
1.63336992264	-0.108	0.228	2.044
1.64044094086	-0.084	-0.084	0.504
1.64750480652	0.116	-0.204	0.144
1.65457701683	-0.212	0.204	-1.712
1.66164398193	0.088	-0.092	2.044
1.6687078476	-0.336	-0.28	2.008
1.67577385902	0.008	-0.424	1.176
1.68284296989	-0.16	0.044	-0.576
1.68990802765	-0.072	0.1	-1.768
1.69697380066	0.052	-0.704	2.044
1.70403790474	-0.096	0.18	-0.648
1.71110391617	-0.236	-0.628	1.908
1.71816897392	-0.372	-0.1	-1.072
1.72523999214	-0.204	0.16	-1.692
1.73230695724	-0.044	-0.1	2.044
1.73938083649	0.192	-0.196	-0.02
1.74645185471	-0.004	-0.428	2.044
1.75351881981	-0.156	0.176	-1.496
1.76059103012	0.32	0.244	-1.44
1.76765489578	0.196	-0.196	2.044
1.77472996712	-0.376	-0.1	0.644
1.78180789948	-0.196	-0.316	2.044
1.78887295723	-0.104	0.136	-1.7
1.79593801498	-0.58	-0.476	2.044
1.80300998688	-0.064	-0.62	1.868
1.81007695198	-0.3	0.068	1.332
1.81714081764	-0.048	-0.472	2.044
1.82420682907	0.08	0.024	-1.768
1.83127188683	-0.012	-0.708	2.044
1.83833599091	-0.524	-0.34	1.176
1.84540581703	0.008	-0.284	2.044
1.85248088837	0.224	-0.964	2.044
1.85954380035	0.04	-0.096	-1.64
1.86660981178	0.176	-0.388	2.044
1.87367892265	0.112	0.036	0.452
1.88074183464	0.052	-0.352	2.044
1.88780593872	-0.316	0.052	2.044
1.89487600327	-0.288	0.12	-1.396
1.90194296837	-0.172	-0.368	2.044
1.90902495384	-0.016	0.132	-0.108
1.91609191895	-0.036	-0.696	2.044
1.92316293716	-0.004	0.1	-1.752
1.93022990227	0.068	0.132	-0.936
1.93729400635	-0.052	-0.2	1.72
1.94435787201	0.128	0.04	-0.768
1.95142388344	0.052	-0.272	2.044
1.95849084854	0.02	0.144	-1.76
1.96555495262	-0.232	-0.024	-0.38
1.97262692451	-0.492	-0.028	0.984
1.97970199585	0.036	0.28	-1.256
1.98676800728	-0.136	-0.52	2.044
1.9938378334	-0.488	0.148	-1.624
2.00090885162	-0.136	0.064	0.256
2.00797200203	0.292	0.212	0.368
2.01503491402	-0.052	0.096	-1.58
2.02210593224	-0.176	-0.24	2.044
2.02917098999	0.028	0.244	-1.3
2.03624081612	0.1	-0.26	0.956
2.0433049202	-0.316	0.128	-0.364
2.05037593842	0.416	-0.376	2.044
2.05743980408	-0.128	-0.584	2.044
2.06450486183	0.076	0.112	-0.836
2.07157301903	-0.052	-0.184	1.652
2.07863783836	-0.112	0.064	-0.88
2.08570790291	0.2	-0.616	2.044
2.09277796745	-0.416	-0.588	2.044
2.09984397888	-0.12	-0.432	-0.248
2.10691094398	0.06	-0.396	2.044
2.11397480965	0.08	0.092	-1.356
2.12103891373	0.132	-0.44	2.044
2.12810301781	0.04	-0.144	2.044
2.13517379761	0.42	-0.176	0.448
2.14223885536	-0.424	-0.1	0.144
2.14930391312	-0.212	0.184	-1.652
2.15637588501	-0.212	-0.676	2.044
2.16344189644	-0.048	-0.332	2.044
2.17051482201	0.124	-0.128	1.14
2.17759680748	0.192	0.212	-0.432
2.184664011	0.012	0.088	-1.784
2.19174194336	0.412	-0.432	2.044
2.19880580902	-0.024	-0.696	1.464
2.20587182045	0.036	-0.24	1.82
2.2129368782	-0.248	0.1	-1.06
2.22000193596	-0.224	0.08	-1.72
2.22710990906	0.156	-0.244	2.044
2.23417496681	0.384	-0.04	0.716
2.24124503136	-0.068	-0.52	2.044
2.24831080437	-0.056	0.116	-1.448
2.25538086891	0.0	0.144	-1.476
2.26243901253	0.216	-0.392	2.044
2.26950287819	-0.12	0.064	0.588
2.27657079697	-0.108	-0.3	2.044
2.28363800049	-0.216	-0.052	-1.7
2.2907128334	0.316	-0.148	-1.084
2.29777884483	-0.116	-0.508	1.968
2.30484485626	0.488	-0.268	1.316
2.31190991402	-0.064	-0.536	2.044
2.3189740181	-0.108	0.16	-1.768
2.3260447979	-0.128	0.092	-0.572
2.33311581612	0.296	0.076	1.244
2.3401799202	-0.312	-0.568	1.932
2.34723782539	0.212	-0.396	2.044
2.35429883003	0.124	0.212	-1.672
2.36136889458	-0.124	0.004	0.04
2.36843395233	0.148	-0.336	0.604
2.37551403046	0.172	-0.368	2.044
2.38257980347	0.176	-0.136	2.044
2.38964390755	-0.228	0.332	-1.432
2.39671802521	-0.172	-0.376	2.044
2.40379095078	-0.124	-0.008	-0.164
2.41085791588	-0.044	-0.484	2.044
2.41792392731	-0.116	-0.608	2.044
2.42498993874	0.384	-0.048	-0.98
2.43205595016	-0.004	0.14	1.796
2.43911981583	-0.78	-0.312	-0.74
2.44619297981	-0.08	-0.256	2.044
2.45326399803	-0.52	-0.376	2.044
2.46033000946	0.008	-0.152	-0.436
2.4673948288	0.052	-0.032	1.06
2.47445988655	-0.128	0.016	-1.228
2.48153090477	-0.212	-0.432	2.044
2.4885969162	0.276	0.376	-1.636
2.49566698074	-0.236	-0.068	0.212
2.50273680687	-0.132	-0.052	0.376
2.50982785225	-0.088	0.072	-1.56
2.51689600945	-0.464	-0.252	2.044
2.52396202087	0.132	0.092	-1.32
2.531031847	-0.148	0.232	0.888
2.53809690475	-0.212	0.064	-0.296
2.54516386986	0.084	0.052	-1.74
2.55222797394	0.356	-0.624	2.044
2.5592918396	0.036	-0.108	-0.88
2.56636190414	-0.188	-0.292	1.588
2.57344293594	0.024	-0.036	-0.84
2.58050990105	0.024	0.036	-1.752
2.58757400513	0.232	-0.272	2.044
2.59463882446	0.052	-0.076	-0.316
2.60170483589	-0.004	-0.356	2.044
2.60876893997	-0.244	0.3	-1.316
2.61583995819	-0.872	0.088	2.044
2.62291097641	-0.36	-0.34	2.044
2.62997579575	-0.156	0.064	0.38
2.637570858	-0.336	-0.56	2.044
2.64465785027	0.008	0.144	-1.62
2.65172696114	-0.024	0.164	-1.24
2.65879297256	0.256	-0.444	2.044
2.66585898399	0.292	-0.228	1.064
2.67292380333	-0.16	-0.296	2.044
2.67998886108	0.056	0.296	-1.756
2.68705582619	-0.032	-0.356	2.044
2.69412779808	-0.108	-0.108	1.492
2.70119595528	-0.012	-0.252	1.74
2.70826196671	0.012	-0.432	2.044
2.71532702446	-0.076	0.088	-1.736
2.72239780426	0.124	-0.396	2.044
2.72946500778	0.156	0.088	0.812
2.73653101921	-0.032	-0.572	2.044
2.74359798431	0.012	-0.272	2.044
2.75066685677	-0.204	0.196	-1.52
2.75773191452	0.2	-0.288	2.044
2.76479697227	-0.184	0.132	0.056
2.7718808651	-0.216	-0.624	2.044
2.77894592285	-0.024	0.144	-1.672
2.78601288795	-0.012	0.156	-1.176
2.79307889938	-0.056	-0.364	2.036
2.8001499176	-0.396	0.072	-0.544
2.80721402168	-0.072	-0.652	2.044
2.81428003311	-0.136	0.06	-1.796
2.821352005	0.016	-0.396	-0.62
2.82841682434	0.056	-0.128	1.344
2.83548593521	-0.144	0.076	-1.088
2.84255290031	-0.48	-0.46	2.044
2.84961795807	-0.276	0.136	-1.712
2.85668802261	-0.188	0.244	-0.02
2.86375999451	-0.316	-0.304	0.604
2.8708460331	-0.124	0.392	-1.472
2.87791085243	0.264	-0.94	2.044
2.88497591019	-0.124	0.24	-1.46
2.89204597473	0.268	-0.052	0.672
2.89910984039	0.364	0.14	-0.016
2.90621399879	-0.088	-0.416	2.044
2.91328191757	0.748	-0.084	2.044
2.92034697533	0.144	0.12	-1.02
2.92741084099	0.172	-0.108	1.384
2.93448090553	-0.24	0.092	-0.72
2.94154691696	-0.144	-0.688	2.044
2.94861602783	0.248	-0.264	2.044
2.95567989349	0.072	0.028	-0.5
2.96273994446	-0.304	-0.564	2.008
2.96982693672	-0.036	0.124	-1.16
2.97689700127	-0.016	-0.152	2.044
2.9839618206	0.228	-0.328	2.044
2.99102687836	0.052	-0.052	0.16
2.99809002876	-0.144	-0.36	2.044
3.0051548481	-0.076	0.096	-1.552
3.01222085953	-0.008	-0.62	2.044
3.01928496361	0.036	-0.452	2.044
3.02635598183	0.58	-0.372	0.832
3.03342080116	0.056	-0.02	-0.228
3.04048585892	0.032	0.12	-1.72
3.04754900932	-0.08	-0.836	2.044
3.05462002754	0.24	-0.272	1.712
3.06168484688	-0.036	-0.408	1.548
3.06874990463	-0.764	0.096	-0.824
3.07581496239	0.104	0.164	-1.752
3.08288002014	-0.168	-0.44	2.044
3.08994483948	0.308	-0.352	1.068
3.09701395035	-0.02	-0.404	2.044
3.10407996178	-0.12	0.08	-1.308
3.11114692688	-0.028	0.244	-1.612
3.11821198463	0.176	-0.372	2.044
3.12527680397	-0.072	-0.068	0.264
3.13234996796	-0.06	-0.484	2.044
3.13941597939	0.04	0.252	-1.58
3.14648389816	0.396	0.216	-1.276
3.15354895592	-0.356	0.088	2.044
3.16061282158	0.456	0.032	1.024
3.16768980026	-0.48	-0.508	2.044
3.17476201057	0.048	0.052	-1.76
3.18182682991	0.084	-0.088	-0.82
3.18889093399	-0.224	-0.016	1.52
3.19595694542	0.272	-0.492	1.68
3.20302081108	0.028	-0.264	2.044
3.21008586884	0.128	0.252	-1.748
3.21715092659	-0.272	-0.04	-0.236
3.22421789169	-0.188	0.016	0.788
3.23128294945	0.38	-0.32	2.044
3.23834681511	-0.644	-0.248	2.044
3.24541282654	0.048	0.224	-1.536
3.25248098373	-0.02	-0.66	2.044
3.25954580307	-0.172	0.088	0.164
3.26661086082	-0.148	-0.32	2.044
3.27369594574	-0.1	-0.416	2.044
3.28076386452	-0.008	0.184	-1.192
3.28782892227	-0.528	-0.464	2.044
3.29489994049	0.364	-0.132	-0.452
3.30196595192	0.364	-0.6	2.044
3.30903100967	0.152	-0.304	2.044
3.31609487534	-0.032	-0.056	-0.704
3.32316088676	-0.444	-0.168	1.372
3.33023095131	-0.108	0.532	-1.016
3.33729696274	-0.18	-0.424	2.044
3.34436202049	0.332	-0.632	2.044
3.35142397881	-0.008	-0.012	-0.088
3.35849285126	0.008	0.3	0.76
3.36556601524	0.044	0.048	-1.44
3.37263703346	-0.14	-0.448	2.044
3.3797018528	-0.284	0.124	-1.496
3.38677191734	0.296	-0.144	0.588
3.39384102821	0.104	0.08	-0.004
3.4009039402	0.096	0.2	-1.668
3.40796899796	-0.232	-0.66	2.044
3.41503381729	-0.052	0.16	-1.1
3.42210102081	-0.08	-0.132	1.26
3.42916584015	-0.104	-0.052	-0.624
3.43623685837	-0.2	0.016	-1.788
3.4433028698	0.32	-0.3	2.044
3.45037293434	-0.132	0.288	-0.612
3.4574379921	0.004	-0.364	2.024
3.46450281143	-0.212	0.064	-1.144
3.47157001495	-0.208	-0.352	2.044
3.47863388062	-0.176	-0.016	2.044
3.48569989204	-0.048	-0.092	0.06
3.4927740097	-0.628	-0.6	2.044
3.49984002113	-0.04	0.192	-1.508
3.50690484047	0.036	-0.484	2.044
3.51396894455	-0.008	-0.624	2.044
3.5210340023	0.008	-0.048	0.736
3.52809691429	0.284	-0.404	2.044
3.53516697884	0.204	-0.032	-1.732
3.54223394394	-0.112	-0.612	2.044
3.54929900169	-0.148	-0.344	1.792
3.55636882782	-0.28	-0.052	1.432
3.56344485283	0.016	-0.464	2.044
3.57051491737	-0.188	0.24	-1.788
3.5775809288	0.304	-0.252	2.044
3.58464503288	-0.152	-0.212	1.08
3.59171080589	-0.204	-0.032	2.044
3.59877490997	-0.184	0.404	-1.236
3.60585188866	-0.284	0.18	-1.636
3.61291790009	0.136	-0.46	2.044
3.61998295784	0.32	0.116	0.44
3.62704992294	-0.256	-0.468	2.044
3.63411688805	0.184	-0.1	-1.544
3.6411819458	0.032	0.176	-1.3
3.64824485779	-0.044	-0.616	2.044
3.65531086922	-0.18	-0.072	-0.304
3.66237783432	-0.312	-0.544	2.044
3.66944289207	-0.072	0.244	-1.728
3.67650794983	0.168	0.016	-0.856
3.68357181549	-0.028	0.048	1.624
3.69064188004	-0.004	0.228	-0.848
3.69770693779	0.192	-0.236	2.044
3.70477080345	0.168	0.052	-1.72
3.71183991432	0.032	-0.068	-0.3
3.7189040184	0.164	-0.208	0.94
3.72598099709	-0.248	-0.3	2.044
3.73304700851	-0.56	-0.472	2.044
3.74011301994	-0.144	0.12	-1.584
3.74717783928	0.356	-0.176	0.42
3.75424194336	0.064	-0.036	0.216
3.76131701469	0.252	-0.256	2.044
3.76838183403	-0.032	-0.808	2.044
3.77545285225	0.24	0.124	-1.232
3.78252291679	-0.108	-0.172	1.028
3.78958892822	-0.672	-0.252	-0.432
3.79665589333	-0.024	-0.16	2.044
3.80372691154	-0.212	-0.46	2.044
3.81079292297	-0.124	-0.104	-0.748
3.8178589344	0.264	-0.304	1.528
3.82492589951	-0.344	0.228	-1.024
3.83199286461	-0.016	-0.476	2.044
3.83905696869	0.212	-0.472	2.044
3.84616398811	-0.02	-0.072	-0.124
3.85323691368	-0.28	-0.16	0.732
3.86030483246	0.008	0.208	-1.4
3.86736893654	-0.232	-0.432	2.044
3.87443399429	0.0	-0.188	2.044
3.88149189949	-0.02	0.036	0.528
3.88855481148	-0.36	-0.208	0.104
3.89562392235	0.12	-0.004	-1.664
3.90269589424	-0.412	-0.036	2.044
3.909760952	-0.008	-0.076	1.984
3.91682696342	-0.156	-0.172	1.232
3.92389202118	-0.016	0.092	-0.544
3.9309668541	-0.084	0.1	-1.788
3.93803286552	0.184	-0.08	2.044
3.9450969696	-0.04	0.032	-0.632
3.95216298103	0.356	-0.376	1.964
3.95923781395	0.132	-0.012	-1.056
3.96630382538	-0.072	0.188	-1.676
3.9733748436	-0.208	-0.656	2.044
3.98044300079	-0.228	0.048	-0.008
3.98750686646	0.292	-0.484	2.044
3.99457192421	0.076	0.092	-1.468
4.00163602829	-0.08	0.124	-1.436
4.00870084763	-0.748	-0.648	2.044
4.01576685905	0.032	-0.196	0.676
4.02283096313	-0.044	-0.28	2.044
4.02989602089	0.08	0.056	-1.712
4.03696489334	0.056	-0.048	-1.016
4.0440428257	-0.4	0.044	1.792
4.05111384392	0.132	-0.18	1.404
4.058177948	-0.728	-0.124	2.044
4.0652449131	-0.1	0.112	-1.764
4.07231092453	-0.46	-0.32	2.044
4.07937502861	-0.208	0.312	1.148
4.08643984795	-0.192	-0.464	2.044
4.09351086617	-0.028	-0.324	2.044
4.10057783127	-0.028	0.156	-1.644
4.10764193535	-0.02	-0.568	2.044
4.11470794678	0.224	0.084	0.44
4.12176990509	-0.128	-0.372	2.044
4.12883496284	-0.124	-0.724	2.044
4.13590693474	-0.184	0.224	-1.36
4.14297890663	-0.212	-0.144	2.044
4.15004897118	0.34	0.116	-0.244
4.15712285042	0.264	-0.352	2.044
4.16418790817	-0.316	-0.012	-1.78
4.17126083374	-0.244	0.3	-0.916
4.17832589149	-0.236	0.076	1.656
4.18538999557	-0.088	-0.148	-0.848
4.19245696068	-0.2	-0.348	2.044
4.19952201843	-0.132	0.252	-1.764
4.20658683777	-0.004	0.032	-0.324
4.21365189552	0.084	0.096	0.94
4.22072100639	0.176	0.06	-1.268
4.22778487206	0.14	-0.28	2.044
4.23487091064	-0.112	0.176	-1.596
4.24193787575	-0.028	-0.18	0.32
4.24900388718	-0.752	-0.032	0.228
4.2560749054	0.16	-0.144	-1.632
4.26314902306	-0.528	-0.744	2.044
4.27021598816	0.068	-0.116	-1.244
4.27728199959	-0.036	-0.108	1.024
4.28434801102	-0.04	0.048	-0.428
4.29141783714	0.08	-0.1	2.044
4.29848194122	-0.192	0.052	2.044
4.30554699898	-0.144	0.296	-0.756
4.31261181831	0.376	-0.36	1.72
4.31967496872	0.212	0.26	-0.912
4.32673883438	0.012	-0.156	2.044
4.33380889893	0.404	-0.628	2.044
4.34087395668	0.012	-0.016	-0.2
4.3479309082	-0.2	-0.184	2.044
4.3550028801	0.216	0.068	-1.396
4.36207199097	0.076	-0.536	2.044
4.36914086342	-0.236	-0.468	2.044
4.37621188164	-0.152	-0.156	0.508
4.38328385353	-0.104	-0.468	2.044
4.39035081863	0.032	0.176	-1.652
4.39741396904	0.424	-0.056	2.044
4.40447998047	-0.088	-0.136	2.0
4.41154193878	0.188	-0.192	1.172
4.41860580444	-0.256	0.016	-0.532
4.4256708622	-0.1	0.132	-1.78
4.43273496628	0.052	-0.388	2.044
4.43980002403	0.424	-0.208	1.34
4.44686889648	-0.308	-0.26	1.848
4.45394086838	-0.252	0.176	-1.096
4.46100783348	0.028	0.032	-1.68
4.46807193756	-0.18	-0.404	2.044
4.47513794899	-0.228	-0.108	0.588
4.48220801353	-0.304	-0.108	2.044
4.48927283287	0.004	0.144	-1.472
4.49634194374	0.196	0.176	-1.428
4.50341296196	0.252	-0.74	2.044
4.51047897339	0.008	0.172	0.612
4.51753997803	0.032	-0.172	2.044
4.52460384369	0.196	0.12	-1.692
4.53167295456	-0.056	-0.032	-1.048
4.53873896599	0.012	-0.416	1.9
4.54580402374	-0.16	-0.12	1.332
4.55291581154	0.612	-0.088	2.044
4.55998301506	-0.048	0.404	-1.776
4.56704998016	-0.02	0.056	-0.492
4.57411980629	-0.048	-0.064	1.116
4.58118700981	-0.1	-0.58	2.036
4.58825492859	0.128	-0.612	2.044
4.59531998634	0.196	0.236	-1.632
4.60238289833	-0.548	-0.416	0.136
4.60944700241	-0.444	-0.172	0.488
4.61651396751	-0.596	-0.112	2.044
4.62358880043	-0.236	-0.428	2.044
4.63065600395	0.06	0.028	-1.372
4.63771891594	0.18	-0.008	2.044
4.64478302002	-0.408	-0.04	-0.252
4.65185499191	0.356	-0.02	2.044
4.6589179039	0.024	-0.236	2.044
4.66598296165	-0.116	0.036	-0.932
4.67304897308	-0.16	0.264	1.66
4.68011784554	0.1	0.084	-0.804
4.68718194962	-0.16	-0.424	2.044
4.69425296783	0.476	-0.696	2.044
4.70132088661	-0.04	-0.136	-0.384
4.70838594437	0.188	0.268	1.004
4.71544885635	-0.036	0.124	-1.284
4.72251391411	0.092	-0.528	2.044
4.72957801819	-0.504	-0.452	2.044
4.73664689064	-0.124	-0.148	0.304
4.74371790886	0.044	0.188	0.3
4.75079083443	0.288	0.264	-1.608
4.75785493851	-0.024	-0.46	2.044
4.76491999626	0.02	0.14	-1.28
4.77198982239	0.332	0.084	1.012
4.77905082703	-0.176	-0.088	-0.344
4.78619384766	-0.104	0.128	-1.772
4.7932639122	-0.504	-0.14	2.044
4.8003308773	-0.176	-0.16	-0.824
4.80744791031	0.444	-0.288	1.74
4.81451582909	-0.188	-0.016	-0.952
4.82158899307	-0.036	0.22	-1.748
4.8286550045	-0.34	-0.468	2.044
4.83572101593	0.036	0.052	-0.212
4.84278488159	0.04	-0.3	2.044
4.84984898567	0.188	-0.036	-1.32
4.8569188118	-0.22	0.348	-1.548
4.86398983002	-0.292	-0.116	2.044
4.87105798721	0.136	-0.348	0.492
4.87811994553	0.224	-0.14	2.044
4.88518381119	-0.044	-0.096	-1.64
4.8922560215	-0.104	-0.496	2.044
4.89932084084	-0.36	0.02	2.04
4.90638995171	0.204	-0.056	1.176
4.91345500946	-0.04	-0.66	2.044
4.92052388191	0.06	0.084	-1.752
4.92758798599	-0.136	-0.644	2.044
4.93465781212	0.104	0.188	1.368
4.9417219162	0.12	-0.22	1.84
4.94880580902	0.02	-0.292	2.044
4.95587086678	-0.056	0.144	-1.704
4.9629368782	0.324	-0.444	2.044
4.97000002861	-0.312	0.152	0.628
4.9770989418	0.148	-0.48	2.044
4.98416495323	0.244	-0.18	-1.452
4.99123096466	0.016	-0.12	-1.44
4.99829602242	-0.28	-0.436	2.044
