Timestamp 	 X-Axis 	 Y-Axis 	 Z-Axis
0.000309944152832	-0.26	-0.304	2.044
0.00274586677551	-0.292	0.06	-1.784
0.00499796867371	-0.292	0.06	-1.784
0.00724101066589	-0.292	0.06	-1.784
0.00947999954224	-0.084	-0.024	2.044
0.0117359161377	-0.084	-0.024	2.044
0.0139758586884	0.196	0.044	-0.616
0.0162160396576	0.196	0.044	-0.616
0.0184519290924	-0.056	0.104	1.264
0.0207009315491	-0.056	0.104	1.264
0.0229380130768	-0.124	-0.148	1.912
0.0251789093018	-0.124	-0.148	1.912
0.0274178981781	-0.124	-0.148	1.912
0.0296549797058	-0.092	-0.128	-1.04
0.0319118499756	-0.092	-0.128	-1.04
0.0341520309448	-0.324	-0.788	2.044
0.0363948345184	-0.324	-0.788	2.044
0.0386409759521	-0.432	0.116	-1.728
0.0408790111542	-0.432	0.116	-1.728
0.0431170463562	-0.432	0.116	-1.728
0.0453569889069	-0.06	-0.076	2.044
0.0475950241089	-0.06	-0.076	2.044
0.049831867218	-0.24	-0.212	-0.004
0.0520720481873	-0.24	-0.212	-0.004
0.0543098449707	0.24	-0.028	0.648
0.056548833847	0.24	-0.028	0.648
0.0587949752808	0.092	-0.164	2.044
0.0610308647156	0.092	-0.164	2.044
0.0632548332214	0.092	-0.164	2.044
0.0654990673065	0.0	0.172	-1.492
0.0677359104156	0.0	0.172	-1.492
0.0699648857117	0.14	-0.448	2.044
0.0722010135651	0.14	-0.448	2.044
0.0744378566742	0.004	0.092	-1.428
0.0766749382019	0.004	0.092	-1.428
0.0789120197296	-0.336	-0.376	2.044
0.0811550617218	-0.336	-0.376	2.044
0.0833978652954	-0.336	-0.376	2.044
0.0856459140778	0.032	-0.164	0.676
0.0878920555115	0.032	-0.164	0.676
0.0901370048523	0.02	-0.108	-0.088
0.0923829078674	0.02	-0.108	-0.088
0.0946300029755	-0.316	-0.024	2.044
0.0968759059906	-0.316	-0.024	2.044
0.0991220474243	-0.316	-0.024	2.044
0.101383924484	-0.328	0.1	-1.708
0.103636980057	-0.328	0.1	-1.708
0.105897903442	-0.324	-0.628	2.044
0.10814499855	-0.324	-0.628	2.044
0.110389947891	0.288	0.272	-1.012
0.112635850906	0.288	0.272	-1.012
0.11488199234	-0.428	-0.068	1.796
0.117126941681	-0.428	-0.068	1.796
0.119370937347	-0.428	-0.068	1.796
0.121614933014	-0.208	-0.168	1.372
0.123865842819	-0.208	-0.168	1.372
0.126121044159	0.16	0.276	-0.664
0.1283659935	0.16	0.276	-0.664
0.130610942841	0.152	-0.252	2.044
0.132866859436	0.152	-0.252	2.044
0.13512301445	-0.116	0.18	-1.78
0.137372970581	-0.116	0.18	-1.78
0.139617919922	-0.116	0.18	-1.78
0.141862869263	-0.648	0.084	2.044
0.144108057022	-0.648	0.084	2.044
0.146350860596	-0.224	0.056	-0.496
0.148597002029	-0.224	0.056	-0.496
0.150840044022	-0.104	0.1	1.144
0.153082847595	-0.104	0.1	1.144
0.155333042145	0.424	-0.224	2.044
0.157577037811	0.424	-0.224	2.044
0.159819841385	0.424	-0.224	2.044
0.162061929703	-0.132	0.128	-1.216
0.164326906204	-0.132	0.128	-1.216
0.166571855545	-0.064	-0.624	2.044
0.168817043304	-0.064	-0.624	2.044
0.171066045761	-0.244	0.124	-1.656
0.173312902451	-0.244	0.124	-1.656
0.175557851791	-0.244	0.124	-1.656
0.177800893784	-0.2	-0.68	2.044
0.180045843124	-0.2	-0.68	2.044
0.182291984558	-0.14	0.12	0.172
0.184573888779	-0.14	0.12	0.172
0.186817884445	0.812	-0.088	0.464
0.189071893692	0.812	-0.088	0.464
0.191315889359	-0.14	-0.552	2.044
0.19356584549	-0.14	-0.552	2.044
0.195811033249	-0.14	-0.552	2.044
0.198055028915	0.08	0.336	-1.544
0.200311899185	0.08	0.336	-1.544
0.202555894852	0.308	-0.136	2.044
0.204813957214	0.308	-0.136	2.044
0.207059860229	-0.02	0.068	-1.352
0.209306001663	-0.02	0.068	-1.352
0.211550951004	-0.016	0.016	2.044
0.213799953461	-0.016	0.016	2.044
0.216042995453	-0.016	0.016	2.044
0.218286037445	0.2	-0.004	0.852
0.220528841019	0.2	-0.004	0.852
0.222770929337	0.32	0.056	-0.216
0.225018024445	0.32	0.056	-0.216
0.227262973785	-0.124	-0.344	2.044
0.229506969452	-0.124	-0.344	2.044
0.231750965118	-0.088	0.012	-1.748
0.233995914459	-0.088	0.012	-1.748
0.2362408638	-0.088	0.012	-1.748
0.238484859467	0.252	-0.544	2.044
0.240735054016	0.252	-0.544	2.044
0.24297785759	0.224	-0.028	-0.88
0.245226860046	0.224	-0.028	-0.88
0.247472047806	-0.148	0.216	1.644
0.249714851379	-0.148	0.216	1.644
0.251968860626	-0.148	0.216	1.644
0.254219055176	0.212	-0.172	1.584
0.256463050842	0.212	-0.172	1.584
0.258705854416	-0.172	-0.012	-0.836
0.26095199585	-0.172	-0.012	-0.836
0.26319694519	-0.056	-0.432	2.044
0.265513896942	-0.056	-0.432	2.044
0.267760038376	-0.196	0.056	-1.776
0.270004987717	-0.196	0.056	-1.776
0.272250890732	-0.196	0.056	-1.776
0.274533987045	0.508	-0.548	2.044
0.276778936386	0.508	-0.548	2.044
0.279021978378	0.0	-0.032	-0.284
0.281257867813	0.0	-0.032	-0.284
0.28350186348	-0.024	-0.112	0.936
0.285749912262	-0.024	-0.112	0.936
0.287993907928	-0.068	-0.364	2.044
0.290237903595	-0.068	-0.364	2.044
0.292482852936	-0.068	-0.364	2.044
0.294733047485	0.3	0.192	-1.284
0.296977043152	0.3	0.192	-1.284
0.299219846725	-0.612	-0.436	2.044
0.301463842392	-0.612	-0.436	2.044
0.303714036942	-0.188	0.284	-1.6
0.305959939957	-0.188	0.284	-1.6
0.308203935623	0.296	-0.288	2.044
0.310449838638	0.296	-0.288	2.044
0.31269288063	0.296	-0.288	2.044
0.314949035645	0.192	-0.188	0.328
0.317196846008	0.192	-0.188	0.328
0.319438934326	-0.62	-0.272	0.224
0.321682929993	-0.62	-0.272	0.224
0.323932886124	-0.132	-0.532	2.044
0.326177835464	-0.132	-0.532	2.044
0.328420877457	-0.132	-0.532	2.044
0.330664873123	0.132	-0.044	-1.628
0.33290886879	0.132	-0.044	-1.628
0.335160970688	-0.32	-1.004	2.044
0.337406873703	-0.32	-1.004	2.044
0.339652061462	0.204	0.016	-1.212
0.341893911362	0.204	0.016	-1.212
0.344146966934	-0.312	-0.432	2.044
0.346395015717	-0.312	-0.432	2.044
0.348639965057	-0.312	-0.432	2.044
0.350883960724	0.1	-0.36	1.056
0.353127002716	0.1	-0.36	1.056
0.355376005173	-0.112	0.06	-0.432
0.357620000839	-0.112	0.06	-0.432
0.359863042831	0.032	-0.244	2.044
0.362105846405	0.032	-0.244	2.044
0.364354848862	-0.044	0.244	-1.76
0.366598844528	-0.044	0.244	-1.76
0.368842840195	-0.044	0.244	-1.76
0.371088027954	0.26	-0.116	2.044
0.373332977295	0.26	-0.116	2.044
0.375576972961	-0.1	0.024	-0.772
0.377830028534	-0.1	0.024	-0.772
0.380079030991	-0.14	-0.176	1.492
0.382323026657	-0.14	-0.176	1.492
0.384569883347	0.224	-0.952	1.724
0.386812925339	0.224	-0.952	1.724
0.389055013657	0.224	-0.952	1.724
0.391300916672	-0.364	0.16	-0.988
0.393552064896	-0.364	0.16	-0.988
0.395796060562	0.004	-0.168	2.044
0.398038864136	0.004	-0.168	2.044
0.400280952454	0.036	0.176	-1.716
0.402523994446	0.036	0.176	-1.716
0.404767990112	0.036	0.176	-1.716
0.407011032104	-0.084	-0.632	2.044
0.409253835678	-0.084	-0.632	2.044
0.411499023438	0.176	-0.104	-0.14
0.413748025894	0.176	-0.104	-0.14
0.415992975235	-0.636	-0.252	0.744
0.418236970901	-0.636	-0.252	0.744
0.420480012894	0.3	-0.508	2.044
0.422723054886	0.3	-0.508	2.044
0.424972057343	0.3	-0.508	2.044
0.427216053009	-0.116	0.02	-1.412
0.429458856583	-0.116	0.02	-1.412
0.431702852249	-0.192	-0.368	2.044
0.433948040009	-0.192	-0.368	2.044
0.436192989349	-0.124	0.172	-1.492
0.43843793869	-0.124	0.172	-1.492
0.440691947937	-0.08	-0.336	2.044
0.442936897278	-0.08	-0.336	2.044
0.445186853409	-0.08	-0.336	2.044
0.447432041168	-0.032	-0.216	0.484
0.449678897858	-0.032	-0.216	0.484
0.451923847198	-0.16	-0.1	0.052
0.454180002213	-0.16	-0.1	0.052
0.456423997879	0.188	-0.612	2.044
0.458667993546	0.188	-0.612	2.044
0.460911989212	0.036	0.208	-1.644
0.463155031204	0.036	0.208	-1.644
0.465404033661	0.036	0.208	-1.644
0.467648983002	0.236	-0.688	2.044
0.469892978668	0.236	-0.688	2.044
0.472136974335	0.068	-0.108	-1.124
0.474381923676	0.068	-0.108	-1.124
0.476628065109	-0.356	0.052	1.968
0.478872060776	-0.356	0.052	1.968
0.481116056442	-0.356	0.052	1.968
0.483376979828	0.196	0.024	1.208
0.48562002182	0.196	0.024	1.208
0.487861871719	-0.588	-0.032	-0.552
0.490108013153	-0.588	-0.032	-0.552
0.492352962494	-0.008	-0.468	2.044
0.494602918625	-0.008	-0.468	2.044
0.496847867966	0.072	0.248	-1.76
0.499091863632	0.072	0.248	-1.76
0.501335859299	0.072	0.248	-1.76
0.503594875336	-0.212	-0.296	2.044
0.505841016769	-0.212	-0.296	2.044
0.50808596611	0.012	0.092	-0.62
0.510329008102	0.012	0.092	-0.62
0.512572050095	0.26	-0.248	1.348
0.514819860458	0.26	-0.248	1.348
0.517063856125	-0.72	-0.212	1.876
0.519311904907	-0.72	-0.212	1.876
0.521555900574	-0.72	-0.212	1.876
0.523808002472	-0.072	0.104	-1.1
0.526053905487	-0.072	0.104	-1.1
0.528300046921	0.196	-0.428	2.044
0.530544042587	0.196	-0.428	2.044
0.532786846161	0.068	0.192	-1.684
0.535035848618	0.068	0.192	-1.684
0.537279844284	0.256	-0.392	2.044
0.539522886276	0.256	-0.392	2.044
0.541765928268	0.256	-0.392	2.044
0.544010877609	-0.132	-0.108	0.004
0.546254873276	-0.132	-0.108	0.004
0.548498868942	-0.252	-0.056	0.556
0.550742864609	-0.252	-0.056	0.556
0.552995920181	0.016	-0.128	2.044
0.555247068405	0.016	-0.128	2.044
0.557489871979	0.016	-0.128	2.044
0.559731960297	-0.204	0.368	-1.508
0.561976909637	-0.204	0.368	-1.508
0.564228057861	0.092	-0.612	2.044
0.566482067108	0.092	-0.612	2.044
0.568726062775	0.072	0.224	-1.44
0.570971012115	0.072	0.224	-1.44
0.57325387001	-0.144	-0.46	2.044
0.575502872467	-0.144	-0.46	2.044
0.577748060226	-0.144	-0.46	2.044
0.579993009567	0.276	-0.34	0.748
0.582237005234	0.276	-0.34	0.748
0.584480047226	0.016	0.224	-0.08
0.586724996567	0.016	0.224	-0.08
0.588971853256	0.884	-0.628	2.044
0.591214895248	0.884	-0.628	2.044
0.593464851379	0.108	-0.036	-1.696
0.595710039139	0.108	-0.036	-1.696
0.597954034805	0.108	-0.036	-1.696
0.600198030472	0.0	-0.404	2.044
0.602432966232	0.0	-0.404	2.044
0.604673862457	-0.104	-0.04	-1.008
0.60693693161	-0.104	-0.04	-1.008
0.609182834625	0.296	-0.376	1.836
0.611425876617	0.296	-0.376	1.836
0.613675832748	-0.192	-0.368	1.396
0.615921020508	-0.192	-0.368	1.396
0.6181640625	-0.192	-0.368	1.396
0.620409011841	-0.456	0.192	-0.76
0.62265586853	-0.456	0.192	-0.76
0.624907016754	0.156	-0.424	2.044
0.627151012421	0.156	-0.424	2.044
0.629404067993	0.016	-0.02	-1.772
0.631649017334	0.016	-0.02	-1.772
0.633893966675	0.016	-0.02	-1.772
0.636137008667	0.256	-0.232	2.044
0.638380050659	0.256	-0.232	2.044
0.640622854233	-0.172	0.052	-0.464
0.642868041992	-0.172	0.052	-0.464
0.645117044449	0.0	-0.04	1.124
0.647353887558	0.0	-0.04	1.124
0.649589061737	0.0	-0.064	2.044
0.651823997498	0.0	-0.064	2.044
0.654064893723	0.0	-0.064	2.044
0.65630197525	-0.184	0.404	-1.208
0.658550024033	-0.184	0.404	-1.208
0.660795927048	0.276	-0.292	2.044
0.663039922714	0.276	-0.292	2.044
0.665287971497	0.196	0.288	-1.624
0.667531013489	0.196	0.288	-1.624
0.669774055481	-0.74	-0.236	2.044
0.672018051147	-0.74	-0.236	2.044
0.674263000488	-0.74	-0.236	2.044
0.676506996155	-0.328	-0.476	0.172
0.678750991821	-0.328	-0.476	0.172
0.680994987488	0.232	0.216	0.448
0.683240890503	0.232	0.216	0.448
0.685480833054	0.184	-0.356	2.044
0.687722921371	0.184	-0.356	2.044
0.689966917038	0.184	-0.356	2.044
0.692229032516	-0.128	0.116	-1.572
0.694475889206	-0.128	0.116	-1.572
0.696730852127	0.068	-0.448	2.044
0.698982000351	0.068	-0.448	2.044
0.701230049133	-0.084	0.02	-1.336
0.703480958939	-0.084	0.02	-1.336
0.705725908279	0.004	-0.216	2.044
0.707969903946	0.004	-0.216	2.044
0.710212945938	0.004	-0.216	2.044
0.71245598793	-0.184	-0.176	0.848
0.714704990387	-0.184	-0.176	0.848
0.716949939728	-0.356	-0.092	-0.256
0.719195842743	-0.356	-0.092	-0.256
0.721439838409	-0.316	-0.324	2.044
0.723688840866	-0.316	-0.324	2.044
0.725934028625	-0.26	0.02	-1.72
0.728181838989	-0.26	0.02	-1.72
0.730427026749	-0.26	0.02	-1.72
0.732670068741	-0.24	-0.376	2.044
0.734920024872	-0.24	-0.376	2.044
0.737164974213	-0.088	0.032	-0.9
0.739408969879	-0.088	0.032	-0.9
0.741652011871	-0.452	-0.008	1.624
0.743897914886	-0.452	-0.008	1.624
0.746141910553	0.184	0.084	1.576
0.748383998871	0.184	0.084	1.576
0.750623941422	0.184	0.084	1.576
0.752864837646	0.072	0.1	-0.844
0.755120038986	0.072	0.1	-0.844
0.75736784935	0.2	-0.688	2.044
0.759610891342	0.2	-0.688	2.044
0.76185798645	0.104	0.056	-1.744
0.764108896255	0.104	0.056	-1.744
0.766352891922	0.104	0.056	-1.744
0.76859498024	0.112	-0.136	2.044
0.770838022232	0.112	-0.136	2.044
0.773081064224	-0.208	-0.092	-0.32
0.77533197403	-0.208	-0.092	-0.32
0.77757692337	0.344	-0.064	0.988
0.779820919037	0.344	-0.064	0.988
0.78206205368	-0.136	-0.104	2.044
0.784311056137	-0.136	-0.104	2.044
0.786556005478	-0.136	-0.104	2.044
0.788800001144	0.044	0.148	-1.312
0.791043043137	0.044	0.148	-1.312
0.793287992477	0.12	-0.448	2.044
0.79553103447	0.12	-0.448	2.044
0.79780292511	-0.156	0.068	-1.556
0.800049066544	-0.156	0.068	-1.556
0.802291870117	0.232	-0.072	2.044
0.804571866989	0.232	-0.072	2.044
0.806815862656	0.232	-0.072	2.044
0.809058904648	-0.136	-0.028	0.364
0.811303853989	-0.136	-0.028	0.364
0.813555002213	-0.708	0.028	0.16
0.815798044205	-0.708	0.028	0.16
0.818049907684	-0.396	-0.496	2.044
0.820296049118	-0.396	-0.496	2.044
0.822540044785	-0.06	0.016	-1.612
0.824789047241	-0.06	0.016	-1.612
0.827033996582	-0.06	0.016	-1.612
0.829277992249	-0.5	-0.12	2.044
0.831521987915	-0.5	-0.12	2.044
0.833763837814	0.084	0.076	-1.24
0.836006879807	0.084	0.076	-1.24
0.838762044907	0.04	-0.048	2.044
0.841013908386	0.04	-0.048	2.044
0.84326505661	0.012	-0.236	1.06
0.845510005951	0.012	-0.236	1.06
0.847753047943	0.012	-0.236	1.06
0.849995851517	0.032	0.152	-0.392
0.852239847183	0.032	0.152	-0.392
0.854485034943	0.352	-0.444	2.044
0.856731891632	0.352	-0.444	2.044
0.858975887299	0.036	-0.156	-1.764
0.861220836639	0.036	-0.156	-1.764
0.863471984863	0.06	-0.18	2.044
0.86571598053	0.06	-0.18	2.044
0.867961883545	0.06	-0.18	2.044
0.870205879211	0.0	0.312	-0.772
0.872442007065	0.0	0.312	-0.772
0.874681949615	-0.652	-0.6	1.464
0.876926898956	-0.652	-0.6	1.464
0.879170894623	0.056	-0.244	1.764
0.881425857544	0.056	-0.244	1.764
0.883671045303	0.048	0.056	-1.004
0.885913848877	0.048	0.056	-1.004
0.888155937195	0.048	0.056	-1.004
0.890398025513	0.04	-0.636	2.044
0.892642974854	0.04	-0.636	2.044
0.894891023636	-0.184	0.184	-1.732
0.897135972977	-0.184	0.184	-1.732
0.899380922318	0.292	-0.084	2.044
0.901628017426	0.292	-0.084	2.044
0.903878927231	0.136	0.324	-0.148
0.906121969223	0.136	0.324	-0.148
0.908365011215	0.136	0.324	-0.148
0.910608053207	0.364	0.064	0.76
0.912868022919	0.364	0.064	0.76
0.915111064911	-0.196	-0.42	2.044
0.917356967926	-0.196	-0.42	2.044
0.919601917267	-0.228	0.088	-1.416
0.921845912933	-0.228	0.088	-1.416
0.924097061157	-0.228	0.088	-1.416
0.926342964172	-0.628	-0.388	2.044
0.928587913513	-0.628	-0.388	2.044
0.930832862854	0.22	0.232	-1.488
0.933076858521	0.22	0.232	-1.488
0.935324907303	0.316	-0.42	2.044
0.937571048737	0.316	-0.42	2.044
0.939815044403	-0.148	0.144	0.492
0.94205904007	-0.148	0.144	0.492
0.944324016571	-0.148	0.144	0.492
0.946568965912	-0.216	-0.04	0.056
0.948813915253	-0.216	-0.04	0.056
0.951058864594	0.16	-0.364	2.044
0.95330786705	0.16	-0.364	2.044
0.95555305481	-0.212	0.108	-1.704
0.957797050476	-0.212	0.108	-1.704
0.960041999817	-0.072	-0.112	2.044
0.962286949158	-0.072	-0.112	2.044
0.96456694603	-0.072	-0.112	2.044
0.966812849045	0.148	0.06	-1.108
0.969055891037	0.148	0.06	-1.108
0.971302032471	0.056	0.148	1.984
0.973551034927	0.056	0.148	1.984
0.975792884827	0.236	0.008	1.248
0.978034973145	0.236	0.008	1.248
0.980277061462	-0.068	0.108	-0.604
0.982521057129	-0.068	0.108	-0.604
0.984770059586	-0.068	0.108	-0.604
0.987017869949	0.084	-0.168	2.044
0.989264965057	0.084	-0.168	2.044
0.991507053375	-0.16	0.236	-1.772
0.993752002716	-0.16	0.236	-1.772
0.995996952057	-0.12	-0.604	2.044
0.998240947723	-0.12	-0.604	2.044
1.00048494339	-0.12	-0.604	2.044
1.00272798538	0.04	0.132	-0.588
1.00497603416	0.04	0.132	-0.588
1.00723195076	0.644	0.14	1.328
1.00947403908	0.644	0.14	1.328
1.01171588898	-0.084	-0.348	1.968
1.01396799088	-0.084	-0.348	1.968
1.01621198654	-0.116	-0.156	-1.1
1.01845693588	-0.116	-0.156	-1.1
1.02070188522	-0.116	-0.156	-1.1
1.02294683456	0.408	-0.464	2.044
1.02519583702	0.408	-0.464	2.044
1.02743983269	-0.128	0.132	-1.688
1.02968406677	-0.128	0.132	-1.688
1.03192806244	-0.188	-0.144	2.044
1.03417301178	-0.188	-0.144	2.044
1.03641700745	-0.144	-0.02	0.036
1.03866100311	-0.144	-0.02	0.036
1.04091787338	-0.144	-0.02	0.036
1.04316401482	0.072	-0.188	0.616
1.04540801048	0.072	-0.188	0.616
1.04764986038	-0.196	-0.292	2.044
1.04989290237	-0.196	-0.292	2.044
1.05213785172	0.108	0.232	-1.516
1.05438685417	0.108	0.232	-1.516
1.05662989616	0.108	0.232	-1.516
1.05887198448	0.024	-0.62	2.044
1.06111502647	0.024	-0.62	2.044
1.06335902214	0.156	0.304	-1.408
1.0655939579	0.156	0.304	-1.408
1.06782984734	-0.016	-0.156	2.044
1.07007694244	-0.016	-0.156	2.044
1.07231283188	-0.068	-0.108	0.728
1.07460594177	-0.068	-0.108	0.728
1.0768558979	-0.068	-0.108	0.728
1.07910203934	-0.072	0.088	-0.128
1.081346035	-0.072	0.088	-0.128
1.08359789848	-0.016	-0.188	2.044
1.08584284782	-0.016	-0.188	2.044
1.08808803558	-0.144	0.22	-1.724
1.09033298492	-0.144	0.22	-1.724
1.09257793427	0.312	-0.612	2.044
1.09482693672	0.312	-0.612	2.044
1.09707093239	0.312	-0.612	2.044
1.09931397438	0.104	0.244	-0.996
1.10155701637	0.104	0.244	-0.996
1.10380005836	0.2	-0.128	1.848
1.10604286194	0.2	-0.128	1.848
1.10828590393	-0.144	-0.212	1.42
1.11053395271	-0.144	-0.212	1.42
1.11277794838	0.076	0.044	-0.72
1.11502385139	0.076	0.044	-0.72
1.11726999283	0.076	0.044	-0.72
1.11951303482	-0.12	-0.232	2.044
1.12175703049	-0.12	-0.232	2.044
1.12400794029	0.092	0.072	-1.752
1.12625098228	0.092	0.072	-1.752
1.12849402428	-0.132	-0.348	2.044
1.13073897362	-0.132	-0.348	2.044
1.13299393654	-0.132	-0.348	2.044
1.13524103165	0.164	-0.156	-0.428
1.1374900341	0.164	-0.156	-0.428
1.13973402977	0.064	-0.072	1.076
1.14197683334	0.064	-0.072	1.076
1.1442220211	0.132	-0.58	2.044
1.1464779377	0.132	-0.58	2.044
1.14872288704	-0.036	0.128	-1.264
1.15096783638	-0.036	0.128	-1.264
1.15324997902	-0.036	0.128	-1.264
1.1554980278	-0.256	-0.584	2.044
1.15774297714	-0.256	-0.584	2.044
1.15998792648	0.076	0.016	-1.604
1.1622300148	0.076	0.016	-1.604
1.16447901726	-0.032	-0.144	2.044
1.16672301292	-0.032	-0.144	2.044
1.16896796227	-0.244	-0.324	0.2
1.17121100426	-0.244	-0.324	0.2
1.17345690727	-0.244	-0.324	0.2
1.17569994926	0.16	-0.064	0.364
1.17794203758	0.16	-0.064	0.364
1.18018889427	-0.332	-0.324	2.044
1.18243503571	-0.332	-0.324	2.044
1.18469786644	0.088	0.244	-1.564
1.18694186211	0.088	0.244	-1.564
1.1891849041	0.48	-0.484	2.044
1.19142794609	0.48	-0.484	2.044
1.19367694855	0.48	-0.484	2.044
1.19593095779	0.14	0.012	-1.316
1.19817590714	0.14	0.012	-1.316
1.20041894913	-0.212	-0.152	2.044
1.20266294479	-0.212	-0.152	2.044
1.2049138546	0.02	-0.28	0.88
1.20715689659	0.02	-0.28	0.88
1.20939993858	0.02	-0.28	0.88
1.21164298058	-0.58	-0.056	-0.304
1.21389293671	-0.58	-0.056	-0.304
1.21614098549	-0.04	-0.4	2.044
1.21838593483	-0.04	-0.4	2.044
1.2206299305	-0.1	0.128	-1.756
1.22287392616	-0.1	0.128	-1.756
1.22512292862	0.288	-0.696	2.044
1.22736883163	0.288	-0.696	2.044
1.22961091995	0.288	-0.696	2.044
1.23185396194	0.072	0.156	-0.86
1.23409795761	0.072	0.156	-0.86
1.23634195328	-0.34	-0.028	1.584
1.23858499527	-0.34	-0.028	1.584
1.24082994461	0.304	-0.14	1.616
1.2430729866	0.304	-0.14	1.616
1.24532198906	0.0	0.016	-0.864
1.24755692482	0.0	0.016	-0.864
1.24979496002	0.0	0.016	-0.864
1.25202989578	0.404	-0.076	2.044
1.25427985191	0.404	-0.076	2.044
1.25652289391	-0.012	0.04	-1.736
1.25877690315	-0.012	0.04	-1.736
1.26102304459	0.12	-0.568	2.044
1.26327300072	0.12	-0.568	2.044
1.26551699638	0.04	0.068	-0.288
1.26775884628	0.04	0.068	-0.288
1.27000188828	0.04	0.068	-0.288
1.27224206924	-0.24	-0.012	0.848
1.27448797226	-0.24	-0.012	0.848
1.27677202225	0.28	0.104	2.044
1.27902197838	0.28	0.104	2.044
1.28126692772	0.148	0.016	-1.3
1.28351902962	0.148	0.016	-1.3
1.285779953	0.148	0.016	-1.3
1.28802490234	-0.56	-0.06	2.044
1.29027295113	-0.56	-0.06	2.044
1.29252004623	-0.06	0.24	-1.568
1.29477190971	-0.06	0.24	-1.568
1.29701685905	-0.1	-0.448	2.044
1.29926395416	-0.1	-0.448	2.044
1.3015089035	-0.024	-0.152	0.396
1.3037610054	-0.024	-0.152	0.396
1.30600690842	-0.024	-0.152	0.396
1.30825400352	0.288	0.116	0.252
1.31049489975	0.288	0.116	0.252
1.31273698807	-0.02	-0.308	2.044
1.31500387192	-0.02	-0.308	2.044
1.31725001335	-0.024	0.044	-1.632
1.31949806213	-0.024	0.044	-1.632
1.32175302505	0.084	-0.416	2.044
1.3240070343	0.084	-0.416	2.044
1.32625198364	0.084	-0.416	2.044
1.32849597931	-0.068	0.06	-1.208
1.33074092865	-0.068	0.06	-1.208
1.33298802376	0.308	-0.592	2.044
1.33523488045	0.308	-0.592	2.044
1.33747196198	0.208	0.076	1.088
1.33971405029	0.208	0.076	1.088
1.34194803238	0.516	-0.188	-0.404
1.34419083595	0.516	-0.188	-0.404
1.34646105766	0.516	-0.188	-0.404
1.34870886803	0.12	0.128	2.044
1.35095405579	0.12	0.128	2.044
1.35319685936	-0.352	0.064	-1.788
1.35548186302	-0.352	0.064	-1.788
1.35772800446	0.176	-0.236	2.044
1.3599729538	0.176	-0.236	2.044
1.36221694946	-0.12	0.06	-0.728
1.36447000504	-0.12	0.06	-0.728
1.36671495438	-0.12	0.06	-0.728
1.36895895004	-0.156	-0.156	1.436
1.3712079525	-0.156	-0.156	1.436
1.37345600128	0.324	0.028	1.792
1.37569904327	0.324	0.028	1.792
1.37794184685	0.004	0.34	-0.968
1.38018798828	0.004	0.34	-0.968
1.38243103027	0.004	0.34	-0.968
1.38468503952	-0.048	-0.084	2.044
1.38693094254	-0.048	-0.084	2.044
1.38918399811	0.12	0.36	-1.7
1.39142990112	0.12	0.36	-1.7
1.39367985725	-0.28	-0.384	2.044
1.39594101906	-0.28	-0.384	2.044
1.3981859684	0.212	-0.376	-0.104
1.40043187141	0.212	-0.376	-0.104
1.40267705917	0.212	-0.376	-0.104
1.40493106842	0.124	0.212	0.792
1.40717387199	0.124	0.212	0.792
1.40941596031	0.076	-0.148	2.044
1.41166186333	0.076	-0.148	2.044
1.41391301155	0.072	0.16	-1.42
1.41615796089	0.072	0.16	-1.42
1.41840291023	0.092	-0.288	2.044
1.42064785957	0.092	-0.288	2.044
1.42289185524	0.092	-0.288	2.044
1.42514586449	-0.1	0.124	-1.492
1.42739200592	-0.1	0.124	-1.492
1.42963790894	-0.244	-0.336	2.044
1.4318819046	-0.244	-0.336	2.044
1.43412899971	0.064	-0.18	0.556
1.43637394905	0.064	-0.18	0.556
1.43861699104	0.012	0.188	0.036
1.44085788727	0.012	0.188	0.036
1.44309997559	0.012	0.188	0.036
1.44534897804	0.448	-0.24	2.044
1.4476339817	0.448	-0.24	2.044
1.44987988472	0.06	0.212	-1.664
1.45212483406	0.06	0.212	-1.664
1.45437598228	-0.284	-0.52	2.044
1.45662093163	-0.284	-0.52	2.044
1.45886993408	-0.284	-0.52	2.044
1.4611158371	-0.168	0.08	-1.1
1.46336293221	-0.168	0.08	-1.1
1.4656059742	-0.116	-0.328	1.988
1.46785402298	-0.116	-0.328	1.988
1.47009897232	0.004	0.024	1.244
1.47233986855	0.004	0.024	1.244
1.474588871	-0.016	0.232	-0.612
1.47683596611	-0.016	0.232	-0.612
1.47908091545	-0.016	0.232	-0.612
1.48132395744	-0.008	0.044	2.044
1.48357605934	-0.008	0.044	2.044
1.48582100868	-0.328	0.164	-1.8
1.48806595802	-0.328	0.164	-1.8
1.49031090736	0.232	-0.072	2.044
1.4925558567	0.232	-0.072	2.044
1.49480891228	-0.384	0.132	-0.64
1.49705505371	-0.384	0.132	-0.64
1.49931406975	-0.384	0.132	-0.64
1.50155997276	-0.156	0.18	1.28
1.50380396843	-0.156	0.18	1.28
1.50604891777	-0.228	0.064	1.928
1.50829386711	-0.228	0.064	1.928
1.51054906845	-0.068	0.18	-1.148
1.51279401779	-0.068	0.18	-1.148
1.51506400108	-0.152	-0.296	2.044
1.51731085777	-0.152	-0.296	2.044
1.51955699921	-0.152	-0.296	2.044
1.52180099487	-0.232	0.152	-1.684
1.52405405045	-0.232	0.152	-1.684
1.52629899979	-0.252	-0.204	2.044
1.52859306335	-0.252	-0.204	2.044
1.53084087372	0.216	-0.244	0.064
1.53308606148	0.216	-0.244	0.064
1.53533291817	-0.04	0.1	0.516
1.53756904602	-0.04	0.1	0.516
1.53980588913	-0.04	0.1	0.516
1.54204297066	-0.392	-0.352	2.044
1.54428505898	-0.392	-0.352	2.044
1.54653501511	0.104	0.22	-1.468
1.5487818718	0.104	0.22	-1.468
1.55102705956	-0.464	-0.496	2.044
1.55327892303	-0.464	-0.496	2.044
1.55552601814	-0.464	-0.496	2.044
1.55777192116	-0.16	0.348	-1.428
1.56001806259	-0.16	0.348	-1.428
1.56226301193	0.164	-0.192	2.044
1.56455087662	0.164	-0.192	2.044
1.56679487228	0.092	-0.032	0.74
1.56903791428	0.092	-0.032	0.74
1.57128190994	-0.612	-0.104	-0.152
1.57354283333	-0.612	-0.104	-0.152
1.57578897476	-0.612	-0.104	-0.152
1.57803487778	0.076	-0.456	2.044
1.58028197289	0.076	-0.456	2.044
1.58252906799	0.212	-0.084	-1.716
1.58478093147	0.212	-0.084	-1.716
1.58704185486	-0.476	-0.56	2.044
1.58928704262	-0.476	-0.56	2.044
1.59153294563	-0.24	0.136	-1.004
1.59377884865	-0.24	0.136	-1.004
1.59602689743	-0.24	0.136	-1.004
1.59827589989	-0.208	-0.66	1.804
1.60052204132	-0.208	-0.66	1.804
1.60276794434	0.46	-0.456	1.508
1.60501790047	0.46	-0.456	1.508
1.60726284981	-0.056	-0.088	-0.764
1.60950803757	-0.056	-0.088	-0.764
1.61176085472	-0.084	-0.268	2.044
1.61401200294	-0.084	-0.268	2.044
1.61625695229	-0.084	-0.268	2.044
1.61850190163	-0.204	0.156	-1.772
1.62074804306	-0.204	0.156	-1.772
1.62299394608	-0.032	-0.164	2.044
1.62524604797	-0.032	-0.164	2.044
1.62749385834	0.0	0.192	-0.408
1.62972998619	0.0	0.192	-0.408
1.63196587563	0.0	0.192	-0.408
1.63420605659	-0.176	0.168	1.048
1.63646101952	-0.176	0.168	1.048
1.63870596886	-0.024	-0.116	2.044
1.64094996452	-0.024	-0.116	2.044
1.64324188232	-0.008	0.36	-1.204
1.64549088478	-0.008	0.36	-1.204
1.64773702621	-0.312	-0.256	2.044
1.64998197556	-0.312	-0.256	2.044
1.6522269249	-0.312	-0.256	2.044
1.65447902679	0.012	0.204	-1.628
1.65672302246	0.012	0.204	-1.628
1.65896701813	0.328	-0.244	2.044
1.66121292114	0.328	-0.244	2.044
1.66345906258	-0.172	0.136	0.212
1.66570305824	-0.172	0.136	0.212
1.6679520607	-0.376	0.084	0.372
1.67019605637	-0.376	0.084	0.372
1.67244005203	-0.376	0.084	0.372
1.67469096184	-0.296	-0.528	2.044
1.67693591118	-0.296	-0.528	2.044
1.67918086052	0.18	-0.068	-1.572
1.68142700195	0.18	-0.068	-1.572
1.68367886543	-0.036	-0.332	2.044
1.68592500687	-0.036	-0.332	2.044
1.68816995621	0.58	0.232	-1.26
1.69041490555	0.58	0.232	-1.26
1.69265985489	0.58	0.232	-1.26
1.69491100311	-0.288	-0.712	2.044
1.69715595245	-0.288	-0.712	2.044
1.69941186905	0.04	-0.228	0.916
1.70165586472	0.04	-0.228	0.916
1.70390892029	-0.132	0.232	-0.336
1.70615386963	-0.132	0.232	-0.336
1.70840096474	-0.132	0.232	-0.336
1.7106449604	-0.108	-0.344	2.044
1.71288990974	-0.108	-0.344	2.044
1.71513795853	-0.12	0.216	-1.752
1.71738386154	-0.12	0.216	-1.752
1.7196290493	0.2	0.016	2.044
1.72188305855	0.2	0.016	2.044
1.72413396835	-0.1	0.184	-0.868
1.72637891769	-0.1	0.184	-0.868
1.72862386703	-0.1	0.184	-0.868
1.7308678627	0.376	0.108	1.644
1.73311090469	0.376	0.108	1.644
1.73538684845	0.068	-0.148	1.624
1.73762893677	0.068	-0.148	1.624
1.73986887932	-0.42	0.016	-0.876
1.74210596085	-0.42	0.016	-0.876
1.74434900284	0.648	-0.644	2.044
1.74659800529	0.648	-0.644	2.044
1.74884390831	0.648	-0.644	2.044
1.75108790398	0.036	0.048	-1.724
1.7533390522	0.036	0.048	-1.724
1.75558400154	0.552	-0.42	2.044
1.75782895088	0.552	-0.42	2.044
1.76007199287	0.468	-0.104	-0.228
1.7623269558	0.468	-0.104	-0.228
1.76458001137	0.412	-0.24	0.936
1.76682305336	0.412	-0.24	0.936
1.76906585693	0.412	-0.24	0.936
1.77132487297	-0.492	-0.432	2.044
1.77357983589	-0.492	-0.432	2.044
1.77582502365	-0.24	0.08	-1.34
1.77807092667	-0.24	0.08	-1.34
1.78031802177	-0.688	-0.696	2.044
1.78256297112	-0.688	-0.696	2.044
1.78481483459	-0.688	-0.696	2.044
1.78708004951	-0.148	0.208	-1.588
1.7893269062	-0.148	0.208	-1.588
1.79157185555	-0.084	-0.368	2.044
1.79381895065	-0.084	-0.368	2.044
1.79606485367	0.116	-0.092	0.42
1.79830884933	0.116	-0.092	0.42
1.80055189133	0.064	-0.116	0.192
1.80279684067	0.064	-0.116	0.192
1.80504798889	0.064	-0.116	0.192
1.80729484558	-0.028	-0.452	2.044
1.80954098701	-0.028	-0.452	2.044
1.81178689003	0.052	0.256	-1.628
1.81403684616	0.052	0.256	-1.628
1.81628084183	-0.26	-0.688	2.044
1.81852698326	-0.26	-0.688	2.044
1.82077383995	-0.008	0.192	-1.2
1.82301902771	-0.008	0.192	-1.2
1.82529091835	-0.008	0.192	-1.2
1.82753896713	0.076	-0.56	2.044
1.8297829628	0.076	-0.56	2.044
1.83202695847	0.68	0.148	1.092
1.83427095413	0.68	0.148	1.092
1.83651590347	0.092	0.128	-0.416
1.83875989914	0.092	0.128	-0.416
1.84100294113	-0.108	-0.304	2.044
1.84326004982	-0.108	-0.304	2.044
1.84551095963	-0.108	-0.304	2.044
1.84775590897	0.06	0.02	-1.744
1.85001206398	0.06	0.02	-1.744
1.85225892067	0.112	-0.68	2.044
1.85458302498	0.112	-0.68	2.044
1.85683083534	0.12	-0.032	-0.708
1.85909104347	0.12	-0.032	-0.708
1.86133694649	0.632	-0.3	1.48
1.86358785629	0.632	-0.3	1.48
1.86583304405	0.632	-0.3	1.48
1.86807990074	0.308	-0.236	1.824
1.87032485008	0.308	-0.236	1.824
1.87256884575	0.052	0.12	-1.024
1.8748190403	0.052	0.12	-1.024
1.87706685066	0.24	-0.772	2.044
1.87931203842	0.24	-0.772	2.044
1.881554842	0.24	-0.772	2.044
1.88380289078	0.132	0.088	-1.712
1.88604784012	0.132	0.088	-1.712
1.88830089569	0.02	-0.264	2.044
1.89054489136	0.02	-0.264	2.044
1.8927898407	-0.032	-0.108	-0.104
1.89504289627	-0.032	-0.108	-0.104
1.89728999138	-0.02	0.028	0.68
1.89953589439	-0.02	0.028	0.68
1.90177893639	-0.02	0.028	0.68
1.90402889252	0.416	0.092	2.044
1.90627193451	0.416	0.092	2.044
1.9085149765	0.236	0.332	-1.412
1.91075897217	0.236	0.332	-1.412
1.91300606728	0.296	-0.436	2.044
1.91525697708	0.296	-0.436	2.044
1.91750192642	0.032	0.248	-1.48
1.91974592209	0.032	0.248	-1.48
1.92198991776	0.032	0.248	-1.48
1.92424106598	0.08	-0.428	2.044
1.92648506165	0.08	-0.428	2.044
1.92872905731	-0.088	-0.292	0.588
1.93097496033	-0.088	-0.292	0.588
1.93328690529	0.304	-0.06	0.068
1.93552803993	0.304	-0.06	0.068
1.93777894974	0.128	-0.424	2.044
1.94001603127	0.128	-0.424	2.044
1.94225287437	0.128	-0.424	2.044
1.94455504417	-0.128	0.108	-1.688
1.94680905342	-0.128	0.108	-1.688
1.94905805588	-0.256	-0.252	2.044
1.95131206512	-0.256	-0.252	2.044
1.9535639286	0.108	0.024	-1.064
1.95581102371	0.108	0.024	-1.064
1.95805501938	0.128	0.18	1.952
1.96029806137	0.128	0.18	1.952
1.96253991127	0.128	0.18	1.952
1.96479105949	0.244	-0.388	1.308
1.96706700325	0.244	-0.388	1.308
1.96931195259	0.136	0.088	-0.604
1.97155690193	0.136	0.088	-0.604
1.97380805016	0.884	-0.18	2.044
1.97605204582	0.884	-0.18	2.044
1.97829699516	0.884	-0.18	2.044
1.98054289818	-0.172	-0.044	-1.796
1.98279190063	-0.172	-0.044	-1.796
1.98504495621	-0.004	0.036	2.044
1.98729085922	-0.004	0.036	2.044
1.98953604698	0.028	0.2	-0.58
1.99177885056	0.028	0.2	-0.58
1.99403595924	-0.116	-0.216	1.228
1.99628305435	-0.116	-0.216	1.228
1.99852800369	-0.116	-0.216	1.228
2.00077390671	-0.2	-0.212	1.964
2.00301885605	-0.2	-0.212	1.964
2.00527000427	0.024	0.016	-1.084
2.00751399994	0.024	0.016	-1.084
2.00976085663	0.076	-0.236	2.044
2.01202583313	0.076	-0.236	2.044
2.01428604126	-0.092	0.204	-1.66
2.01653504372	-0.092	0.204	-1.66
2.01878094673	-0.092	0.204	-1.66
2.02102589607	0.16	0.164	2.044
2.02327489853	0.16	0.164	2.044
2.02551603317	-0.036	-0.544	0.116
2.02776288986	-0.036	-0.544	0.116
2.0300078392	-0.1	-0.032	0.568
2.03225302696	-0.1	-0.032	0.568
2.03457188606	-0.028	-0.084	2.044
2.03681993484	-0.028	-0.084	2.044
2.03906702995	-0.028	-0.084	2.044
2.04131197929	0.14	0.2	-1.524
2.04356598854	0.14	0.2	-1.524
2.04581093788	0.108	-0.508	2.044
2.0480568409	0.108	-0.508	2.044
2.05030083656	-0.204	0.204	-1.412
2.05255103111	-0.204	0.204	-1.412
2.05480384827	0.3	-0.08	2.044
2.05704689026	0.3	-0.08	2.044
2.05929398537	0.3	-0.08	2.044
2.06153798103	-0.044	-0.3	0.756
2.06378293037	-0.044	-0.3	0.756
2.06602787971	0.32	-0.08	-0.144
2.06827402115	0.32	-0.08	-0.144
2.07051801682	-0.148	0.0	2.044
2.07275390625	-0.148	0.0	2.044
2.07499289513	-0.148	0.0	2.044
2.07723999023	-0.104	0.18	-1.704
2.07948589325	-0.104	0.18	-1.704
2.08173203468	0.332	-0.788	2.044
2.08398389816	0.332	-0.788	2.044
2.08623194695	0.152	-0.06	-0.984
2.08847689629	0.152	-0.06	-0.984
2.09072184563	-0.156	-0.068	1.724
2.09296894073	-0.156	-0.068	1.724
2.09522104263	-0.156	-0.068	1.724
2.09746599197	-0.108	-0.192	1.472
2.09971284866	-0.108	-0.192	1.472
2.10195684433	-0.212	0.0	-0.708
2.10419487953	-0.212	0.0	-0.708
2.10643291473	-0.216	-0.468	2.044
2.10868000984	-0.216	-0.468	2.044
2.11092495918	-0.132	0.192	-1.764
2.11316990852	-0.132	0.192	-1.764
2.1154229641	-0.132	0.192	-1.764
2.11766791344	0.944	-0.072	2.044
2.11991000175	0.944	-0.072	2.044
2.12215685844	0.276	-0.112	-0.376
2.12440991402	0.276	-0.112	-0.376
2.12664699554	0.216	-0.164	1.116
2.12888288498	0.216	-0.164	1.116
2.13113284111	0.108	-0.156	2.044
2.13336896896	0.108	-0.156	2.044
2.13560795784	0.108	-0.156	2.044
2.13784503937	-0.04	0.168	-1.256
2.14009404182	-0.04	0.168	-1.256
2.14233183861	-0.032	-0.424	2.044
2.1446249485	-0.032	-0.424	2.044
2.14687490463	0.096	0.12	-1.604
2.14911985397	0.096	0.12	-1.604
2.15136289597	0.096	0.12	-1.604
2.15361404419	-0.4	-0.484	2.044
2.15586590767	-0.4	-0.484	2.044
2.15811085701	0.152	-0.208	0.264
2.16035485268	0.152	-0.208	0.264
2.16259884834	0.468	0.176	0.368
2.1648478508	0.468	0.176	0.368
2.16708993912	-0.092	-0.408	2.044
2.16933488846	-0.092	-0.408	2.044
2.17158293724	-0.092	-0.408	2.044
2.17383384705	0.06	0.34	-1.576
2.17607903481	0.06	0.34	-1.576
2.17832303047	0.164	-0.316	2.044
2.18056893349	0.164	-0.316	2.044
2.18281197548	0.112	0.112	-1.316
2.18505597115	0.112	0.112	-1.316
2.18730187416	-0.464	-0.324	2.044
2.18954801559	-0.464	-0.324	2.044
2.19179797173	-0.464	-0.324	2.044
2.19404387474	0.08	-0.008	0.972
2.19628787041	0.08	-0.008	0.972
2.19852995872	-0.224	-0.016	-0.288
2.20077490807	-0.224	-0.016	-0.288
2.20303297043	0.036	-0.244	2.044
2.20528483391	0.036	-0.244	2.044
2.20752906799	0.084	0.168	-1.764
2.20977187157	0.084	0.168	-1.764
2.21201586723	0.084	0.168	-1.764
2.21426606178	-0.04	-0.8	2.044
2.21651101112	-0.04	-0.8	2.044
2.21875596046	0.348	-0.116	-0.828
2.22100186348	0.348	-0.116	-0.828
2.2232530117	-0.328	0.252	1.58
2.2255089283	-0.328	0.252	1.58
2.22778201103	-0.328	0.252	1.58
2.23002696037	0.104	-0.444	1.668
2.23227095604	0.104	-0.444	1.668
2.23458886147	-0.108	-0.064	-0.92
2.23683905602	-0.108	-0.064	-0.92
2.23908495903	-0.344	-0.58	2.044
2.24133300781	-0.344	-0.58	2.044
2.24358487129	-0.124	0.168	-1.752
2.2458319664	-0.124	0.168	-1.752
2.24807691574	-0.124	0.168	-1.752
2.25032305717	-0.132	-0.504	2.044
2.25256896019	-0.132	-0.504	2.044
2.25481987	0.024	-0.032	-0.22
2.25706291199	0.024	-0.032	-0.22
2.25930905342	0.004	0.0	0.864
2.26154589653	0.004	0.0	0.864
2.26378583908	-0.496	-0.388	2.044
2.26604104042	-0.496	-0.388	2.044
2.26830005646	-0.496	-0.388	2.044
2.2705450058	-0.284	0.236	-1.364
2.27278995514	-0.284	0.236	-1.364
2.27503991127	0.232	-0.724	2.044
2.27728390694	0.232	-0.724	2.044
2.27952885628	-0.272	0.044	-1.564
2.28177285194	-0.272	0.044	-1.564
2.28402686119	0.116	-0.468	2.044
2.28627204895	0.116	-0.468	2.044
2.28851485252	0.116	-0.468	2.044
2.29075694084	0.252	-0.336	0.42
2.29300093651	0.252	-0.336	0.42
2.29525494576	0.08	0.004	0.168
2.29749584198	0.08	0.004	0.168
2.29973983765	0.068	-0.116	2.044
2.30198383331	0.068	-0.116	2.044
2.30423402786	0.068	-0.116	2.044
2.30647802353	0.036	0.04	-1.648
2.30872106552	0.036	0.04	-1.648
2.31096291542	0.356	-0.44	2.044
2.31324100494	0.356	-0.44	2.044
2.31549096107	0.188	0.368	-1.164
2.31773686409	0.188	0.368	-1.164
2.31998085976	-0.016	-0.084	2.044
2.32222700119	-0.016	-0.084	2.044
2.32447695732	-0.016	-0.084	2.044
2.32672095299	0.136	-0.148	1.12
2.32897305489	0.136	-0.148	1.12
2.33123493195	-0.272	0.152	-0.504
2.33348202705	-0.272	0.152	-0.504
2.33571887016	0.112	-0.292	2.044
2.33796691895	0.112	-0.292	2.044
2.3402030468	-0.06	0.344	-1.772
2.34243988991	-0.06	0.344	-1.772
2.34468984604	-0.06	0.344	-1.772
2.34694099426	0.348	-0.64	2.044
2.34918689728	0.348	-0.64	2.044
2.35143089294	0.048	-0.296	-0.652
2.35368204117	0.048	-0.296	-0.652
2.35593104362	-0.16	0.316	1.352
2.35817599297	-0.16	0.316	1.352
2.36041903496	0.388	-0.088	1.824
2.36266303062	0.388	-0.088	1.824
2.36491799355	0.388	-0.088	1.824
2.36716294289	-0.324	0.116	-1.048
2.3694088459	-0.324	0.116	-1.048
2.37165498734	0.42	-0.16	2.044
2.37390494347	0.42	-0.16	2.044
2.37614893913	-0.18	0.172	-1.72
2.37839388847	-0.18	0.172	-1.72
2.38064002991	-0.18	0.172	-1.72
2.38288593292	0.004	-0.268	2.044
2.38513088226	0.004	-0.268	2.044
2.38737487793	-0.376	-0.156	-0.072
2.38962101936	-0.376	-0.156	-0.072
2.39188504219	-0.8	-0.224	0.676
2.39413189888	-0.8	-0.224	0.676
2.39637899399	-0.2	-0.316	2.044
2.39862394333	-0.2	-0.316	2.044
2.40087199211	-0.2	-0.316	2.044
2.40313196182	-0.12	0.024	-1.436
2.40538287163	-0.12	0.024	-1.436
2.40762805939	0.224	-0.752	2.044
2.40987086296	0.224	-0.752	2.044
2.41211605072	-0.132	0.196	-1.476
2.41437792778	-0.132	0.196	-1.476
2.41662287712	-0.072	-0.4	2.044
2.41886806488	-0.072	-0.4	2.044
2.4211139679	-0.072	-0.4	2.044
2.423361063	-0.248	-0.056	0.612
2.42560601234	-0.248	-0.056	0.612
2.42786288261	-0.06	0.076	-0.028
2.43010783195	-0.06	0.076	-0.028
2.43235206604	-0.244	-0.56	2.044
2.43460988998	-0.244	-0.56	2.044
2.43685603142	-0.048	0.156	-1.684
2.43910098076	-0.048	0.156	-1.684
2.4413459301	-0.048	0.156	-1.684
2.44359993935	-0.108	-0.128	2.044
2.44584488869	-0.108	-0.128	2.044
2.44808983803	-0.172	0.132	-1.096
2.45033502579	-0.172	0.132	-1.096
2.4525809288	0.24	-0.36	1.94
2.45484089851	0.24	-0.36	1.94
2.45708489418	0.12	-0.272	1.312
2.45933103561	0.12	-0.272	1.312
2.46157503128	0.12	-0.272	1.312
2.46382498741	0.228	-0.196	-0.596
2.46606993675	0.228	-0.196	-0.596
2.46831583977	0.512	-0.42	2.044
2.47056388855	0.512	-0.42	2.044
2.47280788422	0.044	0.224	-1.768
2.47505903244	0.044	0.224	-1.768
2.47730493546	0.044	0.224	-1.768
2.47954797745	0.076	-0.412	2.044
2.48179197311	0.076	-0.412	2.044
2.48404383659	-0.008	-0.036	-0.556
2.48628902435	-0.008	-0.036	-0.556
2.48853492737	0.132	-0.2	1.268
2.49077987671	0.132	-0.2	1.268
2.49302506447	-0.328	-0.204	1.992
2.49527692795	-0.328	-0.204	1.992
2.49752092361	-0.328	-0.204	1.992
2.49976706505	0.376	-0.196	-1.1
2.50201106071	0.376	-0.196	-1.1
2.50426602364	-0.02	-0.836	2.044
2.50651192665	-0.02	-0.836	2.044
2.50875806808	0.02	-0.156	-1.66
2.51100301743	0.02	-0.156	-1.66
2.51325392723	0.108	-0.448	2.044
2.51549887657	0.108	-0.448	2.044
2.51775193214	0.108	-0.448	2.044
2.52003788948	-0.172	0.044	0.06
2.52228283882	-0.172	0.044	0.06
2.52460098267	-0.424	0.08	0.48
2.52684688568	-0.424	0.08	0.48
2.52908992767	0.192	-0.328	2.044
2.53133606911	0.192	-0.328	2.044
2.53358602524	-0.132	0.216	-1.524
2.53582406044	-0.132	0.216	-1.524
2.53806090355	-0.132	0.216	-1.524
2.54030394554	-0.048	-0.24	2.044
2.54254198074	-0.048	-0.24	2.044
2.54479193687	0.104	0.008	-1.376
2.54704093933	0.104	0.008	-1.376
2.54928588867	-0.308	-0.408	2.044
2.55153203011	-0.308	-0.408	2.044
2.55378389359	-0.308	-0.408	2.044
2.55603194237	-0.192	0.112	0.768
2.55827593803	-0.192	0.112	0.768
2.5605199337	-0.36	0.096	-0.18
2.56276297569	-0.36	0.096	-0.18
2.56501603127	0.016	-0.42	2.044
2.56726002693	0.016	-0.42	2.044
2.56950497627	0.1	0.148	-1.72
2.57174992561	0.1	0.148	-1.72
2.57400393486	0.1	0.148	-1.72
2.5762488842	0.312	-0.6	2.044
2.57849287987	0.312	-0.6	2.044
2.58074688911	-0.032	0.0	-0.996
2.58298492432	-0.032	0.0	-0.996
2.58522891998	0.196	-0.512	1.804
2.58747792244	0.196	-0.512	1.804
2.58972191811	-0.412	-0.168	1.416
2.59196686745	-0.412	-0.168	1.416
2.59421205521	-0.412	-0.168	1.416
2.59645795822	-0.168	0.072	-0.748
2.59870195389	-0.168	0.072	-0.748
2.60094594955	0.184	-0.556	2.044
2.60324192047	0.184	-0.556	2.044
2.60548996925	-0.224	-0.028	-1.756
2.60773587227	-0.224	-0.028	-1.756
2.60999703407	0.036	-0.576	2.044
2.61224102974	0.036	-0.576	2.044
2.61448502541	0.036	-0.576	2.044
2.61672902107	-0.12	-0.02	-0.412
2.61897492409	-0.12	-0.02	-0.412
2.6212220192	0.176	0.032	1.052
2.62347006798	0.176	0.032	1.052
2.6257109642	0.044	-0.296	2.044
2.62795686722	0.044	-0.296	2.044
2.63019990921	-0.028	0.456	-1.248
2.63244390488	-0.028	0.456	-1.248
2.63469004631	-0.028	0.456	-1.248
2.63693594933	0.352	-0.208	2.044
2.63917899132	0.352	-0.208	2.044
2.64142203331	-0.128	0.056	-1.612
2.64368700981	-0.128	0.056	-1.612
2.6459338665	0.196	-0.348	2.044
2.64817690849	0.196	-0.348	2.044
2.65042090416	0.196	-0.348	2.044
2.6526658535	-0.136	-0.088	0.184
2.6549179554	-0.136	-0.088	0.184
2.65716195107	0.272	0.124	0.4
2.65940499306	0.272	0.124	0.4
2.66164588928	0.564	-0.54	2.044
2.66389489174	0.564	-0.54	2.044
2.66614198685	0.032	0.088	-1.592
2.66838788986	0.032	0.088	-1.592
2.67063093185	0.032	0.088	-1.592
2.67287397385	-0.056	-0.528	2.044
2.67512583733	-0.056	-0.528	2.044
2.67737197876	0.012	0.084	-1.292
2.67961883545	0.012	0.084	-1.292
2.68188095093	-0.104	-0.444	2.044
2.68413496017	-0.104	-0.444	2.044
2.68638086319	-0.036	-0.06	0.912
2.68862390518	-0.036	-0.06	0.912
2.69086694717	-0.036	-0.06	0.912
2.69311189651	-0.492	0.024	-0.336
2.69536304474	-0.492	0.024	-0.336
2.69760704041	0.236	-0.188	2.044
2.69985389709	0.236	-0.188	2.044
2.70209884644	0.084	0.264	-1.752
2.70434904099	0.084	0.264	-1.752
2.70660185814	0.08	-0.232	2.044
2.7088470459	0.08	-0.232	2.044
2.71109104156	0.08	-0.232	2.044
2.71333885193	-0.212	-0.04	-0.88
2.71558785439	-0.212	-0.04	-0.88
2.71783494949	0.076	-0.264	1.58
2.72007894516	0.076	-0.264	1.58
2.72232198715	-0.084	-0.096	1.624
2.72457385063	-0.084	-0.096	1.624
2.7268178463	-0.084	-0.096	1.624
2.72906184196	-0.14	0.1	-0.884
2.73131990433	-0.14	0.1	-0.884
2.73357105255	-0.04	-0.36	2.044
2.73580789566	-0.04	-0.36	2.044
2.73804497719	0.084	0.168	-1.752
2.74028086662	0.084	0.168	-1.752
2.74251699448	0.744	-0.56	2.044
2.74476504326	0.744	-0.56	2.044
2.74701499939	0.744	-0.56	2.044
2.74926400185	-0.292	-0.188	-0.308
2.75150990486	-0.292	-0.188	-0.308
2.75376200676	-0.224	-0.32	0.888
2.75600790977	-0.224	-0.32	0.888
2.75825285912	0.048	-0.328	2.044
2.76049590111	0.048	-0.328	2.044
2.76273989677	-0.032	0.152	-1.36
2.76499390602	-0.032	0.152	-1.36
2.76724386215	-0.032	0.152	-1.36
2.76949691772	0.004	-0.6	2.044
2.77174186707	0.004	-0.6	2.044
2.77399086952	-0.044	-0.032	-1.548
2.77623605728	-0.044	-0.032	-1.548
2.77848100662	0.344	0.004	2.044
2.78072500229	0.344	0.004	2.044
2.78296899796	0.344	0.004	2.044
2.78521704674	-0.572	-0.004	0.36
2.78746294975	-0.572	-0.004	0.36
2.78970694542	0.072	0.088	0.188
2.79194903374	0.072	0.088	0.188
2.79419088364	-0.812	-0.488	2.044
2.79643797874	-0.812	-0.488	2.044
2.79868292809	-0.132	0.272	-1.656
2.80092692375	-0.132	0.272	-1.656
2.80318689346	-0.132	0.272	-1.656
2.80543494225	0.12	-0.88	2.044
2.80767893791	0.12	-0.88	2.044
2.80992293358	0.304	0.072	-1.204
2.81217002869	0.304	0.072	-1.204
2.81441998482	0.236	-0.184	2.044
2.81666398048	0.236	-0.184	2.044
2.81891202927	0.312	0.028	1.1
2.82115697861	0.312	0.028	1.1
2.82340097427	0.312	0.028	1.1
2.82564306259	-0.424	0.096	-0.48
2.82788991928	-0.424	0.096	-0.48
2.83013606071	-0.144	-0.56	2.044
2.83239006996	-0.144	-0.56	2.044
2.83464288712	-0.24	-0.088	-1.768
2.83689284325	-0.24	-0.088	-1.768
2.83913898468	0.384	0.064	2.044
2.84138083458	0.384	0.064	2.044
2.8436319828	0.384	0.064	2.044
2.8458738327	-0.32	0.104	-0.764
2.84811902046	-0.32	0.104	-0.764
2.8504049778	-0.384	-0.856	1.436
2.85265684128	-0.384	-0.856	1.436
2.85491299629	-0.076	-0.188	1.788
2.85716104507	-0.076	-0.188	1.788
2.85942006111	-0.16	0.052	-1.028
2.86166501045	-0.16	0.052	-1.028
2.86391592026	-0.16	0.052	-1.028
2.86615991592	0.044	-0.62	2.044
2.86840295792	0.044	-0.62	2.044
2.87064695358	0.02	0.236	-1.736
2.87288999557	0.02	0.236	-1.736
2.87514185905	-0.628	-0.568	2.044
2.87738704681	-0.628	-0.568	2.044
2.87963199615	-0.628	-0.568	2.044
2.88188886642	-0.144	0.092	-0.104
2.88413691521	-0.144	0.092	-0.104
2.88638091087	0.56	0.056	0.764
2.88862586021	0.56	0.056	0.764
2.89086699486	0.124	-0.564	2.044
2.8931119442	0.124	-0.564	2.044
2.89537906647	-0.156	0.032	-1.416
2.89762496948	-0.156	0.032	-1.416
2.89986991882	-0.156	0.032	-1.416
2.90211606026	-0.216	-0.82	2.044
2.90436697006	-0.216	-0.82	2.044
2.90661287308	0.04	0.084	-1.48
2.90885686874	0.04	0.084	-1.48
2.91110086441	-0.396	-0.344	2.044
2.91334700584	-0.396	-0.344	2.044
2.91559386253	0.336	-0.216	0.572
2.9178378582	0.336	-0.216	0.572
2.92007994652	0.336	-0.216	0.572
2.92232584953	-0.096	-0.044	0.032
2.92457890511	-0.096	-0.044	0.032
2.92682290077	0.324	-0.38	2.044
2.92906594276	0.324	-0.38	2.044
2.93132400513	-0.136	0.008	-1.728
2.93357491493	-0.136	0.008	-1.728
2.93581295013	-0.468	-0.54	2.044
2.93805193901	-0.468	-0.54	2.044
2.94028997421	-0.468	-0.54	2.044
2.94252586365	0.04	0.016	-1.104
2.94477391243	0.04	0.016	-1.104
2.94702100754	0.14	-0.444	1.976
2.9492650032	0.14	-0.444	1.976
2.9515068531	0.488	-0.352	1.308
2.95375490189	0.488	-0.352	1.308
2.95599985123	0.488	-0.352	1.308
2.95825600624	-0.044	0.02	-0.612
2.96050000191	-0.044	0.02	-0.612
2.9627430439	-0.052	-0.564	2.044
2.9649939537	-0.052	-0.564	2.044
2.9672369957	-0.02	0.18	-1.748
2.9694788456	-0.02	0.18	-1.748
2.97172498703	0.272	-0.608	2.044
2.97397303581	0.272	-0.608	2.044
2.97621488571	0.272	-0.608	2.044
2.97845697403	-0.04	0.188	-0.564
2.98070001602	-0.04	0.188	-0.564
2.98294305801	0.396	0.156	1.24
2.9851899147	0.396	0.156	1.24
2.98744702339	0.164	-0.352	1.936
2.98969006538	0.164	-0.352	1.936
2.99193406105	-0.336	-0.048	-1.112
2.99417996407	-0.336	-0.048	-1.112
2.99642586708	-0.336	-0.048	-1.112
2.99867105484	0.452	-0.644	2.044
3.00091385841	0.452	-0.644	2.044
3.00315690041	0.316	0.076	-1.644
3.00540804863	0.316	0.076	-1.644
3.00764894485	-0.012	-0.236	2.044
3.00990700722	-0.012	-0.236	2.044
3.01215100288	-0.012	-0.236	2.044
3.01440286636	0.272	-0.048	0.04
3.01664590836	0.272	-0.048	0.04
3.018887043	0.228	-0.208	0.612
3.02113986015	0.228	-0.208	0.612
3.02338290215	0.076	-0.156	2.044
3.02562594414	0.076	-0.156	2.044
3.02787303925	-0.068	0.268	-1.544
3.03011584282	-0.068	0.268	-1.544
3.03235888481	-0.068	0.268	-1.544
3.03460884094	-0.62	-0.4	2.044
3.0368540287	-0.62	-0.4	2.044
3.03909683228	0.08	0.016	-1.388
3.04133892059	0.08	0.016	-1.388
3.04358887672	-0.244	-0.14	2.044
3.04583096504	-0.244	-0.14	2.044
3.04807305336	-0.284	-0.056	0.728
3.05031704903	-0.284	-0.056	0.728
3.05256295204	-0.284	-0.056	0.728
3.05481100082	0.056	-0.14	-0.144
3.05705189705	0.056	-0.14	-0.144
3.05933785439	-0.152	-0.528	2.044
3.06159090996	-0.152	-0.528	2.044
3.06383800507	0.036	0.144	-1.704
3.06608295441	0.036	0.144	-1.704
3.06832885742	0.032	-0.648	2.044
3.07057285309	0.032	-0.648	2.044
3.07281589508	0.032	-0.648	2.044
3.07506084442	0.072	0.036	-0.984
3.07730484009	0.072	0.036	-0.984
3.07954788208	-0.04	0.032	1.74
3.08179306984	-0.04	0.032	1.74
3.0840549469	0.016	0.0	1.384
3.08628988266	0.016	0.0	1.384
3.08852386475	0.016	0.0	1.384
3.09075784683	-0.476	-0.096	-0.736
3.09300494194	-0.476	-0.096	-0.736
3.09525704384	0.12	-0.544	2.044
3.09750294685	0.12	-0.544	2.044
3.09975004196	0.068	0.12	-1.764
3.10199403763	0.068	0.12	-1.764
3.10424304008	0.016	-0.584	2.044
3.10648703575	0.016	-0.584	2.044
3.10873293877	0.016	-0.584	2.044
3.11097598076	0.084	0.004	-0.428
3.1132478714	0.084	0.004	-0.428
3.11550784111	0.368	0.02	1.116
3.11774992943	0.368	0.02	1.116
3.11999201775	0.036	-0.032	2.044
3.12223505974	0.036	-0.032	2.044
3.12447595596	-0.128	0.04	-1.268
3.12671494484	-0.128	0.04	-1.268
3.12895202637	-0.128	0.04	-1.268
3.13121390343	-0.04	-0.732	2.044
3.13345384598	-0.04	-0.732	2.044
3.13569402695	-0.016	0.068	-1.616
3.13794493675	-0.016	0.068	-1.616
3.14018297195	0.04	-0.04	2.044
3.14241790771	0.04	-0.04	2.044
3.14466500282	0.044	-0.112	0.216
3.14692401886	0.044	-0.112	0.216
3.1491689682	0.044	-0.112	0.216
3.15141296387	0.204	0.016	0.388
3.15366005898	0.204	0.016	0.388
3.15590286255	0.16	-0.296	2.044
3.15814685822	0.16	-0.296	2.044
3.16038990021	-0.052	0.048	-1.544
3.16263484955	-0.052	0.048	-1.544
3.16488790512	-0.052	0.048	-1.544
3.1671359539	-0.1	-0.764	2.044
3.16938090324	-0.1	-0.764	2.044
3.17162585258	-0.088	-0.108	-1.292
3.17387795448	-0.088	-0.108	-1.292
3.17612290382	0.176	-0.448	2.044
3.17836689949	0.176	-0.448	2.044
3.18061184883	0.088	-0.056	0.952
3.18285489082	0.088	-0.056	0.952
3.18510389328	0.088	-0.056	0.952
3.18736195564	0.332	-0.024	-0.228
3.18960499763	0.332	-0.024	-0.228
3.1918489933	-0.432	-0.376	2.044
3.19409584999	-0.432	-0.376	2.044
3.1963429451	-0.008	0.128	-1.752
3.19858789444	-0.008	0.128	-1.752
3.20083785057	-0.312	-0.396	2.044
3.203083992	-0.312	-0.396	2.044
3.20533704758	-0.312	-0.396	2.044
3.20758390427	-0.332	-0.024	-0.876
3.20983886719	-0.332	-0.024	-0.876
3.21208691597	-0.704	-0.176	1.576
3.21433901787	-0.704	-0.176	1.576
3.21658396721	0.056	0.076	1.584
3.21882486343	0.056	0.076	1.584
3.2211098671	0.06	0.068	-0.856
3.2233569622	0.06	0.068	-0.856
3.22560095787	0.06	0.068	-0.856
3.22784686089	0.384	-0.076	2.044
3.23009204865	0.384	-0.076	2.044
3.23233604431	-0.252	-0.044	-1.736
3.23458886147	-0.252	-0.044	-1.736
3.23683786392	0.104	-0.252	2.044
3.23908185959	0.104	-0.252	2.044
3.24132490158	-0.18	0.088	-0.308
3.2435798645	-0.18	0.088	-0.308
3.24582791328	-0.18	0.088	-0.308
3.24807190895	-0.084	0.016	0.848
3.25031495094	-0.084	0.016	0.848
3.25255894661	-0.348	-0.108	2.044
3.25481104851	-0.348	-0.108	2.044
3.25705504417	0.032	0.048	-1.312
3.25929999352	0.032	0.048	-1.312
3.26154494286	0.032	0.048	-1.312
3.26378893852	0.068	-0.684	2.044
3.26603293419	0.068	-0.684	2.044
3.26827692986	-0.368	0.244	-1.584
3.27052593231	-0.368	0.244	-1.584
3.27278089523	0.284	-0.324	2.044
3.27503204346	0.284	-0.324	2.044
3.2772769928	-0.08	-0.288	0.4
3.27952098846	-0.08	-0.288	0.4
3.28176498413	-0.08	-0.288	0.4
3.28401684761	-0.064	-0.064	0.224
3.28626203537	-0.064	-0.064	0.224
3.28850483894	-0.476	-0.36	2.044
3.29075098038	-0.476	-0.36	2.044
3.29299783707	0.008	0.156	-1.624
3.29524683952	0.008	0.156	-1.624
3.29748988152	0.168	-0.256	2.044
3.29973506927	0.168	-0.256	2.044
3.30197787285	0.168	-0.256	2.044
3.30422687531	-0.02	0.16	-1.204
3.30647706985	-0.02	0.16	-1.204
3.30872392654	-0.556	-0.16	2.044
3.31096792221	-0.556	-0.16	2.044
3.31324696541	0.052	-0.248	1.1
3.31549406052	0.052	-0.248	1.1
3.31773805618	0.328	-0.064	-0.452
3.31998205185	0.328	-0.064	-0.452
3.32222795486	0.328	-0.064	-0.452
3.32448101044	-0.12	0.108	2.044
3.3267250061	-0.12	0.108	2.044
3.3289680481	-0.268	0.224	-1.796
3.33122706413	-0.268	0.224	-1.796
3.3334748745	0.036	-0.372	2.044
3.33572101593	0.036	-0.372	2.044
3.33797502518	0.036	-0.372	2.044
3.34021687508	0.244	0.092	-0.732
3.3424539566	0.244	0.092	-0.732
3.34470295906	0.3	-0.276	1.448
3.34695291519	0.3	-0.276	1.448
3.34919786453	-0.056	-0.232	1.772
3.35144400597	-0.056	-0.232	1.772
3.3536939621	0.26	0.308	-1.004
3.35594105721	0.26	0.308	-1.004
3.35818386078	0.26	0.308	-1.004
3.36042690277	0.164	-0.46	2.044
3.36267089844	0.164	-0.46	2.044
3.36492204666	0.132	-0.072	-1.7
3.36716794968	0.132	-0.072	-1.7
3.36941194534	0.008	-0.308	2.044
3.37165904045	0.008	-0.308	2.044
3.37390899658	-0.084	0.104	-0.144
3.37615895271	-0.084	0.104	-0.144
3.37840390205	-0.084	0.104	-0.144
3.38064789772	-0.372	-0.1	0.712
3.38289189339	-0.372	-0.1	0.712
3.38513803482	0.132	-0.528	2.044
3.38739490509	0.132	-0.528	2.044
3.38963985443	0.044	0.116	-1.44
3.39188194275	0.044	0.116	-1.44
3.39412593842	0.276	-0.336	2.044
3.39637088776	0.276	-0.336	2.044
3.398624897	0.276	-0.336	2.044
3.40087103844	-0.028	0.064	-1.48
3.40311694145	-0.028	0.064	-1.48
3.40536904335	0.368	-0.72	2.044
3.40761303902	0.368	-0.72	2.044
3.40985989571	0.06	-0.316	0.576
3.41210484505	0.06	-0.316	0.576
3.4143550396	0.06	-0.316	0.576
3.41659998894	0.072	0.084	0.044
3.41884088516	0.072	0.084	0.044
3.42108297348	-0.004	-0.492	2.044
3.42333102226	-0.004	-0.492	2.044
3.42557501793	0.084	0.248	-1.684
3.42781996727	0.084	0.248	-1.684
3.43006396294	-0.26	-0.984	2.044
3.4323079586	-0.26	-0.984	2.044
3.43462204933	-0.26	-0.984	2.044
3.4368698597	0.096	0.044	-1.108
3.4391169548	0.096	0.044	-1.108
3.4413599968	0.076	-0.108	1.936
3.44361305237	0.076	-0.108	1.936
3.44585990906	-0.216	-0.344	1.268
3.44810605049	-0.216	-0.344	1.268
3.45035099983	-0.5	-0.16	-0.612
3.4525949955	-0.5	-0.16	-0.612
3.45484304428	-0.5	-0.16	-0.612
3.45708489418	0.46	-0.36	2.044
3.45932984352	0.46	-0.36	2.044
3.46158289909	0.012	0.12	-1.768
3.46383404732	0.012	0.12	-1.768
3.46608996391	0.484	-0.144	2.044
3.46833586693	0.484	-0.144	2.044
3.47058105469	-0.34	0.032	-0.592
3.47282600403	-0.34	0.032	-0.592
3.47507691383	-0.34	0.032	-0.592
3.47732305527	0.104	0.248	1.272
3.47956895828	0.104	0.248	1.272
3.48181200027	0.384	-0.488	1.968
3.48406004906	0.384	-0.488	1.968
3.48630404472	0.16	-0.012	-1.132
3.48854994774	0.16	-0.012	-1.132
3.49079394341	0.16	-0.012	-1.132
3.49304103851	0.212	-0.536	2.044
3.49528598785	0.212	-0.536	2.044
3.49752902985	0.044	0.048	-1.656
3.49977588654	0.044	0.048	-1.656
3.50201892853	0.12	-0.472	2.044
3.50426983833	0.12	-0.472	2.044
3.50651502609	-0.168	0.02	0.076
3.50875997543	-0.168	0.02	0.076
3.51100301743	-0.168	0.02	0.076
3.51325488091	-0.34	0.12	0.504
3.51551890373	-0.34	0.12	0.504
3.51776385307	0.492	-0.752	2.044
3.52000784874	0.492	-0.752	2.044
3.52225184441	0.216	0.252	-1.484
3.52454400063	0.216	0.252	-1.484
3.52678990364	-0.524	-0.18	2.044
3.52903699875	-0.524	-0.18	2.044
3.53130292892	-0.524	-0.18	2.044
3.53355097771	-0.24	0.14	-1.404
3.53578901291	-0.24	0.14	-1.404
3.53802585602	0.276	-0.348	2.044
3.54026389122	0.276	-0.348	2.044
3.54250097275	0.064	-0.096	0.756
3.54474806786	0.064	-0.096	0.756
3.54699397087	-0.572	-0.064	-0.144
3.54924583435	-0.572	-0.064	-0.144
3.55149292946	-0.572	-0.064	-0.144
3.55374383926	0.288	-0.66	2.044
3.55599498749	0.288	-0.66	2.044
3.55823898315	0.036	0.024	-1.736
3.56048297882	0.036	0.024	-1.736
3.56272697449	-0.172	-0.244	2.044
3.56498098373	-0.172	-0.244	2.044
3.56722593307	-0.172	-0.244	2.044
3.56947088242	-0.3	-0.072	-1.0
3.57171297073	-0.3	-0.072	-1.0
3.57396101952	-0.288	-0.26	1.756
3.57620596886	-0.288	-0.26	1.756
3.57845306396	0.236	-0.308	1.472
3.58069801331	0.236	-0.308	1.472
3.58294200897	-0.012	0.004	-0.756
3.58519792557	-0.012	0.004	-0.756
3.58747386932	-0.012	0.004	-0.756
3.58971905708	-0.284	-0.468	2.044
3.5919778347	-0.284	-0.468	2.044
3.59423685074	-0.18	0.248	-1.764
3.59648299217	-0.18	0.248	-1.764
3.59872794151	0.068	-0.056	2.044
3.60097193718	0.068	-0.056	2.044
3.60324788094	-0.156	0.24	-0.412
3.60549592972	-0.156	0.24	-0.412
3.60774087906	-0.156	0.24	-0.412
3.61000490189	-0.264	-0.356	1.068
3.61225104332	-0.264	-0.356	1.068
3.6145298481	0.104	0.092	2.044
3.61677289009	0.104	0.092	2.044
3.61902093887	0.108	0.412	-1.22
3.62126684189	0.108	0.412	-1.22
3.62351703644	-0.424	-0.4	2.044
3.62576198578	-0.424	-0.4	2.044
3.62801003456	-0.424	-0.4	2.044
3.6302549839	-0.116	0.204	-1.624
3.63249897957	-0.116	0.204	-1.624
3.63474583626	-0.536	-0.412	2.044
3.63699102402	-0.536	-0.412	2.044
3.6392929554	0.096	-0.156	0.224
3.64153885841	0.096	-0.156	0.224
3.64379096031	-0.328	-0.18	0.34
3.64603686333	-0.328	-0.18	0.34
3.64828205109	-0.328	-0.18	0.34
3.65053606033	0.18	-0.244	2.044
3.652780056	0.18	-0.244	2.044
3.65503406525	0.008	-0.076	-1.6
3.65727901459	0.008	-0.076	-1.6
3.6595389843	-0.004	-0.772	2.044
3.66178488731	-0.004	-0.772	2.044
3.66403603554	0.072	0.144	-1.308
3.66627883911	0.072	0.144	-1.308
3.66852402687	0.072	0.144	-1.308
3.67076802254	-0.096	-0.652	2.044
3.6730120182	-0.096	-0.652	2.044
3.67528295517	0.032	-0.052	0.916
3.67752695084	0.032	-0.052	0.916
3.67976999283	-0.116	0.136	-0.332
3.68201589584	-0.116	0.136	-0.332
3.68426895142	-0.116	0.136	-0.332
3.68651390076	-0.128	-0.424	2.044
3.68876290321	-0.128	-0.424	2.044
3.69100904465	-0.16	0.164	-1.748
3.69326090813	-0.16	0.164	-1.748
3.69550490379	0.368	-0.16	2.044
3.69774889946	0.368	-0.16	2.044
3.69999504089	-0.256	0.168	-0.848
3.70223999023	-0.256	0.168	-0.848
3.7044839859	-0.256	0.168	-0.848
3.70672988892	-0.352	0.248	1.584
3.70897483826	-0.352	0.248	1.584
3.71121883392	0.34	-0.196	1.668
3.71347999573	0.34	-0.196	1.668
3.71572494507	0.124	-0.044	-0.84
3.71796989441	0.124	-0.044	-0.84
3.72021484375	0.104	-0.1	2.044
3.72245788574	0.104	-0.1	2.044
3.72471404076	0.104	-0.1	2.044
3.72695803642	-0.06	0.252	-1.736
3.72920298576	-0.06	0.252	-1.736
3.73146104813	0.132	-0.212	2.044
3.73371601105	0.132	-0.212	2.044
3.73595190048	0.02	0.136	-0.276
3.73818898201	0.02	0.136	-0.276
3.74042606354	0.588	-0.264	0.904
3.7426609993	0.588	-0.264	0.904
3.7449119091	0.588	-0.264	0.904
3.74716091156	0.64	-0.484	2.044
3.7494058609	0.64	-0.484	2.044
3.75164890289	-0.008	0.068	-1.344
3.75390005112	-0.008	0.068	-1.344
3.75614690781	-0.136	-0.488	2.044
3.75839686394	-0.136	-0.488	2.044
3.7606420517	-0.136	-0.488	2.044
3.76288604736	0.096	0.26	-1.544
3.76513695717	0.096	0.26	-1.544
3.76738095284	-0.204	-0.532	2.044
3.7696249485	-0.204	-0.532	2.044
3.77187204361	-0.436	-0.132	0.372
3.77412295341	-0.436	-0.132	0.372
3.77637791634	-0.024	-0.044	0.164
3.77862286568	-0.024	-0.044	0.164
3.78086686134	-0.024	-0.044	0.164
3.7831120491	-0.08	-0.156	2.044
3.78536295891	-0.08	-0.156	2.044
3.78761291504	0.108	0.184	-1.632
3.78986001015	0.108	0.184	-1.632
3.79210400581	-0.06	0.04	2.044
3.7943508625	-0.06	0.04	2.044
3.79659605026	-0.428	0.384	-1.22
3.79884195328	-0.428	0.384	-1.22
3.80108690262	-0.428	0.384	-1.22
3.80335688591	0.04	-0.636	2.044
3.80560302734	0.04	-0.636	2.044
3.80784702301	-0.08	-0.112	1.116
3.81009101868	-0.08	-0.112	1.116
3.81233596802	-0.088	0.216	-0.464
3.81459093094	-0.088	0.216	-0.464
3.81683588028	-0.104	-0.04	2.044
3.81908202171	-0.104	-0.04	2.044
3.82132792473	-0.104	-0.04	2.044
3.82357883453	0.064	0.256	-1.752
3.82582402229	0.064	0.256	-1.752
3.82807302475	0.22	-0.236	2.044
3.83031606674	0.22	-0.236	2.044
3.83255887032	-0.168	-0.172	-0.704
3.83481097221	-0.168	-0.172	-0.704
3.837059021	-0.168	-0.172	-0.704
3.83931398392	0.292	-0.148	1.496
3.84155797958	0.292	-0.148	1.496
3.84380888939	0.048	0.008	1.796
3.84605193138	0.048	0.008	1.796
3.84829306602	-0.188	0.152	-1.044
3.85053801537	-0.188	0.152	-1.044
3.85278487206	-0.328	-0.272	2.044
3.85504102707	-0.328	-0.272	2.044
3.85728693008	-0.328	-0.272	2.044
3.85953402519	0.004	0.316	-1.748
3.86177802086	0.004	0.316	-1.748
3.86403203011	0.208	-0.192	2.044
3.86628890038	0.208	-0.192	2.044
3.86853384972	-0.152	0.036	-0.108
3.87077784538	-0.152	0.036	-0.108
3.87302303314	0.18	-0.1	0.66
3.87527298927	0.18	-0.1	0.66
3.87751698494	0.18	-0.1	0.66
3.87975883484	-0.128	-0.276	2.044
3.88202190399	-0.128	-0.276	2.044
3.8842689991	0.056	0.16	-1.428
3.88651299477	0.056	0.16	-1.428
3.88875699043	0.108	-0.876	2.044
3.8910009861	0.108	-0.876	2.044
3.8932518959	0.248	0.08	-1.436
3.89549684525	0.248	0.08	-1.436
3.89774298668	0.248	0.08	-1.436
3.89998888969	0.456	-0.172	2.044
3.90224289894	0.456	-0.172	2.044
3.90448689461	-0.152	0.004	0.592
3.90673184395	-0.152	0.004	0.592
3.90897703171	-0.456	-0.128	0.024
3.91122198105	-0.456	-0.128	0.024
3.91347193718	-0.456	-0.128	0.024
3.91571998596	0.396	-0.616	2.044
3.91796398163	0.396	-0.616	2.044
3.92020797729	0.116	0.032	-1.676
3.92245292664	0.116	0.032	-1.676
3.92470383644	-0.016	-0.584	2.044
3.9269490242	-0.016	-0.584	2.044
3.92919397354	0.068	0.024	-1.108
3.93145298958	0.068	0.024	-1.108
3.9337079525	0.068	0.024	-1.108
3.93594384193	0.052	0.104	1.916
3.93817806244	0.052	0.104	1.916
3.94041395187	-0.112	0.016	1.276
3.94264984131	-0.112	0.016	1.276
3.94489884377	-0.568	0.104	-0.668
3.94715094566	-0.568	0.104	-0.668
3.94939804077	-0.16	-0.104	2.044
3.95164394379	-0.16	-0.104	2.044
3.95389485359	-0.16	-0.104	2.044
3.95614290237	-0.312	0.224	-1.796
3.95838785172	-0.312	0.224	-1.796
3.96063303947	-0.376	-0.04	2.044
3.96287798882	-0.376	-0.04	2.044
3.96514105797	-0.284	-0.048	-0.568
3.96739602089	-0.284	-0.048	-0.568
3.9696419239	-0.064	-0.236	1.236
3.97188901901	-0.064	-0.236	1.236
3.97413992882	-0.064	-0.236	1.236
3.97638487816	-0.064	-0.268	1.964
3.97862887383	-0.064	-0.268	1.964
3.98087501526	0.04	0.064	-1.14
3.98311805725	0.04	0.064	-1.14
3.98536705971	-0.004	-0.316	2.044
3.98761296272	-0.004	-0.316	2.044
3.99697399139	0.336	-0.444	2.044
3.99929404259	0.336	-0.444	2.044
4.00154089928	-0.156	-0.128	0.064
4.0038049221	-0.156	-0.128	0.064
4.00605106354	0.624	-0.036	0.568
4.0082950592	0.624	-0.036	0.568
4.01054787636	0.008	-0.688	2.044
4.01279997826	0.008	-0.688	2.044
4.01504993439	0.008	-0.688	2.044
4.01729393005	0.096	0.036	-1.496
4.01953983307	0.096	0.036	-1.496
4.02178406715	-0.18	-0.208	2.044
4.02403497696	-0.18	-0.208	2.044
4.02629685402	-0.196	0.228	-1.4
4.0285449028	-0.196	0.228	-1.4
4.03079390526	0.184	-0.028	2.044
4.03303790092	0.184	-0.028	2.044
4.03532791138	0.184	-0.028	2.044
4.03757286072	0.248	-0.132	0.74
4.03981900215	0.248	-0.132	0.74
4.04206705093	-0.636	-0.104	-0.212
4.04432106018	-0.636	-0.104	-0.212
4.04657006264	0.588	0.272	2.044
4.0488140583	0.588	0.272	2.044
4.0510559082	-0.232	0.192	-1.76
4.05330991745	-0.232	0.192	-1.76
4.05555605888	-0.232	0.192	-1.76
4.05780005455	-0.42	-0.272	2.044
4.06006288528	-0.42	-0.272	2.044
4.06230902672	0.016	0.208	-0.992
4.06459093094	0.016	0.208	-0.992
4.06683588028	-0.288	-0.06	1.708
4.06908202171	-0.288	-0.06	1.708
4.07132697105	-0.288	-0.06	1.708
4.07357788086	0.124	-0.3	1.48
4.07582497597	0.124	-0.3	1.48
4.07807183266	-0.024	-0.108	-0.72
4.08032393456	-0.024	-0.108	-0.72
4.08257102966	-0.236	-0.38	2.044
4.08482384682	-0.236	-0.38	2.044
4.08706903458	0.092	0.32	-1.776
4.08931303024	0.092	0.32	-1.776
4.09157085419	0.092	0.32	-1.776
4.09382104874	0.112	-0.12	2.044
4.0960650444	0.112	-0.12	2.044
4.09832191467	-0.16	-0.42	-0.412
4.10056996346	-0.16	-0.42	-0.412
4.1028149128	0.452	-0.324	1.12
4.10506486893	0.452	-0.324	1.12
4.10732889175	0.112	-0.288	2.044
4.10957384109	0.112	-0.288	2.044
4.11181783676	0.112	-0.288	2.044
4.11408185959	-0.028	0.068	-1.264
4.11639595032	-0.028	0.068	-1.264
4.1186439991	0.212	-0.356	2.044
4.12088799477	0.212	-0.356	2.044
4.12313294411	-0.18	0.212	-1.624
4.12538385391	-0.18	0.212	-1.624
4.12762188911	-0.42	-0.596	2.044
4.12985897064	-0.42	-0.596	2.044
4.13209795952	-0.42	-0.596	2.044
4.13433599472	0.04	0.012	0.276
4.13657283783	0.04	0.012	0.276
4.13880896568	0.264	-0.064	0.34
4.14104700089	0.264	-0.064	0.34
4.14329600334	-0.412	-0.568	2.044
4.14554595947	-0.412	-0.568	2.044
4.14779400826	0.008	0.256	-1.584
4.15004205704	0.008	0.256	-1.584
4.1522860527	0.008	0.256	-1.584
4.15456390381	0.128	-0.424	2.044
4.15681004524	0.128	-0.424	2.044
4.15905404091	0.052	0.252	-1.304
4.16130685806	0.052	0.252	-1.304
4.16355895996	-0.248	-0.132	2.044
4.16580486298	-0.248	-0.132	2.044
4.16805100441	-0.248	-0.132	2.044
4.17030906677	-0.092	-0.068	0.952
4.1725590229	-0.092	-0.068	0.952
4.17480492592	-0.252	-0.064	-0.292
4.17704987526	-0.252	-0.064	-0.292
4.17929601669	0.116	-0.176	2.044
4.18154096603	0.116	-0.176	2.044
4.18378996849	0.08	0.152	-1.756
4.18605494499	0.08	0.152	-1.756
4.18830084801	0.08	0.152	-1.756
4.19054484367	-0.004	-0.284	2.044
4.19278788567	-0.004	-0.284	2.044
4.19503998756	-0.484	-0.008	-0.84
4.19728589058	-0.484	-0.008	-0.84
4.19953083992	0.388	-0.112	1.604
4.20177483559	0.388	-0.112	1.604
4.20402693748	0.288	-0.324	1.68
4.20627188683	0.288	-0.324	1.68
4.20851492882	0.288	-0.324	1.68
4.21075797081	0.02	-0.072	-0.908
4.21300292015	0.02	-0.072	-0.908
4.21525406837	-0.036	-0.364	2.044
4.21749806404	-0.036	-0.364	2.044
4.21974992752	-0.136	0.188	-1.728
4.22199487686	-0.136	0.188	-1.728
4.22425603867	0.108	-0.608	2.044
4.22650098801	0.108	-0.608	2.044
4.22874498367	0.108	-0.608	2.044
4.23098802567	-0.308	0.432	-0.28
4.23323988914	-0.308	0.432	-0.28
4.23549890518	-0.064	0.232	0.812
4.23774290085	-0.064	0.232	0.812
4.23998689651	0.02	-0.284	2.044
4.24222993851	0.02	-0.284	2.044
4.24448084831	0.02	-0.284	2.044
4.2467238903	-0.06	-0.008	-1.328
4.24897003174	-0.06	-0.008	-1.328
4.25121498108	-0.456	-0.468	2.044
4.25346684456	-0.456	-0.468	2.044
4.25571298599	0.368	0.148	-1.544
4.25795793533	0.368	0.148	-1.544
4.26020288467	0.06	-0.448	2.044
4.26244688034	0.06	-0.448	2.044
4.26469683647	0.06	-0.448	2.044
4.26694202423	-0.208	-0.044	0.416
4.26918792725	-0.208	-0.044	0.416
4.27143287659	0.18	0.252	0.208
4.2736749649	0.18	0.252	0.208
4.27591705322	0.22	-0.256	2.044
4.27816104889	0.22	-0.256	2.044
4.28040385246	-0.152	0.236	-1.676
4.28264904022	-0.152	0.236	-1.676
4.28490185738	-0.152	0.236	-1.676
4.28715586662	-0.604	-0.26	2.044
4.28940391541	-0.604	-0.26	2.044
4.29165101051	0.152	0.084	-1.168
4.29390096664	0.152	0.084	-1.168
4.29614400864	-0.248	-0.272	2.044
4.29839086533	-0.248	-0.272	2.044
4.30063605309	-0.26	-0.232	1.14
4.30287885666	-0.26	-0.232	1.14
4.30512905121	-0.26	-0.232	1.14
4.30738687515	-0.076	-0.148	-0.5
4.3096280098	-0.076	-0.148	-0.5
4.31186890602	0.096	-0.584	2.044
4.31411290169	0.096	-0.584	2.044
4.31635904312	0.052	0.068	-1.752
4.31860303879	0.052	0.068	-1.752
4.32084584236	0.052	0.068	-1.752
4.3230919838	0.08	-0.664	2.044
4.32534384727	0.08	-0.664	2.044
4.32758688927	-0.048	-0.144	-0.652
4.32983183861	-0.048	-0.144	-0.652
4.33208084106	0.184	-0.184	1.432
4.33433198929	0.184	-0.184	1.432
4.33657097816	-0.124	-0.08	1.848
4.33880805969	-0.124	-0.08	1.848
4.3410449028	-0.124	-0.08	1.848
4.34330201149	-0.116	0.304	-1.012
4.3455529213	-0.116	0.304	-1.012
4.34780097008	0.432	-0.232	2.044
4.35005497932	0.432	-0.232	2.044
4.35229802132	0.296	0.076	-1.68
4.35457491875	0.296	0.076	-1.68
4.35681986809	0.028	-0.272	2.044
4.35906791687	0.028	-0.272	2.044
4.36131191254	0.028	-0.272	2.044
4.36356687546	0.072	-0.368	-0.012
4.36581587791	0.072	-0.368	-0.012
4.36805987358	-0.512	-0.112	0.656
4.37030386925	-0.512	-0.112	0.656
4.37254905701	0.088	-0.156	2.044
4.37479996681	0.088	-0.156	2.044
4.37704396248	-0.088	0.14	-1.488
4.37928891182	-0.088	0.14	-1.488
4.38153505325	-0.088	0.14	-1.488
4.38378000259	0.012	-0.656	2.044
4.38602304459	0.012	-0.656	2.044
4.38826799393	-0.132	-0.016	-1.468
4.39051389694	-0.132	-0.016	-1.468
4.39276194572	-0.016	-0.024	2.044
4.39501404762	-0.016	-0.024	2.044
4.39725899696	-0.016	-0.024	2.044
4.3995039463	-0.092	-0.12	0.592
4.4017469883	-0.092	-0.12	0.592
4.40400004387	-0.024	0.0	-0.02
4.40623688698	-0.024	0.0	-0.02
4.40847301483	0.34	-0.048	2.044
4.41071796417	0.34	-0.048	2.044
4.41298794746	0.036	0.324	-1.7
4.41525888443	0.036	0.324	-1.7
4.41754603386	0.036	0.324	-1.7
4.41979384422	-0.452	-0.416	2.044
4.42203903198	-0.452	-0.416	2.044
4.42428588867	-0.216	-0.048	-1.068
4.42653083801	-0.216	-0.048	-1.068
4.42878198624	-0.056	-0.096	1.896
4.43102693558	-0.056	-0.096	1.896
4.43328690529	-0.196	-0.084	1.304
4.43555593491	-0.196	-0.084	1.304
4.43780183792	-0.196	-0.084	1.304
4.44004702568	0.28	-0.072	-0.596
4.44229197502	0.28	-0.072	-0.596
4.44457197189	-0.412	-0.464	2.044
4.44681692123	-0.412	-0.464	2.044
4.4490609169	-0.3	0.272	-1.784
4.45130586624	-0.3	0.272	-1.784
4.45355796814	-0.164	-0.584	2.044
4.45580387115	-0.164	-0.584	2.044
4.45804905891	-0.164	-0.584	2.044
4.4602959156	0.036	-0.144	-0.516
4.46254396439	0.036	-0.144	-0.516
4.46479487419	-0.564	-0.32	1.212
4.46704006195	-0.564	-0.32	1.212
4.46928501129	-0.384	0.004	1.964
4.47152805328	-0.384	0.004	1.964
4.47377800941	0.152	0.052	-1.136
4.47603392601	0.152	0.052	-1.136
4.47827792168	0.152	0.052	-1.136
4.48052096367	0.052	-0.552	2.044
4.48276495934	0.052	-0.552	2.044
4.48501706123	-0.024	0.108	-1.66
4.48726201057	-0.024	0.108	-1.66
4.48950600624	0.096	-0.292	2.044
4.49175286293	0.096	-0.292	2.044
4.49400305748	0.096	-0.292	2.044
4.49624800682	-0.14	0.1	0.104
4.49849390984	-0.14	0.1	0.104
4.50073695183	-0.168	0.008	0.472
4.50298094749	-0.168	0.008	0.472
4.50522994995	-0.284	-0.36	2.044
4.50747704506	-0.284	-0.36	2.044
4.5097219944	-0.224	0.296	-1.54
4.51196789742	-0.224	0.296	-1.54
4.5142250061	-0.224	0.296	-1.54
4.51647305489	-0.004	-0.044	2.044
4.51871705055	-0.004	-0.044	2.044
4.52096199989	-0.172	0.176	-1.416
4.523239851	-0.172	0.176	-1.416
4.52548885345	-0.836	-0.156	2.044
4.52773499489	-0.836	-0.156	2.044
4.52997994423	-0.28	-0.288	0.788
4.53222990036	-0.28	-0.288	0.788
4.53448104858	-0.28	-0.288	0.788
4.53671789169	0.412	0.028	-0.152
4.53896284103	0.412	0.028	-0.152
4.54120087624	-0.464	-0.256	2.044
4.54344296455	-0.464	-0.256	2.044
4.54569196701	-0.112	0.148	-1.744
4.54793787003	-0.112	0.148	-1.744
4.55018401146	0.144	-0.528	2.044
4.55242705345	0.144	-0.528	2.044
4.55467796326	0.144	-0.528	2.044
4.5569229126	-0.1	-0.052	-0.952
4.55916905403	-0.1	-0.052	-0.952
4.56141400337	0.204	-0.348	1.768
4.56366586685	0.204	-0.348	1.768
4.56590986252	0.652	-0.432	1.556
4.56815695763	0.652	-0.432	1.556
4.57040095329	0.652	-0.432	1.556
4.57264685631	0.088	-0.196	-0.788
4.57489991188	0.088	-0.196	-0.788
4.57714390755	-0.196	-0.7	2.044
4.57940292358	-0.196	-0.7	2.044
4.58164787292	-0.276	-0.004	-1.76
4.5839009285	-0.276	-0.004	-1.76
4.58614587784	0.368	-0.252	2.044
4.5883910656	0.368	-0.252	2.044
4.59063601494	0.368	-0.252	2.044
4.59287905693	-0.132	0.024	-0.404
4.59513306618	-0.132	0.024	-0.404
4.59737801552	-0.18	-0.092	0.972
4.59962201118	-0.18	-0.092	0.972
4.60187888145	0.028	-0.064	2.044
4.6041328907	0.028	-0.064	2.044
4.60637688637	0.02	0.148	-1.248
4.60862088203	0.02	0.148	-1.248
4.6108648777	0.02	0.148	-1.248
4.61310887337	-0.104	-0.056	2.044
4.61536192894	-0.104	-0.056	2.044
4.61760783195	0.068	0.288	-1.604
4.61985397339	0.068	0.288	-1.604
4.62209892273	0.044	-0.792	2.044
4.62434887886	0.044	-0.792	2.044
4.62659406662	-0.084	0.216	0.268
4.62883806229	-0.084	0.216	0.268
4.63108086586	-0.084	0.216	0.268
4.63332605362	-0.024	0.336	0.356
4.63558101654	-0.024	0.336	0.356
4.63784003258	-0.124	-0.292	2.044
4.64008593559	-0.124	-0.292	2.044
4.64233183861	0.12	0.028	-1.584
4.64464783669	0.12	0.028	-1.584
4.64689493179	0.02	-0.516	2.044
4.64913988113	0.02	-0.516	2.044
4.65140390396	0.02	-0.516	2.044
4.65365505219	-0.048	-0.012	-1.28
4.6559009552	-0.048	-0.012	-1.28
4.65814685822	-0.324	-0.3	2.044
4.66039299965	-0.324	-0.3	2.044
4.66263794899	-0.116	-0.22	0.964
4.66489887238	-0.116	-0.22	0.964
4.66714406013	-0.116	-0.22	0.964
4.66939091682	-0.18	0.116	-0.4
4.67163896561	-0.18	0.116	-0.4
4.6738910675	0.368	-0.124	2.044
4.67613697052	0.368	-0.124	2.044
4.67838191986	0.048	0.188	-1.728
4.68062591553	0.048	0.188	-1.728
4.68286991119	0.064	-0.216	2.044
4.68512105942	0.064	-0.216	2.044
4.68736600876	0.064	-0.216	2.044
4.68961000443	0.1	-0.152	-0.78
4.69185590744	0.1	-0.152	-0.78
4.69410705566	0.14	-0.32	1.568
4.69634985924	0.14	-0.32	1.568
4.6985938549	-0.212	-0.2	1.68
4.70084095001	-0.212	-0.2	1.68
4.70308685303	-0.032	0.276	-0.892
4.70533895493	-0.032	0.276	-0.892
4.70759797096	-0.032	0.276	-0.892
4.70984601974	0.212	-0.124	2.044
4.71209001541	0.212	-0.124	2.044
4.71433496475	0.064	0.384	-1.732
4.71658205986	0.064	0.384	-1.732
4.71882605553	-0.04	-0.548	2.044
4.72107100487	-0.04	-0.548	2.044
4.723320961	0.08	-0.42	-0.18
4.72556686401	0.08	-0.42	-0.18
4.72782206535	0.08	-0.42	-0.18
4.73006606102	0.172	-0.024	0.844
4.73231101036	0.172	-0.024	0.844
4.73461389542	-0.068	-0.256	2.044
4.73685288429	-0.068	-0.256	2.044
4.73908996582	0.048	0.26	-1.376
4.74133205414	0.048	0.26	-1.376
4.74357390404	0.124	-0.4	2.044
4.74582099915	0.124	-0.4	2.044
4.74807095528	0.124	-0.4	2.044
4.75031590462	-0.068	0.116	-1.54
4.75255990028	-0.068	0.116	-1.54
4.75481200218	-0.504	-0.164	2.044
4.7570579052	-0.504	-0.164	2.044
4.75930190086	0.264	-0.26	0.444
4.76154398918	0.264	-0.26	0.444
4.76379704475	0.264	-0.26	0.444
4.76603984833	-0.204	0.204	0.084
4.76828193665	-0.204	0.204	0.084
4.77052497864	-0.692	-0.288	2.044
4.77277088165	-0.692	-0.288	2.044
4.77502298355	-0.036	0.336	-1.636
4.77727198601	-0.036	0.336	-1.636
4.77953100204	-0.444	-0.192	2.044
4.78177690506	-0.444	-0.192	2.044
4.78402805328	-0.444	-0.192	2.044
4.78627705574	0.096	0.076	-1.188
4.78852105141	0.096	0.076	-1.188
4.79077386856	0.188	-0.284	2.036
4.79301691055	0.188	-0.284	2.036
4.79526805878	0.16	-0.192	1.188
4.79751396179	0.16	-0.192	1.188
4.79975795746	-0.396	-0.16	-0.512
4.80200195312	-0.396	-0.16	-0.512
4.80425596237	-0.396	-0.16	-0.512
4.80650186539	0.324	-0.62	2.044
4.80874586105	0.324	-0.62	2.044
4.81099486351	-0.204	-0.016	-1.764
4.81324887276	-0.204	-0.016	-1.764
4.81549501419	0.128	-0.14	2.044
4.81773805618	0.128	-0.14	2.044
4.81998300552	-0.164	-0.204	-0.672
4.82222890854	-0.164	-0.204	-0.672
4.82447886467	-0.164	-0.204	-0.672
4.8267250061	-0.12	-0.692	1.392
4.82897186279	-0.12	-0.692	1.392
4.83121705055	-0.324	-0.384	1.82
4.83346295357	-0.324	-0.384	1.82
4.83570885658	0.016	0.124	-1.06
4.83795189857	0.016	0.124	-1.06
4.84019398689	0.016	0.124	-1.06
4.84243798256	0.084	-0.356	2.044
4.84468984604	0.084	-0.356	2.044
4.84693694115	-0.188	0.184	-1.7
4.84918189049	-0.188	0.184	-1.7
4.8514418602	-0.032	-0.028	2.044
4.85370588303	-0.032	-0.028	2.044
4.85595202446	-0.068	0.288	-0.036
4.85819602013	-0.068	0.288	-0.036
4.86044192314	-0.068	0.288	-0.036
4.86268687248	-0.284	-0.144	0.636
4.86493897438	-0.284	-0.144	0.636
4.86718297005	-0.444	-0.4	2.044
4.86942887306	-0.444	-0.4	2.044
4.87167406082	-0.076	0.48	-1.464
4.87392687798	-0.076	0.48	-1.464
4.87617492676	0.776	-0.396	2.044
4.87841892242	0.776	-0.396	2.044
4.88066697121	0.776	-0.396	2.044
4.88291287422	-0.136	0.128	-1.456
4.88515996933	-0.136	0.128	-1.456
4.88740491867	0.432	-0.312	2.044
4.88964796066	0.432	-0.312	2.044
4.89189505577	-0.18	0.1	0.612
4.8941450119	-0.18	0.1	0.612
4.8963868618	0.232	0.016	-0.012
4.89863085747	0.232	0.016	-0.012
4.90087604523	0.232	0.016	-0.012
4.90312099457	-0.4	-0.4	2.044
4.90537285805	-0.4	-0.4	2.044
4.90762495995	0.072	0.024	-1.692
4.90986990929	0.072	0.024	-1.692
4.91211295128	0.644	-0.652	2.044
4.91435885429	0.644	-0.652	2.044
4.91661691666	0.644	-0.652	2.044
4.91887903214	0.08	0.216	-1.044
4.92112398148	0.08	0.216	-1.044
4.92336988449	0.108	-0.532	1.944
4.92561483383	0.108	-0.532	1.944
4.92785906792	0.396	0.028	1.38
4.93009996414	0.396	0.028	1.38
4.93234300613	-0.132	0.108	-0.68
4.93462705612	-0.132	0.108	-0.68
4.93686485291	-0.132	0.108	-0.68
4.93910193443	-0.236	-0.584	2.044
4.94134092331	-0.236	-0.584	2.044
4.94358205795	-0.156	0.044	-1.776
4.94583201408	-0.156	0.044	-1.776
4.94807887077	0.348	-0.288	2.044
4.95032787323	0.348	-0.288	2.044
4.9525718689	-0.144	0.088	-0.524
4.95482397079	-0.144	0.088	-0.524
4.9570710659	-0.144	0.088	-0.524
4.95931506157	-0.128	0.04	1.196
4.96155905724	-0.128	0.04	1.196
4.96381092072	-0.236	-0.604	2.008
4.96605801582	-0.236	-0.604	2.008
4.96830201149	0.22	0.3	-1.14
4.97054696083	0.22	0.3	-1.14
4.97279191017	0.292	-0.332	2.044
4.9750430584	0.292	-0.332	2.044
4.97728586197	0.292	-0.332	2.044
4.97955584526	-0.272	0.188	-1.644
4.98180198669	-0.272	0.188	-1.644
4.9840528965	0.22	-0.212	2.044
4.98630189896	0.22	-0.212	2.044
4.98854804039	0.216	-0.14	0.132
4.99079084396	0.216	-0.14	0.132
4.99303388596	0.216	-0.14	0.132
4.99528384209	0.48	0.116	0.512
4.9975259304	0.48	0.116	0.512
4.99976706505	0.316	-0.664	2.044
