Timestamp 	 X-Axis 	 Y-Axis 	 Z-Axis
0.00031304359436	-0.176	0.072	-0.22
0.00283694267273	-0.176	0.072	-0.22
0.00516891479492	-0.016	-0.524	2.044
0.00749707221985	-0.016	-0.524	2.044
0.00982093811035	-0.016	-0.524	2.044
0.0121600627899	0.04	0.016	-0.364
0.0144820213318	0.04	0.016	-0.364
0.0168058872223	0.096	-0.436	2.044
0.0191278457642	0.096	-0.436	2.044
0.0214619636536	-0.084	-0.004	-0.564
0.0237860679626	-0.084	-0.004	-0.564
0.0261099338531	-0.08	-0.336	2.044
0.028431892395	-0.08	-0.336	2.044
0.0307538509369	-0.032	0.12	-0.724
0.033096075058	-0.032	0.12	-0.724
0.0354208946228	-0.032	0.12	-0.724
0.0377459526062	0.112	-0.36	2.044
0.0400750637054	0.112	-0.36	2.044
0.0423979759216	0.028	0.044	-0.86
0.0447180271149	0.028	0.044	-0.86
0.0470409393311	0.16	-0.04	2.044
0.0493628978729	0.16	-0.04	2.044
0.0516839027405	-0.076	0.164	-1.036
0.054004907608	-0.076	0.164	-1.036
0.0563290119171	0.016	-0.172	2.044
0.0586500167847	0.016	-0.172	2.044
0.0609798431396	0.016	-0.172	2.044
0.0633008480072	-0.056	0.092	-1.164
0.0656499862671	-0.056	0.092	-1.164
0.0679869651794	-0.08	-0.308	2.044
0.0703239440918	-0.08	-0.308	2.044
0.0726549625397	-0.084	0.084	-1.264
0.0749869346619	-0.084	0.084	-1.264
0.0773160457611	-0.004	-0.276	2.044
0.0796458721161	-0.004	-0.276	2.044
0.0819749832153	-0.02	0.116	-1.372
0.0843188762665	-0.02	0.116	-1.372
0.08664894104	-0.168	-0.548	2.044
0.0889790058136	-0.168	-0.548	2.044
0.0913100242615	-0.168	-0.548	2.044
0.0936388969421	-0.08	0.06	-1.464
0.0959739685059	-0.08	0.06	-1.464
0.0983040332794	0.004	-0.492	2.044
0.100631952286	0.004	-0.492	2.044
0.102958917618	-0.116	0.132	-1.556
0.105306863785	-0.116	0.132	-1.556
0.107637882233	0.16	-0.476	2.044
0.109979867935	0.16	-0.476	2.044
0.112309932709	0.02	0.068	-1.6
0.114645004272	0.02	0.068	-1.6
0.116973876953	0.02	0.068	-1.6
0.119302034378	0.14	-0.544	2.044
0.121629953384	0.14	-0.544	2.044
0.123957872391	-0.088	0.144	-1.672
0.126293897629	-0.088	0.144	-1.672
0.128623008728	-0.144	-0.284	2.044
0.130961894989	-0.144	-0.284	2.044
0.133291959763	-0.056	0.2	-1.712
0.135625839233	-0.056	0.2	-1.712
0.137969970703	-0.032	-0.344	2.044
0.140310049057	-0.032	-0.344	2.044
0.142642021179	-0.104	0.136	-1.74
0.144979953766	-0.104	0.136	-1.74
0.147310972214	-0.104	0.136	-1.74
0.149639844894	0.304	-0.12	2.044
0.151969909668	0.304	-0.12	2.044
0.154304981232	-0.112	0.204	-1.74
0.15663599968	-0.112	0.204	-1.74
0.158966064453	-0.024	-0.24	2.044
0.161295890808	-0.024	-0.24	2.044
0.163626909256	-0.068	0.136	-1.732
0.165961027145	-0.068	0.136	-1.732
0.1682908535	-0.432	-0.404	2.044
0.17063498497	-0.432	-0.404	2.044
0.172965049744	-0.432	-0.404	2.044
0.175299882889	-0.056	0.044	-1.7
0.177634954453	-0.056	0.044	-1.7
0.179965019226	-0.184	-0.424	2.044
0.182296037674	-0.184	-0.424	2.044
0.184630870819	-0.024	0.1	-1.668
0.186961889267	-0.024	0.1	-1.668
0.189291000366	0.288	-0.624	2.044
0.19162106514	0.288	-0.624	2.044
0.193948030472	0.028	-0.004	-1.596
0.196287870407	0.028	-0.004	-1.596
0.198616981506	0.224	-0.544	2.044
0.200945854187	0.224	-0.544	2.044
0.203274011612	0.224	-0.544	2.044
0.205606937408	-0.012	0.088	-1.548
0.207948923111	-0.012	0.088	-1.548
0.210279941559	0.256	-0.58	2.044
0.212617874146	0.256	-0.58	2.044
0.214954853058	0.028	0.096	-1.452
0.217284917831	0.028	0.096	-1.452
0.219613075256	0.056	-0.484	2.044
0.221941947937	0.056	-0.484	2.044
0.224271059036	0.048	0.092	-1.356
0.226599931717	0.048	0.092	-1.356
0.228926897049	0.048	0.092	-1.356
0.231253862381	0.064	-0.24	2.044
0.233592033386	0.064	-0.24	2.044
0.235925912857	-0.088	0.296	-1.256
0.238255977631	-0.088	0.296	-1.256
0.240583896637	0.008	-0.264	2.044
0.242912054062	0.008	-0.264	2.044
0.245245933533	-0.008	0.128	-1.132
0.247575044632	-0.008	0.128	-1.132
0.249912023544	-0.224	-0.116	2.044
0.252241849899	-0.224	-0.116	2.044
0.254576921463	0.032	0.208	-1.008
0.256906032562	0.032	0.208	-1.008
0.259234905243	0.032	0.208	-1.008
0.261571884155	0.036	-0.18	2.044
0.263900995255	0.036	-0.18	2.044
0.266234874725	-0.056	0.116	-0.856
0.268564939499	-0.056	0.116	-0.856
0.270892858505	-0.408	-0.308	2.044
0.273221969604	-0.408	-0.308	2.044
0.275590896606	-0.116	-0.004	-0.7
0.277921915054	-0.116	-0.004	-0.7
0.280251026154	-0.256	-0.344	2.044
0.282580852509	-0.256	-0.344	2.044
0.284920930862	-0.256	-0.344	2.044
0.28725194931	-0.032	-0.02	-0.532
0.289582014084	-0.032	-0.02	-0.532
0.291910886765	0.38	-0.34	2.044
0.294245004654	0.38	-0.34	2.044
0.296576976776	0.028	-0.128	-0.336
0.29890704155	0.028	-0.128	-0.336
0.301236867905	0.14	-0.328	2.044
0.30356502533	0.14	-0.328	2.044
0.305896043777	0.052	-0.096	-0.168
0.308228969574	0.052	-0.096	-0.168
0.310559034348	-0.072	-0.292	2.016
0.312887907028	-0.072	-0.292	2.016
0.315217971802	-0.072	-0.292	2.016
0.317545890808	0.016	-0.072	0.024
0.319874048233	0.016	-0.072	0.024
0.322205066681	-0.16	-0.196	1.828
0.3245408535	-0.16	-0.196	1.828
0.32687997818	-0.008	0.012	0.192
0.329208850861	-0.008	0.012	0.192
0.33153796196	0.1	-0.068	1.62
0.333863973618	0.1	-0.068	1.62
0.336197853088	0.128	0.084	0.412
0.338525056839	0.128	0.084	0.412
0.340849876404	0.128	0.084	0.412
0.343175888062	0.048	-0.084	1.432
0.345545053482	0.048	-0.084	1.432
0.347878932953	0.028	0.044	0.6
0.350205898285	0.028	0.044	0.6
0.352531909943	-0.124	-0.084	1.172
0.354866981506	-0.124	-0.084	1.172
0.35720705986	-0.18	-0.156	0.784
0.35953783989	-0.18	-0.156	0.784
0.361867904663	-0.252	-0.152	1.0
0.364199876785	-0.252	-0.152	1.0
0.366523981094	-0.252	-0.152	1.0
0.368849992752	0.012	-0.108	1.004
0.371177911758	0.012	-0.108	1.004
0.373507022858	-0.084	-0.012	0.796
0.375840902328	-0.084	-0.012	0.796
0.378170013428	-0.132	-0.324	1.24
0.380499839783	-0.132	-0.324	1.24
0.382828950882	-0.02	-0.056	0.596
0.38516497612	-0.02	-0.056	0.596
0.387493848801	0.048	-0.252	1.44
0.389822006226	0.048	-0.252	1.44
0.392159938812	-0.044	-0.052	0.376
0.394499063492	-0.044	-0.052	0.376
0.396828889847	-0.044	-0.052	0.376
0.399158000946	-0.092	-0.176	1.608
0.401486873627	-0.092	-0.176	1.608
0.4038169384	-0.008	-0.076	0.208
0.406152963638	-0.008	-0.076	0.208
0.408483028412	0.08	-0.284	1.832
0.410810947418	0.08	-0.284	1.832
0.413138866425	-0.04	-0.064	0.004
0.41547703743	-0.04	-0.064	0.004
0.41780591011	0.056	0.028	2.004
0.420131921768	0.056	0.028	2.004
0.4224588871	0.056	0.028	2.004
0.424790859222	-0.104	-0.012	-0.192
0.42712187767	-0.104	-0.012	-0.192
0.42945599556	-0.012	-0.148	2.044
0.431787014008	-0.012	-0.148	2.044
0.434115886688	0.036	0.012	-0.372
0.436449050903	0.036	0.012	-0.372
0.438777923584	0.272	-0.14	2.044
0.441107988358	0.272	-0.14	2.044
0.443435907364	-0.04	-0.008	-0.544
0.445767879486	-0.04	-0.008	-0.544
0.44809794426	-0.024	-0.204	2.044
0.450425863266	-0.024	-0.204	2.044
0.45275592804	-0.024	-0.204	2.044
0.455090999603	-0.084	0.12	-0.724
0.457432031631	-0.084	0.12	-0.724
0.459761857986	-0.148	-0.496	2.044
0.462090969086	-0.148	-0.496	2.044
0.464426994324	-0.028	-0.048	-0.86
0.466760873795	-0.028	-0.048	-0.86
0.469090938568	0.0	-0.46	2.044
0.4714179039	0.0	-0.46	2.044
0.473738908768	-0.032	0.108	-1.028
0.476073026657	-0.032	0.108	-1.028
0.478402853012	-0.032	0.108	-1.028
0.480731964111	0.192	-0.532	2.044
0.483062028885	0.192	-0.532	2.044
0.485395908356	-0.008	0.1	-1.136
0.487725019455	-0.008	0.1	-1.136
0.49005484581	0.2	-0.5	2.044
0.492377996445	0.2	-0.5	2.044
0.494708061218	0.008	0.08	-1.276
0.497036933899	0.008	0.08	-1.276
0.499363899231	0.024	-0.22	2.044
0.501702070236	0.024	-0.22	2.044
0.504030942917	0.024	-0.22	2.044
0.50636100769	-0.056	0.212	-1.376
0.508691072464	-0.056	0.212	-1.376
0.511019945145	0.144	-0.34	2.044
0.513347864151	0.144	-0.34	2.044
0.51568198204	-0.028	0.116	-1.476
0.518010854721	-0.028	0.116	-1.476
0.52033996582	0.204	-0.2	2.044
0.522678852081	0.204	-0.2	2.044
0.525012969971	-0.164	0.236	-1.568
0.527343034744	-0.164	0.236	-1.568
0.529672861099	0.084	-0.208	2.044
0.532001018524	0.084	-0.208	2.044
0.534333944321	0.084	-0.208	2.044
0.53666305542	-0.088	0.124	-1.628
0.538995981216	-0.088	0.124	-1.628
0.541324853897	-0.296	-0.508	2.044
0.543653964996	-0.296	-0.508	2.044
0.545990943909	-0.092	0.116	-1.676
0.548321962357	-0.092	0.116	-1.676
0.55065202713	-0.12	-0.444	2.044
0.552981853485	-0.12	-0.444	2.044
0.555316925049	-0.096	0.128	-1.708
0.557646989822	-0.096	0.128	-1.708
0.559975862503	-0.096	0.128	-1.708
0.562304973602	0.012	-0.668	2.044
0.564640045166	0.012	-0.668	2.044
0.566967964172	0.032	0.028	-1.712
0.569297075272	0.032	0.028	-1.712
0.571624040604	0.08	-0.604	2.044
0.573961019516	0.08	-0.604	2.044
0.576295852661	-0.08	0.128	-1.744
0.578625917435	-0.08	0.128	-1.744
0.580955028534	0.068	-0.608	2.044
0.58328294754	0.068	-0.608	2.044
0.585615873337	0.128	0.12	-1.732
0.587954044342	0.128	0.12	-1.732
0.590282917023	0.128	0.12	-1.732
0.592611074448	0.028	-0.496	2.044
0.594945907593	0.028	-0.496	2.044
0.597274065018	-0.012	0.14	-1.7
0.599602937698	-0.012	0.14	-1.7
0.601932048798	0.056	-0.152	2.044
0.604265928268	0.056	-0.152	2.044
0.606593847275	-0.06	0.216	-1.672
0.608922958374	-0.06	0.216	-1.672
0.611257076263	-0.096	-0.264	2.044
0.613586902618	-0.096	-0.264	2.044
0.615921974182	-0.096	-0.264	2.044
0.61825299263	-0.016	0.124	-1.624
0.620583057404	-0.016	0.124	-1.624
0.622912883759	-0.108	-0.108	2.044
0.625248908997	-0.108	-0.108	2.044
0.62757897377	-0.012	0.184	-1.556
0.629925012589	-0.012	0.184	-1.556
0.632256031036	-0.096	-0.176	2.044
0.634593009949	-0.096	-0.176	2.044
0.636921882629	-0.024	0.136	-1.48
0.639250993729	-0.024	0.136	-1.48
0.641579866409	-0.42	-0.368	2.044
0.643909931183	-0.42	-0.368	2.044
0.64624786377	-0.42	-0.368	2.044
0.648578882217	-0.06	0.036	-1.372
0.650908946991	-0.06	0.036	-1.372
0.653246879578	-0.184	-0.344	2.044
0.65558385849	-0.184	-0.344	2.044
0.657913923264	-0.032	0.056	-1.252
0.660243034363	-0.032	0.056	-1.252
0.662571907043	0.532	-0.404	2.044
0.664906024933	0.532	-0.404	2.044
0.667234897614	0.064	-0.056	-1.128
0.669564008713	0.064	-0.056	-1.128
0.671891927719	0.064	-0.056	-1.128
0.674226999283	0.252	-0.384	2.044
0.676555871964	0.252	-0.384	2.044
0.678884029388	0.008	0.016	-1.008
0.68121099472	0.008	0.016	-1.008
0.683542013168	-0.068	-0.416	2.044
0.685876846313	-0.068	-0.416	2.044
0.688206911087	-0.056	0.128	-0.88
0.690536022186	-0.056	0.128	-0.88
0.692864894867	-0.048	-0.336	2.044
0.695194005966	-0.048	-0.336	2.044
0.69752407074	-0.048	-0.336	2.044
0.699853897095	-0.048	0.096	-0.728
0.702183008194	-0.048	0.096	-0.728
0.704511880875	0.152	-0.044	2.044
0.706840991974	0.152	-0.044	2.044
0.70916891098	0.124	0.2	-0.54
0.711497068405	0.124	0.2	-0.54
0.713822841644	0.12	-0.048	2.044
0.716156959534	0.12	-0.048	2.044
0.718504905701	-0.048	0.112	-0.396
0.720835924149	-0.048	0.112	-0.396
0.723176002502	-0.484	-0.26	2.044
0.725547075272	-0.484	-0.26	2.044
0.727877855301	-0.484	-0.26	2.044
0.730207920074	-0.016	-0.02	-0.208
0.732538938522	-0.016	-0.02	-0.208
0.734874010086	-0.204	-0.256	2.032
0.73720407486	-0.204	-0.256	2.032
0.739531993866	-0.016	-0.052	-0.028
0.741860866547	-0.016	-0.052	-0.028
0.744194984436	0.116	-0.14	1.864
0.746522903442	0.116	-0.14	1.864
0.748851060867	0.02	-0.176	0.184
0.751178026199	0.02	-0.176	0.184
0.753505945206	0.02	-0.176	0.184
0.755842924118	-0.02	-0.132	1.656
0.758172988892	-0.02	-0.132	1.656
0.760503053665	0.1	-0.176	0.376
0.762830018997	0.1	-0.176	0.376
0.765163898468	-0.02	-0.316	1.436
0.767492055893	-0.02	-0.316	1.436
0.769820928574	0.056	-0.128	0.576
0.77214884758	0.056	-0.128	0.576
0.774482011795	0.052	-0.164	1.248
0.776809930801	0.052	-0.164	1.248
0.779137849808	0.12	-0.12	0.784
0.781466007233	0.12	-0.12	0.784
0.783802032471	0.12	-0.12	0.784
0.786134958267	-0.052	-0.036	1.048
0.788465023041	-0.052	-0.036	1.048
0.790796995163	0.1	0.028	0.976
0.793123006821	0.1	0.028	0.976
0.795455932617	-0.088	0.032	0.848
0.797782897949	-0.088	0.032	0.848
0.800108909607	0.028	-0.048	1.18
0.802435874939	0.028	-0.048	1.18
0.804769992828	-0.008	-0.004	0.624
0.807097911835	-0.008	-0.004	0.624
0.809424877167	-0.008	-0.004	0.624
0.811753034592	0.124	-0.148	1.388
0.814079999924	0.124	-0.148	1.388
0.816413879395	-0.068	0.016	0.424
0.818740844727	-0.068	0.016	0.424
0.821068048477	-0.024	-0.08	1.568
0.823396921158	-0.024	-0.08	1.568
0.825731039047	-0.16	0.052	0.208
0.828085899353	-0.16	0.052	0.208
0.830414056778	-0.192	-0.448	1.784
0.832742929459	-0.192	-0.448	1.784
0.835078001022	-0.192	-0.448	1.784
0.837408065796	0.016	-0.064	0.032
0.839733839035	0.016	-0.064	0.032
0.842061042786	-0.048	-0.316	1.98
0.844397068024	-0.048	-0.316	1.98
0.846725940704	-0.116	0.008	-0.156
0.849065065384	-0.116	0.008	-0.156
0.85139298439	0.048	-0.448	2.044
0.853720903397	0.048	-0.448	2.044
0.856054067612	0.036	0.096	-0.352
0.858382940292	0.036	0.096	-0.352
0.860709905624	0.092	-0.372	2.044
0.863040924072	0.092	-0.372	2.044
0.86537694931	0.092	-0.372	2.044
0.867704868317	-0.04	-0.008	-0.516
0.870527982712	-0.04	-0.008	-0.516
0.872866868973	-0.096	-0.104	2.044
0.875205039978	-0.096	-0.104	2.044
0.877534866333	-0.068	0.108	-0.672
0.879863023758	-0.068	0.108	-0.672
0.882192850113	-0.008	-0.22	2.044
0.884527921677	-0.008	-0.22	2.044
0.88685798645	0.016	0.064	-0.832
0.889185905457	0.016	0.064	-0.832
0.891514062881	0.264	-0.1	2.044
0.893842935562	0.264	-0.1	2.044
0.896174907684	0.264	-0.1	2.044
0.898504018784	-0.084	0.112	-0.988
0.900835990906	-0.084	0.112	-0.988
0.903164863586	-0.024	-0.144	2.044
0.90549492836	-0.024	-0.144	2.044
0.907827854156	-0.072	0.104	-1.124
0.910156965256	-0.072	0.104	-1.124
0.912486076355	-0.264	-0.472	2.044
0.914834022522	-0.264	-0.472	2.044
0.917163848877	-0.076	0.04	-1.236
0.919492959976	-0.076	0.04	-1.236
0.92182302475	-0.028	-0.384	2.044
0.924157857895	-0.028	-0.384	2.044
0.926487922668	-0.028	-0.384	2.044
0.928817987442	-0.032	0.14	-1.376
0.931145906448	-0.032	0.14	-1.376
0.933474063873	0.124	-0.528	2.044
0.935812950134	0.124	-0.528	2.044
0.938143014908	-0.036	0.072	-1.444
0.940470933914	-0.036	0.072	-1.444
0.942798852921	0.144	-0.58	2.044
0.945128917694	0.144	-0.58	2.044
0.947476863861	-0.052	0.132	-1.54
0.949806928635	-0.052	0.132	-1.54
0.952134847641	-0.052	0.132	-1.54
0.954469919205	-0.048	-0.372	2.044
0.956799030304	-0.048	-0.372	2.044
0.959127902985	-0.024	0.136	-1.588
0.961457967758	-0.024	0.136	-1.588
0.963786840439	0.112	-0.476	2.044
0.966120004654	0.112	-0.476	2.044
0.96844792366	-0.088	0.136	-1.668
0.97077703476	-0.088	0.136	-1.668
0.973108053207	0.156	-0.176	2.044
0.975442886353	0.156	-0.176	2.044
0.977771043777	-0.148	0.256	-1.712
0.980118989944	-0.148	0.256	-1.712
0.982447862625	-0.148	0.256	-1.712
0.984783887863	0.028	-0.256	2.044
0.987112045288	0.028	-0.256	2.044
0.98943901062	-0.08	0.132	-1.724
0.991766929626	-0.08	0.132	-1.724
0.994096040726	-0.056	-0.316	2.044
0.996430873871	-0.056	-0.316	2.044
0.998759031296	-0.076	0.1	-1.744
1.00108885765	-0.076	0.1	-1.744
1.00341796875	-0.12	-0.412	2.044
1.00575184822	-0.12	-0.412	2.044
1.00808596611	-0.12	-0.412	2.044
1.01041483879	-0.04	0.124	-1.74
1.01274394989	-0.04	0.124	-1.74
1.01507902145	-0.188	-0.652	2.044
1.01740884781	-0.188	-0.652	2.044
1.01973700523	-0.02	0.012	-1.708
1.02206587791	-0.02	0.012	-1.708
1.0243999958	-0.024	-0.56	2.044
1.02673006058	-0.024	-0.56	2.044
1.02905893326	-0.004	0.084	-1.68
1.03138685226	-0.004	0.084	-1.68
1.03371596336	0.488	-0.668	2.044
1.03604888916	0.488	-0.668	2.044
1.03837704659	0.488	-0.668	2.044
1.04070401192	0.092	0.056	-1.604
1.04303097725	0.092	0.056	-1.604
1.04537796974	0.22	-0.58	2.044
1.04770588875	0.22	-0.58	2.044
1.05003499985	0.028	0.092	-1.572
1.05236101151	0.028	0.092	-1.572
1.0546939373	-0.076	-0.432	2.044
1.05702185631	-0.076	-0.432	2.044
1.05935096741	-0.068	0.216	-1.492
1.06167888641	-0.068	0.216	-1.492
1.06400895119	-0.068	0.216	-1.492
1.06634306908	-0.108	-0.432	2.044
1.06867194176	-0.108	-0.432	2.044
1.07100105286	0.056	0.108	-1.392
1.07332801819	0.056	0.108	-1.392
1.07566094398	0.18	-0.1	2.044
1.07798886299	0.18	-0.1	2.044
1.08033084869	-0.028	0.276	-1.288
1.08265995979	-0.028	0.276	-1.288
1.08499503136	-0.004	-0.2	2.044
1.08732390404	-0.004	-0.2	2.044
1.08965206146	-0.004	-0.2	2.044
1.09197998047	0.032	0.128	-1.168
1.09431385994	0.032	0.128	-1.168
1.09664201736	-0.68	-0.288	2.044
1.09897089005	-0.68	-0.288	2.044
1.10130000114	-0.088	0.088	-1.056
1.10362887383	-0.088	0.088	-1.056
1.10595989227	-0.252	-0.368	2.044
1.10829305649	-0.252	-0.368	2.044
1.11063098907	-0.1	0.048	-0.912
1.11295986176	-0.1	0.048	-0.912
1.11529493332	0.316	-0.328	2.044
1.11762595177	0.316	-0.328	2.044
1.1199529171	0.316	-0.328	2.044
1.12228107452	0.032	-0.084	-0.74
1.12461590767	0.032	-0.084	-0.74
1.12694406509	0.128	-0.344	2.044
1.12927103043	0.128	-0.344	2.044
1.13159894943	0.02	-0.036	-0.576
1.13392686844	0.02	-0.036	-0.576
1.13626194	0.06	-0.508	2.044
1.13858890533	0.06	-0.508	2.044
1.14091587067	0.016	-0.028	-0.42
1.14324402809	0.016	-0.028	-0.42
1.14557886124	0.016	-0.028	-0.42
1.14790701866	0.012	-0.408	2.044
1.15023398399	0.012	-0.408	2.044
1.15256404877	0.02	-0.004	-0.244
1.15489888191	0.02	-0.004	-0.244
1.15722799301	0.176	-0.128	2.044
1.15955591202	0.176	-0.128	2.044
1.16188287735	0.112	0.076	-0.04
1.16421604156	0.112	0.076	-0.04
1.1665430069	-0.092	-0.112	1.896
1.16887187958	-0.092	-0.112	1.896
1.17120099068	-0.092	-0.112	1.896
1.17352890968	-0.02	0.072	0.124
1.17587184906	-0.02	0.072	0.124
1.17819905281	-0.176	-0.216	1.672
1.18052887917	-0.176	-0.216	1.672
1.18285799026	0.108	0.064	0.336
1.18518996239	0.108	0.064	0.336
1.18751502037	-0.008	-0.12	1.484
1.18985390663	-0.008	-0.12	1.484
1.19218301773	-0.008	0.008	0.528
1.19451093674	-0.008	0.008	0.528
1.19683599472	-0.116	-0.028	1.252
1.19916605949	-0.116	-0.028	1.252
1.20149493217	-0.116	-0.028	1.252
1.20382404327	-0.2	-0.188	0.74
1.20615792274	-0.2	-0.188	0.74
1.20848703384	-0.212	-0.148	1.076
1.21081590652	-0.212	-0.148	1.076
1.2131459713	0.008	-0.184	0.952
1.21547889709	0.008	-0.184	0.952
1.21780586243	-0.04	-0.196	0.86
1.22013497353	-0.04	-0.196	0.86
1.22246384621	0.004	-0.16	1.148
1.22479486465	0.004	-0.16	1.148
1.22712302208	0.004	-0.16	1.148
1.22946286201	-0.028	-0.128	0.676
1.23179197311	-0.028	-0.128	0.676
1.23412084579	0.132	-0.252	1.388
1.23649406433	0.132	-0.252	1.388
1.23882198334	-0.104	-0.152	0.464
1.24115991592	-0.104	-0.152	0.464
1.24348902702	-0.052	0.008	1.56
1.24582386017	-0.052	0.008	1.56
1.24815201759	-0.124	-0.064	0.268
1.2504799366	-0.124	-0.064	0.268
1.2528090477	-0.012	-0.124	1.752
1.2551419735	-0.012	-0.124	1.752
1.25747203827	-0.012	-0.124	1.752
1.25980091095	-0.016	-0.032	0.064
1.26213097572	-0.016	-0.032	0.064
1.26446485519	0.26	-0.016	1.94
1.26679205894	0.26	-0.016	1.94
1.26911902428	-0.076	0.048	-0.144
1.27144694328	-0.076	0.048	-0.144
1.27377486229	-0.008	-0.128	2.044
1.2761080265	-0.008	-0.128	2.044
1.27843689919	-0.112	0.016	-0.316
1.28076505661	-0.112	0.016	-0.316
1.28309392929	-0.112	0.016	-0.316
1.28542804718	-0.104	-0.432	2.044
1.28775596619	-0.104	-0.432	2.044
1.29008388519	-0.036	-0.112	-0.484
1.29241394997	-0.036	-0.112	-0.484
1.29474902153	-0.06	-0.312	2.044
1.29708194733	-0.06	-0.312	2.044
1.29941105843	-0.08	0.112	-0.668
1.30173897743	-0.08	0.112	-0.668
1.30406785011	0.112	-0.576	2.044
1.30640697479	0.112	-0.576	2.044
1.3087348938	-0.016	0.024	-0.812
1.31106185913	-0.016	0.024	-0.812
1.31339001656	-0.016	0.024	-0.812
1.31572389603	0.124	-0.496	2.044
1.31805205345	0.124	-0.496	2.044
1.32037901878	-0.016	0.052	-0.972
1.32270789146	-0.016	0.052	-0.972
1.32504296303	0.0	-0.344	2.044
1.3273639679	0.0	-0.344	2.044
1.32968401909	0.004	0.14	-1.088
1.33201003075	0.004	0.14	-1.088
1.33435702324	0.132	-0.408	2.044
1.33668589592	0.132	-0.408	2.044
1.33901405334	0.132	-0.408	2.044
1.34134197235	0.012	0.076	-1.224
1.34366893768	0.012	0.076	-1.224
1.34600090981	0.256	-0.096	2.044
1.3483300209	0.256	-0.096	2.044
1.35065698624	-0.132	0.2	-1.336
1.35298490524	-0.132	0.2	-1.336
1.35531902313	0.044	-0.196	2.044
1.35764694214	0.044	-0.196	2.044
1.35997486115	-0.036	0.108	-1.444
1.36230397224	-0.036	0.108	-1.444
1.36463785172	-0.036	0.108	-1.444
1.36696696281	-0.156	-0.452	2.044
1.36929893494	-0.156	-0.452	2.044
1.37163805962	-0.1	0.128	-1.52
1.37396597862	-0.1	0.128	-1.52
1.37630105019	-0.056	-0.332	2.044
1.37862992287	-0.056	-0.332	2.044
1.38095903397	-0.064	0.112	-1.604
1.38328695297	-0.064	0.112	-1.604
1.38562202454	-0.196	-0.54	2.044
1.38795089722	-0.196	-0.54	2.044
1.39027786255	-0.052	0.068	-1.644
1.39260697365	-0.052	0.068	-1.644
1.39494085312	-0.052	0.068	-1.644
1.39729094505	-0.012	-0.58	2.044
1.39962005615	-0.012	-0.58	2.044
1.40194988251	-0.084	0.124	-1.692
1.40428495407	-0.084	0.124	-1.692
1.40661787987	0.212	-0.604	2.044
1.4089448452	0.212	-0.604	2.044
1.4112739563	0.088	0.06	-1.7
1.41360092163	0.088	0.06	-1.7
1.41593503952	0.112	-0.592	2.044
1.41826796532	0.112	-0.592	2.044
1.42059588432	0.112	-0.592	2.044
1.42292284966	-0.092	0.132	-1.736
1.42525887489	-0.092	0.132	-1.736
1.42758798599	-0.176	-0.344	2.044
1.42991805077	-0.176	-0.344	2.044
1.43224692345	0.02	0.196	-1.756
1.43458104134	0.02	0.196	-1.756
1.43691706657	-0.092	-0.372	2.044
1.43924689293	-0.092	-0.372	2.044
1.44158005714	-0.064	0.14	-1.728
1.44391107559	-0.064	0.14	-1.728
1.4462480545	0.216	-0.06	2.044
1.44857597351	0.216	-0.06	2.044
1.45090293884	0.216	-0.06	2.044
1.45322990417	-0.044	0.172	-1.7
1.45559287071	-0.044	0.172	-1.7
1.45792293549	-0.012	-0.208	2.044
1.46025204659	-0.012	-0.208	2.044
1.46257901192	-0.016	0.124	-1.648
1.46491384506	-0.016	0.124	-1.648
1.46724390984	-0.556	-0.36	2.044
1.46957302094	-0.556	-0.36	2.044
1.47190284729	-0.044	0.084	-1.58
1.47423791885	-0.044	0.084	-1.58
1.47656702995	-0.044	0.084	-1.58
1.47889995575	-0.22	-0.312	2.044
1.48123002052	-0.22	-0.312	2.044
1.4835588932	-0.036	0.1	-1.512
1.48589205742	-0.036	0.1	-1.512
1.48822188377	0.36	-0.436	2.044
1.49054884911	0.36	-0.436	2.044
1.49287700653	0.052	-0.052	-1.388
1.49521183968	0.052	-0.052	-1.388
1.49754095078	0.224	-0.456	2.044
1.49986791611	0.224	-0.456	2.044
1.50223493576	0.224	-0.456	2.044
1.50456595421	0.008	0.04	-1.308
1.50689506531	0.008	0.04	-1.308
1.50922298431	0.196	-0.544	2.044
1.51155185699	0.196	-0.544	2.044
1.51388287544	0.008	0.088	-1.168
1.51621699333	0.008	0.088	-1.168
1.51854395866	0.12	-0.432	2.044
1.52087187767	0.12	-0.432	2.044
1.52320098877	0.028	0.072	-1.064
1.52556991577	0.028	0.072	-1.064
1.52789902687	0.04	-0.16	2.044
1.53022694588	0.04	-0.16	2.044
1.53255486488	0.04	-0.16	2.044
1.53488898277	-0.032	0.236	-0.92
1.53721904755	-0.032	0.236	-0.92
1.53955197334	0.036	-0.228	2.044
1.54187893867	0.036	-0.228	2.044
1.54421186447	-0.024	0.116	-0.764
1.54654097557	-0.024	0.116	-0.764
1.54886889458	-0.272	-0.156	2.044
1.5512008667	-0.272	-0.156	2.044
1.5535299778	0.08	0.148	-0.624
1.55586194992	0.08	0.148	-0.624
1.55818986893	0.08	0.148	-0.624
1.56051802635	-0.04	-0.132	2.044
1.56284594536	-0.04	-0.132	2.044
1.56518101692	-0.1	0.08	-0.452
1.56751894951	-0.1	0.08	-0.452
1.56984806061	-0.252	-0.172	2.044
1.57217597961	-0.252	-0.172	2.044
1.57451105118	-0.116	-0.132	-0.252
1.57684087753	-0.116	-0.132	-0.252
1.57917094231	-0.22	-0.276	2.044
1.58150100708	-0.22	-0.276	2.044
1.58382892609	-0.02	-0.124	-0.072
1.58621287346	-0.02	-0.124	-0.072
1.58854603767	-0.02	-0.124	-0.072
1.5908780098	0.216	-0.308	1.912
1.59320688248	0.216	-0.308	1.912
1.59560990334	0.116	-0.136	0.116
1.59797787666	0.116	-0.136	0.116
1.60031485558	0.2	-0.232	1.744
1.60264706612	0.2	-0.232	1.744
1.60497689247	0.104	-0.136	0.312
1.6073050499	0.104	-0.136	0.312
1.60963606834	-0.02	-0.1	1.516
1.6119658947	-0.02	-0.1	1.516
1.6143040657	0.024	-0.1	0.52
1.61663293839	0.024	-0.1	0.52
1.61896300316	0.024	-0.1	0.52
1.62128996849	-0.124	-0.12	1.312
1.62362194061	-0.124	-0.12	1.312
1.62596106529	0.08	-0.008	0.712
1.62828993797	0.08	-0.008	0.712
1.63061785698	0.064	-0.028	1.108
1.63295698166	0.064	-0.028	1.108
1.63528704643	0.136	0.008	0.916
1.63761305809	0.136	0.008	0.916
1.63994407654	0.052	0.016	0.9
1.64226984978	0.052	0.016	0.9
1.64460086823	0.052	0.016	0.9
1.64692592621	0.04	-0.004	1.128
1.64925384521	0.04	-0.004	1.128
1.65158295631	-0.092	-0.004	0.692
1.65391087532	-0.092	-0.004	0.692
1.65624785423	-0.184	-0.308	1.304
1.6585829258	-0.184	-0.308	1.304
1.66091394424	-0.052	-0.076	0.504
1.66324186325	-0.052	-0.076	0.504
1.66557407379	-0.048	-0.188	1.508
1.66790390015	-0.048	-0.188	1.508
1.67023301125	-0.048	-0.188	1.508
1.67256307602	-0.1	0.092	0.268
1.67489790916	-0.1	0.092	0.268
1.67722606659	-0.048	-0.416	1.744
1.67955589294	-0.048	-0.416	1.744
1.68188691139	0.048	-0.028	0.088
1.68422102928	0.048	-0.028	0.088
1.68654084206	0.088	-0.364	1.936
1.68886184692	0.088	-0.364	1.936
1.69118404388	-0.084	-0.032	-0.108
1.69350600243	-0.084	-0.032	-0.108
1.69583702087	-0.1	-0.272	2.044
1.69817304611	-0.1	-0.272	2.044
1.70049595833	-0.1	-0.272	2.044
1.70281791687	-0.028	0.072	-0.268
1.7051460743	-0.028	0.072	-0.268
1.70747900009	0.048	-0.288	2.044
1.7098069191	0.048	-0.288	2.044
1.7121360302	0.036	0.016	-0.468
1.71446990967	0.036	0.016	-0.468
1.71679806709	0.164	0.004	2.044
1.71912384033	0.164	0.004	2.044
1.72145199776	-0.068	0.1	-0.636
1.72378087044	-0.068	0.1	-0.636
1.726115942	-0.068	0.1	-0.636
1.72844600677	0.0	-0.144	2.044
1.73077106476	0.0	-0.144	2.044
1.73309206963	0.004	0.068	-0.796
1.7354259491	0.004	0.068	-0.796
1.73775601387	0.096	-0.248	2.044
1.74008393288	0.096	-0.248	2.044
1.74241089821	-0.072	0.044	-0.948
1.74474596977	-0.072	0.044	-0.948
1.74707603455	-0.048	-0.216	2.044
1.7494058609	-0.048	-0.216	2.044
1.75173401833	-0.048	-0.216	2.044
1.75406503677	-0.06	0.14	-1.1
1.75640106201	-0.06	0.14	-1.1
1.75872993469	-0.084	-0.572	2.044
1.76107501984	-0.084	-0.572	2.044
1.7634139061	-0.08	0.044	-1.192
1.76575088501	-0.08	0.044	-1.192
1.76808404922	-0.02	-0.44	2.044
1.77041387558	-0.02	-0.44	2.044
1.77274298668	-0.08	0.136	-1.34
1.77507805824	-0.08	0.136	-1.34
1.77741003036	0.184	-0.448	2.044
1.77973794937	0.184	-0.448	2.044
1.78206706047	0.184	-0.448	2.044
1.78440093994	-0.004	0.128	-1.424
1.78673100471	-0.004	0.128	-1.424
1.78906106949	0.252	-0.544	2.044
1.79138898849	0.252	-0.544	2.044
1.79371786118	-0.02	0.132	-1.524
1.79605484009	-0.02	0.132	-1.524
1.7983880043	-0.064	-0.224	2.044
1.80074906349	-0.064	-0.224	2.044
1.80308294296	-0.104	0.212	-1.592
1.80541992188	-0.104	0.212	-1.592
1.80774998665	-0.104	0.212	-1.592
1.8100810051	0.068	-0.356	2.044
1.8124089241	0.068	-0.356	2.044
1.81474399567	-0.092	0.128	-1.648
1.81709289551	-0.092	0.128	-1.648
1.81942391396	0.26	-0.212	2.044
1.82175207138	0.26	-0.212	2.044
1.82407999039	-0.152	0.236	-1.7
1.82641506195	-0.152	0.236	-1.7
1.82875394821	0.02	-0.276	2.044
1.83109402657	0.02	-0.276	2.044
1.83342504501	-0.096	0.132	-1.728
1.83576202393	-0.096	0.132	-1.728
1.83809089661	-0.096	0.132	-1.728
1.84042406082	-0.352	-0.504	2.044
1.84275388718	-0.352	-0.504	2.044
1.84508895874	-0.08	0.092	-1.716
1.84741806984	-0.08	0.092	-1.716
1.84975004196	-0.128	-0.476	2.044
1.85207891464	-0.128	-0.476	2.044
1.85441493988	-0.048	0.124	-1.736
1.85674500465	-0.048	0.124	-1.736
1.85907506943	0.144	-0.708	2.044
1.86140298843	0.144	-0.708	2.044
1.86372995377	0.144	-0.708	2.044
1.86606693268	0.02	0.016	-1.72
1.86839485168	0.02	0.016	-1.72
1.87072300911	0.12	-0.592	2.044
1.87306594849	0.12	-0.592	2.044
1.87540388107	0.004	0.108	-1.68
1.8777320385	0.004	0.108	-1.68
1.8800599575	0.204	-0.612	2.044
1.8823890686	0.204	-0.612	2.044
1.88472390175	0.072	0.12	-1.648
1.88705205917	0.072	0.12	-1.648
1.88938093185	0.008	-0.528	2.044
1.89170885086	0.008	-0.528	2.044
1.89404606819	0.008	-0.528	2.044
1.89637684822	0.012	0.116	-1.592
1.89869785309	0.012	0.116	-1.592
1.90101790428	0.084	-0.228	2.044
1.9033370018	0.084	-0.228	2.044
1.90567207336	-0.132	0.276	-1.5
1.90800285339	-0.132	0.276	-1.5
1.91032791138	-0.076	-0.272	2.044
1.91266107559	-0.076	-0.272	2.044
1.91499900818	0.016	0.116	-1.42
1.91732788086	0.016	0.116	-1.42
1.91965484619	0.016	0.116	-1.42
1.92198395729	-0.152	-0.112	2.044
1.92431998253	-0.152	-0.112	2.044
1.9266500473	-0.02	0.236	-1.32
1.92897891998	-0.02	0.236	-1.32
1.93130993843	-0.124	-0.224	2.044
1.9336400032	-0.124	-0.224	2.044
1.93597507477	-0.024	0.144	-1.196
1.93830394745	-0.024	0.144	-1.196
1.94063305855	-0.452	-0.324	2.044
1.94296193123	-0.452	-0.324	2.044
1.94529485703	-0.452	-0.324	2.044
1.94762706757	-0.112	0.028	-1.08
1.94995594025	-0.112	0.028	-1.08
1.95228505135	-0.188	-0.376	2.044
1.95462107658	-0.188	-0.376	2.044
1.95695090294	-0.08	0.04	-0.936
1.95928907394	-0.08	0.04	-0.936
1.96161985397	0.38	-0.396	2.044
1.96394705772	0.38	-0.396	2.044
1.96628284454	0.052	-0.076	-0.768
1.96861290932	0.052	-0.076	-0.768
1.97094202042	0.168	-0.392	2.044
1.97327303886	0.168	-0.392	2.044
1.9756090641	0.168	-0.392	2.044
1.97794103622	0.004	-0.028	-0.62
1.98026990891	0.004	-0.028	-0.62
1.98259806633	-0.08	-0.424	2.044
1.98493599892	-0.08	-0.424	2.044
1.98726606369	-0.008	0.04	-0.452
1.98959493637	-0.008	0.04	-0.452
1.99192285538	-0.104	-0.34	2.044
1.99426102638	-0.104	-0.34	2.044
1.99659085274	-0.028	0.044	-0.276
1.99891996384	-0.028	0.044	-0.276
2.00126290321	-0.028	0.044	-0.276
2.00359106064	0.152	-0.12	2.044
2.00592494011	0.152	-0.12	2.044
2.00825405121	0.24	0.156	-0.1
2.01058292389	0.24	0.156	-0.1
2.01291298866	0.092	-0.028	1.944
2.01524591446	0.092	-0.028	1.944
2.01757597923	0.004	0.088	0.096
2.01990485191	0.004	0.088	0.096
2.02223086357	-0.384	-0.236	1.712
2.02457594872	-0.384	-0.236	1.712
2.02690696716	-0.044	-0.036	0.276
2.02923583984	-0.044	-0.036	0.276
2.03156304359	-0.044	-0.036	0.276
2.03389286995	-0.276	-0.144	1.52
2.03622889519	-0.276	-0.144	1.52
2.03855705261	-0.008	-0.084	0.48
2.04091691971	-0.008	-0.084	0.48
2.04324889183	-0.02	-0.12	1.324
2.04558587074	-0.02	-0.12	1.324
2.04791498184	-0.016	-0.176	0.716
2.05024385452	-0.016	-0.176	0.716
2.0525739193	-0.108	-0.12	1.12
2.05490899086	-0.108	-0.12	1.12
2.05725598335	-0.108	-0.12	1.12
2.05958604813	0.116	-0.232	0.912
2.06191396713	0.116	-0.232	0.912
2.0642490387	-0.044	-0.276	0.92
2.06657886505	-0.044	-0.276	0.92
2.06890797615	-0.008	-0.108	1.108
2.07123684883	-0.008	-0.108	1.108
2.07356905937	-0.052	-0.136	0.724
2.07590484619	-0.052	-0.136	0.724
2.07823395729	0.096	-0.18	1.312
2.0805618763	0.096	-0.18	1.312
2.0828909874	-0.08	-0.116	0.5
2.08522295952	-0.08	-0.116	0.5
2.08754992485	-0.08	-0.116	0.5
2.08988690376	0.088	0.048	1.512
2.09221792221	0.088	0.048	1.512
2.09455084801	-0.164	0.008	0.316
2.09687185287	-0.164	0.008	0.316
2.09919190407	0.044	-0.072	1.704
2.10151290894	0.044	-0.072	1.704
2.10384607315	-0.068	-0.04	0.1
2.10618305206	-0.068	-0.04	0.1
2.10851693153	0.18	-0.2	1.896
2.11084485054	0.18	-0.2	1.896
2.11317396164	0.18	-0.2	1.896
2.11553406715	-0.052	0.012	-0.08
2.11786484718	-0.052	0.012	-0.08
2.12019395828	-0.024	-0.152	2.044
2.12252402306	-0.024	-0.152	2.044
2.12486004829	-0.176	0.072	-0.288
2.12718892097	-0.176	0.072	-0.288
2.12952184677	-0.2	-0.508	2.044
2.13185501099	-0.2	-0.508	2.044
2.13418984413	0.004	-0.096	-0.42
2.13651990891	0.004	-0.096	-0.42
2.13885092735	-0.036	-0.412	2.044
2.14117884636	-0.036	-0.412	2.044
2.14350700378	-0.036	-0.412	2.044
2.1458439827	-0.088	0.068	-0.628
2.14817285538	-0.088	0.068	-0.628
2.15050196648	0.128	-0.52	2.044
2.15282988548	0.128	-0.52	2.044
2.15517497063	-0.032	0.116	-0.78
2.15750598907	-0.032	0.116	-0.78
2.15983486176	0.148	-0.448	2.044
2.16217684746	0.148	-0.448	2.044
2.16451406479	-0.008	0.024	-0.936
2.16684293747	-0.008	0.024	-0.936
2.16918087006	-0.008	0.024	-0.936
2.17151594162	-0.032	-0.164	2.044
2.17384505272	-0.032	-0.164	2.044
2.17618203163	-0.004	0.156	-1.06
2.17851185799	-0.004	0.156	-1.06
2.18084096909	0.104	-0.296	2.044
2.18316888809	0.104	-0.296	2.044
2.18553495407	0.0	0.092	-1.204
2.18785691261	0.0	0.092	-1.204
2.19017791748	0.268	-0.124	2.044
2.19250607491	0.268	-0.124	2.044
2.19483590126	0.268	-0.124	2.044
2.19716286659	-0.14	0.176	-1.316
2.19949102402	-0.14	0.176	-1.316
2.20182585716	0.052	-0.144	2.044
2.20415997505	0.052	-0.144	2.044
2.20648884773	-0.08	0.112	-1.408
2.20881795883	-0.08	0.112	-1.408
2.21114802361	-0.384	-0.548	2.044
2.21347784996	-0.384	-0.548	2.044
2.21581292152	-0.092	0.088	-1.508
2.21814489365	-0.092	0.088	-1.508
2.22048306465	-0.1	-0.4	2.044
2.22281193733	-0.1	-0.4	2.044
2.2251560688	-0.1	-0.4	2.044
2.22748494148	-0.088	0.116	-1.596
2.22981500626	-0.088	0.116	-1.596
2.23214292526	0.096	-0.516	2.044
2.23447799683	0.096	-0.516	2.044
2.23680996895	0.0	0.044	-1.624
2.23913097382	0.0	0.044	-1.624
2.24145293236	0.12	-0.58	2.044
2.24378085136	0.12	-0.58	2.044
2.24611496925	-0.068	0.136	-1.688
2.24844884872	-0.068	0.136	-1.688
2.25077986717	-0.068	0.136	-1.688
2.25310897827	-0.024	-0.496	2.044
2.25544500351	-0.024	-0.496	2.044
2.25777506828	0.056	0.128	-1.708
2.26010394096	0.056	0.128	-1.708
2.26243185997	0.044	-0.48	2.044
2.26476597786	0.044	-0.48	2.044
2.26709485054	-0.124	0.148	-1.732
2.26942491531	-0.124	0.148	-1.732
2.27176785469	0.108	-0.144	2.044
2.27410006523	0.108	-0.144	2.044
2.27643489838	-0.104	0.236	-1.732
2.27876400948	-0.104	0.236	-1.732
2.28109288216	-0.104	0.236	-1.732
2.2834239006	-0.056	-0.248	2.044
2.28577899933	-0.056	-0.248	2.044
2.28811001778	-0.06	0.14	-1.72
2.29043984413	-0.06	0.14	-1.72
2.29276990891	-0.104	-0.176	2.044
2.29510593414	-0.104	-0.176	2.044
2.29743599892	-0.052	0.104	-1.696
2.29976201057	-0.052	0.104	-1.696
2.30208301544	-0.132	-0.292	2.044
2.30440998077	-0.132	-0.292	2.044
2.30674386024	-0.132	-0.292	2.044
2.30908489227	-0.02	0.116	-1.664
2.31144499779	-0.02	0.116	-1.664
2.31377887726	-0.316	-0.528	2.044
2.31611585617	-0.316	-0.528	2.044
2.3184440136	-0.024	0.02	-1.6
2.32077288628	-0.024	0.02	-1.6
2.32310295105	-0.032	-0.46	2.044
2.32543706894	-0.032	-0.46	2.044
2.32778501511	-0.004	0.076	-1.516
2.33011698723	-0.004	0.076	-1.516
2.33244585991	0.624	-0.56	2.044
2.3347799778	0.624	-0.56	2.044
2.3371219635	0.624	-0.56	2.044
2.3394510746	0.084	-0.004	-1.412
2.34178090096	0.084	-0.004	-1.412
2.3441119194	0.256	-0.484	2.044
2.3464448452	0.256	-0.484	2.044
2.34877490997	0.04	0.044	-1.348
2.35111188889	0.04	0.044	-1.348
2.35344195366	-0.112	-0.456	2.044
2.3557779789	-0.112	-0.456	2.044
2.35810685158	-0.08	0.192	-1.224
2.36043596268	-0.08	0.192	-1.224
2.3627679348	-0.08	0.192	-1.224
2.36510396004	-0.064	-0.384	2.044
2.36743307114	-0.064	-0.384	2.044
2.36976385117	0.008	0.12	-1.076
2.37209200859	0.008	0.12	-1.076
2.37442493439	0.14	-0.048	2.044
2.37675404549	0.14	-0.048	2.044
2.37908196449	0.056	0.232	-0.952
2.38141298294	0.056	0.232	-0.952
2.38375496864	0.128	-0.168	2.044
2.38609004021	0.128	-0.168	2.044
2.38841795921	-0.064	0.132	-0.82
2.39074802399	-0.064	0.132	-0.82
2.39307689667	-0.064	0.132	-0.82
2.39541292191	-0.512	-0.292	2.044
2.39774298668	-0.512	-0.292	2.044
2.40007400513	-0.076	0.072	-0.676
2.40240287781	-0.076	0.072	-0.676
2.40473794937	-0.256	-0.284	2.044
2.40706706047	-0.256	-0.284	2.044
2.4094119072	-0.092	0.016	-0.488
2.4117410183	-0.092	0.016	-0.488
2.41406989098	0.18	-0.188	2.044
2.41641402245	0.18	-0.188	2.044
2.41874599457	0.18	-0.188	2.044
2.42107391357	-0.024	-0.164	-0.304
2.42340397835	-0.024	-0.164	-0.304
2.42574286461	-0.028	-0.264	2.044
2.42807197571	-0.028	-0.264	2.044
2.43040084839	0.04	-0.148	-0.124
2.43272995949	0.04	-0.148	-0.124
2.4350669384	0.048	-0.4	1.948
2.43739485741	0.048	-0.4	1.948
2.43972206116	0.02	-0.1	0.072
2.44205188751	0.02	-0.1	0.072
2.44438004494	0.02	-0.1	0.072
2.44670701027	0.068	-0.316	1.772
2.44903492928	0.068	-0.316	1.772
2.45136404037	0.028	-0.048	0.26
2.45369505882	0.028	-0.048	0.26
2.45604205132	0.156	0.032	1.576
2.45836997032	0.156	0.032	1.576
2.46069598198	0.052	-0.004	0.46
2.46302199364	0.052	-0.004	0.46
2.46535587311	0.004	-0.08	1.384
2.46768403053	0.004	-0.08	1.384
2.47001099586	0.052	0.056	0.648
2.47233700752	0.052	0.056	0.648
2.47466993332	0.052	0.056	0.648
2.4769949913	-0.048	-0.108	1.156
2.47932386398	-0.048	-0.108	1.156
2.48166394234	0.0	-0.084	0.852
2.4839849472	0.0	-0.084	0.852
2.48631095886	-0.1	-0.08	0.952
2.48864006996	-0.1	-0.08	0.952
2.49097299576	0.024	-0.04	1.052
2.49330186844	0.024	-0.04	1.052
2.49563288689	-0.104	0.02	0.72
2.49795389175	-0.104	0.02	0.72
2.50027489662	-0.104	0.02	0.72
2.50259399414	-0.236	-0.332	1.28
2.5049328804	-0.236	-0.332	1.28
2.50726795197	-0.036	-0.096	0.548
2.50959706306	-0.036	-0.096	0.548
2.51192784309	0.028	-0.244	1.448
2.51426291466	0.028	-0.244	1.448
2.51659107208	-0.052	0.004	0.336
2.51891803741	-0.052	0.004	0.336
2.5212469101	-0.052	-0.268	1.672
2.52357697487	-0.052	-0.268	1.672
2.52591705322	0.04	-0.044	0.152
2.5282459259	0.04	-0.044	0.152
2.53057599068	0.04	-0.044	0.152
2.53290390968	0.096	-0.3	1.872
2.5352370739	0.096	-0.3	1.872
2.53756690025	-0.076	-0.08	-0.052
2.5398979187	-0.076	-0.08	-0.052
2.54222798347	-0.076	-0.068	2.044
2.54456305504	-0.076	-0.068	2.044
2.5469019413	-0.088	-0.024	-0.204
2.54923295975	-0.088	-0.024	-0.204
2.55156302452	0.02	-0.228	2.044
2.55389285088	0.02	-0.228	2.044
2.55622887611	0.02	-0.228	2.044
2.55855798721	0.068	0.024	-0.416
2.56088495255	0.068	0.024	-0.416
2.56321597099	0.332	-0.02	2.044
2.56557798386	0.332	-0.02	2.044
2.56791901588	-0.052	0.064	-0.584
2.57025194168	-0.052	0.064	-0.584
2.57258200645	-0.048	-0.136	2.044
2.5749168396	-0.048	-0.136	2.044
2.57724785805	-0.056	0.072	-0.756
2.57957792282	-0.056	0.072	-0.756
2.58190488815	-0.14	-0.4	2.044
2.58423995972	-0.14	-0.4	2.044
2.58657002449	-0.14	-0.4	2.044
2.58889889717	-0.044	-0.036	-0.884
2.59122896194	-0.044	-0.036	-0.884
2.59355998039	-0.092	-0.368	2.044
2.59589600563	-0.092	-0.368	2.044
2.5982298851	-0.04	0.144	-1.056
2.6005589962	-0.04	0.144	-1.056
2.60288906097	0.204	-0.576	2.044
2.60522294044	0.204	-0.576	2.044
2.60754990578	-0.052	0.064	-1.172
2.60988092422	-0.052	0.064	-1.172
2.61221885681	-0.052	0.064	-1.172
2.6145939827	0.128	-0.52	2.044
2.61692595482	0.128	-0.52	2.044
2.61925601959	-0.028	0.088	-1.292
2.62158489227	-0.028	0.088	-1.292
2.6239259243	0.04	-0.34	2.044
2.62626194954	0.04	-0.34	2.044
2.62858891487	-0.008	0.172	-1.384
2.63091802597	-0.008	0.172	-1.384
2.63324904442	0.164	-0.428	2.044
2.63558101654	0.164	-0.428	2.044
2.63790988922	0.164	-0.428	2.044
2.64023685455	-0.028	0.104	-1.492
2.64256691933	-0.028	0.104	-1.492
2.64489603043	0.168	-0.164	2.044
2.64722394943	0.168	-0.164	2.044
2.64955496788	-0.172	0.264	-1.572
2.65188288689	-0.172	0.264	-1.572
2.65421891212	0.06	-0.236	2.044
2.65654802322	0.06	-0.236	2.044
2.65887594223	-0.088	0.112	-1.632
2.661206007	-0.088	0.112	-1.632
2.66353487968	-0.076	-0.396	2.044
2.6658718586	-0.076	-0.396	2.044
2.66820192337	-0.076	-0.396	2.044
2.67053389549	-0.12	0.148	-1.692
2.67286396027	-0.12	0.148	-1.692
2.6751999855	-0.076	-0.376	2.044
2.67754006386	-0.076	-0.376	2.044
2.67986893654	-0.1	0.136	-1.728
2.68219995499	-0.1	0.136	-1.728
2.68453502655	-0.24	-0.656	2.044
2.68685698509	-0.24	-0.656	2.044
2.68919301033	-0.016	0.048	-1.732
2.69151496887	-0.016	0.048	-1.732
2.69383597374	-0.016	0.048	-1.732
2.69616293907	0.0	-0.604	2.044
2.69848203659	0.0	-0.604	2.044
2.70079493523	-0.04	0.104	-1.744
2.70311689377	-0.04	0.104	-1.744
2.70544505119	0.324	-0.7	2.044
2.70777988434	0.324	-0.7	2.044
2.71010899544	0.108	0.064	-1.692
2.71243786812	0.108	0.064	-1.692
2.71477293968	0.176	-0.624	2.044
2.71710205078	0.176	-0.624	2.044
2.71942901611	-0.02	0.12	-1.696
2.72175884247	-0.02	0.12	-1.696
2.72408890724	-0.02	0.12	-1.696
2.72642397881	-0.096	-0.392	2.044
2.72875499725	-0.096	-0.392	2.044
2.7310860157	0.0	0.192	-1.648
2.73340702057	0.0	0.192	-1.648
2.73573303223	-0.132	-0.412	2.044
2.73806405067	-0.132	-0.412	2.044
2.74039292336	0.004	0.128	-1.608
2.74273395538	0.004	0.128	-1.608
2.74506902695	0.24	-0.064	2.044
2.74739789963	0.24	-0.064	2.044
2.74972701073	0.24	-0.064	2.044
2.75205397606	-0.04	0.244	-1.528
2.7543900013	-0.04	0.244	-1.528
2.75672006607	-0.016	-0.176	2.044
2.75904893875	-0.016	-0.176	2.044
2.7613799572	-0.012	0.132	-1.456
2.76371097565	-0.012	0.132	-1.456
2.76604795456	-0.612	-0.3	2.044
2.76838088036	-0.612	-0.3	2.044
2.77071094513	-0.08	0.136	-1.356
2.77304005623	-0.08	0.136	-1.356
2.77537488937	-0.08	0.136	-1.356
2.7777068615	-0.248	-0.304	2.044
2.78004097939	-0.248	-0.304	2.044
2.78236985207	-0.072	0.084	-1.216
2.78470492363	-0.072	0.084	-1.216
2.78703594208	0.216	-0.316	2.044
2.78936386108	0.216	-0.316	2.044
2.79169201851	0.024	-0.064	-1.096
2.79402184486	0.024	-0.064	-1.096
2.7963578701	0.14	-0.376	2.044
2.79868602753	0.14	-0.376	2.044
2.80101394653	-0.004	0.0	-0.972
2.8033349514	-0.004	0.0	-0.972
2.80566096306	-0.004	0.0	-0.972
2.80800104141	0.172	-0.528	2.044
2.81033301353	0.172	-0.528	2.044
2.81266188622	0.02	0.044	-0.828
2.81499886513	0.02	0.044	-0.828
2.81733989716	0.116	-0.4	2.044
2.81966900826	0.116	-0.4	2.044
2.82199692726	-0.008	0.024	-0.668
2.8243329525	-0.008	0.024	-0.668
2.82666397095	0.04	-0.176	2.044
2.82899188995	0.04	-0.176	2.044
2.83132004738	0.04	-0.176	2.044
2.83364892006	0.032	0.156	-0.504
2.83598303795	0.032	0.156	-0.504
2.83831000328	-0.004	-0.124	2.044
2.84063887596	-0.004	-0.124	2.044
2.84296989441	-0.04	0.104	-0.336
2.84530496597	-0.04	0.104	-0.336
2.84763383865	-0.244	-0.204	2.044
2.8499648571	-0.244	-0.204	2.044
2.85229587555	0.172	0.112	-0.164
2.85462903976	0.172	0.112	-0.164
2.85695791245	-0.012	-0.108	1.976
2.85928893089	-0.012	-0.108	1.976
2.86161804199	-0.012	-0.108	1.976
2.86396002769	-0.028	0.032	0.036
2.86629486084	-0.028	0.032	0.036
2.8686208725	-0.22	-0.116	1.756
2.87095093727	-0.22	-0.116	1.756
2.8732919693	-0.108	-0.124	0.244
2.87562894821	-0.108	-0.124	0.244
2.87795901299	-0.292	-0.148	1.576
2.88028883934	-0.292	-0.148	1.576
2.88261795044	0.056	-0.184	0.428
2.88495206833	0.056	-0.184	0.428
2.88728284836	0.056	-0.184	0.428
2.88961386681	0.02	-0.296	1.396
2.89194202423	0.02	-0.296	1.396
2.89427685738	0.096	-0.136	0.632
2.89659786224	0.096	-0.136	0.632
2.89891886711	0.072	-0.14	1.208
2.9012389183	0.072	-0.14	1.208
2.9035589695	0.12	-0.188	0.844
2.90589284897	0.12	-0.188	0.844
2.90822386742	-0.092	-0.156	0.976
2.91055297852	-0.092	-0.156	0.976
2.91287994385	-0.092	-0.156	0.976
2.91521406174	0.016	-0.04	1.032
2.91754102707	0.016	-0.04	1.032
2.91986703873	-0.128	-0.032	0.788
2.92219591141	-0.128	-0.032	0.788
2.92453384399	0.068	-0.092	1.244
2.92686104774	0.068	-0.092	1.244
2.9292049408	0.016	-0.04	0.568
2.93153095245	0.016	-0.04	0.568
2.93385696411	0.228	-0.016	1.452
2.93618988991	0.228	-0.016	1.452
2.93852806091	-0.116	0.044	0.372
2.94085502625	-0.116	0.044	0.372
2.9431810379	-0.116	0.044	0.372
2.94553899765	0.02	-0.06	1.62
2.94786691666	0.02	-0.06	1.62
2.95019292831	-0.132	-0.016	0.156
2.95252084732	-0.132	-0.016	0.156
2.95485591888	-0.104	-0.376	1.828
2.95722389221	-0.104	-0.376	1.828
2.9595580101	-0.044	-0.036	-0.024
2.96188902855	-0.044	-0.036	-0.024
2.96422386169	-0.092	-0.228	2.02
2.96655201912	-0.092	-0.228	2.02
2.9688808918	-0.092	-0.228	2.02
2.9712100029	-0.148	0.092	-0.228
2.97353696823	-0.148	0.092	-0.228
2.97587203979	0.008	-0.528	2.044
2.9781999588	0.008	-0.528	2.044
2.98052692413	0.052	0.028	-0.376
2.98285198212	0.052	0.028	-0.376
2.98518395424	0.132	-0.46	2.044
2.98751306534	0.132	-0.46	2.044
2.98984003067	-0.056	0.0	-0.568
2.99215984344	-0.056	0.0	-0.568
2.9944858551	-0.096	-0.336	2.044
2.99681806564	-0.096	-0.336	2.044
2.99914503098	-0.096	-0.336	2.044
3.00148797035	-0.04	0.108	-0.724
3.00382494926	-0.04	0.108	-0.724
3.00616002083	0.092	-0.344	2.044
3.00848698616	0.092	-0.344	2.044
3.01081490517	0.036	0.052	-0.88
3.01314091682	0.036	0.052	-0.88
3.01547384262	0.192	-0.056	2.044
3.01780200005	0.192	-0.056	2.044
3.02012991905	-0.088	0.176	-1.036
3.02245807648	-0.088	0.176	-1.036
3.02479195595	-0.088	0.176	-1.036
3.02712106705	0.056	-0.148	2.044
3.02944803238	0.056	-0.148	2.044
3.03177785873	-0.048	0.112	-1.164
3.03410792351	-0.048	0.112	-1.164
3.0364408493	-0.1	-0.324	2.044
3.03876900673	-0.1	-0.324	2.044
3.04109597206	-0.084	0.088	-1.276
3.04342484474	-0.084	0.088	-1.276
3.04576086998	-0.048	-0.24	2.044
3.04810500145	-0.048	-0.24	2.044
3.0504360199	-0.048	0.1	-1.384
3.0527639389	-0.048	0.1	-1.384
3.0550968647	-0.048	0.1	-1.384
3.0574669838	-0.184	-0.552	2.044
3.05979990959	-0.184	-0.552	2.044
3.06212902069	-0.064	0.068	-1.472
3.06446385384	-0.064	0.068	-1.472
3.06679487228	0.036	-0.568	2.044
3.06913590431	0.036	-0.568	2.044
3.07146501541	-0.08	0.12	-1.572
3.07379484177	-0.08	0.12	-1.572
3.076130867	0.176	-0.488	2.044
3.07845902443	0.176	-0.488	2.044
3.08078694344	0.176	-0.488	2.044
3.08311700821	0.016	0.068	-1.616
3.08545088768	0.016	0.068	-1.616
3.08777785301	0.124	-0.528	2.044
3.09010791779	0.124	-0.528	2.044
3.09243702888	-0.088	0.152	-1.676
3.09477186203	-0.088	0.152	-1.676
3.09709501266	-0.152	-0.28	2.044
3.09941792488	-0.152	-0.28	2.044
3.10173892975	-0.052	0.2	-1.704
3.10406589508	-0.052	0.2	-1.704
3.10640096664	-0.052	0.2	-1.704
3.10873198509	-0.032	-0.34	2.044
3.11106204987	-0.032	-0.34	2.044
3.11340594292	-0.108	0.116	-1.736
3.1157438755	-0.108	0.116	-1.736
3.1180729866	0.292	-0.132	2.044
3.12040090561	0.292	-0.132	2.044
3.12273001671	-0.116	0.192	-1.744
3.12506604195	-0.116	0.192	-1.744
3.12739491463	-0.02	-0.268	2.044
3.12972688675	-0.02	-0.268	2.044
3.13205599785	-0.06	0.136	-1.728
3.1343998909	-0.06	0.136	-1.728
3.13673090935	-0.06	0.136	-1.728
3.13906288147	-0.468	-0.488	2.044
3.14139485359	-0.468	-0.488	2.044
3.14372396469	-0.056	0.024	-1.68
3.14606189728	-0.056	0.024	-1.68
3.14839100838	-0.164	-0.456	2.044
3.15072107315	-0.164	-0.456	2.044
3.15304994583	-0.02	0.104	-1.672
3.15538597107	-0.02	0.104	-1.672
3.15771484375	0.344	-0.644	2.044
3.16004490852	0.344	-0.644	2.044
3.16237306595	0.344	-0.644	2.044
3.16470789909	0.044	0.004	-1.596
3.16703605652	0.044	0.004	-1.596
3.16937804222	0.204	-0.54	2.044
3.1717069149	0.204	-0.54	2.044
3.17403507233	0.044	0.08	-1.54
3.17637300491	0.044	0.08	-1.54
3.17870187759	0.176	-0.564	2.044
3.18103003502	0.176	-0.564	2.044
3.18335795403	0.012	0.128	-1.46
3.18569302559	0.012	0.128	-1.46
3.1880209446	-0.016	-0.492	2.044
3.19035005569	-0.016	-0.492	2.044
3.19267988205	-0.016	-0.492	2.044
3.1950109005	0.056	0.088	-1.372
3.19733905792	0.056	0.088	-1.372
3.19967603683	0.112	-0.208	2.044
3.20200586319	0.112	-0.208	2.044
3.20433998108	-0.104	0.296	-1.26
3.20666885376	-0.104	0.296	-1.26
3.20899796486	-0.008	-0.276	2.044
3.21132898331	-0.008	-0.276	2.044
3.2136619091	0.004	0.128	-1.124
3.21600985527	0.004	0.128	-1.124
3.21833896637	0.004	0.128	-1.124
3.22066688538	-0.36	-0.156	2.044
3.2229950428	-0.36	-0.156	2.044
3.22532701492	-0.02	0.188	-1.016
3.22765684128	-0.02	0.188	-1.016
3.22998690605	-0.14	-0.24	2.044
3.23231601715	-0.14	-0.24	2.044
3.2346508503	-0.092	0.108	-0.868
3.2369799614	-0.092	0.108	-0.868
3.23930907249	-0.16	-0.288	2.044
3.24163985252	-0.16	-0.288	2.044
3.2439699173	-0.076	-0.056	-0.708
3.24630594254	-0.076	-0.056	-0.708
3.24864006042	-0.076	-0.056	-0.708
3.25097084045	-0.172	-0.368	2.044
3.25329995155	-0.172	-0.368	2.044
3.25563502312	-0.028	-0.048	-0.532
3.25798201561	-0.028	-0.048	-0.532
3.26031184196	0.32	-0.436	2.044
3.26263904572	0.32	-0.436	2.044
3.26498293877	0.044	-0.1	-0.372
3.26731395721	0.044	-0.1	-0.372
3.26964306831	0.132	-0.36	2.044
3.27197098732	0.132	-0.36	2.044
3.27432084084	0.132	-0.36	2.044
3.27664899826	0.016	-0.072	-0.196
3.27897906303	0.016	-0.072	-0.196
3.28131389618	0.024	-0.212	2.044
3.28364706039	0.024	-0.212	2.044
3.28598499298	0.004	0.004	0.016
3.28831291199	0.004	0.004	0.016
3.29063892365	-0.156	-0.168	1.844
3.29296898842	-0.156	-0.168	1.844
3.29530405998	0.012	0.064	0.176
3.29762387276	0.012	0.064	0.176
3.2999420166	0.012	0.064	0.176
3.30225896835	-0.012	-0.136	1.624
3.30458593369	-0.012	-0.136	1.624
3.30692005157	0.16	0.092	0.38
3.30924701691	0.16	0.092	0.38
3.31157207489	0.08	-0.088	1.456
3.31390094757	0.08	-0.088	1.456
3.31623697281	0.012	0.036	0.576
3.31856203079	0.012	0.036	0.576
3.32089090347	-0.144	-0.084	1.212
3.3232228756	-0.144	-0.084	1.212
3.32558703423	-0.224	-0.152	0.768
3.32791900635	-0.224	-0.152	0.768
3.33026003838	-0.224	-0.152	0.768
3.33258891106	-0.252	-0.164	1.024
3.33492398262	-0.252	-0.164	1.024
3.33727407455	0.028	-0.152	0.984
3.33960294724	0.028	-0.152	0.984
3.34197998047	-0.036	-0.064	0.812
3.34431791306	-0.036	-0.064	0.812
3.34664797783	-0.04	-0.228	1.196
3.34897685051	-0.04	-0.228	1.196
3.35130596161	-0.036	-0.104	0.628
3.35363698006	-0.036	-0.104	0.628
3.35597205162	-0.036	-0.104	0.628
3.35830593109	0.104	-0.252	1.392
3.3606338501	0.104	-0.252	1.392
3.36296391487	-0.132	-0.168	0.412
3.36529898643	-0.132	-0.168	0.412
3.36763000488	-0.112	-0.1	1.596
3.36996197701	-0.112	-0.1	1.596
3.37229084969	-0.068	-0.12	0.236
3.37462687492	-0.068	-0.12	0.236
3.37695598602	0.056	-0.208	1.792
3.3792860508	0.056	-0.208	1.792
3.38161301613	0.024	-0.044	0.02
3.38394093513	0.024	-0.044	0.02
3.38627696037	0.024	-0.044	0.02
3.3886039257	0.216	0.04	1.98
3.39092993736	0.216	0.04	1.98
3.39327406883	-0.1	0.02	-0.144
3.39561986923	-0.1	0.02	-0.144
3.39794993401	-0.02	-0.116	2.044
3.40027999878	-0.02	-0.116	2.044
3.40261101723	-0.048	0.008	-0.348
3.4049448967	-0.048	0.008	-0.348
3.40727496147	0.056	-0.32	2.044
3.40960407257	0.056	-0.32	2.044
3.41193199158	0.056	-0.32	2.044
3.41426706314	-0.056	-0.076	-0.528
3.41659784317	-0.056	-0.076	-0.528
3.41892886162	-0.104	-0.256	2.044
3.42125797272	-0.104	-0.256	2.044
3.42358803749	-0.096	0.132	-0.7
3.42592406273	-0.096	0.132	-0.7
3.42825293541	0.036	-0.544	2.044
3.43058395386	0.036	-0.544	2.044
3.43291306496	0.0	-0.012	-0.828
3.43524193764	0.0	-0.012	-0.828
3.43756389618	0.076	-0.516	2.044
3.43990588188	0.076	-0.516	2.044
3.44223403931	0.076	-0.516	2.044
3.44456291199	-0.024	0.064	-0.996
3.44689488411	-0.024	0.064	-0.996
3.44922399521	0.068	-0.424	2.044
3.45155286789	0.068	-0.424	2.044
3.45388102531	-0.008	0.12	-1.108
3.45621585846	-0.008	0.12	-1.108
3.45854592323	0.16	-0.444	2.044
3.46088385582	0.16	-0.444	2.044
3.46321201324	0.012	0.06	-1.244
3.4655919075	0.012	0.06	-1.244
3.4679210186	0.012	0.06	-1.244
3.47024893761	0.168	-0.124	2.044
3.47257685661	0.168	-0.124	2.044
3.4749109745	-0.092	0.232	-1.356
3.47723984718	-0.092	0.232	-1.356
3.47956895828	0.116	-0.24	2.044
3.48189997673	0.116	-0.24	2.044
3.48423504829	-0.036	0.092	-1.44
3.48656606674	-0.036	0.092	-1.44
3.48889398575	0.068	-0.344	2.044
3.49122190475	0.068	-0.344	2.044
3.49355006218	-0.136	0.164	-1.544
3.4958999157	-0.136	0.164	-1.544
3.49822402	-0.136	0.164	-1.544
3.50054502487	-0.016	-0.256	2.044
3.50286984444	-0.016	-0.256	2.044
3.50519585609	-0.084	0.128	-1.608
3.50752997398	-0.084	0.128	-1.608
3.50986003876	-0.332	-0.56	2.044
3.51218986511	-0.332	-0.56	2.044
3.51452684402	-0.064	0.068	-1.656
3.51685786247	-0.064	0.068	-1.656
3.5191860199	-0.044	-0.572	2.044
3.52151703835	-0.044	-0.572	2.044
3.52384591103	-0.044	-0.572	2.044
3.52619194984	-0.072	0.12	-1.696
3.52852296829	-0.072	0.12	-1.696
3.53085303307	0.228	-0.632	2.044
3.53318190575	0.228	-0.632	2.044
3.53554391861	0.088	0.056	-1.704
3.53787899017	0.088	0.056	-1.704
3.54020690918	0.136	-0.6	2.044
3.54253387451	0.136	-0.6	2.044
3.54486393929	-0.088	0.132	-1.732
3.54719495773	-0.088	0.132	-1.732
3.54952502251	-0.088	0.132	-1.732
3.55185389519	-0.168	-0.428	2.044
3.55418992043	-0.168	-0.428	2.044
3.5565199852	0.016	0.176	-1.708
3.55884885788	0.016	0.176	-1.708
3.5611770153	-0.068	-0.408	2.044
3.56350803375	-0.068	-0.408	2.044
3.56584405899	-0.056	0.14	-1.712
3.56817293167	-0.056	0.14	-1.712
3.57050395012	0.248	-0.052	2.044
3.57283091545	0.248	-0.052	2.044
3.57516789436	-0.056	0.2	-1.68
3.57749891281	-0.056	0.2	-1.68
3.57982802391	-0.056	0.2	-1.68
3.58215785027	-0.012	-0.208	2.044
3.5844938755	-0.012	-0.208	2.044
3.5868229866	-0.02	0.128	-1.636
3.58915185928	-0.02	0.128	-1.636
3.59149003029	-0.432	-0.284	2.044
3.59382104874	-0.432	-0.284	2.044
3.59615588188	-0.036	0.12	-1.572
3.59848403931	-0.036	0.12	-1.572
3.60081386566	-0.236	-0.264	2.044
3.60314297676	-0.236	-0.264	2.044
3.60547685623	-0.236	-0.264	2.044
3.60780692101	-0.02	0.104	-1.496
3.61014699936	-0.02	0.104	-1.496
3.61247706413	0.104	-0.408	2.044
3.6148109436	0.104	-0.408	2.044
3.61713886261	0.032	-0.04	-1.384
3.61946892738	0.032	-0.04	-1.384
3.62179803848	0.136	-0.444	2.044
3.62412786484	0.136	-0.444	2.044
3.62654089928	-0.016	0.048	-1.3
3.62887191772	-0.016	0.048	-1.3
3.6312019825	0.368	-0.528	2.044
3.63353085518	0.368	-0.528	2.044
3.63586688042	0.368	-0.528	2.044
3.63819503784	0.044	0.036	-1.156
3.64052295685	0.044	0.036	-1.156
3.6428539753	0.2	-0.412	2.044
3.64519095421	0.2	-0.412	2.044
3.64752292633	0.036	0.06	-1.02
3.64985203743	0.036	0.06	-1.02
3.65217900276	-0.016	-0.224	2.044
3.65451288223	-0.016	-0.224	2.044
3.65685200691	-0.052	0.208	-0.904
3.65918207169	-0.052	0.208	-0.904
3.66151094437	-0.052	0.208	-0.904
3.66383886337	0.0	-0.268	2.044
3.6661670208	0.0	-0.268	2.044
3.66848707199	-0.02	0.116	-0.744
3.67081594467	-0.02	0.116	-0.744
3.67314505577	-0.136	-0.124	2.044
3.67548203468	-0.136	-0.124	2.044
3.67781090736	0.104	0.164	-0.596
3.68014001846	0.104	0.164	-0.596
3.68247103691	0.056	-0.124	2.044
3.68480587006	0.056	-0.124	2.044
3.68712687492	-0.072	0.088	-0.428
3.68946194649	-0.072	0.088	-0.428
3.6917848587	-0.072	0.088	-0.428
3.6941049099	-0.34	-0.196	2.044
3.69643092155	-0.34	-0.196	2.044
3.69875502586	-0.112	-0.096	-0.256
3.70107889175	-0.112	-0.096	-0.256
3.70339989662	-0.252	-0.28	2.044
3.70573496819	-0.252	-0.28	2.044
3.70806884766	-0.024	-0.112	-0.06
3.71039795876	-0.024	-0.112	-0.06
3.7127289772	0.236	-0.248	1.888
3.71506500244	0.236	-0.248	1.888
3.71739387512	0.236	-0.248	1.888
3.71972584724	0.06	-0.132	0.168
3.7220659256	0.06	-0.132	0.168
3.72440099716	0.172	-0.2	1.716
3.72672891617	0.172	-0.2	1.716
3.72905802727	0.104	-0.16	0.348
3.73138689995	0.104	-0.16	0.348
3.73371386528	-0.056	-0.172	1.496
3.73606300354	-0.056	-0.172	1.496
3.73839402199	0.024	-0.124	0.544
3.74072098732	0.024	-0.124	0.544
3.74304795265	0.024	-0.124	0.544
3.74538302422	-0.108	-0.152	1.292
3.74771690369	-0.108	-0.152	1.292
3.75004601479	0.096	-0.044	0.748
3.75237488747	0.096	-0.044	0.748
3.75471401215	0.044	-0.028	1.08
3.75704193115	0.044	-0.028	1.08
3.75936985016	0.128	0.004	0.948
3.76169705391	0.128	0.004	0.948
3.76402187347	0.052	0.044	0.884
3.76635503769	0.052	0.044	0.884
3.76868104935	0.028	-0.004	1.14
3.7710108757	0.028	-0.004	1.14
3.77333784103	0.028	-0.004	1.14
3.7757229805	-0.08	-0.016	0.668
3.77805399895	-0.08	-0.016	0.668
3.78038406372	-0.112	-0.288	1.344
3.78271389008	-0.112	-0.288	1.344
3.78504395485	-0.056	-0.04	0.464
3.78738498688	-0.056	-0.04	0.464
3.78971505165	-0.024	-0.112	1.532
3.7920589447	-0.024	-0.112	1.532
3.79439592361	-0.116	0.104	0.244
3.79672384262	-0.116	0.104	0.244
3.79905104637	-0.116	0.104	0.244
3.80138587952	-0.068	-0.428	1.768
3.80371594429	-0.068	-0.428	1.768
3.80605196953	0.044	-0.024	0.072
3.80837893486	0.044	-0.024	0.072
3.81070685387	0.064	-0.352	1.936
3.81303501129	0.064	-0.352	1.936
3.8153629303	-0.096	-0.044	-0.136
3.81769490242	-0.096	-0.044	-0.136
3.82002496719	-0.08	-0.3	2.044
3.82235383987	-0.08	-0.3	2.044
3.82468891144	-0.004	0.04	-0.292
3.82702302933	-0.004	0.04	-0.292
3.82935285568	-0.004	0.04	-0.292
3.83168101311	0.076	-0.316	2.044
3.83401203156	0.076	-0.316	2.044
3.83634591103	0.032	0.012	-0.484
3.83867287636	0.032	0.012	-0.484
3.84099984169	0.124	0.004	2.044
3.84332799911	0.124	0.004	2.044
3.84566402435	-0.06	0.096	-0.64
3.84799289703	-0.06	0.096	-0.64
3.85032391548	0.0	-0.16	2.044
3.85265398026	0.0	-0.16	2.044
3.85498094559	0.0	-0.16	2.044
3.85731506348	-0.016	0.056	-0.812
3.85964393616	-0.016	0.056	-0.812
3.86197185516	0.128	-0.228	2.044
3.86430501938	0.128	-0.228	2.044
3.86663389206	-0.068	0.048	-0.944
3.86896300316	-0.068	0.048	-0.944
3.87129187584	-0.048	-0.204	2.044
3.87362289429	-0.048	-0.204	2.044
3.87595891953	-0.052	0.132	-1.096
3.8782889843	-0.052	0.132	-1.096
3.88062000275	-0.096	-0.548	2.044
3.88295102119	-0.096	-0.548	2.044
3.88528800011	-0.096	-0.548	2.044
3.88761806488	-0.064	0.044	-1.22
3.88994884491	-0.064	0.044	-1.22
3.89227795601	0.064	-0.496	2.044
3.89461302757	0.064	-0.496	2.044
3.89693403244	-0.06	0.128	-1.34
3.8992600441	-0.06	0.128	-1.34
3.90158200264	0.188	-0.472	2.044
3.90390300751	0.188	-0.472	2.044
3.90623784065	-0.024	0.12	-1.42
3.90857291222	-0.024	0.12	-1.42
3.91090202332	-0.024	0.12	-1.42
3.91323184967	0.16	-0.524	2.044
3.91559386253	0.16	-0.524	2.044
3.91793203354	-0.056	0.14	-1.516
3.92026185989	-0.056	0.14	-1.516
3.92259192467	-0.084	-0.244	2.044
3.92492794991	-0.084	-0.244	2.044
3.927257061	-0.096	0.204	-1.588
3.9296028614	-0.096	0.204	-1.588
3.9319319725	0.08	-0.336	2.044
3.93426704407	0.08	-0.336	2.044
3.93659996986	0.08	-0.336	2.044
3.93892788887	-0.096	0.124	-1.668
3.94125699997	-0.096	0.124	-1.668
3.94358706474	0.236	-0.252	2.044
3.94591784477	0.236	-0.252	2.044
3.9482460022	-0.124	0.22	-1.688
3.9505739212	-0.124	0.22	-1.688
3.9529030323	0.032	-0.296	2.044
3.95523786545	0.032	-0.296	2.044
3.9575650692	-0.088	0.12	-1.724
3.9598929882	-0.088	0.12	-1.724
3.96222496033	-0.376	-0.548	2.044
3.96456098557	-0.376	-0.548	2.044
3.96688985825	-0.376	-0.548	2.044
3.96921992302	-0.076	0.084	-1.74
3.97155284882	-0.076	0.084	-1.74
3.97388195992	-0.132	-0.512	2.044
3.97623085976	-0.132	-0.512	2.044
3.97856092453	-0.06	0.124	-1.728
3.9808909893	-0.06	0.124	-1.728
3.98323607445	0.256	-0.708	2.044
3.98560094833	0.256	-0.708	2.044
3.98792886734	0.068	0.028	-1.7
3.99025702477	0.068	0.028	-1.7
3.9925839901	0.068	0.028	-1.7
3.99491906166	0.164	-0.616	2.044
3.99724793434	0.164	-0.616	2.044
3.99957585335	-0.008	0.112	-1.68
4.00190591812	-0.008	0.112	-1.68
4.00424385071	0.048	-0.548	2.044
4.00657296181	0.048	-0.548	2.044
4.00890493393	0.048	0.14	-1.64
4.01123404503	0.048	0.14	-1.64
4.01356196404	-0.052	-0.52	2.044
4.0158970356	-0.052	-0.52	2.044
4.01822805405	0.028	0.112	-1.588
4.02055597305	0.028	0.112	-1.588
4.02288389206	0.028	0.112	-1.588
4.02521395683	0.188	-0.16	2.044
4.02754402161	0.188	-0.16	2.044
4.02987194061	-0.076	0.292	-1.524
4.03220200539	-0.076	0.292	-1.524
4.03453803062	0.004	-0.24	2.044
4.03686594963	0.004	-0.24	2.044
4.03919386864	-0.004	0.124	-1.432
4.04153490067	-0.004	0.124	-1.432
4.0438709259	-0.392	-0.196	2.044
4.04620695114	-0.392	-0.196	2.044
4.04854488373	-0.392	-0.196	2.044
4.05087590218	-0.06	0.196	-1.34
4.05320596695	-0.06	0.196	-1.34
4.05560803413	-0.204	-0.26	2.044
4.05794286728	-0.204	-0.26	2.044
4.06027293205	-0.048	0.112	-1.236
4.06260299683	-0.048	0.112	-1.236
4.06493806839	-0.128	-0.312	2.044
4.06726884842	-0.128	-0.312	2.044
4.06959795952	-0.056	-0.032	-1.072
4.07192707062	-0.056	-0.032	-1.072
4.0742650032	-0.06	-0.408	2.044
4.07659506798	-0.06	-0.408	2.044
4.07892394066	-0.06	-0.408	2.044
4.08125686646	-0.052	0.024	-0.948
4.08358693123	-0.052	0.024	-0.948
4.08592200279	0.356	-0.488	2.044
4.08825302124	0.356	-0.488	2.044
4.09058189392	0.064	-0.02	-0.78
4.09291100502	0.064	-0.02	-0.78
4.09524488449	0.196	-0.396	2.044
4.09756684303	0.196	-0.396	2.044
4.09988689423	0.004	-0.012	-0.64
4.10220789909	0.004	-0.012	-0.64
4.10453295708	0.004	-0.012	-0.64
4.10686707497	-0.02	-0.252	2.044
4.10919690132	-0.02	-0.252	2.044
4.11152696609	0.012	0.12	-0.484
4.11386799812	0.012	0.12	-0.484
4.11620688438	-0.092	-0.208	2.044
4.11854100227	-0.092	-0.208	2.044
4.12087202072	-0.032	0.084	-0.316
4.12320303917	-0.032	0.084	-0.316
4.12556695938	-0.052	-0.164	2.044
4.12789702415	-0.052	-0.164	2.044
4.13022685051	0.22	0.12	-0.124
4.13255596161	0.22	0.12	-0.124
4.13488888741	0.22	0.12	-0.124
4.13721895218	0.1	-0.06	1.96
4.14667201042	-0.324	-0.16	1.728
4.14907693863	-0.324	-0.16	1.728
4.15140986443	-0.096	-0.1	0.264
4.15374302864	-0.096	-0.1	0.264
4.15608692169	-0.352	-0.168	1.544
4.15841794014	-0.352	-0.168	1.544
4.16075587273	0.036	-0.136	0.452
4.1630859375	0.036	-0.136	0.452
4.16542100906	0.036	-0.136	0.452
4.16774988174	0.052	-0.232	1.376
4.17009687424	0.052	-0.232	1.376
4.17242598534	0.076	-0.132	0.672
4.17475986481	0.076	-0.132	0.672
4.17708802223	0.06	-0.12	1.192
4.17941784859	0.06	-0.12	1.192
4.18174791336	0.128	-0.22	0.872
4.18407607079	0.128	-0.22	0.872
4.18643593788	-0.1	-0.216	0.944
4.18876504898	-0.1	-0.216	0.944
4.19109392166	-0.1	-0.216	0.944
4.1934299469	0.004	-0.068	1.068
4.19576787949	0.004	-0.068	1.068
4.19809603691	-0.14	-0.08	0.756
4.20042586327	-0.14	-0.08	0.756
4.20275592804	0.06	-0.132	1.276
4.20509004593	0.06	-0.132	1.276
4.20741891861	0.012	-0.044	0.54
4.20974898338	0.012	-0.044	0.54
4.21207594872	0.204	0.024	1.468
4.21440887451	0.204	0.024	1.468
4.21673583984	-0.14	0.036	0.348
4.21906495094	-0.14	0.036	0.348
4.22139286995	-0.14	0.036	0.348
4.2237200737	0.072	-0.064	1.664
4.22604990005	0.072	-0.064	1.664
4.22837805748	-0.108	-0.032	0.152
4.23070693016	-0.108	-0.032	0.152
4.23304200172	-0.04	-0.352	1.852
4.23537993431	-0.04	-0.352	1.852
4.23771095276	-0.048	-0.044	-0.036
4.24003887177	-0.048	-0.044	-0.036
4.24236893654	-0.092	-0.188	2.044
4.24470496178	-0.092	-0.188	2.044
4.24703502655	-0.092	-0.188	2.044
4.24938797951	-0.16	0.108	-0.256
4.25172996521	-0.16	0.108	-0.256
4.25406002998	-0.04	-0.532	2.044
4.25639605522	-0.04	-0.532	2.044
4.25872588158	0.044	0.008	-0.4
4.261054039	0.044	0.008	-0.4
4.26338100433	0.1	-0.448	2.044
4.26571297646	0.1	-0.448	2.044
4.26804494858	-0.068	0.016	-0.6
4.27042889595	-0.068	0.016	-0.6
4.2727599144	-0.068	-0.376	2.044
4.27509689331	-0.068	-0.376	2.044
4.27742695808	-0.068	-0.376	2.044
4.27975702286	-0.04	0.124	-0.752
4.28208804131	-0.04	0.124	-0.752
4.28442287445	0.128	-0.388	2.044
4.28675103188	0.128	-0.388	2.044
4.28907990456	0.04	0.052	-0.892
4.29140806198	0.04	0.052	-0.892
4.29373502731	0.144	-0.104	2.044
4.29606604576	0.144	-0.104	2.044
4.29838895798	-0.084	0.168	-1.032
4.30071091652	-0.084	0.168	-1.032
4.30303192139	-0.084	0.168	-1.032
4.30537605286	0.044	-0.18	2.044
4.30770897865	0.044	-0.18	2.044
4.31003785133	-0.036	0.104	-1.172
4.31236696243	-0.036	0.104	-1.172
4.31470394135	-0.004	-0.268	2.044
4.31704187393	-0.004	-0.268	2.044
4.31937098503	-0.096	0.092	-1.284
4.32170295715	-0.096	0.092	-1.284
4.32403206825	-0.032	-0.212	2.044
4.3263669014	-0.032	-0.212	2.044
4.3286960125	-0.032	-0.212	2.044
4.33102703094	-0.064	0.136	-1.408
4.33335590363	-0.064	0.136	-1.408
4.33569192886	-0.22	-0.544	2.044
4.33802199364	-0.22	-0.544	2.044
4.34035491943	-0.064	0.072	-1.48
4.34268498421	-0.064	0.072	-1.48
4.34501600266	-0.012	-0.512	2.044
4.34734606743	-0.012	-0.512	2.044
4.34967494011	-0.076	0.136	-1.576
4.35201692581	-0.076	0.136	-1.576
4.35435390472	0.216	-0.488	2.044
4.35668206215	0.216	-0.488	2.044
4.35900998116	0.216	-0.488	2.044
4.36133885384	0.012	0.06	-1.608
4.36366796494	0.012	0.06	-1.608
4.36600184441	0.18	-0.58	2.044
4.36833095551	0.18	-0.58	2.044
4.37066102028	-0.08	0.144	-1.68
4.37298989296	-0.08	0.144	-1.68
4.3753259182	-0.148	-0.28	2.044
4.37767291069	-0.148	-0.28	2.044
4.38000297546	-0.076	0.2	-1.712
4.38234186172	-0.076	0.2	-1.712
4.38467788696	-0.076	0.2	-1.712
4.38700795174	-0.036	-0.336	2.044
4.38933706284	-0.036	-0.336	2.044
4.39166784286	-0.1	0.136	-1.724
4.39399886131	-0.1	0.136	-1.724
4.39633584023	0.292	-0.14	2.044
4.39866399765	0.292	-0.14	2.044
4.40099191666	-0.104	0.204	-1.748
4.4033229351	-0.104	0.204	-1.748
4.40565896034	-0.012	-0.252	2.044
4.40798902512	-0.012	-0.252	2.044
4.4103410244	-0.068	0.136	-1.732
4.4126739502	-0.068	0.136	-1.732
4.41501307487	-0.068	0.136	-1.732
4.41734194756	-0.46	-0.488	2.044
4.41967201233	-0.46	-0.488	2.044
4.42200088501	-0.08	0.028	-1.716
4.42433190346	-0.08	0.028	-1.716
4.42666196823	-0.172	-0.468	2.044
4.428992033	-0.172	-0.468	2.044
4.43132090569	0.008	0.1	-1.66
4.43364906311	0.008	0.1	-1.66
4.43598389626	0.388	-0.628	2.044
4.43831086159	0.388	-0.628	2.044
4.44063901901	0.388	-0.628	2.044
4.44296789169	0.068	0.008	-1.596
4.44529604912	0.068	0.008	-1.596
4.44763302803	0.212	-0.552	2.044
4.44996595383	0.212	-0.552	2.044
4.45229291916	0.02	0.076	-1.532
4.45462703705	0.02	0.076	-1.532
4.45695590973	0.152	-0.56	2.044
4.45928502083	0.152	-0.56	2.044
4.46161293983	-0.012	0.12	-1.46
4.46394205093	-0.012	0.12	-1.46
4.46627402306	-0.012	0.12	-1.46
4.46860194206	0.0	-0.492	2.044
4.47092199326	0.0	-0.492	2.044
4.47324299812	0.056	0.072	-1.36
4.47557806969	0.056	0.072	-1.36
4.47790503502	0.136	-0.188	2.044
4.48023295403	0.136	-0.188	2.044
4.48256087303	-0.072	0.28	-1.26
4.48489904404	-0.072	0.28	-1.26
4.48722887039	0.044	-0.236	2.044
4.48957204819	0.044	-0.236	2.044
4.49189996719	0.008	0.132	-1.136
4.49423384666	0.008	0.132	-1.136
4.49655389786	0.008	0.132	-1.136
4.49887394905	-0.492	-0.188	2.044
4.50119590759	-0.492	-0.188	2.044
4.50351786613	-0.02	0.16	-1.024
4.50585198402	-0.02	0.16	-1.024
4.5081820488	-0.136	-0.248	2.044
4.51051187515	-0.136	-0.248	2.044
4.51285099983	-0.092	0.104	-0.872
4.51518702507	-0.092	0.104	-0.872
4.51751685143	-0.168	-0.288	2.044
4.51984596252	-0.168	-0.288	2.044
4.52218198776	-0.168	-0.288	2.044
4.524518013	-0.048	-0.068	-0.7
4.52684783936	-0.048	-0.068	-0.7
4.52917790413	-0.196	-0.36	2.044
4.5315079689	-0.196	-0.36	2.044
4.53383684158	-0.016	-0.052	-0.552
4.5361828804	-0.016	-0.052	-0.552
4.53851485252	0.248	-0.464	2.044
4.54084396362	0.248	-0.464	2.044
4.54317092896	0.052	-0.08	-0.368
4.54555392265	0.052	-0.08	-0.368
4.5478849411	0.132	-0.372	2.044
4.55021286011	0.132	-0.372	2.044
4.55254197121	0.132	-0.372	2.044
4.55487704277	0.032	-0.04	-0.188
4.55720996857	0.032	-0.04	-0.188
4.55954003334	0.028	-0.192	2.044
4.5618698597	0.028	-0.192	2.044
4.56420397758	0.06	-0.004	0.012
4.56653189659	0.06	-0.004	0.012
4.56886100769	-0.16	-0.188	1.852
4.57119107246	-0.16	-0.188	1.852
4.57352089882	0.024	0.048	0.18
4.57585191727	0.024	0.048	0.18
4.57818984985	0.024	0.048	0.18
4.58051586151	-0.024	-0.14	1.628
4.58284497261	-0.024	-0.14	1.628
4.58517503738	0.152	0.08	0.372
4.58750295639	0.152	0.08	0.372
4.58982896805	0.08	-0.084	1.448
4.59216785431	0.08	-0.084	1.448
4.59450602531	0.008	0.036	0.572
4.59683203697	0.008	0.036	0.572
4.59915685654	-0.136	-0.04	1.188
4.60148692131	-0.136	-0.04	1.188
4.60381793976	-0.236	-0.16	0.78
4.60615491867	-0.236	-0.16	0.78
4.60848593712	-0.236	-0.16	0.78
4.61081504822	-0.272	-0.144	1.02
4.61314487457	-0.272	-0.144	1.02
4.61547994614	0.016	-0.14	1.004
4.61781191826	0.016	-0.14	1.004
4.62013888359	-0.048	-0.072	0.808
4.62246799469	-0.048	-0.072	0.808
4.62479805946	-0.048	-0.224	1.204
4.62713003159	-0.048	-0.224	1.204
4.62946295738	-0.036	-0.084	0.628
4.63179206848	-0.036	-0.084	0.628
4.63412189484	-0.036	-0.084	0.628
4.63652396202	0.1	-0.276	1.416
4.63885402679	0.1	-0.276	1.416
4.6411819458	-0.132	-0.176	0.4
4.64353203773	-0.132	-0.176	0.4
4.64586901665	-0.112	-0.08	1.604
4.64820098877	-0.112	-0.08	1.604
4.65053200722	-0.08	-0.116	0.232
4.65285992622	-0.08	-0.116	0.232
4.65519595146	0.052	-0.212	1.808
4.65753889084	0.052	-0.212	1.808
4.65986704826	0.016	-0.036	0.02
4.6621940136	0.016	-0.036	0.02
4.6645219326	0.016	-0.036	0.02
4.6668548584	0.244	0.036	1.984
4.66918087006	0.244	0.036	1.984
4.67150592804	-0.08	0.008	-0.18
4.67383599281	-0.08	0.008	-0.18
4.67617106438	-0.056	-0.104	2.044
4.67850089073	-0.056	-0.104	2.044
4.68082904816	-0.076	0.0	-0.352
4.68315196037	-0.076	0.0	-0.352
4.6854789257	0.056	-0.332	2.044
4.68780088425	0.056	-0.332	2.044
4.69012403488	0.056	-0.332	2.044
4.69244384766	-0.044	-0.06	-0.524
4.69476699829	-0.044	-0.06	-0.524
4.69709205627	-0.092	-0.232	2.044
4.69941592216	-0.092	-0.232	2.044
4.70174098015	-0.088	0.124	-0.708
4.70407390594	-0.088	0.124	-0.708
4.70640707016	0.036	-0.56	2.044
4.7087469101	0.036	-0.56	2.044
4.71107506752	0.004	-0.004	-0.836
4.71342301369	0.004	-0.004	-0.836
4.71575903893	0.004	-0.004	-0.836
4.71808695793	0.088	-0.516	2.044
4.72041606903	0.088	-0.516	2.044
4.72274398804	-0.032	0.068	-0.988
4.7250790596	-0.032	0.068	-0.988
4.72740983963	0.068	-0.428	2.044
4.72974896431	0.068	-0.428	2.044
4.73207688332	0.0	0.136	-1.124
4.73440384865	0.0	0.136	-1.124
4.73672389984	0.176	-0.452	2.044
4.73905706406	0.176	-0.452	2.044
4.74138498306	0.024	0.06	-1.252
4.74371290207	0.024	0.06	-1.252
4.74604487419	0.024	0.06	-1.252
4.74837183952	0.156	-0.136	2.044
4.75070095062	0.156	-0.136	2.044
4.75302886963	-0.108	0.224	-1.368
4.75536489487	-0.108	0.224	-1.368
4.75769495964	0.088	-0.22	2.044
4.76002287865	0.088	-0.22	2.044
4.76235294342	-0.036	0.12	-1.464
4.76468801498	-0.036	0.12	-1.464
4.76701998711	0.036	-0.364	2.044
4.76934695244	0.036	-0.364	2.044
4.77167487144	0.036	-0.364	2.044
4.77401804924	-0.112	0.152	-1.54
4.77635502815	-0.112	0.152	-1.54
4.7786860466	-0.004	-0.26	2.044
4.78101396561	-0.004	-0.26	2.044
4.78334307671	-0.088	0.116	-1.616
4.78567504883	-0.088	0.116	-1.616
4.78800487518	-0.36	-0.568	2.044
4.79033398628	-0.36	-0.568	2.044
4.79266405106	-0.072	0.084	-1.664
4.79500007629	-0.072	0.084	-1.664
4.79732894897	-0.072	0.084	-1.664
4.79965591431	-0.072	-0.564	2.044
4.80198597908	-0.072	-0.564	2.044
4.80432200432	-0.06	0.12	-1.708
4.80665206909	-0.06	0.12	-1.708
4.80898094177	0.244	-0.636	2.044
4.81132292747	0.244	-0.636	2.044
4.81365084648	0.088	0.048	-1.72
4.81598591805	0.088	0.048	-1.72
4.81836700439	0.112	-0.608	2.044
4.82069802284	0.112	-0.608	2.044
4.82302689552	-0.092	0.128	-1.74
4.8253569603	-0.092	0.128	-1.74
4.82768797874	-0.092	0.128	-1.74
4.83001685143	-0.14	-0.464	2.044
4.83234500885	-0.14	-0.464	2.044
4.83468103409	0.076	0.164	-1.724
4.83700799942	0.076	0.164	-1.724
4.83934593201	-0.04	-0.456	2.044
4.84169006348	-0.04	-0.456	2.044
4.84401988983	-0.044	0.148	-1.728
4.84635996819	-0.044	0.148	-1.728
4.84869098663	0.204	-0.076	2.044
4.85101890564	0.204	-0.076	2.044
4.85334706306	0.204	-0.076	2.044
4.85568094254	-0.04	0.204	-1.684
4.85801196098	-0.04	0.204	-1.684
4.86034202576	-0.02	-0.224	2.044
4.86267089844	-0.02	-0.224	2.044
4.86500000954	-0.024	0.12	-1.616
4.86733007431	-0.024	0.12	-1.616
4.86965894699	-0.412	-0.232	2.044
4.87198805809	-0.412	-0.232	2.044
4.874325037	-0.032	0.14	-1.568
4.87665486336	-0.032	0.14	-1.568
4.87898397446	-0.22	-0.236	2.044
4.88131284714	-0.22	-0.236	2.044
4.88364386559	-0.22	-0.236	2.044
4.88597989082	-0.024	0.108	-1.488
4.88832187653	-0.024	0.108	-1.488
4.89065289497	-0.024	-0.404	2.044
4.8929810524	-0.024	-0.404	2.044
4.89531588554	0.016	-0.004	-1.368
4.89764094353	0.016	-0.004	-1.368
4.89996504784	0.084	-0.428	2.044
4.9022860527	0.084	-0.428	2.044
4.90462088585	0.0	0.024	-1.28
4.90694594383	0.0	0.024	-1.28
4.9092669487	0.0	0.024	-1.28
4.91158699989	0.456	-0.512	2.044
4.91391706467	0.456	-0.512	2.044
4.91625285149	0.064	0.028	-1.144
4.91858386993	0.064	0.028	-1.144
4.92091298103	0.224	-0.416	2.044
4.92324185371	0.224	-0.416	2.044
4.92558002472	0.024	0.036	-1.028
4.92790699005	0.024	0.036	-1.028
4.93023490906	-0.044	-0.256	2.044
4.93256402016	-0.044	-0.256	2.044
4.9348988533	-0.064	0.196	-0.896
4.93722891808	-0.064	0.196	-0.896
4.93955993652	-0.064	0.196	-0.896
4.94188904762	-0.036	-0.284	2.044
4.94423103333	-0.036	-0.284	2.044
4.94655990601	-0.032	0.104	-0.736
4.94888901711	-0.032	0.104	-0.736
4.95121693611	-0.012	-0.088	2.044
4.95354795456	-0.012	-0.088	2.044
4.95588803291	0.124	0.184	-0.584
4.95821595192	0.124	0.184	-0.584
4.96054291725	0.128	-0.072	2.044
4.96287202835	0.128	-0.072	2.044
4.96520495415	0.128	-0.072	2.044
4.96753287315	-0.108	0.092	-0.424
4.96987485886	-0.108	0.092	-0.424
4.97220396996	-0.432	-0.208	2.044
4.97453904152	-0.432	-0.208	2.044
4.9768679142	-0.092	-0.072	-0.224
4.97919893265	-0.092	-0.072	-0.224
4.98152804375	-0.272	-0.284	2.04
4.98385691643	-0.272	-0.284	2.04
4.9861998558	-0.016	-0.1	-0.044
4.98852992058	-0.016	-0.1	-0.044
4.99086284637	0.24	-0.204	1.88
4.99319195747	0.24	-0.204	1.88
4.99559593201	0.24	-0.204	1.88
4.99792695045	0.076	-0.144	0.152
