Timestamp 	 X-Axis 	 Y-Axis 	 Z-Axis
0.00031304359436	-0.052	0.116	-0.352
0.00259518623352	-0.052	0.116	-0.352
0.00468015670776	-0.324	-0.228	2.044
0.00675702095032	-0.324	-0.228	2.044
0.00884604454041	0.148	0.112	-0.164
0.0109360218048	0.148	0.112	-0.164
0.0130081176758	-0.076	-0.148	1.98
0.0150821208954	-0.076	-0.148	1.98
0.0171551704407	-0.076	-0.148	1.98
0.0192410945892	-0.052	0.012	0.012
0.0213119983673	-0.052	0.012	0.012
0.0233809947968	-0.164	-0.096	1.796
0.0254561901093	-0.164	-0.096	1.796
0.027529001236	-0.164	-0.096	1.796
0.0296270847321	-0.068	-0.164	0.232
0.0317029953003	-0.068	-0.164	0.232
0.0337769985199	-0.212	-0.136	1.604
0.0358560085297	-0.212	-0.136	1.604
0.037929058075	-0.212	-0.136	1.604
0.0400011539459	0.056	-0.172	0.444
0.0420730113983	0.056	-0.172	0.444
0.0441460609436	0.0	-0.34	1.408
0.0462090969086	0.0	-0.34	1.408
0.0482730865479	0.0	-0.34	1.408
0.0503361225128	0.096	-0.14	0.628
0.0524070262909	0.096	-0.14	0.628
0.054486989975	0.084	-0.148	1.216
0.0565600395203	0.084	-0.148	1.216
0.058648109436	0.084	-0.148	1.216
0.06072306633	0.14	-0.176	0.828
0.0627989768982	0.14	-0.176	0.828
0.0648710727692	-0.064	-0.1	1.004
0.0669441223145	-0.064	-0.1	1.004
0.0690159797668	0.036	-0.024	1.028
0.0710871219635	0.036	-0.024	1.028
0.0731589794159	0.036	-0.024	1.028
0.075236082077	-0.116	0.004	0.804
0.0773060321808	-0.116	0.004	0.804
0.0793759822845	0.076	-0.048	1.22
0.0814480781555	0.076	-0.048	1.22
0.0835180282593	0.076	-0.048	1.22
0.085587978363	0.02	-0.016	0.58
0.0876569747925	0.02	-0.016	0.58
0.0897421836853	0.22	-0.068	1.428
0.0918121337891	0.22	-0.068	1.428
0.0938990116119	0.22	-0.068	1.428
0.0959701538086	-0.072	0.028	0.392
0.098060131073	-0.072	0.028	0.392
0.100123167038	-0.036	-0.044	1.612
0.102186203003	-0.036	-0.044	1.612
0.104250192642	-0.036	-0.044	1.612
0.106315135956	-0.156	-0.008	0.172
0.108381032944	-0.156	-0.008	0.172
0.110448122025	-0.16	-0.424	1.808
0.112513065338	-0.16	-0.424	1.808
0.114577054977	-0.16	-0.424	1.808
0.116650104523	-0.052	-0.056	0.02
0.118718147278	-0.052	-0.056	0.02
0.120808124542	-0.052	-0.276	2.008
0.122894048691	-0.052	-0.276	2.008
0.124977111816	-0.128	0.088	-0.204
0.127049207687	-0.128	0.088	-0.204
0.129129171371	-0.128	0.088	-0.204
0.13120007515	0.056	-0.508	2.044
0.133270025253	0.056	-0.508	2.044
0.135339975357	0.048	0.068	-0.364
0.137418031693	0.048	0.068	-0.364
0.139494180679	0.048	0.068	-0.364
0.141564130783	0.136	-0.444	2.044
0.143634080887	0.136	-0.444	2.044
0.145706176758	-0.064	-0.02	-0.548
0.147783994675	-0.064	-0.02	-0.548
0.149855136871	-0.064	-0.02	-0.548
0.15194106102	-0.144	-0.264	2.044
0.15401506424	-0.144	-0.264	2.044
0.156086206436	-0.052	0.108	-0.704
0.158169984818	-0.052	0.108	-0.704
0.160242080688	-0.052	0.108	-0.704
0.162315130234	0.032	-0.284	2.044
0.164385080338	0.032	-0.284	2.044
0.166455030441	0.028	0.068	-0.86
0.168527126312	0.028	0.068	-0.86
0.17059803009	0.028	0.068	-0.86
0.172667980194	0.276	-0.052	2.044
0.174746990204	0.276	-0.052	2.044
0.176832199097	-0.092	0.148	-1.004
0.178942203522	-0.092	0.148	-1.004
0.181015014648	0.06	-0.128	2.044
0.183084011078	0.06	-0.128	2.044
0.185170173645	0.06	-0.128	2.044
0.187241077423	-0.068	0.12	-1.128
0.189329147339	-0.068	0.12	-1.128
0.191402196884	-0.184	-0.396	2.044
0.193476200104	-0.184	-0.396	2.044
0.195548057556	-0.184	-0.396	2.044
0.197619199753	-0.088	0.06	-1.264
0.199709177017	-0.088	0.06	-1.264
0.201781988144	-0.072	-0.296	2.044
0.203854084015	-0.072	-0.296	2.044
0.205924987793	-0.072	-0.296	2.044
0.208003044128	-0.076	0.14	-1.38
0.210075139999	-0.076	0.14	-1.38
0.212146043777	-0.004	-0.54	2.044
0.214217185974	-0.004	-0.54	2.044
0.216288089752	-0.004	-0.54	2.044
0.218367099762	-0.048	0.068	-1.464
0.220439195633	-0.048	0.068	-1.464
0.222518205643	0.136	-0.608	2.044
0.224589109421	0.136	-0.608	2.044
0.226660013199	0.136	-0.608	2.044
0.22873711586	-0.052	0.116	-1.552
0.230808973312	-0.052	0.116	-1.552
0.232897043228	0.064	-0.42	2.044
0.234968185425	0.064	-0.42	2.044
0.237038135529	0.012	0.12	-1.604
0.239114046097	0.012	0.12	-1.604
0.241186141968	0.012	0.12	-1.604
0.243256092072	0.116	-0.472	2.044
0.24532699585	0.116	-0.472	2.044
0.247395992279	-0.1	0.14	-1.668
0.249472141266	-0.1	0.14	-1.668
0.251543998718	-0.1	0.14	-1.668
0.253619194031	-0.052	-0.192	2.044
0.255703210831	-0.052	-0.192	2.044
0.257781028748	-0.124	0.256	-1.716
0.259852170944	-0.124	0.256	-1.716
0.261927127838	-0.124	0.256	-1.716
0.264001131058	-0.024	-0.268	2.044
0.266074180603	-0.024	-0.268	2.044
0.268151044846	-0.12	0.124	-1.736
0.270223140717	-0.12	0.124	-1.736
0.272294998169	-0.12	0.124	-1.736
0.27436709404	0.192	-0.176	2.044
0.276437044144	0.192	-0.176	2.044
0.278514146805	-0.076	0.172	-1.756
0.280586004257	-0.076	0.172	-1.756
0.282659053802	-0.076	0.172	-1.756
0.284731149673	-0.06	-0.332	2.044
0.286806106567	-0.06	-0.332	2.044
0.288966178894	-0.048	0.132	-1.732
0.291051149368	-0.048	0.132	-1.732
0.293124198914	-0.404	-0.584	2.044
0.29519701004	-0.404	-0.584	2.044
0.297274112701	-0.404	-0.584	2.044
0.299353122711	-0.032	0.012	-1.7
0.301424026489	-0.032	0.012	-1.7
0.303495168686	-0.064	-0.556	2.044
0.305567979813	-0.064	-0.556	2.044
0.307640075684	-0.064	-0.556	2.044
0.309718132019	-0.008	0.088	-1.672
0.311783075333	-0.008	0.088	-1.672
0.313850164413	0.452	-0.68	2.044
0.315913200378	0.452	-0.68	2.044
0.317989110947	0.452	-0.68	2.044
0.320064067841	0.08	0.028	-1.608
0.322136163712	0.08	0.028	-1.608
0.324206113815	0.228	-0.58	2.044
0.326276063919	0.228	-0.58	2.044
0.328349113464	0.228	-0.58	2.044
0.330420017242	0.04	0.096	-1.56
0.332491159439	0.04	0.096	-1.56
0.334564208984	-0.068	-0.46	2.044
0.336636066437	-0.068	-0.46	2.044
0.338714122772	-0.068	-0.46	2.044
0.34078502655	-0.084	0.2	-1.48
0.342854976654	-0.084	0.2	-1.48
0.344927072525	-0.124	-0.38	2.044
0.346997976303	-0.124	-0.38	2.044
0.349086046219	0.052	0.1	-1.404
0.351162195206	0.052	0.1	-1.404
0.353233098984	0.052	0.1	-1.404
0.355303049088	0.228	-0.108	2.044
0.357374191284	0.228	-0.108	2.044
0.359445095062	-0.04	0.288	-1.284
0.361522197723	-0.04	0.288	-1.284
0.363594055176	-0.04	0.288	-1.284
0.365665197372	0.044	-0.208	2.044
0.367745161057	0.044	-0.208	2.044
0.369851112366	-0.012	0.14	-1.168
0.371922016144	-0.012	0.14	-1.168
0.373994112015	-0.012	0.14	-1.168
0.376065015793	-0.62	-0.248	2.044
0.378144025803	-0.62	-0.248	2.044
0.380216121674	-0.06	0.132	-1.04
0.382291078568	-0.06	0.132	-1.04
0.384361982346	-0.06	0.132	-1.04
0.386435031891	-0.256	-0.316	2.044
0.388511180878	-0.256	-0.316	2.044
0.39058303833	-0.064	0.072	-0.888
0.392655134201	-0.064	0.072	-0.888
0.394726991653	-0.064	0.072	-0.888
0.39679813385	0.152	-0.28	2.044
0.398902177811	0.152	-0.28	2.044
0.400974035263	-0.036	-0.084	-0.724
0.403048038483	-0.036	-0.084	-0.724
0.405119180679	-0.004	-0.364	2.044
0.407199144363	-0.004	-0.364	2.044
0.409275054932	-0.004	-0.364	2.044
0.411347150803	-0.008	-0.056	-0.576
0.413419008255	-0.008	-0.056	-0.576
0.415495157242	0.168	-0.508	2.044
0.417572021484	0.168	-0.508	2.044
0.419656038284	0.168	-0.508	2.044
0.421738147736	0.036	-0.056	-0.408
0.423811197281	0.036	-0.056	-0.408
0.4258852005	0.024	-0.408	2.044
0.427961111069	0.024	-0.408	2.044
0.430032014847	0.024	-0.408	2.044
0.432103157043	0.004	-0.008	-0.224
0.434174060822	0.004	-0.008	-0.224
0.436245203018	0.196	-0.132	2.044
0.438321113586	0.196	-0.132	2.044
0.440392017365	0.196	-0.132	2.044
0.442464113235	0.1	0.084	-0.036
0.444533109665	0.1	0.084	-0.036
0.446613073349	-0.052	-0.068	1.896
0.448693037033	-0.052	-0.068	1.896
0.450765132904	-0.052	-0.068	1.896
0.452836990356	0.02	0.096	0.136
0.454904079437	0.02	0.096	0.136
0.456988096237	-0.22	-0.208	1.66
0.459067106247	-0.22	-0.208	1.66
0.461139202118	0.112	0.052	0.336
0.463207006454	0.112	0.052	0.336
0.465286016464	0.112	0.052	0.336
0.467353105545	-0.08	-0.128	1.468
0.469432115555	-0.08	-0.128	1.468
0.471503973007	0.0	-0.016	0.524
0.473568201065	0.0	-0.016	0.524
0.475630998611	0.0	-0.016	0.524
0.477692127228	-0.104	-0.044	1.252
0.479775190353	-0.104	-0.044	1.252
0.481847047806	-0.196	-0.176	0.748
0.483918190002	-0.196	-0.176	0.748
0.485992193222	-0.196	-0.176	0.748
0.488065004349	-0.224	-0.136	1.064
0.490138053894	-0.224	-0.136	1.064
0.492210149765	0.096	-0.224	0.968
0.494280099869	0.096	-0.224	0.968
0.496350049973	0.096	-0.224	0.968
0.498427152634	-0.028	-0.156	0.864
0.500498056412	-0.028	-0.156	0.864
0.502569198608	-0.004	-0.164	1.156
0.504640102386	-0.004	-0.164	1.156
0.506714105606	-0.004	-0.164	1.156
0.508791208267	-0.056	-0.124	0.676
0.510864019394	-0.056	-0.124	0.676
0.512931108475	0.108	-0.244	1.372
0.514996051788	0.108	-0.244	1.372
0.517057180405	0.108	-0.244	1.372
0.519133090973	-0.14	-0.176	0.448
0.521211147308	-0.14	-0.176	0.448
0.523292064667	-0.076	-0.016	1.548
0.525364160538	-0.076	-0.016	1.548
0.52743601799	-0.112	-0.084	0.26
0.529517173767	-0.112	-0.084	0.26
0.531588077545	-0.112	-0.084	0.26
0.533658981323	0.048	-0.144	1.756
0.535741090775	0.048	-0.144	1.756
0.537821054459	0.0	-0.028	0.056
0.539884090424	0.0	-0.028	0.056
0.541944980621	0.0	-0.028	0.056
0.544012069702	0.284	-0.012	1.944
0.546084165573	0.284	-0.012	1.944
0.548161029816	-0.064	0.04	-0.132
0.550233125687	-0.064	0.04	-0.132
0.552308082581	-0.064	0.04	-0.132
0.554381132126	-0.008	-0.096	2.044
0.556452989578	-0.008	-0.096	2.044
0.558525085449	-0.136	0.036	-0.32
0.560612201691	-0.136	0.036	-0.32
0.56268620491	-0.136	0.036	-0.32
0.564757108688	-0.152	-0.424	2.044
0.566829204559	-0.152	-0.424	2.044
0.568948030472	-0.024	-0.108	-0.468
0.571022033691	-0.024	-0.108	-0.468
0.573094129562	-0.024	-0.108	-0.468
0.575170040131	-0.092	-0.34	2.044
0.577243089676	-0.092	-0.34	2.044
0.579322099686	-0.068	0.112	-0.664
0.581403017044	-0.068	0.112	-0.664
0.583474159241	0.152	-0.584	2.044
0.585546016693	0.152	-0.584	2.044
0.587619066238	0.152	-0.584	2.044
0.5896961689	0.004	0.052	-0.796
0.591773986816	0.004	0.052	-0.796
0.593845129013	0.148	-0.5	2.044
0.595911026001	0.148	-0.5	2.044
0.597982168198	0.148	-0.5	2.044
0.600048065186	-0.012	0.036	-0.96
0.602119207382	-0.012	0.036	-0.96
0.60419011116	-0.052	-0.292	2.044
0.606261014938	-0.052	-0.292	2.044
0.608337163925	-0.052	-0.292	2.044
0.610409975052	0.008	0.16	-1.084
0.612480163574	0.008	0.16	-1.084
0.614550113678	0.124	-0.356	2.044
0.616621017456	0.124	-0.356	2.044
0.618698120117	0.124	-0.356	2.044
0.620769023895	0.028	0.076	-1.224
0.622840166092	0.028	0.076	-1.224
0.624924182892	0.276	-0.096	2.044
0.62699508667	0.276	-0.096	2.044
0.629072189331	0.276	-0.096	2.044
0.631142139435	-0.136	0.216	-1.328
0.633216142654	-0.136	0.216	-1.328
0.635288000107	0.068	-0.152	2.044
0.637358188629	0.068	-0.152	2.044
0.639446973801	-0.056	0.1	-1.432
0.641523122787	-0.056	0.1	-1.432
0.643607139587	-0.056	0.1	-1.432
0.64567899704	-0.208	-0.46	2.044
0.647792100906	-0.208	-0.46	2.044
0.649866104126	-0.12	0.12	-1.512
0.651937007904	-0.12	0.12	-1.512
0.654008150101	-0.12	0.12	-1.512
0.656081199646	-0.12	-0.34	2.044
0.658158063889	-0.12	-0.34	2.044
0.66023015976	-0.104	0.124	-1.592
0.662303209305	-0.104	0.124	-1.592
0.664375066757	-0.104	0.124	-1.592
0.666448116302	-0.108	-0.532	2.044
0.668524980545	-0.108	-0.532	2.044
0.670596122742	-0.04	0.06	-1.64
0.67267203331	-0.04	0.06	-1.64
0.674744129181	-0.04	0.06	-1.64
0.676815032959	0.044	-0.592	2.044
0.678930997849	0.044	-0.592	2.044
0.681019067764	-0.076	0.12	-1.692
0.683093070984	-0.076	0.12	-1.692
0.685163974762	0.104	-0.572	2.044
0.687234163284	0.104	-0.572	2.044
0.689313173294	0.104	-0.572	2.044
0.691382169724	0.104	0.064	-1.704
0.693452119827	0.104	0.064	-1.704
0.695521116257	0.084	-0.536	2.044
0.697602987289	0.084	-0.536	2.044
0.699681043625	0.084	-0.536	2.044
0.701750993729	-0.112	0.136	-1.748
0.703826189041	-0.112	0.136	-1.748
0.705898046494	-0.04	-0.224	2.044
0.707976102829	-0.04	-0.224	2.044
0.710040092468	-0.04	-0.224	2.044
0.712104082108	-0.076	0.22	-1.736
0.714169025421	-0.076	0.22	-1.736
0.716234207153	-0.112	-0.248	2.044
0.71830201149	-0.112	-0.248	2.044
0.720377206802	-0.112	-0.248	2.044
0.722450017929	-0.064	0.14	-1.728
0.724521160126	-0.064	0.14	-1.728
0.726593017578	0.044	-0.088	2.044
0.728665113449	0.044	-0.088	2.044
0.73073720932	0.044	-0.088	2.044
0.732808113098	-0.048	0.128	-1.688
0.734880208969	-0.048	0.128	-1.688
0.736980199814	-0.068	-0.232	2.044
0.739061117172	-0.068	-0.232	2.044
0.741132974625	-0.068	-0.232	2.044
0.743204116821	-0.024	0.12	-1.676
0.745279073715	-0.024	0.12	-1.676
0.747349977493	-0.456	-0.476	2.044
0.749428987503	-0.456	-0.476	2.044
0.7515001297	-0.04	0.04	-1.592
0.753573179245	-0.04	0.04	-1.592
0.755654096603	-0.04	0.04	-1.592
0.757726192474	-0.108	-0.424	2.044
0.759801149368	-0.108	-0.424	2.044
0.761875152588	0.0	0.064	-1.512
0.763938188553	0.0	0.064	-1.512
0.765999078751	0.0	0.064	-1.512
0.768066167831	0.6	-0.508	2.044
0.770138025284	0.6	-0.508	2.044
0.772207975388	0.084	-0.036	-1.404
0.77478313446	0.084	-0.036	-1.404
0.776878118515	0.272	-0.508	2.044
0.778958082199	0.272	-0.508	2.044
0.781033039093	0.272	-0.508	2.044
0.783102989197	0.032	0.044	-1.308
0.785176038742	0.032	0.044	-1.308
0.787245988846	-0.028	-0.512	2.044
0.789324998856	-0.028	-0.512	2.044
0.791397094727	-0.028	-0.512	2.044
0.79347205162	-0.092	0.16	-1.204
0.795544147491	-0.092	0.16	-1.204
0.79761505127	-0.036	-0.392	2.044
0.799694061279	-0.036	-0.392	2.044
0.801770210266	-0.036	-0.392	2.044
0.803842067719	0.016	0.112	-1.092
0.805916070938	0.016	0.112	-1.092
0.807986974716	0.172	-0.072	2.044
0.810059070587	0.172	-0.072	2.044
0.812129974365	0.172	-0.072	2.044
0.814211130142	0.02	0.236	-0.944
0.816281080246	0.02	0.236	-0.944
0.818358182907	0.12	-0.152	2.044
0.820428133011	0.12	-0.152	2.044
0.822499036789	0.12	-0.152	2.044
0.824570178986	-0.052	0.14	-0.824
0.826642036438	-0.052	0.14	-0.824
0.828722000122	-0.528	-0.26	2.044
0.830794095993	-0.528	-0.26	2.044
0.832871198654	-0.048	0.084	-0.664
0.834942102432	-0.048	0.084	-0.664
0.83701300621	-0.048	0.084	-0.664
0.839091062546	-0.244	-0.272	2.044
0.841166973114	-0.244	-0.272	2.044
0.843257188797	-0.104	0.02	-0.484
0.845329999924	-0.104	0.02	-0.484
0.847400188446	-0.104	0.02	-0.484
0.84947514534	0.08	-0.16	2.044
0.851546049118	0.08	-0.16	2.044
0.853615999222	-0.044	-0.18	-0.28
0.855690002441	-0.044	-0.18	-0.28
0.857825994492	-0.044	-0.18	-0.28
0.859899997711	-0.048	-0.268	2.044
0.861972093582	-0.048	-0.268	2.044
0.86404299736	0.024	-0.152	-0.112
0.866119146347	0.024	-0.152	-0.112
0.868197202682	0.024	-0.152	-0.112
0.870268106461	0.036	-0.408	1.944
0.872359037399	0.036	-0.408	1.944
0.874432086945	0.048	-0.092	0.072
0.876504182816	0.048	-0.092	0.072
0.878597021103	0.048	-0.092	0.072
0.880667209625	0.092	-0.3	1.768
0.882738113403	0.092	-0.3	1.768
0.884809017181	0.056	-0.048	0.256
0.886880159378	0.056	-0.048	0.256
0.889001131058	0.128	0.008	1.54
0.891070127487	0.128	0.008	1.54
0.893136978149	0.128	0.008	1.54
0.895205020905	0.028	-0.008	0.476
0.897281169891	0.028	-0.008	0.476
0.899358987808	-0.04	-0.08	1.384
0.901431083679	-0.04	-0.08	1.384
0.90350317955	-0.04	-0.08	1.384
0.905575037003	0.06	0.048	0.676
0.907643079758	0.06	0.048	0.676
0.909713029861	-0.056	-0.084	1.148
0.911787986755	-0.056	-0.084	1.148
0.91385102272	-0.056	-0.084	1.148
0.91591501236	0.064	-0.068	0.86
0.91798210144	0.064	-0.068	0.86
0.92005610466	-0.084	-0.072	0.932
0.92213010788	-0.084	-0.072	0.932
0.924201011658	-0.084	-0.072	0.932
0.92627120018	-0.008	-0.028	1.056
0.928344011307	-0.008	-0.028	1.056
0.930431127548	-0.096	0.04	0.728
0.932502031326	-0.096	0.04	0.728
0.93457198143	-0.096	0.04	0.728
0.936643123627	-0.236	-0.336	1.276
0.938723087311	-0.236	-0.336	1.276
0.940795183182	-0.032	-0.104	0.548
0.942867040634	-0.032	-0.104	0.548
0.944951057434	0.004	-0.256	1.48
0.947022199631	0.004	-0.256	1.48
0.949099063873	0.004	-0.256	1.48
0.95117020607	-0.052	0.008	0.34
0.953242063522	-0.052	0.008	0.34
0.955312013626	-0.048	-0.288	1.668
0.957384109497	-0.048	-0.288	1.668
0.959462165833	-0.048	-0.288	1.668
0.961551189423	0.028	-0.068	0.14
0.963622093201	0.028	-0.068	0.14
0.96569108963	0.092	-0.3	1.872
0.967809200287	0.092	-0.3	1.872
0.969883203506	0.092	-0.3	1.872
0.971954107285	-0.052	-0.076	-0.048
0.974026203156	-0.052	-0.076	-0.048
0.976098060608	-0.092	-0.06	2.044
0.978178024292	-0.092	-0.06	2.044
0.980250120163	-0.092	-0.06	2.044
0.982321023941	-0.096	-0.024	-0.228
0.984393119812	-0.096	-0.024	-0.228
0.986466169357	0.02	-0.18	2.044
0.988552093506	0.02	-0.18	2.044
0.990622997284	0.02	-0.18	2.044
0.992693185806	0.064	0.024	-0.416
0.994767189026	0.064	0.024	-0.416
0.99683713913	0.372	-0.04	2.044
0.998939037323	0.372	-0.04	2.044
1.00101208687	-0.052	0.048	-0.58
1.00308299065	-0.052	0.048	-0.58
1.00515508652	-0.052	0.048	-0.58
1.00722503662	-0.072	-0.136	2.044
1.00929903984	-0.072	-0.136	2.044
1.01137018204	-0.084	0.084	-0.74
1.01344108582	-0.084	0.084	-0.74
1.01551413536	-0.084	0.084	-0.74
1.01758718491	-0.14	-0.42	2.044
1.01965999603	-0.14	-0.42	2.044
1.02173113823	-0.036	-0.04	-0.884
1.02381515503	-0.036	-0.04	-0.884
1.02589011192	-0.036	-0.04	-0.884
1.02797007561	-0.084	-0.4	2.044
1.03004217148	-0.084	-0.4	2.044
1.03211402893	-0.06	0.148	-1.012
1.03418707848	-0.06	0.148	-1.012
1.03625798225	-0.06	0.148	-1.012
1.03833508492	0.22	-0.596	2.044
1.04040813446	0.22	-0.596	2.044
1.04247999191	-0.036	0.064	-1.164
1.04455113411	-0.036	0.064	-1.164
1.04663205147	-0.036	0.064	-1.164
1.04870510101	0.188	-0.524	2.044
1.05077910423	0.188	-0.524	2.044
1.05284810066	-0.004	0.08	-1.288
1.05491805077	-0.004	0.08	-1.288
1.05699014664	0.008	-0.28	2.044
1.05907320976	0.008	-0.28	2.044
1.06114220619	0.008	-0.28	2.044
1.06321001053	-0.024	0.184	-1.38
1.06528306007	-0.024	0.184	-1.38
1.06735301018	0.136	-0.404	2.044
1.06942915916	0.136	-0.404	2.044
1.07149815559	0.136	-0.404	2.044
1.07357001305	-0.032	0.132	-1.484
1.07563900948	-0.032	0.132	-1.484
1.07771015167	0.22	-0.164	2.044
1.07978010178	0.22	-0.164	2.044
1.0818631649	0.22	-0.164	2.044
1.08393311501	-0.156	0.236	-1.564
1.08600401878	-0.156	0.236	-1.564
1.088078022	0.072	-0.212	2.044
1.09015202522	0.072	-0.212	2.044
1.09222197533	0.072	-0.212	2.044
1.09430408478	-0.096	0.132	-1.632
1.09637713432	-0.096	0.132	-1.632
1.09845614433	-0.24	-0.504	2.044
1.1005191803	-0.24	-0.504	2.044
1.10258316994	-0.24	-0.504	2.044
1.10465598106	-0.088	0.128	-1.684
1.10672211647	-0.088	0.128	-1.684
1.10878705978	-0.1	-0.46	2.044
1.11085319519	-0.1	-0.46	2.044
1.1129322052	-0.1	-0.46	2.044
1.11499619484	-0.068	0.12	-1.704
1.11705899239	-0.068	0.12	-1.704
1.1191341877	-0.072	-0.652	2.044
1.12121105194	-0.072	-0.652	2.044
1.12328600883	0.024	0.028	-1.716
1.12535619736	0.024	0.028	-1.716
1.12742519379	0.024	0.028	-1.716
1.12949919701	0.068	-0.64	2.044
1.13157010078	0.068	-0.64	2.044
1.13363909721	-0.052	0.104	-1.744
1.13571810722	-0.052	0.104	-1.744
1.13779711723	-0.052	0.104	-1.744
1.13986802101	0.172	-0.656	2.044
1.14193820953	0.172	-0.656	2.044
1.14400815964	0.136	0.1	-1.728
1.14607906342	0.136	0.1	-1.728
1.14815497398	0.136	0.1	-1.728
1.15022420883	0.124	-0.56	2.044
1.15229415894	0.124	-0.56	2.044
1.15436911583	-0.044	0.136	-1.704
1.15644097328	-0.044	0.136	-1.704
1.15851807594	-0.044	0.136	-1.704
1.16059112549	-0.036	-0.248	2.044
1.16267418861	-0.036	-0.248	2.044
1.16474604607	-0.032	0.212	-1.672
1.16681599617	-0.032	0.212	-1.672
1.16893601418	-0.032	0.212	-1.672
1.1710100174	-0.132	-0.292	2.044
1.17308211327	-0.132	-0.292	2.044
1.17515301704	-0.008	0.132	-1.62
1.17722511292	-0.008	0.132	-1.62
1.17930197716	0.068	-0.068	2.044
1.18137311935	0.068	-0.068	2.044
1.18344211578	0.068	-0.068	2.044
1.18551301956	-0.012	0.212	-1.544
1.18759703636	-0.012	0.212	-1.544
1.18967604637	-0.108	-0.168	2.044
1.19176316261	-0.108	-0.168	2.044
1.19383716583	-0.108	-0.168	2.044
1.19590806961	-0.048	0.136	-1.496
1.19798612595	-0.048	0.136	-1.496
1.2000579834	-0.524	-0.36	2.044
1.2021291256	-0.524	-0.36	2.044
1.20420002937	-0.524	-0.36	2.044
1.20627117157	-0.04	0.04	-1.372
1.2083439827	-0.04	0.04	-1.372
1.21041703224	-0.096	-0.412	2.044
1.21248698235	-0.096	-0.412	2.044
1.21455812454	-0.096	-0.412	2.044
1.21662902832	-0.024	0.048	-1.264
1.218708992	-0.024	0.048	-1.264
1.22079110146	0.556	-0.392	2.044
1.22286105156	0.556	-0.392	2.044
1.22494697571	0.556	-0.392	2.044
1.22701716423	0.08	-0.04	-1.124
1.22909498215	0.08	-0.04	-1.124
1.23116397858	0.296	-0.42	2.044
1.23323607445	0.296	-0.42	2.044
1.23530602455	0.02	0.008	-1.02
1.23737502098	0.02	0.008	-1.02
1.23944997787	0.02	0.008	-1.02
1.24152207375	-0.08	-0.448	2.044
1.24361515045	-0.08	-0.448	2.044
1.2456870079	-0.072	0.124	-0.872
1.2478351593	-0.072	0.124	-0.872
1.24991106987	-0.072	0.124	-0.872
1.25198507309	-0.068	-0.352	2.044
1.25405597687	-0.068	-0.352	2.044
1.25612711906	0.0	0.1	-0.716
1.25819706917	0.0	0.1	-0.716
1.26025915146	0.0	0.1	-0.716
1.26232099533	0.16	-0.06	2.044
1.26438999176	0.16	-0.06	2.044
1.26646113396	0.136	0.2	-0.576
1.26853919029	0.136	0.2	-0.576
1.27060818672	0.136	0.2	-0.576
1.27267813683	0.14	-0.052	2.044
1.2747490406	0.14	-0.052	2.044
1.27681899071	-0.088	0.124	-0.392
1.27893018723	-0.088	0.124	-0.392
1.28101420403	-0.088	0.124	-0.392
1.28308820724	-0.48	-0.248	2.044
1.2851600647	-0.48	-0.248	2.044
1.28723120689	0.004	0.012	-0.22
1.28930401802	0.004	0.012	-0.22
1.29137301445	-0.2	-0.244	2.036
1.29344415665	-0.2	-0.244	2.036
1.29551410675	-0.2	-0.244	2.036
1.2975871563	-0.056	-0.064	-0.028
1.29966616631	-0.056	-0.064	-0.028
1.30173707008	0.116	-0.108	1.872
1.30380702019	0.116	-0.108	1.872
1.30589103699	0.116	-0.108	1.872
1.30796718597	0.028	-0.172	0.188
1.31002902985	0.028	-0.172	0.188
1.31209111214	0.032	-0.148	1.676
1.3141541481	0.032	-0.148	1.676
1.31622004509	0.032	-0.148	1.676
1.31828808784	0.1	-0.18	0.372
1.32036113739	0.1	-0.18	0.372
1.32243204117	-0.052	-0.336	1.472
1.32450318336	-0.052	-0.336	1.472
1.32657504082	-0.052	-0.336	1.472
1.32864713669	0.044	-0.152	0.568
1.33071899414	0.044	-0.152	0.568
1.33278799057	-0.02	-0.168	1.256
1.33485817909	-0.02	-0.168	1.256
1.3369820118	-0.02	-0.168	1.256
1.33906197548	0.124	-0.1	0.78
1.34113907814	0.124	-0.1	0.78
1.34320807457	0.016	-0.016	1.048
1.34527897835	0.016	-0.016	1.048
1.34735202789	0.092	0.016	0.976
1.34942817688	0.092	0.016	0.976
1.35149502754	0.092	0.016	0.976
1.35356402397	-0.028	0.068	0.856
1.3556330204	-0.028	0.068	0.856
1.35770320892	0.048	-0.012	1.168
1.35977315903	0.048	-0.012	1.168
1.36184501648	0.048	-0.012	1.168
1.36391401291	-0.036	-0.012	0.624
1.36598515511	-0.036	-0.012	0.624
1.36805820465	0.076	-0.204	1.372
1.37012910843	0.076	-0.204	1.372
1.37219905853	0.076	-0.204	1.372
1.37426900864	-0.04	0.004	0.44
1.37633800507	-0.04	0.004	0.44
1.37841415405	-0.04	-0.084	1.548
1.38048911095	-0.04	-0.084	1.548
1.38256120682	-0.04	-0.084	1.548
1.3846321106	-0.136	0.068	0.228
1.38670420647	-0.136	0.068	0.228
1.38877916336	-0.172	-0.444	1.78
1.39085102081	-0.172	-0.444	1.78
1.39292311668	-0.172	-0.444	1.78
1.39500308037	0.0	-0.044	0.052
1.39706516266	0.0	-0.044	0.052
1.39913320541	0.02	-0.336	1.964
1.40120601654	0.02	-0.336	1.964
1.40327620506	0.02	-0.336	1.964
1.40534520149	-0.088	0.024	-0.156
1.40741610527	-0.088	0.024	-0.156
1.40949010849	0.004	-0.424	2.044
1.41160917282	0.004	-0.424	2.044
1.41368103027	0.0	0.092	-0.328
1.41575813293	0.0	0.092	-0.328
1.41782808304	0.0	0.092	-0.328
1.419891119	0.116	-0.38	2.044
1.42196106911	0.116	-0.38	2.044
1.42403006554	-0.04	-0.02	-0.504
1.42610120773	-0.04	-0.02	-0.504
1.42817997932	-0.04	-0.02	-0.504
1.4302520752	-0.048	-0.1	2.044
1.43232297897	-0.048	-0.1	2.044
1.43439507484	-0.044	0.112	-0.66
1.43646597862	-0.044	0.112	-0.66
1.43854308128	-0.044	0.112	-0.66
1.44061517715	0.008	-0.192	2.044
1.44268512726	0.008	-0.192	2.044
1.4447581768	0.008	0.068	-0.828
1.44684100151	0.008	0.068	-0.828
1.44900012016	0.008	0.068	-0.828
1.45107197762	0.26	-0.124	2.044
1.45316505432	0.26	-0.124	2.044
1.45523500443	-0.076	0.088	-0.968
1.45730900764	-0.076	0.088	-0.968
1.45938205719	-0.016	-0.152	2.044
1.46145415306	-0.016	-0.152	2.044
1.46352410316	-0.016	-0.152	2.044
1.46559906006	-0.064	0.128	-1.132
1.46767401695	-0.064	0.128	-1.132
1.46974802017	-0.224	-0.516	2.044
1.47181916237	-0.224	-0.516	2.044
1.47389101982	-0.224	-0.516	2.044
1.47598814964	-0.096	0.02	-1.184
1.47806406021	-0.096	0.02	-1.184
1.48013615608	-0.004	-0.456	2.044
1.4822101593	-0.004	-0.456	2.044
1.48428106308	-0.004	-0.456	2.044
1.48635101318	-0.048	0.144	-1.36
1.48842406273	-0.048	0.144	-1.36
1.49049711227	0.184	-0.504	2.044
1.49256706238	0.184	-0.504	2.044
1.49463605881	0.184	-0.504	2.044
1.49670600891	-0.024	0.108	-1.432
1.49878001213	-0.024	0.108	-1.432
1.500852108	0.14	-0.544	2.044
1.50292205811	0.14	-0.544	2.044
1.50500512123	0.14	-0.544	2.044
1.50707507133	-0.064	0.12	-1.528
1.50914716721	-0.064	0.12	-1.528
1.51122713089	-0.096	-0.3	2.044
1.5132920742	-0.096	-0.3	2.044
1.51535415649	-0.044	0.18	-1.584
1.51741814613	-0.044	0.18	-1.584
1.5194940567	-0.044	0.18	-1.584
1.52157306671	0.072	-0.368	2.044
1.52364420891	0.072	-0.368	2.044
1.52571320534	-0.096	0.132	-1.656
1.52779006958	-0.096	0.132	-1.656
1.5298640728	-0.096	0.132	-1.656
1.53193616867	0.24	-0.16	2.044
1.53400611877	0.24	-0.16	2.044
1.53607606888	-0.136	0.24	-1.696
1.53815603256	-0.136	0.24	-1.696
1.54023218155	-0.136	0.24	-1.696
1.54230308533	0.04	-0.244	2.044
1.54437303543	0.04	-0.244	2.044
1.5464451313	-0.096	0.14	-1.724
1.54852318764	-0.096	0.14	-1.724
1.55059409142	-0.096	0.14	-1.724
1.55266499519	-0.24	-0.416	2.044
1.55473804474	-0.24	-0.416	2.044
1.55680918694	-0.088	0.108	-1.744
1.55891704559	-0.088	0.108	-1.744
1.56100606918	-0.088	0.108	-1.744
1.56307911873	-0.14	-0.464	2.044
1.56515002251	-0.14	-0.464	2.044
1.5672211647	-0.032	0.116	-1.728
1.56930613518	-0.032	0.116	-1.728
1.57137799263	0.044	-0.696	2.044
1.57345318794	0.044	-0.696	2.044
1.57552313805	0.044	-0.696	2.044
1.57759618759	0.028	0.012	-1.704
1.57967305183	0.028	0.012	-1.704
1.58174204826	0.112	-0.612	2.044
1.58381104469	0.112	-0.612	2.044
1.58588314056	0.112	-0.612	2.044
1.58795809746	0.0	0.1	-1.684
1.59002017975	0.0	0.1	-1.684
1.59208297729	0.248	-0.632	2.044
1.59415411949	0.248	-0.632	2.044
1.59622311592	0.248	-0.632	2.044
1.59829807281	0.072	0.112	-1.616
1.60036706924	0.072	0.112	-1.616
1.60247206688	0.036	-0.544	2.044
1.6045460701	0.036	-0.544	2.044
1.6066160202	0.036	-0.544	2.044
1.6086871624	0.032	0.1	-1.576
1.61075806618	0.032	0.1	-1.576
1.61282706261	0.028	-0.232	2.044
1.61489701271	0.028	-0.232	2.044
1.61698198318	0.028	-0.232	2.044
1.61905908585	-0.112	0.268	-1.504
1.62112998962	-0.112	0.268	-1.504
1.62320113182	-0.064	-0.272	2.044
1.62527418137	-0.064	-0.272	2.044
1.62735414505	-0.064	-0.272	2.044
1.62943220139	0.02	0.104	-1.416
1.63150215149	0.02	0.104	-1.416
1.63357305527	-0.108	-0.112	2.044
1.63564515114	-0.108	-0.112	2.044
1.63771915436	-0.024	0.244	-1.324
1.63979101181	-0.024	0.244	-1.324
1.64186501503	-0.024	0.244	-1.324
1.64393615723	-0.112	-0.2	2.044
1.646007061	-0.112	-0.2	2.044
1.64807915688	-0.048	0.124	-1.212
1.65015101433	-0.048	0.124	-1.212
1.65222215652	-0.048	0.124	-1.212
1.65429401398	-0.428	-0.316	2.044
1.65636610985	-0.428	-0.316	2.044
1.65844297409	-0.084	0.0	-1.076
1.66050720215	-0.084	0.0	-1.076
1.66256904602	-0.084	0.0	-1.076
1.66463303566	-0.132	-0.4	2.044
1.66670417786	-0.132	-0.4	2.044
1.66878604889	-0.052	0.008	-0.952
1.67085814476	-0.052	0.008	-0.952
1.67294597626	-0.052	0.008	-0.952
1.67501807213	0.404	-0.428	2.044
1.67708802223	0.404	-0.428	2.044
1.67916512489	0.068	-0.048	-0.788
1.68123698235	0.068	-0.048	-0.788
1.68330597878	0.068	-0.048	-0.788
1.68538498878	0.216	-0.392	2.044
1.68745517731	0.216	-0.392	2.044
1.6895301342	0.012	-0.012	-0.636
1.69160103798	0.012	-0.012	-0.636
1.69367098808	-0.072	-0.348	2.044
1.69575500488	-0.072	-0.348	2.044
1.69783401489	-0.072	-0.348	2.044
1.69990611076	-0.044	0.08	-0.456
1.70198106766	-0.044	0.08	-0.456
1.70405316353	-0.108	-0.236	2.044
1.70612502098	-0.108	-0.236	2.044
1.70820307732	-0.108	-0.236	2.044
1.71026706696	-0.036	0.096	-0.3
1.71232914925	-0.036	0.096	-0.3
1.71439313889	0.072	-0.14	2.044
1.71645402908	0.072	-0.14	2.044
1.71852207184	0.072	-0.14	2.044
1.72059607506	0.248	0.164	-0.112
1.7226691246	0.248	0.164	-0.112
1.72474217415	0.092	-0.048	1.952
1.7268140316	0.092	-0.048	1.952
1.72893118858	0.092	-0.048	1.952
1.73100304604	-0.02	0.08	0.068
1.73307609558	-0.02	0.08	0.068
1.73514509201	-0.36	-0.176	1.708
1.73721909523	-0.36	-0.176	1.708
1.73929715157	-0.36	-0.176	1.708
1.74136805534	-0.092	-0.076	0.26
1.74344801903	-0.092	-0.076	0.26
1.7455201149	-0.324	-0.168	1.552
1.74759101868	-0.324	-0.168	1.552
1.74966907501	0.028	-0.144	0.46
1.75173807144	0.028	-0.144	0.46
1.75382804871	0.028	-0.144	0.46
1.75589704514	0.032	-0.176	1.364
1.75797200203	0.032	-0.176	1.364
1.76004314423	0.048	-0.16	0.664
1.762114048	0.048	-0.16	0.664
1.76418304443	0.048	-0.16	0.664
1.76625418663	-0.024	-0.104	1.16
1.76832699776	-0.024	-0.104	1.16
1.77039909363	0.112	-0.204	0.872
1.77246904373	0.112	-0.204	0.872
1.77453708649	0.112	-0.204	0.872
1.77660512924	-0.08	-0.244	0.948
1.77868199348	-0.08	-0.244	0.948
1.78075313568	-0.008	-0.084	1.064
1.78282308578	-0.008	-0.084	1.064
1.78491401672	-0.008	-0.084	1.064
1.78698706627	-0.1	-0.108	0.752
1.78906607628	-0.1	-0.108	0.752
1.79113602638	0.084	-0.14	1.284
1.79320812225	0.084	-0.14	1.284
1.79527711868	0.084	-0.14	1.284
1.7973511219	-0.016	-0.076	0.548
1.79942917824	-0.016	-0.076	0.548
1.80151104927	0.16	0.052	1.464
1.80357909203	0.16	0.052	1.464
1.80564618111	0.16	0.052	1.464
1.80771398544	-0.18	0.04	0.36
1.80978608131	-0.18	0.04	0.36
1.81185603142	0.0	-0.052	1.68
1.81391811371	0.0	-0.052	1.68
1.81602406502	-0.108	-0.032	0.14
1.8181040287	-0.108	-0.032	0.14
1.8201751709	-0.108	-0.032	0.14
1.82224607468	0.048	-0.312	1.856
1.82431697845	0.048	-0.312	1.856
1.82638812065	-0.048	-0.04	-0.04
1.82846808434	-0.048	-0.04	-0.04
1.83054304123	-0.048	-0.04	-0.04
1.83261418343	-0.084	-0.172	2.036
1.83468699455	-0.084	-0.172	2.036
1.83675909042	-0.148	0.096	-0.228
1.83883619308	-0.148	0.096	-0.228
1.84092211723	-0.148	0.096	-0.228
1.84299302101	-0.08	-0.516	2.044
1.84506416321	-0.08	-0.516	2.044
1.84713411331	0.048	-0.016	-0.396
1.84921717644	0.048	-0.016	-0.396
1.85128903389	0.048	-0.016	-0.396
1.85335803032	0.096	-0.46	2.044
1.85542702675	0.096	-0.46	2.044
1.85749912262	-0.06	0.02	-0.58
1.85958003998	-0.06	0.02	-0.58
1.86165308952	-0.06	0.02	-0.58
1.86372303963	-0.028	-0.396	2.044
1.86579704285	-0.028	-0.396	2.044
1.86787509918	-0.04	0.128	-0.728
1.86994600296	-0.04	0.128	-0.728
1.87201809883	0.116	-0.376	2.044
1.87408900261	0.116	-0.376	2.044
1.87615799904	0.116	-0.376	2.044
1.8782351017	0.032	0.06	-0.884
1.8803050518	0.032	0.06	-0.884
1.882376194	0.132	-0.08	2.044
1.8844461441	0.132	-0.08	2.044
1.88651418686	0.132	-0.08	2.044
1.88858509064	-0.072	0.184	-1.044
1.89065814018	-0.072	0.184	-1.044
1.89272904396	0.052	-0.172	2.044
1.89480209351	0.052	-0.172	2.044
1.89687204361	0.052	-0.172	2.044
1.89895105362	-0.036	0.088	-1.164
1.90102314949	-0.036	0.088	-1.164
1.90309405327	0.04	-0.248	2.044
1.90516614914	0.04	-0.248	2.044
1.90723514557	0.04	-0.248	2.044
1.90930819511	-0.124	0.116	-1.28
1.91137003899	-0.124	0.116	-1.28
1.91343617439	-0.04	-0.216	2.044
1.91549921036	-0.04	-0.216	2.044
1.91757106781	-0.04	-0.216	2.044
1.91964697838	-0.064	0.14	-1.396
1.92172598839	-0.064	0.14	-1.396
1.92379713058	-0.26	-0.568	2.044
1.9258711338	-0.26	-0.568	2.044
1.92794418335	-0.068	0.056	-1.476
1.93001699448	-0.068	0.056	-1.476
1.932087183	-0.068	0.056	-1.476
1.93415808678	0.02	-0.556	2.044
1.93622803688	0.02	-0.556	2.044
1.93830513954	-0.052	0.124	-1.568
1.94037818909	-0.052	0.124	-1.568
1.94244909286	-0.052	0.124	-1.568
1.94452118874	0.22	-0.5	2.044
1.9465880394	0.22	-0.5	2.044
1.94866013527	0.016	0.06	-1.604
1.95073103905	0.016	0.06	-1.604
1.95280003548	0.016	0.06	-1.604
1.95487117767	0.144	-0.54	2.044
1.95694208145	0.144	-0.54	2.044
1.95902919769	-0.1	0.14	-1.684
1.96110415459	-0.1	0.14	-1.684
1.96317601204	-0.1	0.14	-1.684
1.96524715424	-0.16	-0.3	2.044
1.96731710434	-0.16	-0.3	2.044
1.96939110756	-0.084	0.216	-1.704
1.97146201134	-0.084	0.216	-1.704
1.97353219986	-0.084	0.216	-1.704
1.97561311722	-0.036	-0.336	2.044
1.97768902779	-0.036	-0.336	2.044
1.97976708412	-0.104	0.136	-1.736
1.98183917999	-0.104	0.136	-1.736
1.98392105103	-0.104	0.136	-1.736
1.98599410057	0.312	-0.104	2.044
1.98807120323	0.312	-0.104	2.044
1.99014520645	-0.088	0.204	-1.744
1.99221611023	-0.088	0.204	-1.744
1.99429011345	-0.032	-0.24	2.044
1.99636006355	-0.032	-0.24	2.044
1.99843716621	-0.032	-0.24	2.044
2.00050806999	-0.072	0.14	-1.724
2.00258016586	-0.072	0.14	-1.724
2.00465202332	-0.432	-0.448	2.044
2.00672197342	-0.432	-0.448	2.044
2.00879502296	-0.432	-0.448	2.044
2.01086711884	-0.06	0.044	-1.712
2.01293706894	-0.06	0.044	-1.712
2.01501107216	-0.168	-0.436	2.044
2.01709508896	-0.168	-0.436	2.044
2.01917314529	-0.168	-0.436	2.044
2.02124500275	-0.004	0.1	-1.66
2.02331900597	-0.004	0.1	-1.66
2.02539300919	0.236	-0.62	2.044
2.02746200562	0.236	-0.62	2.044
2.0295381546	0.236	-0.62	2.044
2.03160810471	0.04	-0.004	-1.6
2.03370118141	0.04	-0.004	-1.6
2.03577208519	0.184	-0.552	2.044
2.03784918785	0.184	-0.552	2.044
2.03993201256	0.184	-0.552	2.044
2.04200410843	0.028	0.088	-1.556
2.04407501221	0.028	0.088	-1.556
2.04614520073	0.284	-0.588	2.044
2.04821610451	0.284	-0.588	2.044
2.05028700829	0.016	0.084	-1.46
2.05235600471	0.016	0.084	-1.46
2.05443811417	0.016	0.084	-1.46
2.05653715134	0.052	-0.504	2.044
2.05861616135	0.052	-0.504	2.044
2.06068611145	0.036	0.088	-1.384
2.06275701523	0.036	0.088	-1.384
2.06482720375	0.036	0.088	-1.384
2.06689715385	0.052	-0.256	2.044
2.06897306442	0.052	-0.256	2.044
2.07104301453	-0.1	0.276	-1.256
2.07311606407	-0.1	0.276	-1.256
2.07518720627	-0.1	0.276	-1.256
2.07725715637	-0.004	-0.236	2.044
2.07932806015	-0.004	-0.236	2.044
2.0814011097	0.016	0.148	-1.14
2.0834710598	0.016	0.148	-1.14
2.08554005623	0.016	0.148	-1.14
2.08761310577	-0.368	-0.14	2.044
2.08968901634	-0.368	-0.14	2.044
2.09177017212	0.024	0.188	-1.016
2.09384012222	0.024	0.188	-1.016
2.09591007233	0.024	0.188	-1.016
2.09799718857	-0.132	-0.224	2.044
2.10005998611	-0.132	-0.224	2.044
2.10212302208	-0.104	0.108	-0.868
2.10418605804	-0.104	0.108	-0.868
2.10625004768	-0.228	-0.284	2.044
2.10831403732	-0.228	-0.284	2.044
2.1103811264	-0.228	-0.284	2.044
2.11244416237	-0.084	-0.044	-0.7
2.11450910568	-0.084	-0.044	-0.7
2.11657309532	-0.188	-0.368	2.044
2.11864519119	-0.188	-0.368	2.044
2.12072014809	-0.188	-0.368	2.044
2.12279415131	-0.036	-0.068	-0.548
2.12486505508	-0.036	-0.068	-0.548
2.12693619728	0.312	-0.408	2.044
2.12900805473	0.312	-0.408	2.044
2.13107800484	0.312	-0.408	2.044
2.13314700127	0.06	-0.084	-0.372
2.13521718979	0.06	-0.084	-0.372
2.13729000092	0.136	-0.368	2.044
2.13936710358	0.136	-0.368	2.044
2.14143610001	0.136	-0.368	2.044
2.14350509644	0.02	-0.064	-0.172
2.14557719231	0.02	-0.064	-0.172
2.14764714241	-0.028	-0.244	2.044
2.14973402023	-0.028	-0.244	2.044
2.15182805061	-0.028	-0.244	2.044
2.15390110016	0.008	-0.004	0.0
2.15596413612	0.008	-0.004	0.0
2.15803098679	-0.156	-0.216	1.852
2.16010308266	-0.156	-0.216	1.852
2.16217517853	-0.156	-0.216	1.852
2.16424512863	0.024	0.056	0.172
2.16631317139	0.024	0.056	0.172
2.16838216782	0.056	-0.104	1.64
2.17045307159	0.056	-0.104	1.64
2.17252206802	0.176	0.104	0.388
2.1745891571	0.176	0.104	0.388
2.17665600777	0.176	0.104	0.388
2.17873001099	0.088	-0.084	1.44
2.18080019951	0.088	-0.084	1.44
2.18287301064	0.032	0.048	0.568
2.18496108055	0.032	0.048	0.568
2.18703007698	0.032	0.048	0.568
2.1891040802	-0.14	-0.048	1.224
2.19117617607	-0.14	-0.048	1.224
2.1932489872	-0.208	-0.16	0.768
2.19531917572	-0.208	-0.16	0.768
2.1973900795	-0.208	-0.16	0.768
2.19946718216	-0.26	-0.136	1.036
2.20153999329	-0.26	-0.136	1.036
2.20361113548	0.016	-0.14	0.98
2.20568013191	0.016	-0.14	0.98
2.20784020424	0.016	-0.14	0.98
2.20991420746	-0.052	-0.052	0.808
2.21198606491	-0.052	-0.052	0.808
2.21405720711	-0.044	-0.256	1.2
2.21613311768	-0.044	-0.256	1.2
2.21821117401	-0.044	-0.096	0.632
2.22028303146	-0.044	-0.096	0.632
2.22235298157	-0.044	-0.096	0.632
2.22442412376	0.112	-0.28	1.4
2.22649407387	0.112	-0.28	1.4
2.22857999802	-0.136	-0.172	0.408
2.23065209389	-0.136	-0.172	0.408
2.23272705078	-0.136	-0.172	0.408
2.23479914665	-0.12	-0.092	1.584
2.2368710041	-0.12	-0.092	1.584
2.23894906044	-0.072	-0.104	0.24
2.2410261631	-0.072	-0.104	0.24
2.2430961132	-0.072	-0.104	0.24
2.24516606331	0.072	-0.204	1.796
2.24723911285	0.072	-0.204	1.796
2.24931311607	0.008	-0.044	0.032
2.2513821125	0.008	-0.044	0.032
2.25345015526	0.008	-0.044	0.032
2.25551819801	0.224	0.048	1.98
2.25758719444	0.224	0.048	1.98
2.25966215134	-0.116	0.02	-0.168
2.26173210144	-0.116	0.02	-0.168
2.26380205154	-0.116	0.02	-0.168
2.26590108871	-0.044	-0.108	2.044
2.2679810524	-0.044	-0.108	2.044
2.2700521946	-0.072	0.016	-0.34
2.27212309837	-0.072	0.016	-0.34
2.27419400215	-0.072	0.016	-0.34
2.27626299858	0.1	-0.32	2.044
2.27833914757	0.1	-0.32	2.044
2.28041219711	-0.028	-0.064	-0.504
2.28248500824	-0.028	-0.064	-0.504
2.28455710411	-0.108	-0.26	2.044
2.28662705421	-0.108	-0.26	2.044
2.28870010376	-0.108	-0.26	2.044
2.29077219963	-0.088	0.132	-0.688
2.29284310341	-0.088	0.132	-0.688
2.29491305351	0.044	-0.58	2.044
2.2970020771	0.044	-0.58	2.044
2.29907917976	0.044	-0.58	2.044
2.30114912987	-0.008	0.0	-0.828
2.30321216583	-0.008	0.0	-0.828
2.30527615547	0.096	-0.516	2.044
2.30734610558	0.096	-0.516	2.044
2.3094201088	0.096	-0.516	2.044
2.31148815155	-0.016	0.072	-1.016
2.31355309486	-0.016	0.072	-1.016
2.31561613083	0.072	-0.424	2.044
2.3176779747	0.072	-0.424	2.044
2.31975197792	0.072	-0.424	2.044
2.32182407379	-0.004	0.132	-1.108
2.32390499115	-0.004	0.132	-1.108
2.32601499557	0.16	-0.44	2.044
2.32810115814	0.16	-0.44	2.044
2.33017301559	0.16	-0.44	2.044
2.33224415779	0.04	0.068	-1.252
2.33431410789	0.04	0.068	-1.252
2.336384058	0.188	-0.116	2.044
2.33846020699	0.188	-0.116	2.044
2.34053111076	-0.1	0.228	-1.348
2.34260201454	-0.1	0.228	-1.348
2.34467720985	-0.1	0.228	-1.348
2.34674906731	0.084	-0.188	2.044
2.34882497787	0.084	-0.188	2.044
2.3508951664	-0.052	0.104	-1.448
2.35298013687	-0.052	0.104	-1.448
2.35505008698	-0.052	0.104	-1.448
2.35712099075	-0.004	-0.38	2.044
2.35919308662	-0.004	-0.38	2.044
2.36127519608	-0.12	0.14	-1.524
2.36334514618	-0.12	0.14	-1.524
2.36541509628	-0.12	0.14	-1.524
2.36748504639	-0.04	-0.268	2.044
2.36955904961	-0.04	-0.268	2.044
2.37163114548	-0.084	0.116	-1.604
2.37370109558	-0.084	0.116	-1.604
2.37577605247	-0.084	0.116	-1.604
2.37785601616	-0.32	-0.564	2.044
2.37992811203	-0.32	-0.564	2.044
2.38200807571	-0.052	0.052	-1.656
2.38408017159	-0.052	0.052	-1.656
2.38615202904	-0.052	0.052	-1.656
2.38823008537	-0.012	-0.604	2.044
2.39030098915	-0.012	-0.604	2.044
2.39237308502	-0.056	0.112	-1.7
2.39444518089	-0.056	0.112	-1.7
2.39651703835	0.224	-0.628	2.044
2.39859318733	0.224	-0.628	2.044
2.40066409111	0.224	-0.628	2.044
2.40273404121	0.12	0.06	-1.708
2.40480303764	0.12	0.06	-1.708
2.40687298775	0.148	-0.592	2.044
2.40897512436	0.148	-0.592	2.044
2.41104602814	0.148	-0.592	2.044
2.41311597824	-0.084	0.136	-1.74
2.41518712044	-0.084	0.136	-1.74
2.41726016998	-0.172	-0.372	2.044
2.4193379879	-0.172	-0.372	2.044
2.4214091301	-0.172	-0.372	2.044
2.42348003387	0.024	0.188	-1.752
2.42555308342	0.024	0.188	-1.752
2.42762303352	-0.104	-0.344	2.044
2.42969918251	-0.104	-0.344	2.044
2.43177008629	-0.104	-0.344	2.044
2.43384099007	-0.06	0.14	-1.712
2.43591213226	-0.06	0.14	-1.712
2.43798899651	0.232	-0.024	2.044
2.44007301331	0.232	-0.024	2.044
2.44215798378	0.232	-0.024	2.044
2.44422698021	-0.04	0.184	-1.692
2.44629907608	-0.04	0.184	-1.692
2.44837212563	-0.028	-0.196	2.044
2.45044398308	-0.028	-0.196	2.044
2.45251512527	-0.032	0.132	-1.648
2.45458602905	-0.032	0.132	-1.648
2.45665717125	-0.032	0.132	-1.648
2.45873117447	-0.536	-0.344	2.044
2.46080303192	-0.536	-0.344	2.044
2.46287417412	-0.036	0.096	-1.576
2.46495819092	-0.036	0.096	-1.576
2.46703004837	-0.036	0.096	-1.576
2.46910810471	-0.224	-0.308	2.044
2.47118115425	-0.224	-0.308	2.044
2.47327113152	0.012	0.092	-1.504
2.47534203529	0.012	0.092	-1.504
2.47741103172	0.012	0.092	-1.504
2.47948813438	0.304	-0.44	2.044
2.48155903816	0.304	-0.44	2.044
2.48362898827	0.048	-0.044	-1.38
2.48570203781	0.048	-0.044	-1.38
2.48777914047	0.048	-0.044	-1.38
2.48985314369	0.208	-0.48	2.044
2.49192404747	0.208	-0.48	2.044
2.4939930439	-0.004	0.036	-1.304
2.496062994	-0.004	0.036	-1.304
2.49815917015	-0.004	0.036	-1.304
2.5002310276	0.232	-0.544	2.044
2.50230002403	0.232	-0.544	2.044
2.50437402725	0.012	0.084	-1.18
2.50644302368	0.012	0.084	-1.18
2.50851917267	0.084	-0.408	2.044
2.51058101654	0.084	-0.408	2.044
2.51264214516	0.084	-0.408	2.044
2.51470303535	0.028	0.076	-1.06
2.51676416397	0.028	0.076	-1.06
2.51883006096	0.076	-0.152	2.044
2.5209031105	0.076	-0.152	2.044
2.52297520638	0.076	-0.152	2.044
2.5250442028	-0.044	0.232	-0.916
2.52711606026	-0.044	0.232	-0.916
2.5291891098	0.04	-0.2	2.044
2.53125905991	0.04	-0.2	2.044
2.53332901001	0.04	-0.2	2.044
2.53539800644	-0.052	0.132	-0.768
2.53747320175	-0.052	0.132	-0.768
2.53955101967	-0.276	-0.168	2.044
2.54162216187	-0.276	-0.168	2.044
2.54369306564	-0.276	-0.168	2.044
2.54576611519	0.08	0.136	-0.612
2.54784202576	0.08	0.136	-0.612
2.54991102219	-0.056	-0.16	2.044
2.55199408531	-0.056	-0.16	2.044
2.55406808853	-0.056	-0.16	2.044
2.55614805222	-0.116	0.056	-0.456
2.55823016167	-0.116	0.056	-0.456
2.56030201912	-0.188	-0.148	2.044
2.56237411499	-0.188	-0.148	2.044
2.56444501877	-0.188	-0.148	2.044
2.56651616096	-0.096	-0.144	-0.26
2.56859207153	-0.096	-0.144	-0.26
2.57066607475	-0.172	-0.276	2.044
2.57273697853	-0.172	-0.276	2.044
2.57480812073	0.004	-0.148	-0.088
2.57687902451	0.004	-0.148	-0.088
2.57895708084	0.004	-0.148	-0.088
2.58102798462	0.188	-0.332	1.896
2.58309698105	0.188	-0.332	1.896
2.58517313004	0.072	-0.128	0.108
2.58724308014	0.072	-0.128	0.108
2.58931803703	0.072	-0.128	0.108
2.59138798714	0.2	-0.252	1.756
2.59345817566	0.2	-0.252	1.756
2.59552717209	0.072	-0.112	0.304
2.59759497643	0.072	-0.112	0.304
2.59967112541	0.072	-0.112	0.304
2.60174512863	0.02	-0.072	1.532
2.60381507874	0.02	-0.072	1.532
2.60588407516	0.0	-0.084	0.508
2.60794615746	0.0	-0.084	0.508
2.61000919342	0.0	-0.084	0.508
2.61207008362	-0.14	-0.088	1.34
2.61414909363	-0.14	-0.088	1.34
2.61621904373	0.048	0.008	0.704
2.61829304695	0.048	0.008	0.704
2.62036013603	0.048	0.008	0.704
2.62242698669	0.008	-0.048	1.116
2.62449598312	0.008	-0.048	1.116
2.62656617165	0.12	-0.02	0.896
2.62864112854	0.12	-0.02	0.896
2.63075017929	0.024	-0.004	0.912
2.63282513618	0.024	-0.004	0.912
2.63489603996	0.024	-0.004	0.912
2.63696599007	0.02	0.0	1.092
2.63902711868	0.02	0.0	1.092
2.64110517502	-0.096	0.016	0.7
2.64317512512	-0.096	0.016	0.7
2.64524412155	-0.096	0.016	0.7
2.64731311798	-0.208	-0.304	1.28
2.64938807487	-0.208	-0.304	1.28
2.65145897865	-0.036	-0.112	0.504
2.65352916718	-0.036	-0.112	0.504
2.65559911728	-0.036	-0.112	0.504
2.65767097473	-0.028	-0.188	1.504
2.65974903107	-0.028	-0.188	1.504
2.66181898117	-0.052	0.076	0.292
2.66390609741	-0.052	0.076	0.292
2.66597914696	-0.052	0.076	0.292
2.66805505753	-0.02	-0.396	1.728
2.67012619972	-0.02	-0.396	1.728
2.67220711708	0.056	-0.032	0.104
2.67427706718	0.056	-0.032	0.104
2.67634510994	0.056	-0.032	0.104
2.67842006683	0.084	-0.34	1.916
2.68049001694	0.084	-0.34	1.916
2.68256115913	-0.084	-0.076	-0.08
2.68463206291	-0.084	-0.076	-0.08
2.68670320511	-0.084	-0.076	-0.08
2.68877601624	-0.132	-0.192	2.044
2.69084715843	-0.132	-0.192	2.044
2.69291806221	-0.052	0.0	-0.248
2.6949801445	-0.052	0.0	-0.248
2.69706106186	0.028	-0.264	2.044
2.69914102554	0.028	-0.264	2.044
2.70121216774	0.028	-0.264	2.044
2.70328211784	0.068	0.02	-0.444
2.70535302162	0.068	0.02	-0.444
2.70742201805	0.264	0.02	2.044
2.70949220657	0.264	0.02	2.044
2.7115521431	0.264	0.02	2.044
2.71361303329	-0.056	0.104	-0.608
2.71567702293	-0.056	0.104	-0.608
2.7177400589	-0.024	-0.124	2.044
2.71990799904	-0.024	-0.124	2.044
2.72198104858	-0.024	-0.124	2.044
2.72405314445	-0.052	0.072	-0.78
2.72612500191	-0.052	0.072	-0.78
2.72819805145	-0.068	-0.324	2.044
2.73028302193	-0.068	-0.324	2.044
2.7323551178	-0.068	-0.324	2.044
2.7344250679	-0.044	-0.012	-0.916
2.73649716377	-0.044	-0.012	-0.916
2.73857712746	-0.08	-0.308	2.044
2.740650177	-0.08	-0.308	2.044
2.74272108078	-0.08	-0.308	2.044
2.74479103088	-0.024	0.144	-1.076
2.74686408043	-0.024	0.144	-1.076
2.74894118309	0.092	-0.584	2.044
2.75101017952	0.092	-0.584	2.044
2.75308203697	-0.068	0.06	-1.176
2.75515317917	-0.068	0.06	-1.176
2.75722312927	-0.068	0.06	-1.176
2.75930118561	0.096	-0.528	2.044
2.76137518883	0.096	-0.528	2.044
2.76344513893	-0.048	0.096	-1.308
2.76551604271	-0.048	0.096	-1.308
2.76758718491	-0.048	0.096	-1.308
2.76966619492	0.088	-0.388	2.044
2.77173614502	0.088	-0.388	2.044
2.7738070488	-0.008	0.152	-1.4
2.77589917183	-0.008	0.152	-1.4
2.77797818184	-0.008	0.152	-1.4
2.78004908562	0.18	-0.464	2.044
2.78211903572	0.18	-0.464	2.044
2.78418898582	-0.04	0.12	-1.5
2.78625702858	-0.04	0.12	-1.5
2.78833913803	-0.04	0.12	-1.5
2.79040598869	0.084	-0.156	2.044
2.79247617722	0.084	-0.156	2.044
2.79455018044	-0.148	0.252	-1.572
2.79662203789	-0.148	0.252	-1.572
2.79869914055	-0.148	0.252	-1.572
2.800770998	0.08	-0.244	2.044
2.80284118652	0.08	-0.244	2.044
2.80491018295	-0.08	0.128	-1.632
2.80698108673	-0.08	0.128	-1.632
2.80907607079	0.068	-0.34	2.044
2.81115007401	0.068	-0.34	2.044
2.81322002411	0.068	-0.34	2.044
2.81528997421	-0.128	0.184	-1.68
2.81736302376	-0.128	0.184	-1.68
2.81944108009	-0.052	-0.336	2.044
2.82151198387	-0.052	-0.336	2.044
2.82358217239	-0.052	-0.336	2.044
2.82565808296	-0.088	0.128	-1.716
2.82773017883	-0.088	0.128	-1.716
2.8298060894	-0.324	-0.632	2.044
2.83189105988	-0.324	-0.632	2.044
2.83396315575	-0.324	-0.632	2.044
2.83603405952	-0.064	0.052	-1.72
2.83811211586	-0.064	0.052	-1.72
2.84018301964	-0.028	-0.612	2.044
2.84225511551	-0.028	-0.612	2.044
2.84432601929	-0.028	-0.612	2.044
2.84640598297	-0.036	0.104	-1.728
2.84848117828	-0.036	0.104	-1.728
2.85055398941	0.324	-0.7	2.044
2.85262417793	0.324	-0.7	2.044
2.85469317436	0.324	-0.7	2.044
2.85676407814	0.124	0.052	-1.712
2.85883903503	0.124	0.052	-1.712
2.86091017723	0.172	-0.616	2.044
2.86297917366	0.172	-0.616	2.044
2.86506199837	-0.036	0.116	-1.708
2.86713314056	-0.036	0.116	-1.708
2.86921000481	-0.036	0.116	-1.708
2.871281147	-0.076	-0.392	2.044
2.87335515022	-0.076	-0.392	2.044
2.875426054	-0.004	0.176	-1.652
2.8774971962	-0.004	0.176	-1.652
2.87957406044	-0.004	0.176	-1.652
2.88164710999	-0.136	-0.408	2.044
2.88371801376	-0.136	-0.408	2.044
2.88578820229	0.008	0.136	-1.592
2.88786411285	0.008	0.136	-1.592
2.88993906975	0.008	0.136	-1.592
2.89200997353	0.256	-0.056	2.044
2.89407920837	0.256	-0.056	2.044
2.8961482048	-0.044	0.272	-1.548
2.89822506905	-0.044	0.272	-1.548
2.90029597282	-0.044	0.272	-1.548
2.90236616135	-0.004	-0.16	2.044
2.9044470787	-0.004	-0.16	2.044
2.90651917458	-0.024	0.132	-1.452
2.90859699249	-0.024	0.132	-1.452
2.91066098213	-0.024	0.132	-1.452
2.91272521019	-0.608	-0.272	2.044
2.91478919983	-0.608	-0.272	2.044
2.91685199738	-0.064	0.152	-1.356
2.91899609566	-0.064	0.152	-1.356
2.92108798027	-0.228	-0.316	2.044
2.92316317558	-0.228	-0.316	2.044
2.92523312569	-0.228	-0.316	2.044
2.92730212212	-0.032	0.092	-1.248
2.92937517166	-0.032	0.092	-1.248
2.93144512177	0.268	-0.308	2.044
2.93351411819	0.268	-0.308	2.044
2.93558216095	0.268	-0.308	2.044
2.93765306473	0.036	-0.072	-1.096
2.9397289753	0.036	-0.072	-1.096
2.94179821014	0.192	-0.412	2.044
2.94386601448	0.192	-0.412	2.044
2.94593501091	0.192	-0.412	2.044
2.94801020622	0.0	-0.004	-0.98
2.95007109642	0.0	-0.004	-0.98
2.95213317871	0.116	-0.536	2.044
2.95421910286	0.116	-0.536	2.044
2.95628809929	0.116	-0.536	2.044
2.95836210251	0.008	0.036	-0.84
2.96042919159	0.008	0.036	-0.84
2.96250700951	0.056	-0.4	2.044
2.96457409859	0.056	-0.4	2.044
2.96664214134	0.056	-0.4	2.044
2.96871113777	0.004	0.056	-0.688
2.97078108788	0.004	0.056	-0.688
2.97289705276	0.148	-0.128	2.044
2.97496819496	0.148	-0.128	2.044
2.97704911232	0.148	-0.128	2.044
2.97912406921	0.044	0.196	-0.512
2.98119211197	0.044	0.196	-0.512
2.98326206207	0.044	-0.08	2.044
2.98534202576	0.044	-0.08	2.044
2.98741412163	-0.06	0.116	-0.364
2.98949098587	-0.06	0.116	-0.364
2.9915599823	-0.06	0.116	-0.364
2.9936311245	-0.356	-0.236	2.044
2.9957010746	-0.356	-0.236	2.044
2.99777698517	0.108	0.08	-0.184
2.9998459816	0.108	0.08	-0.184
3.00191617012	0.108	0.08	-0.184
3.00398516655	-0.096	-0.156	1.984
3.00605511665	-0.096	-0.156	1.984
3.00812602043	-0.068	-0.016	0.004
3.01019620895	-0.068	-0.016	0.004
3.01226520538	-0.068	-0.016	0.004
3.01433205605	-0.068	-0.084	1.796
3.01640200615	-0.068	-0.084	1.796
3.01848316193	-0.068	-0.164	0.212
3.02056407928	-0.068	-0.164	0.212
3.02263307571	-0.068	-0.164	0.212
3.02470397949	-0.22	-0.136	1.608
3.02677416801	-0.22	-0.136	1.608
3.02884817123	0.084	-0.188	0.396
3.03092002869	0.084	-0.188	0.396
3.03298902512	0.084	-0.188	0.396
3.03505706787	0.016	-0.344	1.428
3.03712511063	0.016	-0.344	1.428
3.03920006752	0.096	-0.152	0.616
3.04127001762	0.096	-0.152	0.616
3.0433371067	0.072	-0.148	1.24
3.04540419579	0.072	-0.148	1.24
3.04747104645	0.072	-0.148	1.24
3.04954409599	0.148	-0.144	0.796
3.05161619186	0.148	-0.144	0.796
3.05368304253	-0.024	-0.092	1.016
3.05575203896	-0.024	-0.092	1.016
3.05783009529	-0.024	-0.092	1.016
3.05989909172	0.024	-0.02	1.016
3.06196713448	0.024	-0.02	1.016
3.06404709816	-0.12	0.0	0.812
3.06610918045	-0.12	0.0	0.812
3.06817412376	-0.12	0.0	0.812
3.07023406029	0.064	-0.044	1.208
3.07234621048	0.064	-0.044	1.208
3.07441902161	0.0	-0.008	0.592
3.07648301125	0.0	-0.008	0.592
3.07856011391	0.0	-0.008	0.592
3.0806221962	0.196	-0.084	1.412
3.08269715309	0.196	-0.084	1.412
3.0847671032	-0.092	0.02	0.416
3.08683609962	-0.092	0.02	0.416
3.08893918991	-0.092	0.02	0.416
3.09100914001	-0.02	-0.052	1.588
3.09307909012	-0.02	-0.052	1.588
3.0951499939	-0.148	0.044	0.196
3.097230196	-0.148	0.044	0.196
3.09930300713	-0.148	0.044	0.196
3.10136818886	-0.188	-0.432	1.804
3.1034309864	-0.188	-0.432	1.804
3.10549616814	-0.016	-0.052	0.024
3.10755801201	-0.016	-0.052	0.024
3.10962414742	-0.028	-0.292	1.996
3.11169219017	-0.028	-0.292	1.996
3.11376810074	-0.028	-0.292	1.996
3.11583614349	-0.104	0.06	-0.184
3.11790418625	-0.104	0.06	-0.184
3.11997699738	0.056	-0.504	2.044
3.12204909325	0.056	-0.504	2.044
3.12411904335	0.056	-0.504	2.044
3.12618708611	0.028	0.088	-0.352
3.12825798988	0.028	0.088	-0.352
3.13032817841	0.132	-0.432	2.044
3.13239717484	0.132	-0.432	2.044
3.13446712494	0.132	-0.432	2.044
3.13654613495	-0.052	-0.008	-0.536
3.13862419128	-0.052	-0.008	-0.536
3.14069604874	-0.132	-0.184	2.044
3.14276719093	-0.132	-0.184	2.044
3.14483809471	-0.132	-0.184	2.044
3.14691305161	-0.044	0.104	-0.7
3.14899015427	-0.044	0.104	-0.7
3.15106105804	0.044	-0.276	2.044
3.15313315392	0.044	-0.276	2.044
3.15520310402	0.044	-0.276	2.044
3.15727210045	0.04	0.076	-0.868
3.15934801102	0.04	0.076	-0.868
3.16141915321	0.28	-0.044	2.044
3.16348910332	0.28	-0.044	2.044
3.16555905342	-0.108	0.14	-0.992
3.16762900352	-0.108	0.14	-0.992
3.16970705986	-0.108	0.14	-0.992
3.17177820206	0.008	-0.128	2.044
3.17384815216	0.008	-0.128	2.044
3.17593502998	-0.068	0.116	-1.128
3.17801403999	-0.068	0.116	-1.128
3.18008899689	-0.068	0.116	-1.128
3.18215799332	-0.24	-0.416	2.044
3.18422913551	-0.24	-0.416	2.044
3.18630003929	-0.076	0.052	-1.244
3.18837714195	-0.076	0.052	-1.244
3.1904489994	-0.076	0.052	-1.244
3.19252109528	-0.076	-0.336	2.044
3.19460320473	-0.076	-0.336	2.044
3.19667410851	-0.068	0.144	-1.36
3.19875097275	-0.068	0.144	-1.36
3.20082211494	-0.068	0.144	-1.36
3.20289301872	0.072	-0.532	2.044
3.20496320724	0.072	-0.532	2.044
3.20703220367	-0.048	0.068	-1.444
3.20912599564	-0.048	0.068	-1.444
3.21120214462	-0.048	0.068	-1.444
3.2132730484	0.168	-0.588	2.044
3.2153429985	0.168	-0.588	2.044
3.2174141407	-0.056	0.112	-1.544
3.21949315071	-0.056	0.112	-1.544
3.22156310081	-0.04	-0.384	2.044
3.22363400459	-0.04	-0.384	2.044
3.22570705414	-0.04	-0.384	2.044
3.2277841568	-0.02	0.136	-1.588
3.22985506058	-0.02	0.136	-1.588
3.2319381237	0.116	-0.432	2.044
3.23400902748	0.116	-0.432	2.044
3.23607802391	0.116	-0.432	2.044
3.23814916611	-0.092	0.132	-1.648
3.24022197723	-0.092	0.132	-1.648
3.24229502678	0.12	-0.164	2.044
3.24436903	0.12	-0.164	2.044
3.2464389801	0.12	-0.164	2.044
3.24851107597	-0.136	0.264	-1.72
3.25058197975	-0.136	0.264	-1.72
3.25266313553	-0.008	-0.232	2.044
3.25473213196	-0.008	-0.232	2.044
3.25680303574	-0.008	-0.232	2.044
3.25894713402	-0.108	0.128	-1.724
3.26102018356	-0.108	0.128	-1.724
3.26309204102	-0.004	-0.276	2.044
3.26517510414	-0.004	-0.276	2.044
3.26724600792	-0.004	-0.276	2.044
3.26932406425	-0.088	0.128	-1.744
3.27139520645	-0.088	0.128	-1.744
3.27346920967	-0.1	-0.36	2.044
3.27554416656	-0.1	-0.36	2.044
3.27761507034	-0.048	0.128	-1.736
3.27969312668	-0.048	0.128	-1.736
3.28176903725	-0.048	0.128	-1.736
3.28384017944	-0.276	-0.644	2.044
3.2859120369	-0.276	-0.644	2.044
3.28798413277	-0.024	0.012	-1.708
3.29005718231	-0.024	0.012	-1.708
3.29212808609	-0.024	0.012	-1.708
3.29420018196	-0.036	-0.568	2.044
3.29627013206	-0.036	-0.568	2.044
3.29834699631	0.012	0.084	-1.68
3.3004181385	0.012	0.084	-1.68
3.30248713493	0.012	0.084	-1.68
3.30455708504	0.472	-0.668	2.044
3.30662798882	0.472	-0.668	2.044
3.30870819092	0.084	0.04	-1.612
3.3107790947	0.084	0.04	-1.612
3.31284117699	0.084	0.04	-1.612
3.31490302086	0.184	-0.58	2.044
3.31696414948	0.184	-0.58	2.044
3.31904101372	0.024	0.116	-1.58
3.32113409042	0.024	0.116	-1.58
3.32320618629	0.024	0.116	-1.58
3.32527518272	-0.088	-0.408	2.044
3.32734704018	-0.088	-0.408	2.044
3.3294210434	-0.092	0.212	-1.484
3.33149218559	-0.092	0.212	-1.484
3.33356308937	-0.092	0.212	-1.484
3.33563303947	-0.116	-0.352	2.044
3.33770704269	-0.116	-0.352	2.044
3.33978819847	0.052	0.124	-1.388
3.3418571949	0.052	0.124	-1.388
3.34392619133	0.176	-0.092	2.044
3.3460111618	0.176	-0.092	2.044
3.34808707237	0.176	-0.092	2.044
3.3501560688	-0.016	0.288	-1.3
3.35222911835	-0.016	0.288	-1.3
3.35430312157	-0.004	-0.168	2.044
3.35637402534	-0.004	-0.168	2.044
3.35849618912	-0.004	-0.168	2.044
3.36056900024	-0.04	0.14	-1.192
3.36264204979	-0.04	0.14	-1.192
3.36471319199	-0.664	-0.292	2.044
3.36678504944	-0.664	-0.292	2.044
3.36892414093	-0.664	-0.292	2.044
3.37099909782	-0.096	0.084	-1.064
3.37307715416	-0.096	0.084	-1.064
3.37514901161	-0.26	-0.356	2.044
3.37723302841	-0.26	-0.356	2.044
3.37931203842	-0.26	-0.356	2.044
3.38138318062	-0.068	0.028	-0.916
3.3834540844	-0.068	0.028	-0.916
3.38552904129	0.316	-0.34	2.044
3.38759899139	0.316	-0.34	2.044
3.38967609406	0.04	-0.092	-0.744
3.39174818993	0.04	-0.092	-0.744
3.39382100105	0.04	-0.092	-0.744
3.39589118958	0.116	-0.36	2.044
3.39796710014	0.116	-0.36	2.044
3.40003705025	0.012	-0.048	-0.6
3.40211009979	0.012	-0.048	-0.6
3.40418410301	0.012	-0.048	-0.6
3.40625500679	0.0	-0.484	2.044
3.40831804276	0.0	-0.484	2.044
3.41038107872	0.0	-0.012	-0.424
3.41244506836	0.0	-0.012	-0.424
3.41450715065	0.0	-0.012	-0.424
3.41657018661	-0.04	-0.4	2.044
3.41864800453	-0.04	-0.4	2.044
3.42071914673	-0.012	0.028	-0.26
3.42279005051	-0.012	0.028	-0.26
3.4248611927	-0.012	0.028	-0.26
3.42694115639	0.236	-0.088	2.044
3.42901802063	0.236	-0.088	2.044
3.43108820915	0.176	0.136	-0.068
3.43315815926	0.176	0.136	-0.068
3.43522810936	0.176	0.136	-0.068
3.43730020523	0.04	-0.032	1.912
3.43937706947	0.04	-0.032	1.912
3.44144797325	0.016	0.1	0.116
3.44351506233	0.016	0.1	0.116
3.44558310509	0.016	0.1	0.116
3.44764900208	-0.344	-0.236	1.688
3.44973015785	-0.344	-0.236	1.688
3.45180106163	0.036	0.012	0.296
3.45386910439	0.036	0.012	0.296
3.45593500137	-0.228	-0.144	1.504
3.4580271244	-0.228	-0.144	1.504
3.46009898186	-0.228	-0.144	1.504
3.46216917038	-0.016	-0.056	0.496
3.46424198151	-0.016	-0.056	0.496
3.46631407738	-0.028	-0.06	1.292
3.46839308739	-0.028	-0.06	1.292
3.47046518326	-0.028	-0.06	1.292
3.47253608704	-0.072	-0.184	0.728
3.47460699081	-0.072	-0.184	0.728
3.47667813301	-0.132	-0.12	1.104
3.47875499725	-0.132	-0.12	1.104
3.48082709312	-0.132	-0.12	1.104
3.482899189	0.104	-0.24	0.928
3.48497915268	0.104	-0.24	0.928
3.48704719543	-0.088	-0.276	0.908
3.48913908005	-0.088	-0.276	0.908
3.49120903015	-0.088	-0.276	0.908
3.49328017235	-0.016	-0.132	1.116
3.4953520298	-0.016	-0.132	1.116
3.49742507935	-0.048	-0.14	0.704
3.49950218201	-0.048	-0.14	0.704
3.5015771389	-0.048	-0.14	0.704
3.50364804268	0.1	-0.196	1.332
3.50571799278	0.1	-0.196	1.332
3.50779509544	-0.092	-0.156	0.492
3.50985908508	-0.092	-0.156	0.492
3.51192212105	0.036	0.044	1.52
3.51398301125	0.036	0.044	1.52
3.51604199409	0.036	0.044	1.52
3.51810717583	-0.16	-0.016	0.28
3.52018213272	-0.16	-0.016	0.28
3.52225399017	0.012	-0.12	1.72
3.5243241787	0.012	-0.12	1.72
3.52639317513	0.012	-0.12	1.72
3.52846503258	-0.056	-0.024	0.084
3.53053712845	-0.056	-0.024	0.084
3.53261208534	0.236	-0.108	1.912
3.53468298912	0.236	-0.108	1.912
3.53675317764	0.236	-0.108	1.912
3.53883004189	-0.036	0.028	-0.096
3.54090118408	-0.036	0.028	-0.096
3.5429880619	-0.056	-0.124	2.044
3.54506015778	-0.056	-0.124	2.044
3.54713320732	-0.056	-0.124	2.044
3.54921102524	-0.152	0.06	-0.296
3.55128312111	-0.152	0.06	-0.296
3.55335497856	-0.2	-0.456	2.044
3.55542612076	-0.2	-0.456	2.044
3.55749797821	-0.2	-0.456	2.044
3.55957508087	0.0	-0.112	-0.44
3.56164097786	0.0	-0.112	-0.44
3.56370401382	-0.032	-0.4	2.044
3.56577801704	-0.032	-0.4	2.044
3.56785511971	-0.032	-0.4	2.044
3.56992912292	-0.068	0.072	-0.636
3.57200312614	-0.068	0.072	-0.636
3.57407402992	0.156	-0.556	2.044
3.57614398003	0.156	-0.556	2.044
3.57822108269	-0.024	0.076	-0.768
3.58029198647	-0.024	0.076	-0.768
3.58236312866	-0.024	0.076	-0.768
3.58443307877	0.168	-0.456	2.044
3.58650302887	0.168	-0.456	2.044
3.58857917786	0.004	0.02	-0.94
3.59064817429	0.004	0.02	-0.94
3.59271597862	0.004	0.02	-0.94
3.59478497505	-0.048	-0.196	2.044
3.59685897827	-0.048	-0.196	2.044
3.59893703461	-0.008	0.164	-1.064
3.60101699829	-0.008	0.164	-1.064
3.60308909416	-0.008	0.164	-1.064
3.60515999794	0.084	-0.276	2.044
3.60723018646	0.084	-0.276	2.044
3.60930299759	-0.02	0.084	-1.204
3.61137509346	-0.02	0.084	-1.204
3.61344599724	-0.02	0.084	-1.204
3.61551618576	0.256	-0.132	2.044
3.61758804321	0.256	-0.132	2.044
3.6196641922	-0.128	0.192	-1.312
3.62173509598	-0.128	0.192	-1.312
3.62380599976	-0.128	0.192	-1.312
3.6258790493	0.024	-0.128	2.044
3.62795615196	0.024	-0.128	2.044
3.63002920151	-0.064	0.116	-1.416
3.63211297989	-0.064	0.116	-1.416
3.63418602943	-0.34	-0.54	2.044
3.63625717163	-0.34	-0.54	2.044
3.63832902908	-0.34	-0.54	2.044
3.64040112495	-0.092	0.092	-1.496
3.6424741745	-0.092	0.092	-1.496
3.64454817772	-0.068	-0.42	2.044
3.6466190815	-0.068	-0.42	2.044
3.64869117737	-0.068	-0.42	2.044
3.65076303482	-0.064	0.112	-1.576
3.65283417702	-0.064	0.112	-1.576
3.6549050808	0.084	-0.532	2.044
3.6569750309	0.084	-0.532	2.044
3.65906214714	0.084	-0.532	2.044
3.66113710403	-0.004	0.044	-1.612
3.66320919991	-0.004	0.044	-1.612
3.66529107094	0.1	-0.624	2.044
3.66736006737	0.1	-0.624	2.044
3.66943717003	0.1	-0.624	2.044
3.67150712013	-0.08	0.132	-1.688
3.67358016968	-0.08	0.132	-1.688
3.67565011978	-0.024	-0.516	2.044
3.67772006989	-0.024	-0.516	2.044
3.67979717255	-0.024	-0.516	2.044
3.68877100945	0.048	-0.488	2.044
3.69092011452	-0.116	0.148	-1.74
3.69299602509	-0.116	0.148	-1.74
3.69506812096	-0.116	0.148	-1.74
3.69715714455	0.112	-0.156	2.044
3.69923520088	0.112	-0.156	2.044
3.70131206512	-0.076	0.224	-1.736
3.70338511467	-0.076	0.224	-1.736
3.70545816422	-0.088	-0.22	2.044
3.70753002167	-0.088	-0.22	2.044
3.70960402489	-0.088	-0.22	2.044
3.71166801453	-0.08	0.164	-1.736
3.71373319626	-0.08	0.164	-1.736
3.7157959938	-0.072	-0.156	2.044
3.71790719032	-0.072	-0.156	2.044
3.72000217438	-0.072	-0.156	2.044
3.72207713127	-0.056	0.104	-1.708
3.72417616844	-0.056	0.104	-1.708
3.72624707222	-0.124	-0.28	2.044
3.72832107544	-0.124	-0.28	2.044
3.73039317131	-0.124	-0.28	2.044
3.73246908188	-0.024	0.12	-1.664
3.73453998566	-0.024	0.12	-1.664
3.7366130352	-0.332	-0.524	2.044
3.73869204521	-0.332	-0.524	2.044
3.74076414108	-0.332	-0.524	2.044
3.74283409119	-0.02	0.028	-1.588
3.74490499496	-0.02	0.028	-1.588
3.74697613716	0.004	-0.46	2.044
3.7490530014	0.004	-0.46	2.044
3.75113606453	0.004	-0.46	2.044
3.7532081604	0.016	0.076	-1.516
3.75527906418	0.016	0.076	-1.516
3.75734806061	0.592	-0.572	2.044
3.75942516327	0.592	-0.572	2.044
3.76149606705	0.076	-0.008	-1.428
3.76356720924	0.076	-0.008	-1.428
3.76564311981	0.076	-0.008	-1.428
3.76771402359	0.224	-0.508	2.044
3.76979207993	0.224	-0.508	2.044
3.77186203003	0.024	0.056	-1.336
3.77393007278	0.024	0.056	-1.336
3.77601408958	0.024	0.056	-1.336
3.77809119225	-0.12	-0.444	2.044
3.78016114235	-0.12	-0.444	2.044
3.78224205971	-0.112	0.204	-1.228
3.78431510925	-0.112	0.204	-1.228
3.78638720512	-0.112	0.204	-1.228
3.78846406937	-0.036	-0.356	2.044
3.79053497314	-0.036	-0.356	2.044
3.79260611534	0.024	0.108	-1.104
3.79467797279	0.024	0.108	-1.104
3.79675102234	0.024	0.108	-1.104
3.79892301559	0.128	-0.052	2.044
3.80099701881	0.128	-0.052	2.044
3.80306911469	0.06	0.252	-0.968
3.80513906479	0.06	0.252	-0.968
3.80720806122	0.06	0.252	-0.968
3.80929207802	0.084	-0.16	2.044
3.81136202812	0.084	-0.16	2.044
3.81343102455	-0.08	0.128	-0.828
3.81550002098	-0.08	0.128	-0.828
3.81757307053	-0.536	-0.292	2.044
3.81965208054	-0.536	-0.292	2.044
3.82172203064	-0.536	-0.292	2.044
3.82379198074	-0.12	0.056	-0.688
3.82586503029	-0.12	0.056	-0.688
3.8279440403	-0.3	-0.32	2.044
3.83001804352	-0.3	-0.32	2.044
3.83209204674	-0.3	-0.32	2.044
3.83416414261	-0.068	-0.02	-0.516
3.83623409271	-0.068	-0.02	-0.516
3.83831214905	0.252	-0.2	2.044
3.84039115906	0.252	-0.2	2.044
3.84246110916	0.252	-0.2	2.044
3.84453105927	0.004	-0.164	-0.324
3.84660005569	0.004	-0.164	-0.324
3.84867215157	0.04	-0.284	2.044
3.85074305534	0.04	-0.284	2.044
3.85281205177	0.04	-0.284	2.044
3.8548810482	0.036	-0.12	-0.144
3.8569521904	0.036	-0.12	-0.144
3.85902500153	-0.04	-0.408	1.988
3.86109900475	-0.04	-0.408	1.988
3.86317110062	-0.04	-0.408	1.988
3.86525797844	0.016	-0.104	0.052
3.86733102798	0.016	-0.104	0.052
3.86940717697	-0.052	-0.316	1.796
3.87147903442	-0.052	-0.316	1.796
3.87355113029	0.048	0.0	0.224
3.87561297417	0.048	0.0	0.224
3.87767219543	0.048	0.0	0.224
3.87973809242	0.196	0.004	1.592
3.88180804253	0.196	0.004	1.592
3.88387608528	0.096	0.068	0.424
3.88594317436	0.096	0.068	0.424
3.88803005219	0.096	0.068	0.424
3.89009904861	0.072	-0.056	1.416
3.89216804504	0.072	-0.056	1.416
3.89424109459	0.056	0.072	0.6
3.89630818367	0.056	0.072	0.6
3.89839100838	0.056	0.072	0.6
3.90045905113	-0.092	-0.084	1.184
3.90252900124	-0.092	-0.084	1.184
3.90460419655	-0.056	-0.068	0.824
3.90667510033	-0.056	-0.068	0.824
3.90875101089	-0.056	-0.068	0.824
3.91081500053	-0.156	-0.124	0.988
3.91287899017	-0.156	-0.124	0.988
3.91494297981	0.008	-0.064	1.012
3.91700315475	0.008	-0.064	1.012
3.91907715797	0.008	-0.064	1.012
3.92116713524	-0.076	0.052	0.764
3.92323708534	-0.076	0.052	0.764
3.92531013489	-0.188	-0.328	1.24
3.92738199234	-0.188	-0.328	1.24
3.92945599556	-0.188	-0.328	1.24
3.9315290451	-0.056	-0.112	0.6
3.9336001873	-0.056	-0.112	0.6
3.93567013741	0.056	-0.272	1.44
3.93774104118	0.056	-0.272	1.44
3.9398431778	-0.06	-0.056	0.372
3.94191408157	-0.06	-0.056	0.372
3.94398403168	-0.06	-0.056	0.372
3.94605708122	-0.096	-0.232	1.628
3.94813418388	-0.096	-0.232	1.628
3.95020508766	0.0	-0.08	0.204
3.95226716995	0.0	-0.08	0.204
3.95433020592	0.0	-0.08	0.204
3.95640206337	0.092	-0.276	1.828
3.95848202705	0.092	-0.276	1.828
3.96055316925	-0.024	-0.072	-0.012
3.96262598038	-0.024	-0.072	-0.012
3.96469807625	-0.024	-0.072	-0.012
3.96676898003	0.004	-0.02	2.016
3.96884012222	0.004	-0.02	2.016
3.97091007233	-0.108	-0.012	-0.196
3.9729821682	-0.108	-0.012	-0.196
3.97505402565	-0.108	-0.012	-0.196
3.97714805603	-0.016	-0.16	2.044
3.97922706604	-0.016	-0.16	2.044
3.98129820824	0.024	0.02	-0.38
3.98336720467	0.024	0.02	-0.38
3.98543715477	0.024	0.02	-0.38
3.9875061512	0.28	-0.132	2.044
3.98958611488	0.28	-0.132	2.044
3.99165701866	-0.04	0.012	-0.544
3.99373006821	-0.04	0.012	-0.544
3.99580216408	-0.092	-0.156	2.044
3.99787807465	-0.092	-0.156	2.044
3.99995017052	-0.092	-0.156	2.044
4.00202202797	-0.092	0.112	-0.716
4.00409317017	-0.092	0.112	-0.716
4.00617814064	-0.124	-0.48	2.044
4.00824999809	-0.124	-0.48	2.044
4.01033616066	-0.124	-0.48	2.044
4.01240801811	-0.016	-0.036	-0.848
4.01448917389	-0.016	-0.036	-0.848
4.01656007767	0.008	-0.456	2.044
4.01863718033	0.008	-0.456	2.044
4.02070617676	0.008	-0.456	2.044
4.02277898788	-0.04	0.144	-1.012
4.02485108376	-0.04	0.144	-1.012
4.02692198753	0.244	-0.568	2.044
4.02899909019	0.244	-0.568	2.044
4.03106808662	0.244	-0.568	2.044
4.03315210342	-0.028	0.068	-1.136
4.0352241993	-0.028	0.068	-1.136
4.03729510307	0.156	-0.48	2.044
4.03937101364	0.156	-0.48	2.044
4.04145598412	0.156	-0.48	2.044
4.04352498055	0.0	0.072	-1.252
4.04558801651	0.0	0.072	-1.252
4.0476500988	-0.012	-0.224	2.044
4.04972910881	-0.012	-0.224	2.044
4.05180120468	-0.028	0.216	-1.36
4.05387616158	-0.028	0.216	-1.36
4.05594706535	-0.028	0.216	-1.36
4.05802202225	0.16	-0.344	2.044
4.06009221077	0.16	-0.344	2.044
4.06216216087	-0.036	0.116	-1.468
4.06423211098	-0.036	0.116	-1.468
4.06630420685	-0.036	0.116	-1.468
4.06838202477	0.268	-0.168	2.044
4.07045197487	0.268	-0.168	2.044
4.07253313065	-0.176	0.244	-1.548
4.0746049881	-0.176	0.244	-1.548
4.07667613029	-0.176	0.244	-1.548
4.07875299454	0.024	-0.216	2.044
4.08082199097	0.024	-0.216	2.044
4.08289313316	-0.1	0.128	-1.628
4.08496499062	-0.1	0.128	-1.628
4.08704018593	-0.1	0.128	-1.628
4.08911800385	-0.352	-0.552	2.044
4.09119105339	-0.352	-0.552	2.044
4.09326219559	-0.12	0.148	-1.692
4.09533309937	-0.12	0.148	-1.692
4.09740614891	-0.12	0.148	-1.692
4.09948015213	-0.112	-0.48	2.044
4.1015431881	-0.112	-0.48	2.044
4.10360717773	-0.08	0.116	-1.696
4.10567307472	-0.08	0.116	-1.696
4.10773706436	0.024	-0.636	2.044
4.10987520218	0.024	-0.636	2.044
4.11193919182	0.024	-0.636	2.044
4.11400318146	0.04	0.028	-1.716
4.11606502533	0.04	0.028	-1.716
4.11813306808	0.088	-0.644	2.044
4.12020611763	0.088	-0.644	2.044
4.12227916718	0.088	-0.644	2.044
4.12434911728	-0.052	0.112	-1.74
4.12642002106	-0.052	0.112	-1.74
4.12849211693	0.064	-0.644	2.044
4.13058400154	0.064	-0.644	2.044
4.13265419006	0.064	-0.644	2.044
4.13472509384	0.12	0.092	-1.716
4.13679504395	0.12	0.092	-1.716
4.13889718056	0.048	-0.528	2.044
4.14096903801	0.048	-0.528	2.044
4.14303803444	0.048	-0.528	2.044
4.14510798454	-0.04	0.136	-1.7
4.14718008041	-0.04	0.136	-1.7
4.14925718307	0.044	-0.176	2.044
4.1513299942	0.044	-0.176	2.044
4.15341615677	0.044	-0.176	2.044
4.15548706055	-0.028	0.212	-1.68
4.15756011009	-0.028	0.212	-1.68
4.15963816643	-0.108	-0.288	2.044
4.16171002388	-0.108	-0.288	2.044
4.16378211975	-0.108	-0.288	2.044
4.16585206985	-0.024	0.108	-1.648
4.16792798042	-0.024	0.108	-1.648
4.17000198364	-0.004	-0.092	2.044
4.17207217216	-0.004	-0.092	2.044
4.17414307594	-0.04	0.216	-1.568
4.17621397972	-0.04	0.216	-1.568
4.17829298973	-0.04	0.216	-1.568
4.18036413193	-0.112	-0.16	2.044
4.18243813515	-0.112	-0.16	2.044
4.18451118469	-0.012	0.132	-1.484
4.18658304214	-0.012	0.132	-1.484
4.18867015839	-0.012	0.132	-1.484
4.19074106216	-0.488	-0.344	2.044
4.19281220436	-0.488	-0.344	2.044
4.19488406181	-0.056	0.052	-1.404
4.19695520401	-0.056	0.052	-1.404
4.19903302193	-0.056	0.052	-1.404
4.20110416412	-0.096	-0.384	2.044
4.20317602158	-0.096	-0.384	2.044
4.20524716377	-0.02	0.056	-1.284
4.20731711388	-0.02	0.056	-1.284
4.20939207077	-0.02	0.056	-1.284
4.21146297455	0.552	-0.4	2.044
4.2135310173	0.552	-0.4	2.044
4.21560502052	0.084	-0.084	-1.14
4.21767902374	0.084	-0.084	-1.14
4.2197561264	0.084	-0.084	-1.14
4.22182703018	0.252	-0.416	2.044
4.22389602661	0.252	-0.416	2.044
4.22596716881	0.012	0.044	-1.024
4.22804307938	0.012	0.044	-1.024
4.23011207581	-0.068	-0.444	2.044
4.23219704628	-0.068	-0.444	2.044
4.23427009583	-0.068	-0.444	2.044
4.2363409996	-0.056	0.108	-0.896
4.23841714859	-0.056	0.108	-0.896
4.24048900604	-0.048	-0.38	2.044
4.24256110191	-0.048	-0.38	2.044
4.24463200569	-0.048	-0.38	2.044
4.24671602249	-0.008	0.092	-0.744
4.24878811836	-0.008	0.092	-0.744
4.25085902214	0.156	-0.064	2.044
4.25292801857	0.156	-0.064	2.044
4.254997015	0.156	-0.064	2.044
4.25706601143	0.152	0.228	-0.588
4.25914216042	0.152	0.228	-0.588
4.26121020317	0.172	-0.036	2.044
4.26329302788	0.172	-0.036	2.044
4.26536798477	0.172	-0.036	2.044
4.26743817329	-0.092	0.088	-0.424
4.26951599121	-0.092	0.088	-0.424
4.27158713341	-0.48	-0.248	2.044
4.27365803719	-0.48	-0.248	2.044
4.27573013306	-0.48	-0.248	2.044
4.27780604362	0.024	0.02	-0.252
4.27988910675	0.024	0.02	-0.252
4.28196120262	-0.208	-0.204	2.044
4.28403306007	-0.208	-0.204	2.044
4.2861571312	-0.036	-0.064	-0.06
4.28823113441	-0.036	-0.064	-0.06
4.29030418396	-0.036	-0.064	-0.06
4.29237604141	0.044	-0.1	1.904
4.29444599152	0.044	-0.1	1.904
4.29651713371	-0.02	-0.212	0.16
4.29859519005	-0.02	-0.212	0.16
4.3006670475	-0.02	-0.212	0.16
4.3027369976	-0.064	-0.112	1.684
4.30481815338	-0.064	-0.112	1.684
4.30689001083	0.076	-0.156	0.336
4.30896306038	0.076	-0.156	0.336
4.31102800369	0.076	-0.156	0.336
4.31309103966	-0.028	-0.352	1.476
4.3151550293	-0.028	-0.352	1.476
4.31721806526	0.056	-0.12	0.544
4.31929516792	0.056	-0.12	0.544
4.32137203217	0.056	-0.12	0.544
4.32344508171	0.016	-0.184	1.272
4.32551503181	0.016	-0.184	1.272
4.32758402824	0.12	-0.108	0.748
4.32966303825	0.12	-0.108	0.748
4.33173298836	0.12	-0.108	0.748
4.33380198479	-0.028	-0.04	1.08
4.33587098122	-0.028	-0.04	1.08
4.33795213699	0.104	0.036	0.944
4.34001898766	0.104	0.036	0.944
4.34208607674	-0.032	0.06	0.888
4.34415817261	-0.032	0.06	0.888
4.34622907639	-0.032	0.06	0.888
4.34830307961	0.052	-0.032	1.152
4.35037302971	0.052	-0.032	1.152
4.35244202614	-0.016	-0.012	0.656
4.35451197624	-0.016	-0.012	0.656
4.35658216476	-0.016	-0.012	0.656
4.35865306854	0.124	-0.124	1.348
4.36072301865	0.124	-0.124	1.348
4.36280298233	-0.064	-0.012	0.46
4.3648750782	-0.064	-0.012	0.46
4.36694502831	-0.064	-0.012	0.46
4.36902403831	-0.04	-0.08	1.54
4.37109398842	-0.04	-0.08	1.54
4.37316608429	-0.144	0.052	0.244
4.37524104118	-0.144	0.052	0.244
4.37732815742	-0.144	0.052	0.244
4.37940406799	-0.164	-0.448	1.756
4.38147711754	-0.164	-0.448	1.756
4.38354802132	0.02	-0.04	0.068
4.38561916351	0.02	-0.04	0.068
4.38768720627	0.02	-0.04	0.068
4.38976311684	0.016	-0.304	1.94
4.39183211327	0.016	-0.304	1.94
4.39390420914	-0.1	0.048	-0.14
4.39597511292	-0.1	0.048	-0.14
4.39805102348	-0.1	0.048	-0.14
4.40012097359	0.036	-0.468	2.044
4.40219306946	0.036	-0.468	2.044
4.40426301956	0.024	0.084	-0.296
4.40633201599	0.024	0.084	-0.296
4.40840506554	0.148	-0.4	2.044
4.41047906876	0.148	-0.4	2.044
4.41254901886	0.148	-0.4	2.044
4.41461706161	-0.06	-0.024	-0.484
4.41668820381	-0.06	-0.024	-0.484
4.4187669754	-0.112	-0.108	2.044
4.42084717751	-0.112	-0.108	2.044
4.42291808128	-0.112	-0.108	2.044
4.42498898506	-0.028	0.112	-0.644
4.42706203461	-0.028	0.112	-0.644
4.42914009094	0.008	-0.256	2.044
4.43121004105	0.008	-0.256	2.044
4.43327999115	0.008	-0.256	2.044
4.43535113335	0.036	0.084	-0.82
4.4374191761	0.036	0.084	-0.82
4.43949913979	0.292	-0.052	2.044
4.44157218933	0.292	-0.052	2.044
4.44364213943	0.292	-0.052	2.044
4.44571113586	-0.092	0.14	-0.96
4.44779014587	-0.092	0.14	-0.96
4.44986319542	-0.04	-0.14	2.044
4.4519340992	-0.04	-0.14	2.044
4.4540040493	-0.04	-0.14	2.044
4.45609307289	-0.06	0.116	-1.108
4.4581720829	-0.06	0.116	-1.108
4.46024298668	-0.304	-0.468	2.044
4.46231412888	-0.304	-0.468	2.044
4.46438503265	-0.1	0.036	-1.204
4.46645712852	-0.1	0.036	-1.204
4.46853518486	-0.1	0.036	-1.204
4.47060513496	-0.028	-0.396	2.044
4.47268009186	-0.028	-0.396	2.044
4.47475218773	-0.068	0.128	-1.336
4.47682309151	-0.068	0.128	-1.336
4.47897601128	-0.068	0.128	-1.336
4.48105120659	0.184	-0.524	2.044
4.48312211037	0.184	-0.524	2.044
4.4851911068	-0.02	0.08	-1.428
4.48726201057	-0.02	0.08	-1.428
4.48934912682	-0.02	0.08	-1.428
4.49142003059	0.156	-0.564	2.044
4.49348807335	0.156	-0.564	2.044
4.49555802345	-0.048	0.124	-1.516
4.49763011932	-0.048	0.124	-1.516
4.49970817566	-0.048	0.124	-1.516
4.50178003311	-0.092	-0.356	2.044
4.50385403633	-0.092	-0.356	2.044
4.50593805313	-0.008	0.14	-1.568
4.50801515579	-0.008	0.14	-1.568
4.51007914543	-0.008	0.14	-1.568
4.51214313507	0.128	-0.4	2.044
4.51420617104	0.128	-0.4	2.044
4.51626801491	-0.092	0.14	-1.656
4.51833510399	-0.092	0.14	-1.656
4.52041220665	0.2	-0.16	2.044
4.52248311043	0.2	-0.16	2.044
4.52455401421	0.2	-0.16	2.044
4.52662301064	-0.136	0.26	-1.708
4.52869701385	-0.136	0.26	-1.708
4.53076910973	0.012	-0.224	2.044
4.53283905983	0.012	-0.224	2.044
4.53490805626	0.012	-0.224	2.044
4.53699111938	-0.136	0.136	-1.72
4.53907108307	-0.136	0.136	-1.72
4.54114317894	-0.064	-0.356	2.044
4.54321312904	-0.064	-0.356	2.044
4.5452849865	-0.064	-0.356	2.044
4.54735708237	-0.1	0.144	-1.744
4.5494351387	-0.1	0.144	-1.744
4.55150604248	-0.092	-0.376	2.044
4.5535800457	-0.092	-0.376	2.044
4.55565214157	-0.092	-0.376	2.044
4.55772304535	-0.024	0.116	-1.74
4.55979704857	-0.024	0.116	-1.74
4.56186914444	-0.228	-0.612	2.044
4.56394004822	-0.228	-0.612	2.044
4.56600999832	-0.228	-0.612	2.044
4.56810903549	-0.024	0.0	-1.72
4.57018113136	-0.024	0.0	-1.72
4.57224416733	0.032	-0.576	2.044
4.57431411743	0.032	-0.576	2.044
4.57638311386	0.0	0.092	-1.68
4.57845211029	0.0	0.092	-1.68
4.58051514626	0.0	0.092	-1.68
4.58257603645	0.436	-0.684	2.044
4.58464503288	0.436	-0.684	2.044
4.58675718307	0.112	0.04	-1.628
4.58884716034	0.112	0.04	-1.628
4.59091711044	0.112	0.04	-1.628
4.59298801422	0.14	-0.604	2.044
4.59506797791	0.14	-0.604	2.044
4.59713816643	0.036	0.108	-1.576
4.59920811653	0.036	0.108	-1.576
4.60128712654	0.036	0.108	-1.576
4.60335898399	-0.02	-0.404	2.044
4.60542917252	-0.02	-0.404	2.044
4.60750007629	-0.08	0.24	-1.508
4.60957503319	-0.08	0.24	-1.508
4.61164498329	-0.08	0.24	-1.508
4.61371612549	-0.072	-0.364	2.044
4.61578607559	-0.072	-0.364	2.044
4.61786603928	0.008	0.112	-1.424
4.61993718147	0.008	0.112	-1.424
4.62200713158	0.008	0.112	-1.424
4.62407517433	0.072	-0.116	2.044
4.62616014481	0.072	-0.116	2.044
4.62823605537	-0.02	0.28	-1.32
4.63030719757	-0.02	0.28	-1.32
4.63238215446	-0.048	-0.144	2.044
4.63445520401	-0.048	-0.144	2.044
4.63652706146	-0.048	-0.144	2.044
4.63859915733	-0.032	0.128	-1.212
4.64067006111	-0.032	0.128	-1.212
4.64274215698	-0.648	-0.304	2.044
4.64481210709	-0.648	-0.304	2.044
4.64688205719	-0.648	-0.304	2.044
4.64896011353	-0.108	0.076	-1.092
4.6510322094	-0.108	0.076	-1.092
4.65312218666	-0.264	-0.336	2.044
4.65519309044	-0.264	-0.336	2.044
4.65727806091	-0.264	-0.336	2.044
4.65935611725	-0.04	0.044	-0.944
4.66142702103	-0.04	0.044	-0.944
4.66349720955	0.332	-0.356	2.044
4.66557312012	0.332	-0.356	2.044
4.6676440239	0.332	-0.356	2.044
4.66972112656	0.024	-0.104	-0.772
4.67179107666	0.024	-0.104	-0.772
4.67386317253	0.132	-0.392	2.044
4.67593312263	0.132	-0.392	2.044
4.67800807953	0.132	-0.392	2.044
4.68007898331	0.004	-0.004	-0.644
4.68217110634	0.004	-0.004	-0.644
4.68424201012	-0.04	-0.46	2.044
4.68631219864	-0.04	-0.46	2.044
4.68838405609	0.004	0.028	-0.468
4.69045519829	0.004	0.028	-0.468
4.69252514839	0.004	0.028	-0.468
4.6945950985	-0.08	-0.396	2.044
4.69667005539	-0.08	-0.396	2.044
4.6987490654	0.0	0.044	-0.308
4.70081210136	0.0	0.044	-0.308
4.70287418365	0.0	0.044	-0.308
4.70493507385	0.228	-0.124	2.044
4.70700597763	0.228	-0.124	2.044
4.70907902718	0.152	0.152	-0.116
4.71114802361	0.152	0.152	-0.116
4.71323108673	0.152	0.152	-0.116
4.71529316902	0.084	-0.032	1.984
4.71735501289	0.084	-0.032	1.984
4.71943116188	-0.044	0.068	0.048
4.72150707245	-0.044	0.068	0.048
4.72357606888	-0.044	0.068	0.048
4.72564506531	-0.332	-0.24	1.724
4.7277162075	-0.332	-0.24	1.724
4.72979998589	0.02	0.008	0.244
4.73186802864	0.02	0.008	0.244
4.73393511772	0.02	0.008	0.244
4.73600101471	-0.276	-0.172	1.552
4.73808503151	-0.276	-0.172	1.552
4.74015712738	0.032	-0.06	0.456
4.74222612381	0.032	-0.06	0.456
4.74429607391	0.032	-0.06	0.456
4.74636697769	-0.012	-0.092	1.352
4.74844408035	-0.012	-0.092	1.352
4.75051498413	-0.064	-0.216	0.664
4.75258517265	-0.064	-0.216	0.664
4.75465703011	-0.108	-0.104	1.168
4.7567281723	-0.108	-0.104	1.168
4.7588031292	-0.108	-0.104	1.168
4.76087903976	0.084	-0.188	0.856
4.76295018196	0.084	-0.188	0.856
4.76501917839	-0.012	-0.248	0.948
4.76709008217	-0.012	-0.248	0.948
4.76917719841	-0.012	-0.248	0.948
4.77124905586	-0.04	-0.108	1.076
4.77332019806	-0.04	-0.108	1.076
4.77540397644	-0.084	-0.152	0.768
4.77749204636	-0.084	-0.152	0.768
4.77957010269	-0.084	-0.152	0.768
4.78164100647	0.104	-0.172	1.268
4.78371119499	0.104	-0.172	1.268
4.78578209877	-0.088	-0.128	0.556
4.78786015511	-0.088	-0.128	0.556
4.78993010521	-0.088	-0.128	0.556
4.79200100899	0.08	0.072	1.472
4.79407501221	0.08	0.072	1.472
4.79614210129	-0.172	0.012	0.356
4.79821801186	-0.172	0.012	0.356
4.80028820038	-0.172	0.012	0.356
4.80235815048	-0.032	-0.112	1.66
4.80442905426	-0.032	-0.112	1.66
4.80649900436	-0.028	-0.04	0.148
4.80857110023	-0.028	-0.04	0.148
4.81064414978	0.164	-0.152	1.852
4.81271314621	0.164	-0.152	1.852
4.81478214264	0.164	-0.152	1.852
4.81685209274	-0.052	-0.028	-0.036
4.81899118423	-0.052	-0.028	-0.036
4.82106518745	-0.052	-0.14	2.028
4.82313704491	-0.052	-0.14	2.028
4.82521319389	-0.052	-0.14	2.028
4.8272960186	-0.16	0.064	-0.232
4.82937717438	-0.16	0.064	-0.232
4.8314499855	-0.144	-0.464	2.044
4.83361911774	-0.144	-0.464	2.044
4.83569407463	-0.144	-0.464	2.044
4.83777213097	0.008	-0.08	-0.38
4.83984398842	0.008	-0.08	-0.38
4.84191608429	0.036	-0.392	2.044
4.84398698807	0.036	-0.392	2.044
4.84605717659	0.036	-0.392	2.044
4.84814620018	-0.052	0.068	-0.588
4.85021805763	-0.052	0.068	-0.588
4.85228800774	0.128	-0.52	2.044
4.85435700417	0.128	-0.52	2.044
4.85642814636	0.128	-0.52	2.044
4.85850405693	-0.048	0.088	-0.744
4.86057519913	-0.048	0.088	-0.744
4.86264610291	0.148	-0.42	2.044
4.86471700668	0.148	-0.42	2.044
4.86678719521	0.004	0.012	-0.872
4.8688890934	0.004	0.012	-0.872
4.87095999718	0.004	0.012	-0.872
4.8730301857	-0.016	-0.112	2.044
4.87510204315	-0.016	-0.112	2.044
4.87717318535	-0.032	0.184	-1.028
4.87925100327	-0.032	0.184	-1.028
4.88132309914	-0.032	0.184	-1.028
4.88339400291	0.084	-0.236	2.044
4.88547420502	0.084	-0.236	2.044
4.88754320145	-0.024	0.092	-1.168
4.88962697983	-0.024	0.092	-1.168
4.8916990757	-0.024	0.092	-1.168
4.89377117157	0.192	-0.156	2.044
4.89584112167	0.192	-0.156	2.044
4.89792013168	-0.14	0.172	-1.28
4.89999103546	-0.14	0.172	-1.28
4.90206217766	-0.14	0.172	-1.28
4.90415215492	-0.016	-0.176	2.044
4.90622615814	-0.016	-0.176	2.044
4.90830302238	-0.044	0.112	-1.392
4.91036701202	-0.044	0.112	-1.392
4.91243100166	-0.044	0.112	-1.392
4.9144961834	-0.388	-0.584	2.044
4.91655898094	-0.388	-0.584	2.044
4.91862797737	-0.104	0.08	-1.472
4.92070317268	-0.104	0.08	-1.472
4.92277908325	0.02	-0.508	2.044
4.92484903336	0.02	-0.508	2.044
4.92691898346	0.02	-0.508	2.044
4.92899513245	-0.06	0.112	-1.572
4.93106603622	-0.06	0.112	-1.572
4.93313503265	0.236	-0.48	2.044
4.93520402908	0.236	-0.48	2.044
4.93729400635	0.236	-0.48	2.044
4.93937110901	0.028	0.044	-1.596
4.94144105911	0.028	0.044	-1.596
4.94351911545	0.076	-0.564	2.044
4.94559216499	0.076	-0.564	2.044
4.9476621151	0.076	-0.564	2.044
4.94973802567	-0.072	0.136	-1.676
4.95181012154	-0.072	0.136	-1.676
4.95388817787	-0.176	-0.404	2.044
4.95596003532	-0.176	-0.404	2.044
4.95803618431	-0.176	-0.404	2.044
4.96010708809	-0.012	0.152	-1.7
4.96219301224	-0.012	0.152	-1.7
4.96426415443	0.008	-0.412	2.044
4.96633410454	0.008	-0.412	2.044
4.9684150219	0.008	-0.412	2.044
4.97048616409	-0.112	0.144	-1.724
4.97255802155	-0.112	0.144	-1.724
4.97462916374	0.316	-0.12	2.044
4.97669816017	0.316	-0.12	2.044
4.97877407074	-0.088	0.24	-1.744
4.98084616661	-0.088	0.24	-1.744
4.98291707039	-0.088	0.24	-1.744
4.98498916626	-0.044	-0.208	2.044
4.98706412315	-0.044	-0.208	2.044
4.98914217949	-0.076	0.14	-1.736
4.99121212959	-0.076	0.14	-1.736
4.99329710007	-0.076	0.14	-1.736
4.99536800385	-0.344	-0.332	2.044
4.99743914604	-0.344	-0.332	2.044
4.99951505661	-0.084	0.076	-1.72
