Timestamp 	 X-Axis 	 Y-Axis 	 Z-Axis
0.000308990478516	-0.076	0.012	-0.456
0.00360012054443	0.148	-0.216	2.044
0.00670599937439	0.148	-0.216	2.044
0.00980615615845	-0.048	-0.2	-0.256
0.0129041671753	0.048	-0.28	2.044
0.0160191059113	0.048	-0.28	2.044
0.0191161632538	0.048	-0.044	-0.096
0.0222120285034	0.044	-0.392	1.908
0.0253081321716	0.044	-0.392	1.908
0.0284149646759	0.064	-0.076	0.104
0.0315110683441	0.064	-0.076	0.104
0.0346651077271	0.04	-0.192	1.744
0.0377650260925	0.032	-0.024	0.284
0.0408611297607	0.032	-0.024	0.284
0.0439729690552	0.128	0.012	1.524
0.0470700263977	0.128	0.012	1.524
0.0501689910889	0.044	-0.016	0.504
0.0532710552216	-0.028	-0.12	1.32
0.0563671588898	-0.028	-0.12	1.32
0.0594639778137	0.052	0.012	0.692
0.0625550746918	0.052	0.012	0.692
0.0656521320343	0.004	-0.06	1.116
0.0687561035156	0.052	-0.064	0.904
0.0718581676483	0.052	-0.064	0.904
0.0749609470367	-0.192	0.008	0.928
0.0780630111694	0.04	-0.056	1.108
0.0811760425568	0.04	-0.056	1.108
0.0842800140381	-0.112	0.012	0.688
0.0873980522156	-0.112	0.012	0.688
0.0905101299286	-0.24	-0.36	1.316
0.0936210155487	-0.1	-0.116	0.5
0.0967590808868	-0.1	-0.116	0.5
0.0998599529266	-0.012	-0.224	1.516
0.102962970734	-0.012	-0.224	1.516
0.106074094772	-0.096	0.048	0.276
0.109177112579	-0.016	-0.364	1.716
0.112287044525	-0.016	-0.364	1.716
0.115391969681	0.06	-0.12	0.12
0.118493080139	0.06	-0.12	0.12
0.121593952179	0.104	-0.348	1.92
0.124703168869	-0.108	-0.076	-0.108
0.127805948257	-0.108	-0.076	-0.108
0.130908966064	-0.132	-0.12	2.044
0.134011983871	-0.132	-0.12	2.044
0.137120962143	-0.06	0.028	-0.284
0.14023900032	0.016	-0.184	2.044
0.143342018127	0.016	-0.184	2.044
0.146463155746	0.068	0.032	-0.436
0.149564981461	0.308	-0.04	2.044
0.152667045593	0.308	-0.04	2.044
0.155776023865	-0.04	0.064	-0.632
0.158879995346	-0.04	0.064	-0.632
0.161983013153	-0.012	-0.152	2.044
0.165091991425	-0.016	0.072	-0.768
0.168194055557	-0.016	0.072	-0.768
0.171297073364	-0.116	-0.396	2.044
0.174410104752	-0.116	-0.396	2.044
0.177515983582	-0.076	-0.004	-0.94
0.180626153946	-0.024	-0.4	2.044
0.183738946915	-0.024	-0.4	2.044
0.186858177185	-0.08	0.136	-1.088
0.189963102341	-0.08	0.136	-1.088
0.193066120148	0.168	-0.584	2.044
0.196175098419	-0.036	0.072	-1.192
0.199279069901	-0.036	0.072	-1.192
0.202382087708	0.156	-0.448	2.044
0.205490112305	-0.04	0.104	-1.332
0.208593130112	-0.04	0.104	-1.332
0.211694955826	0.064	-0.348	2.044
0.214802026749	0.064	-0.348	2.044
0.217903137207	-0.036	0.184	-1.408
0.221006155014	0.2	-0.424	2.044
0.224107027054	0.2	-0.424	2.044
0.227228164673	-0.04	0.12	-1.516
0.230332136154	-0.04	0.12	-1.516
0.233435153961	0.124	-0.1	2.044
0.236546993256	-0.216	0.256	-1.584
0.239650964737	-0.216	0.256	-1.584
0.242753982544	0.036	-0.32	2.044
0.245857000351	0.036	-0.32	2.044
0.248958110809	-0.048	0.104	-1.648
0.252061128616	-0.008	-0.376	2.044
0.255170106888	-0.008	-0.376	2.044
0.258273124695	-0.068	0.18	-1.688
0.261384963989	-0.044	-0.488	2.044
0.264487981796	-0.044	-0.488	2.044
0.267596960068	-0.064	0.104	-1.724
0.2706990242	-0.064	0.104	-1.724
0.273802995682	-0.236	-0.688	2.044
0.276924133301	-0.032	0.016	-1.728
0.280028104782	-0.032	0.016	-1.728
0.283139944077	0.016	-0.608	2.044
0.286247968674	0.016	-0.608	2.044
0.289350032806	-0.076	0.164	-1.744
0.292453050613	0.284	-0.712	2.044
0.29555606842	0.284	-0.712	2.044
0.298657178879	0.152	0.072	-1.704
0.301758050919	0.152	0.072	-1.704
0.304864168167	0.108	-0.456	2.044
0.307959079742	-0.036	0.14	-1.716
0.311053991318	-0.036	0.14	-1.716
0.314147949219	-0.108	-0.308	2.044
0.317255020142	-0.108	-0.308	2.044
0.320359945297	-0.084	0.22	-1.652
0.323465108871	-0.028	-0.26	2.044
0.326575994492	-0.028	-0.26	2.044
0.329679012299	0.0	0.108	-1.6
0.332782030106	0.14	-0.028	2.044
0.335885047913	0.14	-0.028	2.044
0.338987112045	-0.024	0.24	-1.528
0.342090129852	-0.024	0.24	-1.528
0.345198154449	-0.312	-0.288	2.044
0.348310947418	0.044	0.12	-1.44
0.351413965225	0.044	0.12	-1.44
0.354515075684	-0.58	-0.316	2.044
0.357624053955	-0.58	-0.316	2.044
0.360727071762	-0.052	0.108	-1.348
0.363831043243	0.028	-0.46	2.044
0.36693406105	0.028	-0.46	2.044
0.370040178299	-0.056	0.064	-1.228
0.373142004013	-0.056	0.064	-1.228
0.376243114471	0.348	-0.364	2.044
0.379348993301	0.056	-0.076	-1.08
0.382452011108	0.056	-0.076	-1.08
0.38556098938	0.188	-0.42	2.044
0.388663053513	0.188	-0.42	2.044
0.391762971878	-0.008	0.024	-0.96
0.394876003265	0.06	-0.496	2.044
0.397978067398	0.06	-0.496	2.044
0.401079177856	0.008	0.104	-0.824
0.404179096222	0.108	-0.236	2.044
0.407287120819	0.108	-0.236	2.044
0.410387992859	-0.052	0.052	-0.66
0.413490056992	-0.052	0.052	-0.66
0.416593074799	0.116	-0.088	2.044
0.419695138931	0.048	0.18	-0.492
0.422796010971	0.048	0.18	-0.492
0.425903081894	-0.18	-0.128	2.044
0.429008960724	-0.18	-0.128	2.044
0.432111978531	-0.06	0.056	-0.328
0.435230016708	-0.392	-0.244	2.044
0.438332080841	-0.392	-0.244	2.044
0.441434144974	0.104	0.044	-0.14
0.444535970688	0.104	0.044	-0.14
0.447643041611	-0.112	-0.232	1.972
0.450745105743	-0.04	-0.036	0.036
0.453845977783	-0.04	-0.036	0.036
0.456952095032	-0.12	-0.108	1.756
0.460057020187	-0.088	-0.208	0.256
0.463161945343	-0.088	-0.208	0.256
0.466271162033	-0.016	-0.18	1.604
0.469372987747	-0.016	-0.18	1.604
0.47247505188	0.096	-0.128	0.448
0.475589990616	-0.008	-0.36	1.392
0.478693962097	-0.008	-0.36	1.392
0.481796979904	0.124	-0.088	0.64
0.484905004501	0.124	-0.088	0.64
0.48800611496	-0.024	-0.144	1.2
0.491109132767	0.104	-0.16	0.852
0.494210004807	0.104	-0.16	0.852
0.497316122055	-0.068	-0.108	0.968
0.500419139862	-0.068	-0.108	0.968
0.503522157669	0.056	0.0	1.052
0.506620168686	-0.052	0.004	0.788
0.509720087051	-0.052	0.004	0.788
0.512820005417	0.052	-0.06	1.256
0.51592707634	0.052	-0.06	1.256
0.51902794838	0.032	0.012	0.548
0.52213716507	0.208	-0.096	1.444
0.52524805069	0.208	-0.096	1.444
0.528349161148	-0.116	0.056	0.364
0.531449079514	0.024	-0.076	1.64
0.534551143646	0.024	-0.076	1.64
0.537659168243	-0.108	0.04	0.156
0.540763139725	-0.108	0.04	0.156
0.54386305809	-0.144	-0.468	1.844
0.546971082687	-0.072	-0.096	-0.032
0.550075054169	-0.072	-0.096	-0.032
0.553177118301	-0.06	-0.296	2.032
0.556286096573	-0.06	-0.296	2.032
0.559388160706	-0.16	0.088	-0.228
0.56248998642	0.044	-0.508	2.044
0.565598011017	0.044	-0.508	2.044
0.568699121475	0.032	-0.02	-0.38
0.571805953979	0.032	-0.02	-0.38
0.574908971786	0.112	-0.42	2.044
0.578011989594	-0.072	0.0	-0.596
0.58110499382	-0.072	0.0	-0.596
0.584200143814	-0.144	-0.2	2.044
0.587309122086	-0.144	-0.2	2.044
0.590412139893	-0.072	0.128	-0.744
0.593513965607	0.004	-0.236	2.044
0.59662103653	0.004	-0.236	2.044
0.599723100662	0.036	0.068	-0.896
0.602823019028	0.288	-0.068	2.044
0.605930089951	0.288	-0.068	2.044
0.609040975571	-0.08	0.128	-1.032
0.612144947052	-0.08	0.128	-1.032
0.615247964859	0.012	-0.2	2.044
0.618350028992	-0.008	0.116	-1.16
0.62145614624	-0.008	0.116	-1.16
0.624559164047	-0.228	-0.428	2.044
0.627712011337	-0.228	-0.428	2.044
0.630815982819	-0.064	0.048	-1.276
0.633918046951	-0.016	-0.384	2.044
0.637026071548	-0.016	-0.384	2.044
0.640129089355	-0.092	0.132	-1.404
0.643231153488	-0.092	0.132	-1.404
0.64634013176	0.024	-0.548	2.044
0.649441003799	-0.048	0.068	-1.464
0.652543067932	-0.048	0.068	-1.464
0.655647039413	0.088	-0.42	2.044
0.658749103546	-0.092	0.14	-1.568
0.661853075027	-0.092	0.14	-1.568
0.664962053299	0.052	-0.428	2.044
0.668075084686	0.052	-0.428	2.044
0.671177148819	0.012	0.124	-1.616
0.674280166626	0.184	-0.416	2.044
0.677386045456	0.184	-0.416	2.044
0.680487155914	-0.092	0.144	-1.68
0.683590173721	-0.092	0.144	-1.68
0.686700105667	0.012	-0.14	2.044
0.689800977707	-0.16	0.252	-1.724
0.692903995514	-0.16	0.252	-1.724
0.696017026901	0.004	-0.28	2.044
0.699119091034	0.004	-0.28	2.044
0.702219963074	-0.096	0.116	-1.74
0.705327987671	0.124	-0.208	2.044
0.708431005478	0.124	-0.208	2.044
0.711532115936	-0.056	0.172	-1.74
0.714640140533	-0.128	-0.44	2.044
0.717748165131	-0.128	-0.44	2.044
0.720849990845	-0.032	0.108	-1.732
0.723953962326	-0.032	0.108	-1.732
0.72706413269	-0.408	-0.596	2.044
0.730169057846	-0.052	-0.004	-1.712
0.733272075653	-0.052	-0.004	-1.712
0.73637509346	0.004	-0.564	2.044
0.739475011826	0.004	-0.564	2.044
0.742576122284	-0.032	0.14	-1.684
0.745684146881	0.456	-0.692	2.044
0.748785018921	0.456	-0.692	2.044
0.751886129379	0.108	0.032	-1.592
0.754992008209	0.108	0.032	-1.592
0.758093118668	0.12	-0.464	2.044
0.761194944382	0.032	0.096	-1.548
0.764305114746	0.032	0.096	-1.548
0.76741194725	0.028	-0.504	2.044
0.770514011383	0.028	-0.504	2.044
0.773615121841	-0.08	0.184	-1.464
0.776782989502	0.028	-0.244	2.044
0.779888153076	0.028	-0.244	2.044
0.782999038696	-0.012	0.112	-1.368
0.786110162735	0.152	-0.116	2.044
0.789211988449	0.152	-0.116	2.044
0.792314052582	-0.092	0.28	-1.256
0.795423030853	-0.092	0.28	-1.256
0.79852604866	-0.26	-0.244	2.044
0.801629066467	0.044	0.108	-1.136
0.804737091064	0.044	0.108	-1.136
0.80783700943	-0.568	-0.2	2.044
0.810939073563	-0.568	-0.2	2.044
0.814044952393	-0.04	0.132	-1.016
0.817154169083	-0.036	-0.4	2.044
0.820255994797	-0.036	-0.4	2.044
0.823359012604	-0.092	0.06	-0.868
0.826467990875	-0.092	0.06	-0.868
0.829570055008	0.044	-0.304	2.044
0.832669973373	-0.052	-0.1	-0.688
0.835778951645	-0.052	-0.1	-0.688
0.838896989822	0.116	-0.344	2.044
0.842000007629	0.004	-0.02	-0.536
0.845107078552	0.004	-0.02	-0.536
0.848207950592	0.232	-0.476	2.044
0.85130906105	0.232	-0.476	2.044
0.854411125183	0.06	-0.016	-0.364
0.85751914978	0.06	-0.288	2.044
0.860623121262	0.06	-0.288	2.044
0.863723993301	-0.012	0.0	-0.196
0.866821050644	-0.012	0.0	-0.196
0.869924068451	0.116	-0.14	2.028
0.873026132584	0.036	0.036	0.004
0.876132011414	0.036	0.036	0.004
0.879230976105	-0.056	-0.132	1.824
0.882333993912	-0.056	-0.132	1.824
0.885442018509	-0.008	0.016	0.188
0.888543128967	-0.1	-0.172	1.616
0.891644954681	-0.1	-0.172	1.616
0.894747972488	0.152	0.084	0.392
0.897848129272	0.152	0.084	0.392
0.900946140289	-0.232	-0.08	1.42
0.904047966003	0.056	-0.04	0.592
0.907154083252	0.056	-0.04	0.592
0.910258054733	-0.1	-0.056	1.204
0.913360118866	-0.232	-0.232	0.792
0.916469097137	-0.232	-0.232	0.792
0.919572114944	-0.096	-0.124	1.0
0.922671079636	-0.096	-0.124	1.0
0.925776004791	0.032	-0.172	1.02
0.928879022598	-0.076	-0.124	0.8
0.931981086731	-0.076	-0.124	0.8
0.935089111328	-0.024	-0.196	1.208
0.938192129135	-0.024	-0.196	1.208
0.941295146942	-0.024	-0.168	0.636
0.944396972656	0.132	-0.284	1.42
0.947504043579	0.132	-0.284	1.42
0.950605154037	-0.144	-0.192	0.396
0.953708171844	-0.144	-0.192	0.396
0.956835031509	-0.124	-0.016	1.596
0.959939956665	-0.028	0.02	0.208
0.963052988052	-0.028	0.02	0.208
0.96616101265	0.012	-0.172	1.816
0.969262123108	0.012	-0.172	1.816
0.972363948822	0.0	-0.04	0.004
0.975455999374	0.248	0.004	2.004
0.978556156158	0.248	0.004	2.004
0.98165512085	-0.076	0.06	-0.164
0.984763145447	0.0	-0.12	2.044
0.987858057022	0.0	-0.12	2.044
0.990951061249	-0.024	0.028	-0.364
0.994053125381	-0.024	0.028	-0.364
0.997161149979	-0.024	-0.38	2.044
1.00026416779	0.004	-0.024	-0.528
1.0033659935	0.004	-0.024	-0.528
1.00647711754	-0.04	-0.364	2.044
1.00958013535	-0.04	-0.364	2.044
1.01268315315	-0.116	0.136	-0.712
1.01578712463	0.108	-0.572	2.044
1.01888799667	0.108	-0.572	2.044
1.02199006081	-0.008	-0.012	-0.832
1.02509903908	-0.008	-0.012	-0.832
1.02820301056	0.072	-0.444	2.044
1.03130412102	-0.04	0.06	-1.012
1.03440594673	-0.04	0.06	-1.012
1.03751516342	0.004	-0.364	2.044
1.04061508179	-0.02	0.152	-1.128
1.04372811317	-0.02	0.152	-1.128
1.04683494568	0.112	-0.36	2.044
1.04993796349	0.112	-0.36	2.044
1.05304217339	0.024	0.064	-1.252
1.0561439991	0.232	-0.076	2.044
1.05924510956	0.232	-0.076	2.044
1.0623459816	-0.144	0.248	-1.368
1.06545615196	-0.144	0.248	-1.368
1.06855916977	0.016	-0.256	2.044
1.07166004181	-0.016	0.1	-1.464
1.07476902008	-0.016	0.1	-1.464
1.07787108421	-0.068	-0.416	2.044
1.08097410202	-0.068	-0.416	2.044
1.08407711983	-0.08	0.16	-1.548
1.08718800545	-0.028	-0.428	2.044
1.0902941227	-0.028	-0.428	2.044
1.09339594841	-0.096	0.092	-1.612
1.09649896622	-0.096	0.092	-1.612
1.09960198402	-0.256	-0.58	2.044
1.10273098946	-0.048	0.052	-1.656
1.10584115982	-0.048	0.052	-1.656
1.10894417763	-0.052	-0.552	2.044
1.11204695702	-0.112	0.152	-1.716
1.11514902115	-0.112	0.152	-1.716
1.11825108528	0.24	-0.628	2.044
1.12135314941	0.24	-0.628	2.044
1.12445306778	0.112	0.056	-1.712
1.1275601387	0.092	-0.488	2.044
1.13067007065	0.092	-0.488	2.044
1.13377118111	-0.096	0.16	-1.74
1.13687896729	-0.096	0.16	-1.74
1.13998198509	-0.184	-0.332	2.044
1.1430850029	-0.048	0.204	-1.724
1.14619398117	-0.048	0.204	-1.724
1.14930105209	-0.012	-0.28	2.044
1.1524040699	-0.012	-0.28	2.044
1.1555120945	-0.092	0.124	-1.728
1.15910506248	0.188	-0.012	2.044
1.16221404076	0.188	-0.012	2.044
1.1653239727	-0.036	0.192	-1.688
1.16842603683	-0.224	-0.328	2.044
1.17152905464	-0.224	-0.328	2.044
1.17463302612	0.02	0.108	-1.636
1.17773509026	0.02	0.108	-1.636
1.1808359623	-0.504	-0.372	2.044
1.1839389801	-0.024	0.06	-1.572
1.1870470047	-0.024	0.06	-1.572
1.19015002251	-0.008	-0.444	2.044
1.19325304031	-0.008	-0.444	2.044
1.19636297226	-0.032	0.104	-1.488
1.19947004318	0.316	-0.48	2.044
1.20257210732	0.316	-0.48	2.044
1.20568013191	0.064	-0.028	-1.368
1.20878314972	0.16	-0.452	2.044
1.21188497543	0.16	-0.452	2.044
1.21499300003	0.02	0.036	-1.28
1.21810507774	0.02	0.036	-1.28
1.22120714188	0.264	-0.54	2.044
1.22430801392	0.016	0.112	-1.168
1.22741508484	0.016	0.112	-1.168
1.23051714897	0.124	-0.28	2.044
1.23361897469	0.124	-0.28	2.044
1.23676109314	-0.02	0.076	-1.044
1.2398660183	0.012	-0.148	2.044
1.24296712875	0.012	-0.148	2.044
1.24608016014	-0.06	0.224	-0.892
1.24918317795	-0.06	0.224	-0.892
1.25228595734	-0.12	-0.176	2.044
1.25539517403	-0.028	0.108	-0.748
1.25849914551	-0.028	0.108	-0.748
1.26161909103	-0.236	-0.132	2.044
1.26472997665	0.092	0.144	-0.58
1.26783108711	0.092	0.144	-0.58
1.27093100548	-0.172	-0.296	2.044
1.27403712273	-0.172	-0.296	2.044
1.27714300156	-0.08	0.036	-0.416
1.28024506569	-0.292	-0.188	2.044
1.2833480835	-0.292	-0.188	2.044
1.28645610809	-0.108	-0.172	-0.228
1.28956007957	-0.108	-0.172	-0.228
1.29266309738	-0.044	-0.216	2.044
1.29576897621	0.004	-0.076	-0.048
1.29886317253	0.004	-0.076	-0.048
1.30195713043	0.184	-0.324	1.884
1.30507707596	0.184	-0.324	1.884
1.30818200111	0.108	-0.112	0.148
1.31128501892	0.048	-0.248	1.692
1.31438708305	0.048	-0.248	1.692
1.31749510765	0.092	-0.104	0.344
1.32059597969	0.092	-0.104	0.344
1.32369709015	-0.004	-0.112	1.476
1.32680106163	0.004	-0.092	0.564
1.32990717888	0.004	-0.092	0.564
1.33300709724	0.06	-0.1	1.292
1.33610916138	0.044	-0.044	0.752
1.33921003342	0.044	-0.044	0.752
1.3423140049	0.02	-0.016	1.056
1.3454220295	0.02	-0.016	1.056
1.34852409363	0.16	0.008	0.96
1.35162305832	-0.228	-0.036	0.86
1.35473108292	-0.228	-0.036	0.86
1.35783314705	0.076	-0.024	1.156
1.36093401909	0.076	-0.024	1.156
1.36403512955	-0.024	0.028	0.648
1.36713814735	-0.104	-0.324	1.348
1.37024497986	-0.104	-0.324	1.348
1.37334704399	-0.076	0.004	0.436
1.37644815445	-0.076	0.004	0.436
1.37954902649	-0.056	-0.172	1.56
1.3826520443	-0.14	0.096	0.236
1.38575911522	-0.14	0.096	0.236
1.38885998726	-0.092	-0.444	1.792
1.39197397232	-0.092	-0.444	1.792
1.39508414268	-0.02	-0.168	0.08
1.39818501472	0.084	-0.368	1.976
1.40128612518	0.084	-0.368	1.976
1.4043879509	-0.088	-0.02	-0.148
1.40749716759	-0.104	-0.296	2.044
1.41059994698	-0.104	-0.296	2.044
1.41370201111	0.016	0.044	-0.32
1.41680407524	0.016	0.044	-0.32
1.41990804672	0.068	-0.276	2.044
1.42300915718	0.012	0.008	-0.52
1.42611598969	0.012	0.008	-0.52
1.42921710014	0.172	-0.02	2.044
1.43231797218	0.172	-0.02	2.044
1.43542504311	-0.104	0.084	-0.64
1.43854308128	-0.016	-0.12	2.044
1.44164609909	-0.016	-0.12	2.044
1.44475507736	0.04	0.076	-0.828
1.4478559494	0.04	0.076	-0.828
1.45095705986	0.076	-0.248	2.044
1.45405817032	-0.044	0.056	-0.964
1.45716500282	-0.044	0.056	-0.964
1.46026706696	-0.008	-0.304	2.044
1.46336817741	-0.072	0.12	-1.124
1.46647715569	-0.072	0.12	-1.124
1.4695789814	-0.092	-0.564	2.044
1.47268104553	-0.092	-0.564	2.044
1.47578907013	-0.096	0.04	-1.224
1.47890114784	0.024	-0.46	2.044
1.48200416565	0.024	-0.46	2.044
1.48511099815	-0.08	0.132	-1.36
1.4882171154	-0.08	0.132	-1.36
1.49132013321	0.212	-0.452	2.044
1.49442195892	0.004	0.12	-1.44
1.49752902985	0.004	0.12	-1.44
1.5006301403	0.26	-0.456	2.044
1.50373005867	0.26	-0.456	2.044
1.50683617592	-0.032	0.132	-1.536
1.50993895531	-0.092	-0.184	2.044
1.51304101944	-0.092	-0.184	2.044
1.51614904404	-0.14	0.22	-1.608
1.51925206184	-0.14	0.22	-1.608
1.52235412598	0.1	-0.336	2.044
1.52546000481	-0.088	0.116	-1.656
1.52856397629	-0.088	0.116	-1.656
1.53166604042	0.24	-0.192	2.044
1.53477597237	-0.128	0.252	-1.696
1.53787994385	-0.128	0.252	-1.696
1.54098296165	-0.06	-0.372	2.044
1.54408407211	-0.06	-0.372	2.044
1.54719114304	-0.044	0.092	-1.72
1.55029296875	-0.364	-0.564	2.044
1.55339503288	-0.364	-0.564	2.044
1.55650401115	-0.056	0.056	-1.74
1.55960702896	-0.056	0.056	-1.74
1.56270909309	-0.032	-0.584	2.044
1.56582713127	-0.076	0.136	-1.736
1.56893014908	-0.076	0.136	-1.736
1.57203197479	0.2	-0.732	2.044
1.5751349926	0.2	-0.732	2.044
1.57823610306	0.084	0.0	-1.704
1.58132910728	0.092	-0.548	2.044
1.58444094658	0.092	-0.548	2.044
1.58754897118	0.016	0.148	-1.704
1.59065008163	0.172	-0.592	2.044
1.59375095367	0.172	-0.592	2.044
1.59685707092	0.06	0.14	-1.624
1.59995913506	0.06	0.14	-1.624
1.6030600071	0.044	-0.332	2.044
1.60616707802	-0.008	0.1	-1.584
1.60926795006	-0.008	0.1	-1.584
1.61237096786	0.048	-0.192	2.044
1.615473032	0.048	-0.192	2.044
1.61857295036	-0.156	0.288	-1.504
1.6216750145	-0.192	-0.236	2.044
1.62478303909	-0.192	-0.236	2.044
1.62788510323	0.012	0.124	-1.408
1.63099002838	0.012	0.124	-1.408
1.63409209251	-0.192	-0.104	2.044
1.63721013069	-0.032	0.208	-1.308
1.64031410217	-0.032	0.208	-1.308
1.64341711998	-0.176	-0.356	2.044
1.64652514458	-0.176	-0.356	2.044
1.64962816238	-0.028	0.1	-1.196
1.652739048	-0.328	-0.324	2.044
1.65584206581	-0.328	-0.324	2.044
1.65894508362	-0.096	-0.016	-1.056
1.66204810143	0.136	-0.412	2.044
1.66515612602	0.136	-0.412	2.044
1.66825604439	-0.056	0.024	-0.916
1.67135810852	-0.056	0.024	-0.916
1.67446112633	0.408	-0.448	2.044
1.67756795883	0.096	-0.016	-0.764
1.68067312241	0.096	-0.016	-0.764
1.68377494812	0.124	-0.356	2.044
1.68688106537	0.124	-0.356	2.044
1.6899831295	0.0	0.016	-0.616
1.69307518005	-0.072	-0.308	2.044
1.69617700577	-0.072	-0.308	2.044
1.6992790699	-0.052	0.076	-0.436
1.70238208771	-0.052	0.076	-0.436
1.7054901123	0.044	-0.152	2.044
1.70859217644	-0.068	0.056	-0.268
1.71169304848	-0.068	0.056	-0.268
1.71480107307	0.052	-0.124	2.044
1.71790194511	0.052	-0.124	2.044
1.72100305557	0.232	0.148	-0.084
1.72410416603	-0.184	-0.164	1.904
1.72721505165	-0.184	-0.164	1.904
1.73031902313	0.004	0.02	0.096
1.73341703415	-0.312	-0.196	1.672
1.73652005196	-0.312	-0.196	1.672
1.73963308334	-0.06	-0.1	0.292
1.74273514748	-0.06	-0.1	0.292
1.74584913254	-0.128	-0.088	1.504
1.74895215034	0.028	-0.12	0.492
1.75205302238	0.028	-0.12	0.492
1.75516009331	-0.076	-0.184	1.304
1.75826311111	-0.076	-0.184	1.304
1.76136612892	0.0	-0.188	0.732
1.76445817947	-0.02	-0.22	1.132
1.76756596565	-0.02	-0.22	1.132
1.77066898346	0.152	-0.208	0.932
1.77376914024	0.152	-0.208	0.932
1.77688598633	-0.072	-0.268	0.9
1.77999305725	-0.028	-0.06	1.108
1.78309607506	-0.028	-0.06	1.108
1.78620505333	0.0	0.036	0.712
1.78929615021	0.048	-0.188	1.324
1.79239797592	0.048	-0.188	1.324
1.79550600052	-0.08	-0.104	0.484
1.79860806465	-0.08	-0.104	0.484
1.80170917511	0.144	0.048	1.528
1.80481505394	-0.152	-0.008	0.292
1.80791807175	-0.152	-0.008	0.292
1.81102013588	0.032	-0.06	1.728
1.81412005424	0.032	-0.06	1.728
1.81722712517	-0.008	-0.012	0.088
1.82032895088	0.148	-0.26	1.912
1.82343316078	0.148	-0.26	1.912
1.82655000687	-0.024	0.06	-0.096
1.82965302467	-0.024	0.06	-0.096
1.83275508881	-0.076	-0.192	2.044
1.8358631134	-0.168	0.068	-0.3
1.83896517754	-0.168	0.068	-0.3
1.84206700325	-0.136	-0.512	2.044
1.84517502785	-0.136	-0.512	2.044
1.84827709198	-0.056	-0.076	-0.46
1.85138010979	0.008	-0.444	2.044
1.85448098183	0.008	-0.444	2.044
1.85758805275	-0.092	0.1	-0.644
1.86071205139	0.084	-0.5	2.044
1.86381006241	0.084	-0.5	2.044
1.86690807343	0.02	0.096	-0.784
1.87000894547	0.02	0.096	-0.784
1.87311315536	0.128	-0.388	2.044
1.87622213364	-0.012	0.012	-0.952
1.87932395935	-0.012	0.012	-0.952
1.88242602348	-0.016	-0.124	2.044
1.88553404808	-0.016	-0.124	2.044
1.88863611221	-0.072	0.164	-1.076
1.89173913002	0.008	-0.252	2.044
1.89484095573	0.008	-0.252	2.044
1.89794206619	0.008	0.1	-1.22
1.90104317665	0.008	0.1	-1.22
1.90414404869	0.208	-0.176	2.044
1.90725111961	-0.104	0.156	-1.316
1.91035294533	-0.104	0.156	-1.316
1.91346502304	0.008	-0.272	2.044
1.91657304764	-0.04	0.104	-1.428
1.91967797279	-0.04	0.104	-1.428
1.9227809906	-0.368	-0.604	2.044
1.92588996887	-0.368	-0.604	2.044
1.928992033	-0.072	0.068	-1.504
1.93209505081	-0.056	-0.48	2.044
1.93520307541	-0.056	-0.48	2.044
1.93830609322	-0.116	0.108	-1.596
1.94140911102	-0.116	0.108	-1.596
1.94451117516	0.172	-0.512	2.044
1.94761800766	0.036	0.056	-1.632
1.95071697235	0.036	0.056	-1.632
1.95381808281	0.116	-0.5	2.044
1.95692014694	0.116	-0.5	2.044
1.96001696587	-0.092	0.168	-1.692
1.96311998367	-0.132	-0.432	2.044
1.96622800827	-0.132	-0.432	2.044
1.96933412552	-0.004	0.156	-1.72
1.97243714333	-0.004	0.156	-1.72
1.97553896904	0.064	-0.336	2.044
1.9786400795	-0.148	0.136	-1.732
1.98174309731	-0.148	0.136	-1.732
1.98485207558	0.184	-0.08	2.044
1.98795199394	-0.096	0.236	-1.748
1.99105405807	-0.096	0.236	-1.748
1.99415612221	-0.12	-0.292	2.044
1.99726295471	-0.12	-0.292	2.044
2.00040698051	-0.048	0.124	-1.724
2.003510952	-0.204	-0.232	2.044
2.00662112236	-0.204	-0.232	2.044
2.00972294807	-0.016	0.08	-1.696
2.01282596588	-0.016	0.08	-1.696
2.0159330368	-0.128	-0.468	2.044
2.01903605461	-0.012	0.124	-1.664
2.02213811874	-0.012	0.124	-1.664
2.02524805069	-0.192	-0.588	2.044
2.0283510685	-0.192	-0.588	2.044
2.03145313263	-0.004	0.008	-1.592
2.03455495834	0.112	-0.516	2.044
2.03766012192	0.112	-0.516	2.044
2.04076099396	0.032	0.084	-1.512
2.04386210442	0.032	0.084	-1.512
2.04696702957	0.572	-0.596	2.044
2.0500690937	0.112	0.044	-1.412
2.05316996574	0.112	0.044	-1.412
2.05627202988	0.144	-0.36	2.044
2.05937314034	0.032	0.064	-1.336
2.06247401237	0.032	0.064	-1.336
2.06558299065	-0.108	-0.364	2.044
2.06868600845	-0.108	-0.364	2.044
2.07178807259	-0.144	0.244	-1.216
2.07489609718	-0.048	-0.196	2.044
2.07799911499	-0.048	-0.196	2.044
2.0811021328	-0.008	0.12	-1.088
2.08420395851	-0.008	0.12	-1.088
2.08732414246	-0.004	-0.02	2.044
2.09043002129	0.056	0.228	-0.956
2.09353017807	0.056	0.228	-0.956
2.09663200378	-0.244	-0.28	2.044
2.09973502159	-0.244	-0.28	2.044
2.10283708572	-0.036	0.084	-0.804
2.105946064	-0.468	-0.308	2.044
2.1090490818	-0.468	-0.308	2.044
2.11220097542	-0.1	0.004	-0.676
2.11530709267	-0.024	-0.34	2.044
2.11841011047	-0.024	-0.34	2.044
2.12151312828	-0.068	-0.028	-0.48
2.12462306023	-0.068	-0.028	-0.48
2.12772512436	0.256	-0.264	2.044
2.13082695007	0.028	-0.16	-0.296
2.13392996788	0.028	-0.16	-0.296
2.1370370388	0.064	-0.324	2.044
2.14013814926	0.064	-0.324	2.044
2.1432390213	0.064	-0.052	-0.12
2.1463470459	-0.012	-0.336	1.944
2.14944815636	-0.012	-0.336	1.944
2.15255117416	0.024	-0.068	0.064
2.15565705299	0.024	-0.068	0.064
2.15875697136	0.028	-0.156	1.772
2.16186094284	-0.016	-0.012	0.256
2.16496896744	-0.016	-0.012	0.256
2.1680700779	0.136	-0.016	1.556
2.17117094994	0.136	-0.016	1.556
2.17429113388	0.104	0.052	0.456
2.17739295959	-0.176	-0.096	1.352
2.18050003052	-0.176	-0.096	1.352
2.18360304832	0.048	0.012	0.66
2.18670797348	-0.016	-0.084	1.152
2.18981003761	-0.016	-0.084	1.152
2.19291210175	-0.056	-0.14	0.86
2.19602108002	-0.056	-0.14	0.86
2.19912195206	-0.128	-0.004	0.94
2.20222401619	0.032	-0.108	1.052
2.20533013344	0.032	-0.108	1.052
2.20843505859	-0.128	0.012	0.716
2.21153616905	-0.128	0.012	0.716
2.21464300156	-0.208	-0.336	1.28
2.21774601936	-0.112	-0.228	0.544
2.2208480835	-0.112	-0.228	0.544
2.22394895554	0.056	-0.272	1.484
2.22705698013	0.056	-0.272	1.484
2.23015713692	-0.076	-0.052	0.32
2.23325896263	-0.072	-0.216	1.664
2.23636817932	-0.072	-0.216	1.664
2.23947095871	0.08	-0.04	0.124
2.24257206917	0.08	-0.3	1.876
2.24567914009	0.08	-0.3	1.876
2.24878001213	-0.08	-0.096	-0.064
2.25188302994	-0.08	-0.096	-0.064
2.25499200821	-0.016	-0.024	2.044
2.25809717178	-0.088	0.012	-0.236
2.26120901108	-0.088	0.012	-0.236
2.26431107521	0.004	-0.128	2.044
2.26741814613	0.004	-0.128	2.044
2.27052116394	0.076	0.036	-0.424
2.27362108231	0.264	-0.144	2.044
2.27679300308	0.264	-0.144	2.044
2.27994799614	0.004	0.032	-0.58
2.28305912018	0.004	0.032	-0.58
2.28616905212	-0.004	-0.212	2.044
2.28927397728	-0.06	0.1	-0.756
2.29237914085	-0.06	0.1	-0.756
2.29548716545	-0.132	-0.488	2.044
2.29859399796	-0.072	-0.04	-0.9
2.30169796944	-0.072	-0.04	-0.9
2.30480599403	-0.04	-0.452	2.044
2.30791115761	-0.04	-0.452	2.044
2.31101417542	-0.056	0.144	-1.064
2.3141310215	0.232	-0.552	2.044
2.31723999977	0.232	-0.552	2.044
2.3203420639	-0.016	0.104	-1.176
2.32344508171	-0.016	0.104	-1.176
2.32655310631	0.204	-0.464	2.044
2.32965517044	-0.008	0.076	-1.304
2.33275794983	-0.008	0.076	-1.304
2.33586096764	0.02	-0.228	2.044
2.33896398544	0.02	-0.228	2.044
2.34206604958	-0.06	0.208	-1.4
2.34517598152	0.132	-0.36	2.044
2.34828996658	0.132	-0.36	2.044
2.35139203072	-0.04	0.104	-1.496
2.35449910164	-0.04	0.104	-1.496
2.35760498047	0.236	-0.144	2.044
2.36069917679	-0.184	0.26	-1.588
2.36379599571	-0.184	0.26	-1.588
2.3668949604	-0.004	-0.312	2.044
2.37000894547	-0.052	0.092	-1.628
2.37310504913	-0.052	0.092	-1.628
2.37620711327	-0.256	-0.528	2.044
2.37931394577	-0.256	-0.528	2.044
2.38241696358	-0.068	0.128	-1.7
2.38552618027	-0.064	-0.54	2.044
2.38863015175	-0.064	-0.54	2.044
2.39174294472	-0.104	0.12	-1.716
2.39485502243	-0.104	0.12	-1.716
2.39798903465	-0.036	-0.66	2.044
2.40109705925	0.016	0.012	-1.724
2.40419912338	0.016	0.012	-1.724
2.40730714798	0.028	-0.592	2.044
2.41041111946	0.028	-0.592	2.044
2.41351294518	-0.056	0.16	-1.74
2.41661810875	0.192	-0.672	2.044
2.41972112656	0.192	-0.672	2.044
2.42282295227	0.12	0.084	-1.716
2.42594408989	0.088	-0.412	2.044
2.42904806137	0.088	-0.412	2.044
2.4321501255	-0.076	0.136	-1.716
2.43526911736	-0.076	0.136	-1.716
2.43837213516	-0.056	-0.216	2.044
2.44147515297	-0.096	0.228	-1.664
2.44461107254	-0.096	0.228	-1.664
2.44773197174	-0.076	-0.268	2.044
2.45083904266	-0.076	-0.268	2.044
2.4539411068	-0.008	0.116	-1.616
2.45705103874	0.04	-0.06	2.044
2.46015405655	0.04	-0.06	2.044
2.46325612068	-0.004	0.192	-1.528
2.46636605263	-0.004	0.192	-1.528
2.46946907043	-0.268	-0.292	2.044
2.47257304192	0.008	0.12	-1.452
2.47568202019	0.008	0.12	-1.452
2.47878313065	-0.56	-0.364	2.044
2.48189997673	-0.088	0.052	-1.356
2.485008955	-0.088	0.052	-1.356
2.4881131649	0.072	-0.464	2.044
2.49121594429	0.072	-0.464	2.044
2.49431800842	-0.056	0.048	-1.236
2.49743103981	0.536	-0.388	2.044
2.50053405762	0.536	-0.388	2.044
2.50363612175	0.104	-0.044	-1.104
2.50681400299	0.104	-0.044	-1.104
2.50992012024	0.176	-0.408	2.044
2.51302409172	0.016	0.024	-0.972
2.51613211632	0.016	0.024	-0.972
2.51923418045	-0.04	-0.456	2.044
2.52234911919	-0.04	-0.456	2.044
2.52546215057	-0.048	0.116	-0.856
2.52856612206	0.084	-0.216	2.044
2.53166794777	0.084	-0.216	2.044
2.53477597237	-0.076	0.088	-0.688
2.53789901733	0.124	-0.06	2.044
2.54100203514	0.124	-0.06	2.044
2.54410409927	0.08	0.184	-0.52
2.54721617699	0.08	0.184	-0.52
2.55031609535	-0.18	-0.136	2.044
2.55342102051	-0.032	0.064	-0.352
2.55652999878	-0.032	0.064	-0.352
2.55963206291	-0.456	-0.24	2.044
2.56273698807	-0.456	-0.24	2.044
2.56584596634	0.048	0.0	-0.168
2.56893205643	-0.104	-0.224	1.992
2.572026968	-0.104	-0.224	1.992
2.57512807846	-0.056	-0.056	0.02
2.57823514938	-0.056	-0.056	0.02
2.5813369751	-0.06	-0.128	1.804
2.5844399929	-0.032	-0.196	0.24
2.58755111694	-0.032	-0.196	0.24
2.59065413475	0.004	-0.2	1.616
2.59375905991	0.004	-0.2	1.616
2.5968670845	0.132	-0.128	0.412
2.59996914864	-0.016	-0.364	1.404
2.60308408737	-0.016	-0.364	1.404
2.60619306564	0.1	-0.104	0.624
2.60930395126	0.0	-0.128	1.208
2.61239910126	0.0	-0.128	1.208
2.61549401283	0.08	-0.136	0.824
2.61859703064	0.08	-0.136	0.824
2.6216981411	-0.084	-0.064	0.996
2.62481117249	0.056	0.0	1.024
2.62790298462	0.056	0.0	1.024
2.6309940815	-0.088	-0.016	0.816
2.63409900665	-0.088	-0.016	0.816
2.63720798492	0.06	-0.036	1.252
2.64030909538	0.036	0.016	0.576
2.64341115952	0.036	0.016	0.576
2.646515131	0.184	-0.116	1.444
2.64961600304	0.184	-0.116	1.444
2.65271902084	-0.108	0.068	0.388
2.65582108498	0.016	-0.08	1.628
2.65892410278	0.016	-0.08	1.628
2.66202497482	-0.108	0.028	0.18
2.66513299942	-0.108	0.028	0.18
2.66823410988	-0.168	-0.464	1.832
2.67133712769	-0.076	-0.112	-0.008
2.67444205284	-0.076	-0.112	-0.008
2.67755198479	-0.052	-0.312	2.028
2.68065595627	-0.144	0.076	-0.22
2.68376016617	-0.144	0.076	-0.22
2.68686795235	0.052	-0.484	2.044
2.68997502327	0.052	-0.484	2.044
2.69307804108	0.036	0.008	-0.376
2.69618916512	0.136	-0.404	2.044
2.6992919445	0.136	-0.404	2.044
2.70239305496	-0.068	-0.012	-0.572
2.705504179	-0.068	-0.012	-0.572
2.70860695839	-0.144	-0.172	2.044
2.7117099762	-0.08	0.128	-0.724
2.71482110023	-0.08	0.128	-0.724
2.71795415878	-0.008	-0.2	2.044
2.72105813026	-0.008	-0.2	2.044
2.72416305542	0.04	0.068	-0.884
2.72727108002	0.296	-0.08	2.044
2.7303750515	0.296	-0.08	2.044
2.73347711563	-0.076	0.128	-1.02
2.73658108711	0.0	-0.188	2.044
2.73967909813	0.0	-0.188	2.044
2.74277305603	-0.028	0.104	-1.156
2.74590206146	-0.028	0.104	-1.156
2.74900698662	-0.236	-0.464	2.044
2.7521109581	-0.06	0.032	-1.264
2.75522017479	-0.06	0.032	-1.264
2.75832295418	-0.016	-0.392	2.044
2.76142597198	-0.016	-0.392	2.044
2.76452994347	-0.1	0.128	-1.396
2.76763510704	0.06	-0.52	2.044
2.77072906494	0.06	-0.52	2.044
2.77382206917	-0.036	0.084	-1.46
2.77693104744	-0.036	0.084	-1.46
2.78004097939	0.124	-0.456	2.044
2.78315401077	-0.064	0.136	-1.56
2.78626799583	-0.064	0.136	-1.56
2.78937196732	0.028	-0.42	2.044
2.79247403145	0.028	-0.42	2.044
2.79558205605	-0.024	0.128	-1.628
2.79868507385	0.192	-0.42	2.044
2.80178713799	0.192	-0.42	2.044
2.80489611626	-0.1	0.16	-1.688
2.80801296234	0.024	-0.12	2.044
2.81111812592	0.024	-0.12	2.044
2.81422114372	-0.156	0.252	-1.712
2.81733012199	-0.156	0.252	-1.712
2.8204331398	-0.016	-0.28	2.044
2.82353711128	-0.096	0.108	-1.736
2.82665395737	-0.096	0.108	-1.736
2.82975816727	0.1	-0.216	2.044
2.83285999298	0.1	-0.216	2.044
2.83597111702	-0.036	0.16	-1.74
2.8390750885	-0.112	-0.456	2.044
2.842192173	-0.112	-0.456	2.044
2.84530115128	-0.032	0.108	-1.728
2.84840416908	-0.032	0.108	-1.728
2.85150814056	-0.38	-0.632	2.044
2.85461711884	-0.036	0.0	-1.7
2.85771203041	-0.036	0.0	-1.7
2.86080813408	0.012	-0.564	2.044
2.86392211914	0.004	0.144	-1.688
2.86702609062	0.004	0.144	-1.688
2.87013602257	0.476	-0.696	2.044
2.87323904037	0.476	-0.696	2.044
2.87634801865	0.116	0.044	-1.6
2.87945008278	0.128	-0.476	2.044
2.8825571537	0.128	-0.476	2.044
2.88566398621	0.044	0.096	-1.56
2.88876700401	0.044	0.096	-1.56
2.89187002182	-0.012	-0.476	2.044
2.8949739933	-0.076	0.196	-1.472
2.89809012413	-0.076	0.196	-1.472
2.90119314194	0.016	-0.252	2.044
2.90429496765	0.016	-0.252	2.044
2.90740394592	-0.008	0.112	-1.368
2.91050601006	0.188	-0.112	2.044
2.91360807419	0.188	-0.112	2.044
2.91671204567	-0.08	0.292	-1.264
2.91981601715	-0.08	0.292	-1.264
2.9229221344	-0.26	-0.24	2.044
2.926030159	0.036	0.12	-1.148
2.9291331768	0.036	0.12	-1.148
2.93223810196	-0.584	-0.232	2.044
2.93534708023	-0.056	0.124	-1.028
2.93845295906	-0.056	0.124	-1.028
2.94155502319	-0.036	-0.4	2.044
2.94466400146	-0.036	-0.4	2.044
2.94776701927	-0.088	0.04	-0.88
2.9508690834	0.064	-0.312	2.044
2.95398902893	0.064	-0.312	2.044
2.95710706711	-0.024	-0.096	-0.696
2.96021199226	-0.024	-0.096	-0.696
2.96331596375	0.116	-0.344	2.044
2.96642398834	0.02	-0.028	-0.54
2.96952009201	0.02	-0.028	-0.54
2.97261714935	0.2	-0.484	2.044
2.97571611404	0.2	-0.484	2.044
2.97882509232	0.06	-0.028	-0.368
2.98192811012	0.06	-0.288	2.044
2.98503613472	0.06	-0.288	2.044
2.98813700676	-0.028	-0.008	-0.196
2.99123811722	0.136	-0.148	2.044
2.99433994293	0.136	-0.148	2.044
2.99744701385	0.04	0.04	0.004
3.00054502487	0.04	0.04	0.004
3.00364208221	-0.052	-0.112	1.828
3.00677800179	-0.024	0.028	0.176
3.00987911224	-0.024	0.028	0.176
3.01297998428	-0.116	-0.18	1.62
3.01608300209	-0.116	-0.18	1.62
3.0191860199	0.152	0.088	0.388
3.02228307724	-0.248	-0.08	1.428
3.02539110184	-0.248	-0.08	1.428
3.02849602699	0.052	-0.032	0.568
3.03159594536	0.052	-0.032	0.568
3.03470301628	-0.1	-0.056	1.2
3.03780412674	-0.236	-0.22	0.78
3.04094696045	-0.236	-0.22	0.78
3.04406404495	-0.08	-0.124	1.032
3.04717612267	0.036	-0.172	1.0
3.05027914047	0.036	-0.172	1.0
3.05337715149	-0.056	-0.128	0.804
3.05648207664	-0.056	-0.128	0.804
3.05958509445	-0.016	-0.212	1.208
3.06268906593	-0.028	-0.168	0.644
3.06579613686	-0.028	-0.168	0.644
3.06890201569	0.132	-0.276	1.404
3.07200407982	0.132	-0.276	1.404
3.07512116432	-0.148	-0.192	0.4
3.07826304436	-0.128	-0.036	1.592
3.08136796951	-0.128	-0.036	1.592
3.08447217941	-0.044	0.0	0.208
3.08756804466	-0.044	0.0	0.208
3.09066915512	0.004	-0.18	1.82
3.09377098083	-0.004	-0.04	0.008
3.0968811512	-0.004	-0.04	0.008
3.09998297691	0.252	0.028	1.984
3.1030831337	0.252	0.028	1.984
3.10619115829	-0.06	0.048	-0.176
3.10929512978	-0.008	-0.096	2.044
3.11239910126	-0.008	-0.096	2.044
3.11550498009	-0.004	0.032	-0.344
3.11860704422	0.012	-0.372	2.044
3.12171006203	0.012	-0.372	2.044
3.12482213974	-0.004	-0.024	-0.528
3.12793803215	-0.004	-0.024	-0.528
3.13105416298	-0.072	-0.34	2.044
3.13415813446	-0.14	0.152	-0.712
3.13726711273	-0.14	0.152	-0.712
3.14037013054	0.08	-0.552	2.044
3.14347195625	0.08	-0.552	2.044
3.14658117294	-0.032	-0.02	-0.84
3.14968514442	0.056	-0.46	2.044
3.15278601646	0.056	-0.46	2.044
3.15589499474	-0.032	0.092	-1.012
3.15899801254	-0.032	0.092	-1.012
3.16211414337	0.06	-0.424	2.044
3.16522216797	-0.012	0.144	-1.12
3.16831803322	-0.012	0.144	-1.12
3.17141699791	0.144	-0.392	2.044
3.1745121479	0.012	0.072	-1.256
3.17761802673	0.012	0.072	-1.256
3.18072199821	0.168	-0.084	2.044
3.18383717537	0.168	-0.084	2.044
3.18694615364	-0.148	0.228	-1.364
3.19005012512	0.02	-0.284	2.044
3.19315195084	0.02	-0.284	2.044
3.19625997543	-0.008	0.104	-1.464
3.19936299324	-0.008	0.104	-1.464
3.20246601105	0.008	-0.38	2.044
3.20557594299	-0.092	0.172	-1.552
3.2086789608	-0.092	0.172	-1.552
3.21178197861	-0.016	-0.408	2.044
3.21489095688	-0.016	-0.408	2.044
3.21801614761	-0.088	0.088	-1.608
3.22112298012	-0.324	-0.588	2.044
3.2242269516	-0.324	-0.588	2.044
3.22733807564	-0.068	0.068	-1.664
3.23044109344	-0.068	0.068	-1.664
3.23354411125	-0.072	-0.56	2.044
3.23665213585	-0.104	0.136	-1.696
3.23975515366	-0.104	0.136	-1.696
3.24286007881	0.28	-0.648	2.044
3.24596810341	0.112	0.036	-1.708
3.24907016754	0.112	0.036	-1.708
3.25217199326	0.1	-0.528	2.044
3.25527906418	0.1	-0.528	2.044
3.25838303566	-0.076	0.164	-1.74
3.26148509979	-0.184	-0.44	2.044
3.26465415955	-0.184	-0.44	2.044
3.26776599884	0.0	0.176	-1.732
3.27085995674	0.0	0.176	-1.732
3.2739751339	0.012	-0.288	2.044
3.27708411217	-0.104	0.124	-1.716
3.28018903732	-0.104	0.124	-1.716
3.2832930088	0.184	-0.028	2.044
3.28640007973	0.184	-0.028	2.044
3.28950214386	-0.052	0.224	-1.688
3.29260706902	-0.204	-0.288	2.044
3.29571509361	-0.204	-0.288	2.044
3.29882407188	0.016	0.116	-1.624
3.30192613602	-0.424	-0.26	2.044
3.30504012108	-0.424	-0.26	2.044
3.30814409256	-0.008	0.104	-1.556
3.31124711037	-0.008	0.104	-1.556
3.31435108185	-0.06	-0.432	2.044
3.31745815277	-0.028	0.1	-1.492
3.32056307793	-0.028	0.1	-1.492
3.32366704941	0.04	-0.44	2.044
3.32680296898	0.04	-0.44	2.044
3.32990503311	0.016	-0.004	-1.36
3.33300805092	0.168	-0.476	2.044
3.33612203598	0.168	-0.476	2.044
3.33922505379	0.0	0.032	-1.272
3.34231901169	0.0	0.032	-1.272
3.34541916847	0.444	-0.528	2.044
3.34852194786	0.088	0.056	-1.144
3.35162401199	0.088	0.056	-1.144
3.35473394394	0.14	-0.32	2.044
3.35782909393	-0.012	0.06	-1.028
3.36092305183	-0.012	0.06	-1.028
3.36402201653	-0.072	-0.252	2.044
3.36712098122	-0.072	-0.252	2.044
3.37023806572	-0.1	0.184	-0.896
3.37333202362	-0.028	-0.184	2.044
3.3764321804	-0.028	-0.184	2.044
3.37953805923	-0.044	0.096	-0.72
3.38264107704	-0.044	0.096	-0.72
3.38575100899	-0.032	-0.068	2.044
3.38885498047	0.128	0.192	-0.576
3.39197802544	0.128	0.192	-0.576
3.39508700371	-0.216	-0.228	2.044
3.39819002151	-0.216	-0.228	2.044
3.40129303932	-0.068	0.056	-0.4
3.40439796448	-0.384	-0.224	2.044
3.40751314163	-0.384	-0.224	2.044
3.41061806679	-0.084	-0.108	-0.22
3.41372513771	-0.084	-0.108	-0.22
3.41683602333	-0.064	-0.232	2.028
3.41993999481	-0.024	-0.068	-0.028
3.42304301262	-0.024	-0.068	-0.028
3.42616510391	0.172	-0.244	1.86
3.42926716805	0.088	-0.176	0.184
3.43236804008	0.088	-0.176	0.184
3.43547606468	0.076	-0.252	1.664
3.43857812881	0.076	-0.252	1.664
3.44167900085	0.128	-0.08	0.34
3.44478702545	-0.044	-0.216	1.452
3.44789099693	-0.044	-0.216	1.452
3.45099616051	0.048	-0.12	0.572
3.45410108566	0.048	-0.12	0.572
3.45720911026	0.052	-0.072	1.272
3.46031618118	0.032	-0.052	0.768
3.4634180069	0.032	-0.052	0.768
3.46652817726	0.008	-0.008	1.036
3.4696290493	0.008	-0.008	1.036
3.47273015976	0.14	0.02	0.98
3.47583603859	-0.16	-0.032	0.84
3.4789481163	-0.16	-0.032	0.84
3.48209214211	0.056	-0.004	1.18
3.48520803452	0.008	0.02	0.62
3.48830699921	0.008	0.02	0.62
3.4914059639	0.012	-0.272	1.376
3.49450707436	0.012	-0.272	1.376
3.49761009216	-0.08	0.032	0.412
3.5007109642	-0.036	-0.14	1.564
3.50381398201	-0.036	-0.14	1.564
3.50692415237	-0.156	0.088	0.204
3.5100300312	-0.156	0.088	0.204
3.51313209534	-0.136	-0.448	1.796
3.51624202728	-0.052	-0.16	0.048
3.51934504509	-0.052	-0.16	0.048
3.52244901657	0.012	-0.34	1.98
3.52555704117	0.012	-0.34	1.98
3.52865815163	-0.108	0.012	-0.176
3.53176212311	-0.024	-0.384	2.044
3.53487110138	-0.024	-0.384	2.044
3.53797411919	0.024	0.028	-0.336
3.5410759449	0.024	0.028	-0.336
3.54417705536	0.096	-0.332	2.044
3.54728603363	-0.04	-0.016	-0.528
3.55039000511	-0.04	-0.016	-0.528
3.55349397659	0.008	-0.044	2.044
3.55660510063	-0.088	0.092	-0.684
3.55970811844	-0.088	0.092	-0.684
3.56281304359	-0.032	-0.152	2.044
3.56593108177	-0.032	-0.152	2.044
3.56902694702	0.044	0.076	-0.852
3.57212209702	0.228	-0.148	2.044
3.57522201538	0.228	-0.148	2.044
3.57832813263	-0.056	0.084	-0.996
3.58143305779	-0.056	0.084	-0.996
3.58453607559	0.024	-0.22	2.044
3.58764410019	-0.052	0.116	-1.132
3.590747118	-0.052	0.116	-1.132
3.59385108948	-0.236	-0.536	2.044
3.59696102142	-0.236	-0.536	2.044
3.6000649929	-0.084	0.036	-1.244
3.60316801071	-0.008	-0.432	2.044
3.60628008842	-0.008	-0.432	2.044
3.60938310623	-0.084	0.136	-1.364
3.61248707771	0.192	-0.496	2.044
3.61558914185	0.192	-0.496	2.044
3.61869215965	-0.016	0.104	-1.44
3.62179398537	-0.016	0.104	-1.44
3.62490200996	0.216	-0.44	2.044
3.62800598145	-0.048	0.136	-1.552
3.63110899925	-0.048	0.136	-1.552
3.63421416283	-0.108	-0.308	2.044
3.6373231411	-0.108	-0.308	2.044
3.64042711258	-0.088	0.148	-1.592
3.64353203773	0.144	-0.38	2.044
3.64664006233	0.144	-0.38	2.044
3.64974117279	-0.096	0.132	-1.672
3.65285897255	-0.096	0.132	-1.672
3.65596413612	0.252	-0.108	2.044
3.65908002853	-0.144	0.268	-1.708
3.66218304634	-0.144	0.268	-1.708
3.66529202461	-0.048	-0.348	2.044
3.66839599609	-0.048	-0.348	2.044
3.6714990139	-0.056	0.104	-1.732
3.67461109161	-0.176	-0.388	2.044
3.6777150631	-0.176	-0.388	2.044
3.6808180809	-0.068	0.112	-1.752
3.68392109871	-0.064	-0.532	2.044
3.68703103065	-0.064	-0.532	2.044
3.69015312195	-0.056	0.124	-1.732
3.69325709343	-0.056	0.124	-1.732
3.69636106491	-0.048	-0.72	2.044
3.69946503639	0.012	-0.016	-1.704
3.70257115364	0.012	-0.016	-1.704
3.70568108559	0.084	-0.572	2.044
3.70878410339	0.084	-0.572	2.044
3.71189904213	0.016	0.132	-1.664
3.7150080204	0.404	-0.68	2.044
3.71811008453	0.404	-0.68	2.044
3.72121214867	0.104	0.084	-1.616
3.72431397438	0.104	0.084	-1.616
3.72742295265	0.092	-0.416	2.044
3.73052597046	-0.004	0.104	-1.56
3.73362803459	-0.004	0.104	-1.56
3.73680710793	-0.068	-0.328	2.044
3.73992300034	-0.16	0.252	-1.488
3.74302697182	-0.16	0.252	-1.488
3.74615001678	-0.052	-0.244	2.044
3.74925708771	-0.052	-0.244	2.044
3.75236010551	0.016	0.116	-1.388
3.75546908379	0.056	-0.06	2.044
3.75857114792	0.056	-0.06	2.044
3.76167201996	-0.02	0.268	-1.288
3.764783144	-0.02	0.268	-1.288
3.76789808273	-0.256	-0.304	2.044
3.77099609375	0.016	0.112	-1.168
3.77408909798	0.016	0.112	-1.168
3.7771961689	-0.624	-0.304	2.044
3.78030610085	-0.624	-0.304	2.044
3.78340911865	-0.12	0.064	-1.052
3.78652095795	0.072	-0.42	2.044
3.78962302208	0.072	-0.42	2.044
3.79272603989	-0.084	0.044	-0.9
3.79583406448	0.316	-0.36	2.044
3.79893803596	0.316	-0.36	2.044
3.80206108093	0.024	-0.08	-0.724
3.80517315865	0.024	-0.08	-0.724
3.80827617645	0.152	-0.376	2.044
3.81137704849	0.044	-0.012	-0.584
3.81447911263	0.044	-0.012	-0.584
3.81758713722	-0.044	-0.46	2.044
3.82069206238	-0.044	-0.46	2.044
3.82379508018	-0.004	0.032	-0.428
3.82691407204	0.06	-0.208	2.044
3.83002710342	0.06	-0.208	2.044
3.83313012123	-0.08	0.04	-0.236
3.8362390995	-0.08	0.04	-0.236
3.83934211731	0.212	-0.108	2.044
3.84244394302	0.152	0.124	-0.048
3.84555602074	0.152	0.124	-0.048
3.84865808487	-0.16	-0.124	1.868
3.85176301003	-0.16	-0.124	1.868
3.8548719883	0.012	0.036	0.148
3.85797214508	-0.292	-0.228	1.668
3.86107611656	-0.292	-0.228	1.668
3.86418104172	0.052	0.004	0.336
3.86728215218	-0.188	-0.076	1.468
3.87038516998	-0.188	-0.076	1.468
3.8734869957	-0.004	-0.076	0.54
3.87659716606	-0.004	-0.076	0.54
3.87969899178	-0.104	-0.096	1.244
3.88280510902	-0.168	-0.224	0.752
3.8859140873	-0.168	-0.224	0.752
3.8890171051	-0.08	-0.2	1.1
3.89212012291	-0.08	-0.2	1.1
3.89522600174	0.1	-0.2	0.964
3.89834213257	-0.044	-0.236	0.864
3.90144705772	-0.044	-0.236	0.864
3.90454912186	0.012	-0.124	1.152
3.90765404701	0.012	-0.124	1.152
3.91075611115	0.0	-0.068	0.652
3.91387009621	0.104	-0.24	1.372
3.91698002815	0.104	-0.24	1.372
3.92008209229	-0.12	-0.176	0.448
3.92318511009	-0.02	0.036	1.552
3.92629218102	-0.02	0.036	1.552
3.92939400673	-0.096	-0.012	0.264
3.93249702454	-0.096	-0.012	0.264
3.93560504913	0.02	-0.088	1.776
3.93875002861	0.008	-0.016	0.056
3.94185614586	0.008	-0.016	0.056
3.94496417046	0.228	-0.076	1.952
3.94806814194	0.228	-0.076	1.952
3.95116901398	-0.036	0.076	-0.136
3.95427298546	-0.02	-0.14	2.044
3.95738196373	-0.02	-0.14	2.044
3.96048498154	-0.112	0.048	-0.324
3.96358799934	-0.112	0.048	-0.324
3.96669697762	-0.148	-0.452	2.044
3.96979308128	-0.032	-0.056	-0.492
3.97288894653	-0.032	-0.056	-0.492
3.97598910332	-0.076	-0.412	2.044
3.97909808159	-0.076	-0.412	2.044
3.98220205307	-0.104	0.116	-0.672
3.98531007767	0.184	-0.56	2.044
3.9884121418	0.184	-0.56	2.044
3.99151611328	0.004	0.036	-0.812
3.99462509155	0.152	-0.46	2.044
3.99772715569	0.152	-0.46	2.044
4.00083899498	-0.008	0.02	-0.964
4.00394296646	-0.008	0.02	-0.964
4.00705099106	-0.064	-0.26	2.044
4.01015496254	-0.04	0.164	-1.104
4.01325917244	-0.04	0.164	-1.104
4.01636314392	0.044	-0.276	2.044
4.01946616173	0.044	-0.276	2.044
4.02256798744	0.012	0.08	-1.224
4.02567410469	0.308	-0.08	2.044
4.0287771225	0.308	-0.08	2.044
4.03187894821	-0.136	0.204	-1.344
4.03498911858	-0.136	0.204	-1.344
4.03809595108	-0.004	-0.248	2.044
4.04119896889	-0.016	0.1	-1.44
4.04430317879	-0.016	0.1	-1.44
4.04741096497	-0.296	-0.564	2.044
4.05051517487	-0.084	0.1	-1.524
4.05361700058	-0.084	0.1	-1.524
4.05675506592	-0.048	-0.472	2.044
4.05985999107	-0.048	-0.472	2.044
4.06296300888	-0.116	0.1	-1.6
4.06608510017	-0.032	-0.528	2.044
4.06918907166	-0.032	-0.528	2.044
4.07229208946	-0.012	0.036	-1.632
4.07540202141	-0.012	0.036	-1.632
4.07850408554	0.032	-0.52	2.044
4.08160400391	-0.088	0.16	-1.708
4.08471512794	-0.088	0.16	-1.708
4.08783197403	0.092	-0.568	2.044
4.09093594551	0.092	-0.568	2.044
4.09403800964	0.068	0.096	-1.7
4.09714603424	0.1	-0.416	2.044
4.1002509594	0.1	-0.416	2.044
4.10335302353	-0.128	0.144	-1.744
4.10646414757	-0.068	-0.184	2.044
4.10956716537	-0.068	-0.184	2.044
4.11266994476	-0.064	0.228	-1.736
4.11577510834	-0.064	0.228	-1.736
4.11887717247	-0.064	-0.256	2.044
4.12197899818	-0.068	0.116	-1.716
4.12508916855	-0.068	0.116	-1.716
4.12819194794	0.068	-0.056	2.044
4.1312930584	0.068	-0.056	2.044
4.13439702988	-0.012	0.144	-1.688
4.13750696182	-0.204	-0.404	2.044
4.14060997963	-0.204	-0.404	2.044
4.14371204376	0.012	0.108	-1.612
4.14682102203	0.012	0.108	-1.612
4.14992308617	-0.504	-0.464	2.044
4.15302610397	-0.02	0.048	-1.58
4.15613508224	-0.02	0.048	-1.58
4.15923714638	0.064	-0.484	2.044
4.16233897209	0.064	-0.484	2.044
4.16544604301	-0.032	0.108	-1.508
4.16854095459	0.54	-0.516	2.044
4.17163610458	0.54	-0.516	2.044
4.17474412918	0.112	-0.024	-1.384
4.17785096169	0.18	-0.432	2.044
4.18095397949	0.18	-0.432	2.044
4.18407201767	0.032	0.052	-1.308
4.18718099594	0.032	0.052	-1.308
4.19028306007	0.028	-0.488	2.044
4.19338512421	-0.048	0.152	-1.192
4.19649505615	-0.048	0.152	-1.192
4.19959712029	0.056	-0.224	2.044
4.20270204544	0.056	-0.224	2.044
4.20580911636	-0.032	0.096	-1.068
4.20891213417	0.156	-0.056	2.044
4.21201395988	0.156	-0.056	2.044
4.21512198448	-0.024	0.24	-0.904
4.21823906898	-0.024	0.24	-0.904
4.22134399414	-0.172	-0.2	2.044
4.22444701195	-0.012	0.1	-0.772
4.22755813599	-0.012	0.1	-0.772
4.23066306114	-0.424	-0.224	2.044
4.23376703262	-0.424	-0.224	2.044
4.23687696457	0.008	0.088	-0.628
4.23998403549	-0.108	-0.324	2.044
4.24308800697	-0.108	-0.324	2.044
4.24619698524	-0.104	0.012	-0.44
4.24930095673	-0.028	-0.188	2.044
4.25240516663	-0.028	-0.188	2.044
4.2555141449	-0.08	-0.188	-0.252
4.25861907005	-0.08	-0.188	-0.252
4.26173305511	0.028	-0.264	2.044
4.26484107971	0.052	-0.088	-0.076
4.26794505119	0.052	-0.088	-0.076
4.27104711533	0.132	-0.396	1.912
4.27416014671	0.132	-0.396	1.912
4.27726817131	0.092	-0.084	0.116
4.28037309647	0.032	-0.228	1.736
4.28347611427	0.032	-0.228	1.736
4.28658294678	0.032	-0.056	0.316
4.28968405724	0.032	-0.056	0.316
4.29278612137	0.084	-0.008	1.516
4.29589295387	0.044	-0.052	0.516
4.29899597168	0.044	-0.052	0.516
4.30209708214	0.024	-0.116	1.316
4.30520606041	0.032	0.028	0.712
4.30830597878	0.032	0.028	0.712
4.31140494347	0.012	-0.04	1.096
4.31450796127	0.012	-0.04	1.096
4.31761598587	0.108	-0.028	0.912
4.32071709633	-0.184	-0.004	0.9
4.32381916046	-0.184	-0.004	0.9
4.32693099976	0.044	-0.028	1.112
4.33003497124	0.044	-0.028	1.112
4.33313703537	-0.096	0.02	0.688
4.33623814583	-0.248	-0.352	1.32
4.33934211731	-0.248	-0.352	1.32
4.34244513512	-0.092	-0.116	0.472
4.34555411339	-0.092	-0.116	0.472
4.3486700058	-0.02	-0.232	1.52
4.35177302361	-0.08	0.06	0.268
4.35488200188	-0.08	0.06	0.268
4.3579750061	-0.016	-0.372	1.744
4.36107110977	-0.016	-0.372	1.744
4.36416697502	0.052	-0.136	0.112
4.36726617813	0.128	-0.356	1.936
4.37036705017	0.128	-0.356	1.936
4.37346100807	-0.104	-0.064	-0.116
4.37656617165	-0.16	-0.172	2.044
4.37967300415	-0.16	-0.172	2.044
4.38277697563	-0.052	0.02	-0.284
4.38588500023	-0.052	0.02	-0.284
4.38898897171	0.008	-0.224	2.044
4.39210414886	0.048	0.02	-0.468
4.39521312714	0.048	0.02	-0.468
4.39831399918	0.288	0.0	2.044
4.4014070034	0.288	0.0	2.044
4.40449905396	-0.052	0.06	-0.632
4.40760707855	-0.016	-0.128	2.044
4.41071105003	-0.016	-0.128	2.044
4.41381406784	0.024	0.076	-0.792
4.41692113876	0.024	0.076	-0.792
4.42002296448	-0.076	-0.36	2.044
4.4231300354	-0.08	0.004	-0.94
4.42625403404	-0.08	0.004	-0.94
4.42935800552	-0.056	-0.376	2.044
4.43246102333	-0.092	0.144	-1.088
4.43558096886	-0.092	0.144	-1.088
4.43868398666	0.092	-0.576	2.044
4.4417860508	0.092	-0.576	2.044
4.44489407539	-0.06	0.06	-1.192
4.44799613953	0.12	-0.46	2.044
4.45114207268	0.12	-0.46	2.044
4.45424509048	-0.032	0.116	-1.328
4.4573559761	-0.032	0.116	-1.328
4.46046113968	0.092	-0.38	2.044
4.46356296539	-0.008	0.168	-1.412
4.46667313576	-0.008	0.168	-1.412
4.46977615356	0.224	-0.408	2.044
4.47288203239	0.224	-0.408	2.044
4.47599196434	-0.044	0.128	-1.516
4.47909498215	0.056	-0.116	2.044
4.48219895363	0.056	-0.116	2.044
4.48530697823	-0.196	0.244	-1.584
4.48841094971	-0.196	0.244	-1.584
4.49151515961	0.032	-0.308	2.044
4.49462294579	-0.064	0.104	-1.648
4.49772715569	-0.064	0.104	-1.648
4.50083017349	0.112	-0.316	2.044
4.50393104553	-0.108	0.2	-1.692
4.50704097748	-0.108	0.2	-1.692
4.51014304161	-0.056	-0.444	2.044
4.51324605942	-0.056	-0.444	2.044
4.51635503769	-0.056	0.096	-1.712
4.51946115494	-0.368	-0.636	2.044
4.52257609367	-0.368	-0.636	2.044
4.52568507195	-0.052	0.036	-1.724
4.52878904343	-0.052	0.036	-1.724
4.53189301491	-0.012	-0.6	2.044
4.53500103951	-0.056	0.148	-1.736
4.53812408447	-0.056	0.148	-1.736
4.54122710228	0.34	-0.732	2.044
4.54432797432	0.34	-0.732	2.044
4.54743599892	0.112	0.024	-1.7
4.55053806305	0.136	-0.536	2.044
4.55363917351	0.136	-0.536	2.044
4.55681610107	0.016	0.124	-1.696
4.55992102623	-0.036	-0.488	2.044
4.56302595139	-0.036	-0.488	2.044
4.56613516808	-0.024	0.176	-1.652
4.56923604012	-0.024	0.176	-1.652
4.57233405113	0.004	-0.28	2.044
4.57543611526	-0.028	0.104	-1.572
4.57854413986	-0.028	0.104	-1.572
4.58164811134	0.18	-0.072	2.044
4.58475494385	0.18	-0.072	2.044
4.58785915375	-0.076	0.268	-1.512
4.59096217155	-0.272	-0.252	2.044
4.59406495094	-0.272	-0.252	2.044
4.59717512131	0.016	0.128	-1.42
4.60029006004	0.016	0.128	-1.42
4.60339307785	-0.48	-0.22	2.044
4.60651516914	-0.048	0.148	-1.336
4.60965514183	-0.048	0.148	-1.336
4.61277604103	-0.072	-0.396	2.044
4.61588597298	-0.052	0.076	-1.224
4.6189930439	-0.052	0.076	-1.224
4.62210011482	-0.024	-0.344	2.044
4.62520503998	-0.024	-0.344	2.044
4.62837409973	-0.032	-0.048	-1.044
4.63147997856	0.176	-0.424	2.044
4.63461112976	0.176	-0.424	2.044
4.63771605492	0.0	0.008	-0.936
4.64081311226	0.0	0.008	-0.936
4.64390707016	0.328	-0.504	2.044
4.64701104164	0.068	0.0	-0.78
4.65010499954	0.068	0.0	-0.78
4.65320014954	0.116	-0.352	2.044
4.65630316734	0.116	-0.352	2.044
4.65940713882	-0.032	0.04	-0.644
4.66250896454	-0.012	-0.216	2.044
4.66562199593	-0.012	-0.216	2.044
4.6687271595	-0.032	0.116	-0.464
4.67183017731	-0.036	-0.132	2.044
4.67494010925	-0.036	-0.132	2.044
4.67804217339	-0.072	0.076	-0.3
4.68114495277	-0.072	0.076	-0.3
4.68424797058	-0.156	-0.164	2.044
4.68735814095	0.208	0.132	-0.12
4.69046211243	0.208	0.132	-0.12
4.69356608391	-0.168	-0.196	1.956
4.69668316841	-0.168	-0.196	1.956
4.69978809357	-0.02	-0.004	0.068
4.70289111137	-0.256	-0.14	1.708
4.70599508286	-0.256	-0.14	1.708
4.70909905434	-0.12	-0.156	0.28
4.71220612526	-0.12	-0.156	0.28
4.71531796455	-0.092	-0.132	1.552
4.71842217445	0.052	-0.14	0.48
4.72152304649	0.052	-0.14	0.48
4.72463202477	0.004	-0.276	1.348
4.7277340889	0.004	-0.276	1.348
4.7308371067	0.096	-0.14	0.672
4.73393917084	-0.004	-0.188	1.156
4.73704814911	-0.004	-0.188	1.156
4.74015212059	0.128	-0.188	0.888
4.74325299263	-0.08	-0.212	0.94
4.74636316299	-0.08	-0.212	0.94
4.7494661808	-0.012	-0.036	1.076
4.75257110596	-0.012	-0.036	1.076
4.75568008423	0.004	0.04	0.74
4.75877904892	0.032	-0.116	1.28
4.76188397408	0.032	-0.116	1.28
4.76499295235	-0.008	-0.06	0.528
4.76808810234	-0.008	-0.06	0.528
4.77118301392	0.208	0.04	1.492
4.77427411079	-0.148	0.016	0.324
4.77738213539	-0.148	0.016	0.324
4.78049015999	0.044	-0.048	1.684
4.78360295296	0.044	-0.048	1.684
4.78670716286	-0.06	-0.012	0.124
4.78981208801	-0.004	-0.336	1.872
4.79291415215	-0.004	-0.336	1.872
4.79602503777	-0.056	0.004	-0.076
4.79912805557	-0.088	-0.252	2.044
4.8022351265	-0.088	-0.252	2.044
4.80534911156	-0.196	0.108	-0.264
4.80845594406	-0.196	0.108	-0.264
4.81156015396	-0.04	-0.516	2.044
4.81466913223	0.0	-0.064	-0.412
4.81776499748	0.0	-0.064	-0.412
4.82086014748	0.084	-0.44	2.044
4.82396101952	0.084	-0.44	2.044
4.82707095146	-0.056	0.004	-0.6
4.83017396927	-0.076	-0.384	2.044
4.83327698708	-0.076	-0.384	2.044
4.83638715744	-0.028	0.128	-0.768
4.83949017525	-0.028	0.128	-0.768
4.8425951004	0.068	-0.304	2.044
4.845703125	0.012	0.016	-0.912
4.84880495071	0.012	0.016	-0.912
4.85191106796	0.16	-0.052	2.044
4.85501813889	0.16	-0.052	2.044
4.85812497139	-0.064	0.164	-1.048
4.8612279892	-0.016	-0.156	2.044
4.864331007	-0.016	-0.156	2.044
4.86743497849	-0.012	0.112	-1.18
4.8705470562	0.02	-0.276	2.044
4.87365007401	0.02	-0.276	2.044
4.87678694725	-0.068	0.1	-1.292
4.87988996506	-0.068	0.1	-1.292
4.88299417496	-0.008	-0.292	2.044
4.88610196114	-0.076	0.112	-1.412
4.88920617104	-0.076	0.112	-1.412
4.89231014252	-0.272	-0.568	2.044
4.89541506767	-0.272	-0.568	2.044
4.89851903915	-0.076	0.064	-1.484
4.90162205696	-0.016	-0.484	2.044
4.90473508835	-0.016	-0.484	2.044
4.9078400135	-0.084	0.14	-1.576
4.91094207764	-0.084	0.14	-1.576
4.91404509544	0.236	-0.5	2.044
4.9171500206	0.048	0.056	-1.612
4.92025208473	0.048	0.056	-1.612
4.92336702347	0.184	-0.468	2.044
4.92647504807	-0.076	0.148	-1.684
4.9295771122	-0.076	0.148	-1.684
4.93268203735	-0.2	-0.296	2.044
4.93578910828	-0.2	-0.296	2.044
4.93889498711	-0.068	0.192	-1.708
4.94199800491	0.036	-0.296	2.044
4.94510602951	0.036	-0.296	2.044
4.94820809364	-0.148	0.136	-1.732
4.95131397247	-0.148	0.136	-1.732
4.95443606377	0.332	-0.052	2.044
4.95755505562	-0.076	0.22	-1.744
4.96065998077	-0.076	0.22	-1.744
4.96376299858	-0.14	-0.352	2.044
4.96686911583	-0.14	-0.352	2.044
4.96996307373	-0.02	0.112	-1.732
4.9730591774	-0.42	-0.444	2.044
4.97617101669	-0.42	-0.444	2.044
4.97927808762	-0.056	0.028	-1.7
4.9823820591	-0.056	0.028	-1.7
4.98549008369	-0.068	-0.528	2.044
4.98859500885	-0.004	0.096	-1.66
4.99169802666	-0.004	0.096	-1.66
4.99480295181	0.208	-0.656	2.044
4.99790596962	0.044	0.012	-1.588
